# Number of parallel processes = 100
# Number of equilibration samples = 10000
# Number of samples = 1000000
#     Iteration  Blocking Level n               K1
              1,               0,   -0.3151250771
              1,               1,   -0.5697051315
              1,               2,   -0.4250681590
              1,               3,   -0.4153615045
              2,               0,   -0.3564107057
              2,               1,   -0.5539686024
              2,               2,   -0.4365462504
              2,               3,   -0.4326467689
              3,               0,   -0.4273423926
              3,               1,   -0.4274262174
              3,               2,   -0.4276122216
              3,               3,   -0.4284592003
              4,               0,   -0.4158359597
              4,               1,   -0.4132371798
              4,               2,   -0.4096854060
              4,               3,   -0.4151922012
              5,               0,   -0.3578353340
              5,               1,   -0.5513444800
              5,               2,   -0.4372642851
              5,               3,   -0.4327169343
              6,               0,   -0.4275172721
              6,               1,   -0.4275807916
              6,               2,   -0.4277666490
              6,               3,   -0.4285386455
              7,               0,   -0.4160505007
              7,               1,   -0.4134481938
              7,               2,   -0.4098953482
              7,               3,   -0.4156382021
              8,               0,   -0.3521395380
              8,               1,   -0.5305347828
              8,               2,   -0.4366705848
              8,               3,   -0.4328465057
              9,               0,   -0.4278112751
              9,               1,   -0.4279279012
              9,               2,   -0.4280615413
              9,               3,   -0.4288004063
             10,               0,   -0.4166572688
             10,               1,   -0.4144590318
             10,               2,   -0.4117567042
             10,               3,   -0.4164072615
             11,               0,   -0.3535258538
             11,               1,   -0.5380170088
             11,               2,   -0.4374498092
             11,               3,   -0.4337340304
             12,               0,   -0.4294910179
             12,               1,   -0.4296480525
             12,               2,   -0.4298290079
             12,               3,   -0.4303842693
             13,               0,   -0.4215378166
             13,               1,   -0.4208820374
             13,               2,   -0.4203618880
             13,               3,   -0.4226601962
             14,               0,   -0.3865465902
             14,               1,   -0.1214489634
             14,               2,   -0.4600782320
             14,               3,   -0.4686310823
             15,               0,    0.4591235749
             15,               1,   -0.4462877648
             15,               2,   -0.4603161492
             15,               3,   -0.4644310719
             16,               0,   -0.6238151177
             16,               1,   -0.4383497562
             16,               2,   -0.4557921127
             16,               3,   -0.4602084921
             17,               0,   -0.5086675987
             17,               1,   -0.4227920085
             17,               2,   -0.4507867293
             17,               3,   -0.4559067087
             18,               0,   -0.4800670963
             18,               1,   -0.3178254617
             18,               2,   -0.4447795947
             18,               3,   -0.4512791035
             19,               0,   -0.4620365018
             19,               1,   -0.4751612712
             19,               2,   -0.4262173190
             19,               3,   -0.4450075930
             20,               0,   -0.4476139203
             20,               1,   -0.4481934952
             20,               2,   -0.4491063251
             20,               3,   -0.4517994331
             21,               0,   -0.4637997233
             21,               1,   -0.4828117835
             21,               2,   -0.4314003168
             21,               3,   -0.4459561564
             22,               0,   -0.4494285282
             22,               1,   -0.4503812935
             22,               2,   -0.4524871455
             22,               3,   -0.4668068776
             23,               0,   -0.8128135546
             23,               1,   -0.4423896709
             23,               2,   -0.4581641794
             23,               3,   -0.4625854106
             24,               0,   -0.5479330208
             24,               1,   -0.4327316157
             24,               2,   -0.4536820663
             24,               3,   -0.4583856905
             25,               0,   -0.4956633267
             25,               1,   -0.4121952556
             25,               2,   -0.4488157143
             25,               3,   -0.4540441197
             26,               0,   -0.4712810440
             26,               1,   -0.5954753172
             26,               2,   -0.4405718123
             26,               3,   -0.4490467517
             27,               0,   -0.4562309826
             27,               1,   -0.4607436970
             27,               2,   -0.6177818801
             27,               3,   -0.4400852309
             28,               0,   -0.4396686876
             28,               1,   -0.4398163960
             28,               2,   -0.4398073969
             28,               3,   -0.4398154892
             29,               0,   -0.4392534731
             29,               1,   -0.4393893796
             29,               2,   -0.4393997316
             29,               3,   -0.4394053407
             30,               0,   -0.4386967884
             30,               1,   -0.4388388799
             30,               2,   -0.4388510516
             30,               3,   -0.4388924697
             31,               0,   -0.4378644633
             31,               1,   -0.4380123132
             31,               2,   -0.4380496245
             31,               3,   -0.4380904757
             32,               0,   -0.4367379964
             32,               1,   -0.4368886226
             32,               2,   -0.4369384952
             32,               3,   -0.4370290700
             33,               0,   -0.4350594735
             33,               1,   -0.4352289154
             33,               2,   -0.4353284234
             33,               3,   -0.4354895520
             34,               0,   -0.4326324993
             34,               1,   -0.4328133429
             34,               2,   -0.4329383229
             34,               3,   -0.4332566540
             35,               0,   -0.4286180827
             35,               1,   -0.4287834463
             35,               2,   -0.4289755369
             35,               3,   -0.4295871739
             36,               0,   -0.4192579515
             36,               1,   -0.4179987575
             36,               2,   -0.4168819046
             36,               3,   -0.4200661213
             37,               0,   -0.3756893562
             37,               1,   -0.8173664989
             37,               2,   -0.4470123376
             37,               3,   -0.4454639794
             38,               0,   -0.4484298565
             38,               1,   -0.4491755293
             38,               2,   -0.4505107129
             38,               3,   -0.4554403102
             39,               0,   -0.4778106208
             39,               1,   -0.2275092711
             39,               2,   -0.4438558799
             39,               3,   -0.4506940902
             40,               0,   -0.4605310966
             40,               1,   -0.4709092350
             40,               2,   -0.4191329590
             40,               3,   -0.4439608319
             41,               0,   -0.4456892934
             41,               1,   -0.4460177625
             41,               2,   -0.4462775770
             41,               3,   -0.4468220198
             42,               0,   -0.4511557524
             42,               1,   -0.4526701104
             42,               2,   -0.4571442227
             42,               3,   -0.3093421852
             43,               0,   -0.4402367736
             43,               1,   -0.3665108354
             43,               2,   -0.3488141453
             43,               3,   -0.3622733810
             44,               0,   -2.2885449515
             44,               1,   -0.4385259093
             44,               2,   -0.3918887102
             44,               3,   -0.3837946347
             45,               0,   -0.1399956368
             45,               1,   -0.4747997351
             45,               2,   -0.4115805502
             45,               3,   -0.4017952554
             46,               0,   -0.3298306762
             46,               1,   -0.5913434772
             46,               2,   -0.4259131091
             46,               3,   -0.4172351035
             47,               0,   -0.3620753105
             47,               1,   -0.5625487502
             47,               2,   -0.4396075135
             47,               3,   -0.4352334259
             48,               0,   -0.4322030526
             48,               1,   -0.4323810501
             48,               2,   -0.4325101409
             48,               3,   -0.4328337985
             49,               0,   -0.4275717018
             49,               1,   -0.4276904703
             49,               2,   -0.4278408242
             49,               3,   -0.4287019980
             50,               0,   -0.4167551814
             50,               1,   -0.4144896867
             50,               2,   -0.4118186076
             50,               3,   -0.4164946201
             51,               0,   -0.3609053504
             51,               1,   -0.5660720598
             51,               2,   -0.4382773031
             51,               3,   -0.4345868427
             52,               0,   -0.4310785206
             52,               1,   -0.4312610835
             52,               2,   -0.4314314539
             52,               3,   -0.4318449872
             53,               0,   -0.4256696793
             53,               1,   -0.4256013456
             53,               2,   -0.4256759713
             53,               3,   -0.4268295812
             54,               0,   -0.4085823067
             54,               1,   -0.3993811126
             54,               2,   -0.3724886536
             54,               3,   -0.3992401792
             55,               0,   -0.3054919491
             55,               1,   -0.5570542910
             55,               2,   -0.4259995868
             55,               3,   -0.4156545471
             56,               0,   -0.3605005477
             56,               1,   -0.5661531975
             56,               2,   -0.4371859417
             56,               3,   -0.4329677818
             57,               0,   -0.4280232151
             57,               1,   -0.4281255209
             57,               2,   -0.4283131374
             57,               3,   -0.4290775369
             58,               0,   -0.4175879777
             58,               1,   -0.4155976685
             58,               2,   -0.4133767763
             58,               3,   -0.4179840368
             59,               0,   -0.3664549232
             59,               1,   -0.6009853866
             59,               2,   -0.4409629435
             59,               3,   -0.4380784998
             60,               0,   -0.4367301146
             60,               1,   -0.4368923679
             60,               2,   -0.4369408104
             60,               3,   -0.4370404899
             61,               0,   -0.4351490418
             61,               1,   -0.4353226736
             61,               2,   -0.4354095015
             61,               3,   -0.4355485359
             62,               0,   -0.4327203447
             62,               1,   -0.4328976724
             62,               2,   -0.4330393670
             62,               3,   -0.4333470943
             63,               0,   -0.4287359216
             63,               1,   -0.4288784812
             63,               2,   -0.4290612512
             63,               3,   -0.4297151170
             64,               0,   -0.4196837811
             64,               1,   -0.4184720630
             64,               2,   -0.4174399976
             64,               3,   -0.4204843873
             65,               0,   -0.3736863174
             65,               1,   -0.8619187749
             65,               2,   -0.4483141501
             65,               3,   -0.4476029021
             66,               0,   -0.4526932817
             66,               1,   -0.4547304595
             66,               2,   -0.4627287218
             66,               3,   -0.4263032534
             67,               0,   -0.4075374487
             67,               1,   -0.3971386893
             67,               2,   -0.3539842758
             67,               3,   -0.3922301381
             68,               0,   -0.2759503172
             68,               1,   -0.5325279300
             68,               2,   -0.4193580947
             68,               3,   -0.4080056413
             69,               0,   -0.3443321448
             69,               1,   -0.5829229144
             69,               2,   -0.4306671722
             69,               3,   -0.4233656798
             70,               0,   -0.3916117081
             70,               1,   -0.3062424981
             70,               2,   -0.4724585635
             70,               3,   -0.4976758764
             71,               0,   -0.4530891294
             71,               1,   -0.4802803539
             71,               2,   -0.4887653958
             71,               3,   -0.4924697391
             72,               0,   -0.4436548956
             72,               1,   -0.4747758839
             72,               2,   -0.4838659135
             72,               3,   -0.4878615706
             73,               0,   -0.4325931733
             73,               1,   -0.4696664194
             73,               2,   -0.4792346718
             73,               3,   -0.4831158295
             74,               0,   -0.4216650063
             74,               1,   -0.4647306415
             74,               2,   -0.4747273527
             74,               3,   -0.4787033855
             75,               0,   -0.4035988532
             75,               1,   -0.4600344831
             75,               2,   -0.4704458880
             75,               3,   -0.4743311795
             76,               0,   -0.3625062224
             76,               1,   -0.4542314666
             76,               2,   -0.4660220849
             76,               3,   -0.4700193822
             77,               0,   -0.1528724095
             77,               1,   -0.4480020393
             77,               2,   -0.4616588241
             77,               3,   -0.4657887604
             78,               0,   -0.7215961062
             78,               1,   -0.4412122664
             78,               2,   -0.4572755103
             78,               3,   -0.4616849383
             79,               0,   -0.5289718215
             79,               1,   -0.4296147539
             79,               2,   -0.4527549041
             79,               3,   -0.4575011527
             80,               0,   -0.4870810478
             80,               1,   -0.3847890270
             80,               2,   -0.4469546613
             80,               3,   -0.4529544863
             81,               0,   -0.4672047078
             81,               1,   -0.5045012644
             81,               2,   -0.4369247687
             81,               3,   -0.4476094252
