# Cycles, Average Predicted Temperature, Stddev Predicted Temperature, Mean Squared Error, || MSE Gradient ||
         0    0.02405    0.00424    4.95122    2.99971
         1    0.02611    0.00425    4.94208    3.10860
         2    0.02831    0.00426    4.93231    3.22227
         3    0.03070    0.00427    4.92169    3.34319
         4    0.03329    0.00430    4.91022    3.46801
         5    0.03608    0.00437    4.89788    3.59823
         6    0.03900    0.00466    4.88492    3.72470
         7    0.04225    0.00492    4.87061    3.86581
         8    0.04565    0.00537    4.85558    4.00105
         9    0.04939    0.00586    4.83914    4.14888
        10    0.05336    0.00649    4.82167    4.29451
        11    0.05766    0.00731    4.80282    4.45166
        12    0.06218    0.00839    4.78308    4.60177
        13    0.06724    0.00944    4.76099    4.77164
        14    0.07249    0.01079    4.73812    4.93422
        15    0.07822    0.01224    4.71324    5.11047
        16    0.08430    0.01395    4.68692    5.27901
        17    0.09092    0.01571    4.65836    5.46070
        18    0.09791    0.01783    4.62829    5.64213
        19    0.10557    0.02000    4.59548    5.83558
        20    0.11369    0.02242    4.56085    6.02504
        21    0.12234    0.02504    4.52410    6.21623
        22    0.13165    0.02795    4.48475    6.41333
        23    0.14172    0.03112    4.44239    6.62125
        24    0.15221    0.03467    4.39850    6.81494
        25    0.16347    0.03841    4.35170    7.01627
        26    0.17556    0.04246    4.30174    7.22128
        27    0.18847    0.04668    4.24871    7.42630
        28    0.20219    0.05139    4.19281    7.63099
        29    0.21666    0.05648    4.13434    7.83011
        30    0.23217    0.06191    4.07216    8.03371
        31    0.24860    0.06743    4.00689    8.23362
        32    0.26637    0.07362    3.93697    8.44054
        33    0.28484    0.08018    3.86507    8.63320
        34    0.30407    0.08702    3.79106    8.81231
        35    0.32466    0.09460    3.71274    8.99081
        36    0.34658    0.10230    3.63036    9.16882
        37    0.36973    0.11048    3.54458    9.33896
        38    0.39365    0.11904    3.45718    9.49128
        39    0.41873    0.12822    3.36699    9.63146
        40    0.44517    0.13758    3.27341    9.76365
        41    0.47249    0.14755    3.17843    9.87623
        42    0.50188    0.15781    3.07798    9.99065
        43    0.53149    0.16848    2.97887   10.07183
        44    0.56251    0.17952    2.87711   10.14019
        45    0.59410    0.19113    2.77585   10.18520
        46    0.62806    0.20297    2.66924   10.22735
        47    0.66224    0.21517    2.56468   10.23892
        48    0.69763    0.22762    2.45914   10.23377
        49    0.73352    0.24028    2.35498   10.20393
        50    0.77032    0.25324    2.25117   10.15388
        51    0.80789    0.26564    2.14788   10.08731
        52    0.84538    0.27885    2.04843    9.99164
        53    0.88387    0.29192    1.94931    9.88266
        54    0.92418    0.30421    1.84818    9.76181
        55    0.96280    0.31794    1.75588    9.60710
        56    1.00229    0.33019    1.66379    9.44489
        57    1.04150    0.34325    1.57631    9.26090
        58    1.08061    0.35425    1.49105    9.07217
        59    1.11826    0.36728    1.41390    8.85783
        60    1.15869    0.37853    1.33247    8.64060
        61    1.19656    0.38977    1.25994    8.41063
        62    1.23431    0.40047    1.19035    8.17483
        63    1.27134    0.41095    1.12506    7.93033
        64    1.30866    0.42218    1.06282    7.67308
        65    1.34321    0.43046    1.00608    7.43151
        66    1.38053    0.43892    0.94721    7.17547
        67    1.41368    0.44691    0.89779    6.92800
        68    1.44708    0.45550    0.85086    6.66977
        69    1.47824    0.46155    0.80739    6.43647
        70    1.50889    0.46903    0.76804    6.19233
        71    1.53820    0.47428    0.73044    5.96369
        72    1.56828    0.48026    0.69428    5.72576
        73    1.59462    0.48466    0.66335    5.50863
        74    1.62070    0.48954    0.63464    5.29999
        75    1.64662    0.49375    0.60687    5.09094
        76    1.67096    0.49479    0.57917    4.90274
        77    1.69581    0.49825    0.55449    4.70575
        78    1.71730    0.50253    0.53544    4.52111
        79    1.73620    0.50288    0.51604    4.37669
        80    1.75652    0.50389    0.49663    4.21729
        81    1.77750    0.50471    0.47722    4.05634
        82    1.79494    0.50364    0.45999    3.92826
        83    1.81079    0.50506    0.44728    3.80063
        84    1.82580    0.50653    0.43583    3.67450
        85    1.84375    0.50424    0.41864    3.55353
        86    1.85742    0.50431    0.40781    3.44951
        87    1.87050    0.50270    0.39611    3.35219
        88    1.88355    0.50098    0.38467    3.25187
        89    1.89703    0.50052    0.37453    3.15830
        90    1.90720    0.49903    0.36598    3.08197
        91    1.91782    0.49765    0.35746    3.00402
        92    1.92849    0.49484    0.34771    2.92634
        93    1.94120    0.49158    0.33651    2.84885
        94    1.95178    0.49016    0.32871    2.78097
        95    1.95795    0.48730    0.32227    2.72058
        96    1.96817    0.48493    0.31413    2.65554
        97    1.97423    0.48241    0.30832    2.60626
        98    1.98425    0.47846    0.29911    2.55075
        99    1.99046    0.47882    0.29621    2.50257
       100    1.99871    0.47434    0.28774    2.44844
       101    2.00364    0.47151    0.28261    2.40022
       102    2.00839    0.46927    0.27819    2.35985
       103    2.01615    0.46491    0.27045    2.31462
       104    2.02048    0.46259    0.26629    2.27218
       105    2.02847    0.45780    0.25830    2.22778
       106    2.03063    0.45879    0.25826    2.19873
       107    2.03694    0.45427    0.25141    2.15349
       108    2.04350    0.45091    0.24562    2.11141
       109    2.04799    0.44747    0.24071    2.07953
       110    2.04983    0.44558    0.23828    2.04717
       111    2.05212    0.44348    0.23551    2.01992
       112    2.05843    0.44037    0.23031    1.98295
       113    2.06098    0.43809    0.22735    1.95576
       114    2.06660    0.43447    0.22210    1.91562
       115    2.07059    0.43091    0.21758    1.88322
       116    2.07360    0.42816    0.21415    1.85726
       117    2.07520    0.42625    0.21196    1.83284
       118    2.08219    0.42202    0.20599    1.80091
       119    2.08388    0.41954    0.20334    1.76924
       120    2.08558    0.41775    0.20128    1.75054
       121    2.08856    0.41661    0.19936    1.72589
       122    2.09146    0.41319    0.19560    1.69369
       123    2.09382    0.40943    0.19177    1.66932
       124    2.09511    0.40820    0.19036    1.64335
       125    2.09920    0.40421    0.18588    1.61832
       126    2.09974    0.40330    0.18498    1.59651
       127    2.10421    0.39963    0.18072    1.57534
       128    2.10344    0.39911    0.18053    1.54997
       129    2.10697    0.39667    0.17757    1.52989
       130    2.11251    0.39102    0.17157    1.49777
       131    2.11116    0.39181    0.17257    1.48411
       132    2.11220    0.39034    0.17113    1.46108
       133    2.11431    0.38870    0.16928    1.44431
       134    2.11719    0.38538    0.16594    1.42337
       135    2.11785    0.38467    0.16522    1.40546
       136    2.12032    0.38269    0.16306    1.37893
       137    2.12337    0.37882    0.15934    1.35765
       138    2.12312    0.37704    0.15805    1.34124
       139    2.12495    0.37652    0.15720    1.32377
       140    2.12761    0.37187    0.15307    1.30232
       141    2.12750    0.37278    0.15378    1.29278
       142    2.12895    0.37033    0.15160    1.26753
       143    2.13053    0.36945    0.15058    1.25479
       144    2.13052    0.36849    0.14987    1.24193
       145    2.13222    0.36608    0.14769    1.21810
       146    2.13512    0.36410    0.14558    1.20506
       147    2.13479    0.36413    0.14568    1.19011
       148    2.13740    0.36004    0.14212    1.16738
       149    2.13767    0.36029    0.14225    1.15632
       150    2.13983    0.35826    0.14031    1.13568
       151    2.14005    0.35685    0.13925    1.12640
       152    2.14344    0.35447    0.13683    1.10905
       153    2.14140    0.35520    0.13779    1.09733
       154    2.14470    0.35207    0.13487    1.08177
       155    2.14664    0.34981    0.13288    1.06187
       156    2.14509    0.35122    0.13419    1.05701
       157    2.14792    0.34929    0.13226    1.04412
       158    2.15058    0.34525    0.12892    1.02444
       159    2.15028    0.34754    0.13056    1.01165
       160    2.14949    0.34438    0.12854    0.99677
       161    2.14943    0.34639    0.12993    0.98929
       162    2.15340    0.34252    0.12649    0.97805
       163    2.15559    0.33971    0.12416    0.96587
       164    2.15360    0.34063    0.12517    0.95301
       165    2.15501    0.33967    0.12425    0.94059
       166    2.15516    0.33654    0.12210    0.92362
       167    2.15572    0.33683    0.12219    0.91501
       168    2.15524    0.33943    0.12404    0.90361
       169    2.15867    0.33527    0.12060    0.88917
       170    2.15992    0.33373    0.11935    0.87889
       171    2.15864    0.33462    0.12017    0.87600
       172    2.16113    0.33327    0.11882    0.85840
       173    2.15986    0.33348    0.11919    0.85020
       174    2.16452    0.32930    0.11561    0.83825
       175    2.16291    0.32977    0.11619    0.83031
       176    2.16298    0.32817    0.11513    0.82330
       177    2.16287    0.32904    0.11572    0.81569
       178    2.16731    0.32448    0.11199    0.79526
       179    2.16652    0.32637    0.11335    0.79187
       180    2.16619    0.32524    0.11267    0.77948
       181    2.16440    0.32587    0.11338    0.77507
       182    2.16632    0.32400    0.11184    0.76256
       183    2.16704    0.32400    0.11172    0.75745
       184    2.17078    0.32042    0.10882    0.74428
       185    2.16818    0.32183    0.11014    0.74120
       186    2.16796    0.32371    0.11139    0.73521
       187    2.17196    0.31954    0.10807    0.71854
       188    2.17214    0.31994    0.10830    0.71271
       189    2.17322    0.31922    0.10767    0.70518
       190    2.17049    0.31931    0.10815    0.70319
       191    2.17324    0.31650    0.10594    0.68669
       192    2.17369    0.31776    0.10667    0.68086
       193    2.17276    0.31660    0.10608    0.67827
       194    2.17315    0.31565    0.10541    0.66689
       195    2.17541    0.31385    0.10394    0.65796
       196    2.17559    0.31539    0.10489    0.65616
       197    2.17411    0.31616    0.10560    0.64752
       198    2.17702    0.31342    0.10344    0.63611
       199    2.17653    0.31360    0.10363    0.63204
       200    2.17646    0.31289    0.10319    0.62506
       201    2.17712    0.31235    0.10276    0.61309
       202    2.17628    0.31300    0.10329    0.61802
       203    2.17579    0.31294    0.10332    0.60385
       204    2.18144    0.30891    0.10002    0.59347
       205    2.17967    0.31011    0.10100    0.58947
       206    2.18213    0.30768    0.09916    0.58575
       207    2.17957    0.31004    0.10097    0.58071
       208    2.18198    0.30778    0.09924    0.57210
       209    2.18026    0.30917    0.10034    0.57351
       210    2.18013    0.30837    0.09986    0.56859
       211    2.18111    0.30862    0.09988    0.56071
       212    2.18177    0.30809    0.09946    0.55776
       213    2.18431    0.30714    0.09854    0.54847
       214    2.18337    0.30654    0.09830    0.54397
       215    2.18486    0.30477    0.09702    0.53791
       216    2.18392    0.30495    0.09725    0.52878
       217    2.18322    0.30508    0.09743    0.52665
       218    2.18454    0.30363    0.09637    0.52037
       219    2.18532    0.30439    0.09673    0.52007
       220    2.18499    0.30377    0.09640    0.51128
       221    2.18358    0.30444    0.09699    0.50874
       222    2.18500    0.30436    0.09676    0.50317
       223    2.18446    0.30479    0.09709    0.49957
       224    2.18646    0.30208    0.09519    0.49417
       225    2.18485    0.30356    0.09629    0.48966
       226    2.18566    0.30217    0.09534    0.48896
       227    2.18759    0.30075    0.09425    0.48014
       228    2.18596    0.30310    0.09587    0.47671
       229    2.18721    0.30138    0.09467    0.47329
       230    2.18864    0.30170    0.09469    0.46917
       231    2.18840    0.30109    0.09435    0.46482
       232    2.18948    0.30022    0.09370    0.46292
       233    2.18765    0.30041    0.09403    0.45922
       234    2.18949    0.30111    0.09423    0.45429
       235    2.18848    0.29984    0.09359    0.45251
       236    2.18941    0.29823    0.09252    0.44897
       237    2.19240    0.29654    0.09116    0.44037
       238    2.19057    0.29758    0.09199    0.43558
       239    2.18976    0.29915    0.09302    0.43739
       240    2.19275    0.29583    0.09070    0.42790
       241    2.19153    0.29552    0.09065    0.42774
       242    2.19140    0.29768    0.09195    0.42588
       243    2.19146    0.29869    0.09255    0.42501
       244    2.19045    0.29943    0.09311    0.42341
       245    2.19075    0.29849    0.09251    0.41700
       246    2.19180    0.29778    0.09197    0.41369
       247    2.19349    0.29614    0.09080    0.40624
       248    2.19038    0.29700    0.09166    0.41372
       249    2.19090    0.29785    0.09211    0.40204
       250    2.19211    0.29587    0.09079    0.40355
       251    2.19228    0.29525    0.09041    0.39828
       252    2.19312    0.29569    0.09058    0.39864
       253    2.19454    0.29454    0.08974    0.39344
       254    2.19579    0.29386    0.08920    0.38941
       255    2.19500    0.29317    0.08889    0.38668
       256    2.19228    0.29594    0.09082    0.38847
       257    2.19465    0.29456    0.08974    0.38453
       258    2.19695    0.29231    0.08818    0.37609
       259    2.19408    0.29449    0.08976    0.38060
       260    2.19558    0.29319    0.08883    0.37642
       261    2.19468    0.29426    0.08956    0.37293
       262    2.19601    0.29300    0.08867    0.37254
       263    2.19687    0.29195    0.08797    0.36240
       264    2.19473    0.29431    0.08958    0.36988
       265    2.19758    0.29018    0.08687    0.36140
       266    2.19727    0.29150    0.08767    0.36211
       267    2.19527    0.29472    0.08977    0.36573
       268    2.19501    0.29359    0.08913    0.36110
       269    2.19703    0.29044    0.08708    0.35193
       270    2.19264    0.29554    0.09054    0.36355
       271    2.19758    0.29065    0.08714    0.35195
       272    2.19892    0.29142    0.08745    0.35070
       273    2.19843    0.29044    0.08693    0.34564
       274    2.19799    0.29037    0.08694    0.34627
       275    2.19747    0.29037    0.08699    0.34562
       276    2.19623    0.29125    0.08763    0.34690
       277    2.19974    0.28990    0.08648    0.34121
       278    2.19794    0.29018    0.08683    0.34220
       279    2.19831    0.28893    0.08607    0.33960
       280    2.19606    0.29056    0.08725    0.34000
       281    2.19790    0.28937    0.08637    0.33755
       282    2.19712    0.29168    0.08779    0.33659
       283    2.20127    0.28722    0.08479    0.33020
       284    2.19896    0.28746    0.08515    0.33091
       285    2.19950    0.28767    0.08522    0.32623
       286    2.20076    0.28739    0.08494    0.32539
       287    2.19977    0.28964    0.08633    0.33000
       288    2.20100    0.28597    0.08410    0.31901
       289    2.19961    0.28910    0.08604    0.32335
       290    2.20032    0.28580    0.08407    0.31740
       291    2.20034    0.28848    0.08561    0.31854
       292    2.20018    0.28857    0.08567    0.32061
       293    2.19863    0.28875    0.08593    0.32171
       294    2.19892    0.28922    0.08617    0.31918
       295    2.19998    0.28754    0.08510    0.31236
       296    2.20121    0.28738    0.08489    0.31276
       297    2.20103    0.28810    0.08532    0.31235
       298    2.20044    0.28653    0.08448    0.31224
       299    2.20029    0.28737    0.08497    0.31078
       300    2.20197    0.28633    0.08422    0.30748
       301    2.20099    0.28632    0.08430    0.30776
       302    2.20399    0.28409    0.08275    0.30379
       303    2.20202    0.28454    0.08319    0.30348
       304    2.19965    0.28901    0.08598    0.31022
       305    2.20328    0.28439    0.08299    0.29932
       306    2.20141    0.28675    0.08451    0.30364
       307    2.20273    0.28464    0.08318    0.30027
       308    2.20288    0.28475    0.08323    0.30028
       309    2.20208    0.28599    0.08401    0.30057
       310    2.20208    0.28418    0.08298    0.29854
       311    2.20242    0.28578    0.08386    0.29840
       312    2.20255    0.28420    0.08294    0.29877
       313    2.20366    0.28405    0.08276    0.29707
       314    2.20575    0.28210    0.08147    0.29199
       315    2.20189    0.28494    0.08343    0.29534
       316    2.20163    0.28505    0.08352    0.29417
       317    2.20387    0.28403    0.08273    0.29050
       318    2.20392    0.28422    0.08283    0.29392
       319    2.20357    0.28292    0.08212    0.28846
       320    2.20566    0.28095    0.08083    0.28463
       321    2.20314    0.28302    0.08222    0.28848
       322    2.20450    0.28151    0.08125    0.28296
       323    2.20408    0.28170    0.08139    0.28452
       324    2.20386    0.28268    0.08196    0.28514
       325    2.20170    0.28559    0.08381    0.29098
       326    2.20386    0.28307    0.08218    0.28447
       327    2.20293    0.28412    0.08286    0.28732
       328    2.20343    0.28334    0.08237    0.28639
       329    2.20568    0.28264    0.08178    0.28429
       330    2.20394    0.28121    0.08113    0.27965
       331    2.20370    0.28346    0.08242    0.28463
       332    2.20664    0.28061    0.08055    0.27658
       333    2.20374    0.28274    0.08201    0.28221
       334    2.20738    0.27916    0.07968    0.27409
       335    2.20689    0.27879    0.07951    0.27517
       336    2.20506    0.28178    0.08135    0.27943
       337    2.20646    0.27867    0.07948    0.27249
       338    2.20419    0.28300    0.08211    0.28170
       339    2.20328    0.28320    0.08231    0.28229
       340    2.20632    0.28018    0.08034    0.27711
       341    2.20430    0.28077    0.08084    0.27712
       342    2.20608    0.27959    0.08003    0.27154
       343    2.20639    0.27911    0.07973    0.27136
       344    2.20660    0.28084    0.08068    0.27336
       345    2.20554    0.28243    0.08167    0.27747
       346    2.20446    0.27952    0.08013    0.27463
       347    2.20526    0.28054    0.08063    0.27149
       348    2.20328    0.28209    0.08168    0.27903
       349    2.20762    0.27854    0.07931    0.27008
       350    2.20649    0.27928    0.07982    0.27142
       351    2.20437    0.28202    0.08155    0.27693
       352    2.20878    0.27734    0.07855    0.26716
       353    2.20542    0.28003    0.08033    0.27207
       354    2.20588    0.27963    0.08007    0.26954
       355    2.20578    0.27994    0.08025    0.26996
       356    2.20404    0.28060    0.08077    0.27238
       357    2.20699    0.27940    0.07984    0.26921
       358    2.20720    0.27942    0.07984    0.26933
       359    2.20666    0.27850    0.07937    0.26668
       360    2.20828    0.27818    0.07906    0.26517
       361    2.20728    0.27646    0.07819    0.26268
       362    2.20708    0.27792    0.07901    0.26748
       363    2.20613    0.27861    0.07948    0.26584
       364    2.20679    0.27862    0.07942    0.26642
       365    2.20893    0.27616    0.07789    0.26160
       366    2.20475    0.27939    0.08003    0.27032
       367    2.20837    0.27669    0.07822    0.26273
       368    2.20763    0.27729    0.07862    0.26292
       369    2.20740    0.27701    0.07848    0.26283
       370    2.20912    0.27648    0.07805    0.26236
       371    2.20700    0.27811    0.07913    0.26637
       372    2.20702    0.27687    0.07844    0.26119
       373    2.20820    0.27526    0.07745    0.25964
       374    2.20672    0.27732    0.07871    0.26414
       375    2.20780    0.27772    0.07884    0.26382
       376    2.20747    0.27719    0.07857    0.26250
       377    2.20818    0.27637    0.07806    0.26256
       378    2.20697    0.27698    0.07850    0.26363
       379    2.20843    0.27638    0.07804    0.25993
       380    2.20729    0.27696    0.07846    0.26317
       381    2.20879    0.27764    0.07872    0.26280
       382    2.20823    0.27831    0.07914    0.26427
       383    2.20843    0.27680    0.07828    0.26154
       384    2.20901    0.27521    0.07736    0.25715
       385    2.20855    0.27525    0.07741    0.25857
       386    2.20726    0.27622    0.07806    0.25931
       387    2.20906    0.27438    0.07690    0.25507
       388    2.20594    0.27805    0.07918    0.26649
       389    2.20989    0.27328    0.07623    0.25244
       390    2.21083    0.27474    0.07695    0.25713
       391    2.20963    0.27311    0.07616    0.25463
       392    2.20920    0.27357    0.07644    0.25469
       393    2.20797    0.27572    0.07772    0.25894
       394    2.20977    0.27427    0.07678    0.25709
       395    2.21049    0.27296    0.07600    0.25385
       396    2.20836    0.27432    0.07692    0.25583
       397    2.20952    0.27261    0.07589    0.25339
       398    2.20644    0.27600    0.07800    0.26158
       399    2.20709    0.27564    0.07775    0.26012
       400    2.21012    0.27219    0.07561    0.25323
       401    2.20961    0.27322    0.07622    0.25297
       402    2.21030    0.27266    0.07586    0.25261
       403    2.20889    0.27369    0.07653    0.25433
       404    2.20814    0.27451    0.07704    0.25543
       405    2.21108    0.27251    0.07571    0.25314
       406    2.20888    0.27256    0.07591    0.25185
       407    2.21104    0.27166    0.07526    0.25097
       408    2.20916    0.27420    0.07679    0.25446
       409    2.20891    0.27367    0.07652    0.25539
       410    2.20864    0.27239    0.07584    0.25351
       411    2.20821    0.27546    0.07756    0.25863
       412    2.20873    0.27300    0.07616    0.25492
       413    2.21080    0.27201    0.07546    0.25116
       414    2.20878    0.27469    0.07709    0.25654
       415    2.20982    0.27307    0.07612    0.25362
       416    2.20833    0.27291    0.07615    0.25289
       417    2.20927    0.27530    0.07738    0.25744
       418    2.20837    0.27370    0.07658    0.25636
       419    2.20887    0.27393    0.07666    0.25529
       420    2.21140    0.27088    0.07480    0.24872
       421    2.21011    0.27091    0.07492    0.24819
       422    2.20887    0.27266    0.07597    0.25215
       423    2.21018    0.27153    0.07525    0.24918
       424    2.21062    0.27327    0.07617    0.25360
       425    2.21243    0.26948    0.07397    0.24754
       426    2.20901    0.27186    0.07552    0.25265
       427    2.20980    0.27022    0.07457    0.24966
       428    2.21008    0.27240    0.07573    0.25233
       429    2.20981    0.27094    0.07496    0.25097
       430    2.21050    0.27197    0.07547    0.25048
       431    2.21003    0.27174    0.07538    0.25165
       432    2.21171    0.26971    0.07415    0.24594
       433    2.20797    0.27368    0.07660    0.25703
       434    2.21156    0.26903    0.07380    0.24669
       435    2.20849    0.27207    0.07568    0.25247
       436    2.21104    0.27067    0.07472    0.24816
       437    2.20934    0.27255    0.07587    0.25405
       438    2.21008    0.27042    0.07466    0.24864
       439    2.21067    0.26908    0.07389    0.24733
       440    2.21156    0.26956    0.07408    0.24640
       441    2.21218    0.26924    0.07386    0.24519
       442    2.21095    0.27030    0.07452    0.24894
       443    2.21101    0.26890    0.07376    0.24726
       444    2.21327    0.26722    0.07269    0.24185
       445    2.21097    0.26991    0.07431    0.24785
       446    2.21304    0.26738    0.07280    0.24326
       447    2.21020    0.27034    0.07460    0.24933
       448    2.21222    0.26729    0.07281    0.24302
       449    2.21207    0.26935    0.07392    0.24819
       450    2.21196    0.26785    0.07313    0.24436
       451    2.20980    0.26906    0.07394    0.24912
       452    2.21068    0.26837    0.07350    0.24651
       453    2.21128    0.26814    0.07333    0.24479
       454    2.21009    0.26895    0.07386    0.24900
       455    2.20974    0.27009    0.07450    0.25082
       456    2.21062    0.26904    0.07387    0.24666
       457    2.21219    0.26813    0.07326    0.24608
       458    2.21274    0.26607    0.07212    0.24169
       459    2.21261    0.26789    0.07310    0.24643
       460    2.20971    0.26936    0.07411    0.24992
       461    2.21002    0.26857    0.07366    0.24928
       462    2.21202    0.26837    0.07340    0.24605
       463    2.21255    0.26709    0.07268    0.24331
       464    2.21159    0.26692    0.07266    0.24298
       465    2.21068    0.26913    0.07391    0.24981
       466    2.21262    0.26589    0.07203    0.24184
       467    2.21232    0.26530    0.07174    0.24135
       468    2.21101    0.26870    0.07366    0.24927
       469    2.21378    0.26573    0.07187    0.24173
       470    2.21104    0.26644    0.07245    0.24421
       471    2.21128    0.26672    0.07258    0.24432
       472    2.21291    0.26577    0.07195    0.24185
       473    2.21289    0.26558    0.07185    0.24119
       474    2.21118    0.26826    0.07341    0.24668
       475    2.21203    0.26545    0.07184    0.24196
       476    2.21194    0.26500    0.07161    0.24137
       477    2.21312    0.26550    0.07179    0.24319
       478    2.21126    0.26643    0.07242    0.24491
       479    2.21108    0.26600    0.07221    0.24269
       480    2.21146    0.26514    0.07172    0.24161
       481    2.21256    0.26585    0.07202    0.24220
       482    2.21436    0.26263    0.07019    0.23681
       483    2.21126    0.26708    0.07277    0.24561
       484    2.21304    0.26463    0.07134    0.24127
       485    2.21154    0.26606    0.07221    0.24503
       486    2.21229    0.26575    0.07198    0.24403
       487    2.21101    0.26404    0.07117    0.24283
       488    2.21164    0.26676    0.07257    0.24433
       489    2.21142    0.26514    0.07173    0.24272
       490    2.21053    0.26830    0.07348    0.24816
       491    2.21395    0.26405    0.07096    0.24157
       492    2.21216    0.26393    0.07103    0.24106
       493    2.21331    0.26462    0.07131    0.24300
       494    2.21147    0.26622    0.07230    0.24420
       495    2.21113    0.26470    0.07151    0.24340
       496    2.21456    0.26167    0.06967    0.23648
       497    2.21490    0.26179    0.06971    0.23824
       498    2.21246    0.26393    0.07101    0.23971
       499    2.21243    0.26418    0.07114    0.24164
       500    2.21284    0.26433    0.07119    0.24129
       501    2.21317    0.26438    0.07119    0.24216
       502    2.21319    0.26213    0.07001    0.23741
       503    2.21366    0.26262    0.07023    0.23861
       504    2.21213    0.26358    0.07085    0.24138
       505    2.21264    0.26298    0.07050    0.23926
       506    2.21356    0.26220    0.07002    0.23770
       507    2.21245    0.26223    0.07011    0.23867
       508    2.21291    0.26143    0.06966    0.23876
       509    2.21309    0.26248    0.07020    0.23755
       510    2.21180    0.26417    0.07118    0.24272
       511    2.21502    0.26167    0.06964    0.23683
       512    2.21269    0.26306    0.07053    0.24059
       513    2.21321    0.26169    0.06978    0.23706
       514    2.21574    0.25912    0.06826    0.23322
       515    2.21513    0.25965    0.06858    0.23401
       516    2.21372    0.26116    0.06946    0.23524
       517    2.21475    0.25993    0.06875    0.23575
       518    2.21282    0.26069    0.06928    0.23658
       519    2.21530    0.25821    0.06782    0.23079
       520    2.21206    0.26190    0.06997    0.23999
       521    2.21241    0.26101    0.06948    0.23799
       522    2.21366    0.25936    0.06853    0.23325
       523    2.21079    0.26357    0.07094    0.24485
       524    2.21508    0.25879    0.06814    0.23443
       525    2.21479    0.25820    0.06785    0.23180
       526    2.21303    0.25988    0.06884    0.23437
       527    2.21317    0.25976    0.06877    0.23522
       528    2.21410    0.26023    0.06895    0.23610
       529    2.21422    0.25924    0.06843    0.23513
       530    2.21317    0.26134    0.06959    0.23837
       531    2.21218    0.26176    0.06989    0.23912
       532    2.21381    0.26224    0.07002    0.24034
       533    2.21396    0.26066    0.06918    0.23655
       534    2.21252    0.26127    0.06960    0.23847
       535    2.21407    0.25919    0.06841    0.23502
       536    2.21183    0.26157    0.06981    0.24044
       537    2.21323    0.26016    0.06898    0.23734
       538    2.21278    0.26178    0.06985    0.24198
       539    2.21489    0.25874    0.06812    0.23529
       540    2.21377    0.25900    0.06834    0.23594
       541    2.21603    0.25748    0.06740    0.23356
       542    2.21250    0.25986    0.06887    0.23683
       543    2.21289    0.25921    0.06851    0.23652
       544    2.21363    0.25909    0.06839    0.23634
       545    2.21451    0.25836    0.06795    0.23408
       546    2.21456    0.25781    0.06766    0.23276
       547    2.21376    0.25809    0.06787    0.23371
       548    2.21452    0.25687    0.06718    0.23160
       549    2.21697    0.25655    0.06686    0.23267
       550    2.21542    0.25642    0.06689    0.23035
       551    2.21491    0.25747    0.06747    0.23196
       552    2.21651    0.25656    0.06689    0.23269
       553    2.21332    0.25711    0.06739    0.23315
       554    2.21453    0.25855    0.06805    0.23589
       555    2.21466    0.25737    0.06743    0.23416
       556    2.21295    0.25870    0.06824    0.23634
       557    2.21266    0.25884    0.06833    0.23618
       558    2.21474    0.25748    0.06748    0.23481
       559    2.21490    0.25648    0.06696    0.23129
       560    2.21420    0.25780    0.06768    0.23342
       561    2.21299    0.25798    0.06786    0.23547
       562    2.21413    0.25708    0.06732    0.23269
       563    2.21513    0.25826    0.06786    0.23452
       564    2.21457    0.25638    0.06693    0.23158
       565    2.21498    0.25573    0.06657    0.23103
       566    2.21389    0.25613    0.06685    0.23159
       567    2.21423    0.25581    0.06666    0.23166
       568    2.21567    0.25345    0.06536    0.22840
       569    2.21601    0.25385    0.06554    0.22874
       570    2.21695    0.25295    0.06502    0.22742
       571    2.21443    0.25690    0.06721    0.23339
       572    2.21363    0.25573    0.06666    0.23187
       573    2.21660    0.25327    0.06521    0.22712
       574    2.21539    0.25521    0.06628    0.23087
       575    2.21437    0.25602    0.06676    0.23231
       576    2.21431    0.25465    0.06606    0.23106
       577    2.21479    0.25595    0.06669    0.23231
       578    2.21266    0.25647    0.06711    0.23448
       579    2.21530    0.25576    0.06656    0.23244
       580    2.21552    0.25466    0.06598    0.23005
       581    2.21473    0.25533    0.06638    0.23174
       582    2.21350    0.25522    0.06641    0.23330
       583    2.21417    0.25562    0.06657    0.23316
       584    2.21471    0.25497    0.06620    0.23304
       585    2.21370    0.25606    0.06683    0.23381
       586    2.21692    0.25379    0.06545    0.23030
       587    2.21635    0.25346    0.06532    0.22747
       588    2.21548    0.25354    0.06542    0.23020
       589    2.21331    0.25675    0.06721    0.23664
       590    2.21505    0.25313    0.06524    0.22896
       591    2.21465    0.25318    0.06529    0.22843
       592    2.21539    0.25415    0.06573    0.23026
       593    2.21397    0.25426    0.06589    0.23183
       594    2.21431    0.25487    0.06618    0.23277
       595    2.21588    0.25176    0.06449    0.22746
       596    2.21587    0.25311    0.06518    0.22973
       597    2.21329    0.25604    0.06684    0.23524
       598    2.21538    0.25358    0.06544    0.23006
       599    2.21529    0.25289    0.06510    0.22823
       600    2.21446    0.25328    0.06536    0.22952
       601    2.21623    0.25180    0.06449    0.22715
       602    2.21545    0.25286    0.06507    0.22852
       603    2.21522    0.25268    0.06500    0.22844
       604    2.21498    0.25292    0.06514    0.23002
       605    2.21351    0.25564    0.06662    0.23484
       606    2.21505    0.25372    0.06554    0.23091
       607    2.21579    0.25343    0.06534    0.23150
       608    2.21491    0.25284    0.06510    0.23023
       609    2.21644    0.25173    0.06444    0.22739
       610    2.21594    0.25171    0.06446    0.22627
       611    2.21755    0.25023    0.06361    0.22516
       612    2.21662    0.25118    0.06415    0.22598
       613    2.21588    0.25223    0.06473    0.22985
       614    2.21571    0.25100    0.06412    0.22694
       615    2.21456    0.25166    0.06453    0.22917
       616    2.21553    0.25250    0.06489    0.23060
       617    2.21454    0.25308    0.06525    0.23158
       618    2.21480    0.25158    0.06448    0.22816
       619    2.21630    0.25140    0.06428    0.22842
       620    2.21541    0.25187    0.06458    0.22902
       621    2.21438    0.25221    0.06482    0.23143
       622    2.21607    0.25009    0.06364    0.22587
       623    2.21545    0.25076    0.06402    0.22700
       624    2.21635    0.25113    0.06415    0.22728
       625    2.21629    0.25039    0.06378    0.22560
       626    2.21618    0.24983    0.06350    0.22576
       627    2.21663    0.24984    0.06348    0.22471
       628    2.21648    0.24921    0.06318    0.22485
       629    2.21291    0.25316    0.06541    0.23491
       630    2.21572    0.25006    0.06365    0.22730
       631    2.21554    0.25116    0.06421    0.22847
       632    2.21713    0.24980    0.06343    0.22638
       633    2.21588    0.24998    0.06360    0.22697
       634    2.21829    0.24900    0.06296    0.22541
       635    2.21377    0.25194    0.06473    0.23207
       636    2.21710    0.24673    0.06191    0.21998
       637    2.21559    0.24932    0.06329    0.22617
       638    2.21614    0.24958    0.06338    0.22668
       639    2.21686    0.24813    0.06261    0.22363
       640    2.21531    0.25024    0.06377    0.22768
       641    2.21683    0.24760    0.06235    0.22359
       642    2.21674    0.24874    0.06293    0.22402
       643    2.21609    0.24923    0.06321    0.22528
       644    2.21785    0.24735    0.06216    0.22291
       645    2.21708    0.24768    0.06238    0.22346
       646    2.21682    0.24805    0.06257    0.22462
       647    2.21751    0.24736    0.06219    0.22268
       648    2.21688    0.24655    0.06183    0.22167
       649    2.21643    0.24895    0.06305    0.22584
       650    2.21511    0.24967    0.06349    0.22781
       651    2.21813    0.24621    0.06158    0.22030
       652    2.21443    0.24903    0.06323    0.22826
       653    2.21762    0.24504    0.06104    0.21937
       654    2.21933    0.24404    0.06045    0.21708
       655    2.21469    0.24835    0.06287    0.22638
       656    2.21559    0.24825    0.06276    0.22569
       657    2.21806    0.24762    0.06228    0.22511
       658    2.21625    0.24758    0.06238    0.22360
       659    2.21540    0.24796    0.06262    0.22512
       660    2.21511    0.24900    0.06316    0.22761
       661    2.21574    0.24769    0.06247    0.22412
       662    2.21685    0.24688    0.06200    0.22262
       663    2.21732    0.24584    0.06145    0.22031
       664    2.21583    0.24798    0.06261    0.22615
       665    2.21700    0.24503    0.06107    0.22048
       666    2.21890    0.24597    0.06142    0.22251
       667    2.21772    0.24600    0.06151    0.22338
       668    2.21660    0.24655    0.06185    0.22370
       669    2.21684    0.24523    0.06118    0.21998
       670    2.21615    0.24646    0.06184    0.22250
       671    2.21610    0.24769    0.06244    0.22497
       672    2.21633    0.24599    0.06159    0.22311
       673    2.21810    0.24531    0.06114    0.22067
       674    2.21841    0.24374    0.06036    0.21897
       675    2.21723    0.24615    0.06161    0.22194
       676    2.21681    0.24626    0.06169    0.22220
       677    2.21688    0.24666    0.06189    0.22467
       678    2.21634    0.24605    0.06162    0.22422
       679    2.21732    0.24479    0.06094    0.22083
       680    2.21731    0.24311    0.06012    0.21702
       681    2.21575    0.24537    0.06132    0.22234
       682    2.21646    0.24575    0.06146    0.22376
       683    2.21645    0.24464    0.06092    0.22060
       684    2.21708    0.24478    0.06095    0.22145
       685    2.21701    0.24470    0.06091    0.22039
       686    2.21737    0.24459    0.06084    0.22120
       687    2.21728    0.24455    0.06082    0.22088
       688    2.21736    0.24434    0.06071    0.22083
       689    2.21586    0.24515    0.06121    0.22413
       690    2.21755    0.24376    0.06042    0.21990
       691    2.21682    0.24439    0.06077    0.22022
       692    2.21597    0.24494    0.06110    0.22286
       693    2.21772    0.24397    0.06051    0.22039
       694    2.21916    0.24250    0.05971    0.21806
       695    2.21758    0.24194    0.05954    0.21732
       696    2.21810    0.24403    0.06052    0.22136
       697    2.21730    0.24253    0.05984    0.21868
       698    2.21671    0.24439    0.06078    0.22203
       699    2.21585    0.24418    0.06073    0.22349
       700    2.21673    0.24385    0.06052    0.22184
       701    2.21640    0.24461    0.06091    0.22322
       702    2.21586    0.24470    0.06099    0.22383
       703    2.21737    0.24232    0.05973    0.21991
       704    2.21605    0.24386    0.06057    0.22218
       705    2.21827    0.24157    0.05931    0.21732
       706    2.21670    0.24323    0.06021    0.22054
       707    2.21931    0.24130    0.05912    0.21640
       708    2.21721    0.24326    0.06020    0.22117
       709    2.21836    0.24161    0.05932    0.21693
       710    2.21837    0.24109    0.05907    0.21638
       711    2.21928    0.24115    0.05905    0.21592
       712    2.21819    0.24046    0.05878    0.21536
       713    2.21650    0.24260    0.05992    0.22016
       714    2.21539    0.24501    0.06117    0.22429
       715    2.21658    0.24287    0.06005    0.22078
       716    2.21692    0.24172    0.05947    0.21978
       717    2.21829    0.24056    0.05882    0.21684
       718    2.21810    0.24081    0.05895    0.21646
       719    2.21751    0.24230    0.05971    0.22026
       720    2.21779    0.24245    0.05977    0.21955
       721    2.21733    0.24174    0.05945    0.21914
       722    2.21892    0.24196    0.05946    0.21990
       723    2.21791    0.24158    0.05934    0.21949
       724    2.21842    0.24014    0.05862    0.21601
       725    2.21833    0.24029    0.05869    0.21756
       726    2.21591    0.24231    0.05982    0.22110
       727    2.22155    0.23735    0.05710    0.21314
       728    2.21789    0.24035    0.05875    0.21730
       729    2.21736    0.24123    0.05920    0.22022
       730    2.21709    0.24203    0.05961    0.22067
       731    2.21747    0.23971    0.05847    0.21582
       732    2.21926    0.23840    0.05773    0.21335
       733    2.21950    0.23965    0.05831    0.21649
       734    2.21625    0.24269    0.05998    0.22246
       735    2.21642    0.24131    0.05931    0.22011
       736    2.21876    0.23958    0.05832    0.21651
       737    2.21973    0.23775    0.05739    0.21458
       738    2.21735    0.24120    0.05919    0.22002
       739    2.21727    0.23990    0.05857    0.21707
       740    2.21598    0.24122    0.05929    0.22143
       741    2.21642    0.23986    0.05861    0.21870
       742    2.21850    0.23843    0.05779    0.21462
       743    2.21511    0.24120    0.05934    0.22234
       744    2.21862    0.23929    0.05819    0.21705
       745    2.21766    0.24011    0.05865    0.21815
       746    2.21963    0.23810    0.05757    0.21534
       747    2.21800    0.23884    0.05802    0.21682
       748    2.21999    0.23736    0.05719    0.21352
       749    2.21577    0.23996    0.05870    0.21995
       750    2.21677    0.24035    0.05882    0.21959
       751    2.21857    0.23902    0.05807    0.21623
       752    2.21915    0.23749    0.05731    0.21428
       753    2.21988    0.23695    0.05700    0.21181
       754    2.21824    0.23820    0.05770    0.21482
       755    2.22046    0.23679    0.05690    0.21290
       756    2.22025    0.23531    0.05621    0.21005
       757    2.21769    0.23685    0.05709    0.21292
       758    2.21892    0.23659    0.05689    0.21175
       759    2.21919    0.23684    0.05699    0.21330
       760    2.21829    0.23717    0.05721    0.21434
       761    2.21898    0.23755    0.05734    0.21451
       762    2.21821    0.23753    0.05738    0.21411
       763    2.22006    0.23597    0.05653    0.21218
       764    2.21878    0.23723    0.05720    0.21469
       765    2.21710    0.23776    0.05756    0.21647
       766    2.22017    0.23580    0.05644    0.21244
       767    2.21813    0.23742    0.05733    0.21410
       768    2.21743    0.23882    0.05804    0.21857
       769    2.21788    0.23696    0.05713    0.21440
       770    2.21755    0.23690    0.05712    0.21438
       771    2.21705    0.23901    0.05816    0.22006
       772    2.22046    0.23527    0.05618    0.21250
       773    2.21950    0.23477    0.05600    0.21026
       774    2.21798    0.23799    0.05761    0.21645
       775    2.21822    0.23617    0.05673    0.21332
       776    2.22027    0.23497    0.05604    0.21058
       777    2.21720    0.23769    0.05752    0.21718
       778    2.22068    0.23453    0.05582    0.21066
       779    2.21882    0.23649    0.05685    0.21382
       780    2.21842    0.23647    0.05686    0.21396
       781    2.21790    0.23682    0.05706    0.21561
       782    2.21787    0.23657    0.05695    0.21540
       783    2.21697    0.23652    0.05698    0.21575
       784    2.22147    0.23254    0.05484    0.20779
       785    2.21894    0.23361    0.05549    0.20847
       786    2.21733    0.23723    0.05729    0.21627
       787    2.21874    0.23537    0.05632    0.21286
       788    2.21936    0.23514    0.05618    0.21187
       789    2.21809    0.23545    0.05640    0.21340
       790    2.21908    0.23441    0.05586    0.21113
       791    2.22009    0.23357    0.05540    0.21006
       792    2.21968    0.23300    0.05516    0.20933
       793    2.21853    0.23434    0.05585    0.21108
       794    2.21748    0.23625    0.05682    0.21631
       795    2.21919    0.23417    0.05574    0.21167
       796    2.21823    0.23433    0.05587    0.21278
       797    2.21916    0.23411    0.05571    0.21119
       798    2.22022    0.23317    0.05521    0.21012
       799    2.21977    0.23345    0.05536    0.21094
       800    2.21860    0.23432    0.05584    0.21179
       801    2.21949    0.23313    0.05523    0.21002
       802    2.21790    0.23444    0.05594    0.21314
       803    2.21902    0.23419    0.05575    0.21181
       804    2.21875    0.23308    0.05525    0.21117
       805    2.21910    0.23485    0.05606    0.21425
       806    2.22025    0.23210    0.05471    0.20888
       807    2.21739    0.23433    0.05592    0.21380
       808    2.21774    0.23462    0.05603    0.21499
       809    2.21974    0.23295    0.05513    0.21106
       810    2.22109    0.23120    0.05424    0.20761
       811    2.22011    0.23120    0.05430    0.20541
       812    2.21860    0.23338    0.05540    0.21110
       813    2.22189    0.23079    0.05401    0.20789
       814    2.21815    0.23259    0.05506    0.21147
       815    2.22014    0.23215    0.05474    0.21000
       816    2.21983    0.23271    0.05501    0.21133
       817    2.21942    0.23296    0.05516    0.21108
       818    2.21977    0.23240    0.05488    0.21024
       819    2.21955    0.23207    0.05473    0.20864
       820    2.21852    0.23328    0.05536    0.21137
       821    2.21919    0.23136    0.05443    0.20890
       822    2.21896    0.23366    0.05551    0.21333
       823    2.22064    0.23019    0.05380    0.20592
       824    2.21870    0.23285    0.05515    0.21151
       825    2.21803    0.23409    0.05577    0.21436
       826    2.22139    0.22871    0.05308    0.20436
       827    2.22066    0.22924    0.05336    0.20502
       828    2.21991    0.23068    0.05407    0.20809
       829    2.21908    0.23186    0.05467    0.21052
       830    2.21953    0.23096    0.05422    0.20797
       831    2.22048    0.22884    0.05319    0.20474
       832    2.21842    0.23293    0.05520    0.21280
       833    2.22266    0.22764    0.05252    0.20397
       834    2.22028    0.23038    0.05391    0.20696
       835    2.22032    0.22913    0.05333    0.20596
       836    2.21967    0.22930    0.05345    0.20494
       837    2.21923    0.23026    0.05392    0.20749
       838    2.21943    0.23161    0.05453    0.21077
       839    2.22017    0.22894    0.05325    0.20483
       840    2.22173    0.22762    0.05256    0.20408
       841    2.21856    0.23064    0.05413    0.21077
       842    2.22082    0.22757    0.05259    0.20258
       843    2.21802    0.23180    0.05470    0.21139
       844    2.22073    0.22941    0.05344    0.20570
       845    2.21937    0.22984    0.05372    0.20763
       846    2.22025    0.22950    0.05351    0.20755
       847    2.21949    0.22968    0.05364    0.20790
       848    2.21766    0.23093    0.05432    0.21160
       849    2.22025    0.22852    0.05306    0.20471
       850    2.22125    0.22783    0.05269    0.20444
       851    2.22091    0.22777    0.05268    0.20362
       852    2.21929    0.22952    0.05357    0.20776
       853    2.22096    0.22682    0.05224    0.20192
       854    2.22025    0.22813    0.05288    0.20559
       855    2.22089    0.22815    0.05285    0.20496
       856    2.21886    0.22903    0.05338    0.20812
       857    2.21952    0.22999    0.05377    0.20954
       858    2.21931    0.22974    0.05367    0.20910
       859    2.22169    0.22601    0.05184    0.20192
       860    2.21865    0.22834    0.05307    0.20820
       861    2.22115    0.22872    0.05310    0.20705
       862    2.22032    0.22776    0.05271    0.20480
       863    2.22155    0.22578    0.05174    0.20171
       864    2.22152    0.22586    0.05178    0.20230
       865    2.21911    0.22871    0.05321    0.20793
       866    2.22146    0.22596    0.05183    0.20192
       867    2.22022    0.22712    0.05242    0.20322
       868    2.21996    0.22763    0.05267    0.20604
       869    2.22012    0.22832    0.05298    0.20661
       870    2.21998    0.22789    0.05279    0.20687
       871    2.22034    0.22663    0.05219    0.20400
       872    2.22240    0.22531    0.05148    0.20106
       873    2.22009    0.22774    0.05271    0.20526
       874    2.22089    0.22756    0.05258    0.20627
       875    2.21968    0.22672    0.05227    0.20426
       876    2.21901    0.22914    0.05341    0.20943
       877    2.22170    0.22587    0.05177    0.20305
       878    2.22069    0.22669    0.05220    0.20481
       879    2.21997    0.22732    0.05253    0.20562
       880    2.22044    0.22682    0.05227    0.20466
       881    2.22043    0.22514    0.05151    0.20143
       882    2.21952    0.22629    0.05209    0.20485
       883    2.21985    0.22706    0.05242    0.20650
       884    2.22132    0.22434    0.05111    0.20085
       885    2.22153    0.22461    0.05121    0.20118
       886    2.21974    0.22571    0.05181    0.20447
       887    2.22052    0.22396    0.05098    0.20037
       888    2.21902    0.22688    0.05238    0.20659
       889    2.22127    0.22428    0.05108    0.20131
       890    2.22157    0.22410    0.05098    0.20033
       891    2.22071    0.22692    0.05231    0.20611
       892    2.22337    0.22375    0.05073    0.20139
       893    2.22066    0.22533    0.05159    0.20252
       894    2.21991    0.22692    0.05235    0.20730
       895    2.22109    0.22469    0.05128    0.20181
       896    2.21990    0.22505    0.05151    0.20362
       897    2.22250    0.22391    0.05085    0.20155
       898    2.22185    0.22509    0.05141    0.20277
       899    2.22004    0.22492    0.05144    0.20366
       900    2.22060    0.22467    0.05129    0.20261
       901    2.22107    0.22348    0.05074    0.20083
       902    2.22211    0.22358    0.05072    0.20197
       903    2.21994    0.22459    0.05130    0.20363
       904    2.22028    0.22529    0.05159    0.20460
       905    2.22018    0.22451    0.05125    0.20277
       906    2.22133    0.22353    0.05074    0.20153
       907    2.22204    0.22294    0.05044    0.20082
       908    2.22028    0.22382    0.05093    0.20252
       909    2.22175    0.22322    0.05058    0.20162
       910    2.22198    0.22152    0.04981    0.19777
       911    2.21798    0.22656    0.05230    0.20923
       912    2.21946    0.22398    0.05105    0.20276
       913    2.22059    0.22367    0.05085    0.20187
       914    2.22114    0.22329    0.05064    0.20157
       915    2.22105    0.22432    0.05111    0.20317
       916    2.22212    0.22237    0.05018    0.20001
       917    2.22099    0.22357    0.05078    0.20160
       918    2.22078    0.22364    0.05082    0.20180
       919    2.22185    0.22221    0.05013    0.19901
       920    2.21956    0.22528    0.05163    0.20678
       921    2.21939    0.22459    0.05133    0.20534
       922    2.22242    0.22207    0.05003    0.20065
       923    2.22002    0.22423    0.05113    0.20424
       924    2.22199    0.22155    0.04983    0.19881
       925    2.22185    0.22171    0.04990    0.19894
       926    2.22042    0.22224    0.05022    0.20080
       927    2.22091    0.22342    0.05071    0.20303
       928    2.22204    0.22126    0.04969    0.19871
       929    2.22091    0.22374    0.05086    0.20316
       930    2.22211    0.22105    0.04959    0.19757
       931    2.21978    0.22360    0.05086    0.20445
       932    2.21981    0.22307    0.05062    0.20324
       933    2.22195    0.22179    0.04993    0.19917
       934    2.22002    0.22227    0.05025    0.20160
       935    2.22244    0.21968    0.04898    0.19619
       936    2.22337    0.21975    0.04896    0.19734
       937    2.22229    0.22073    0.04945    0.19899
       938    2.22087    0.22133    0.04979    0.19856
       939    2.22198    0.21998    0.04913    0.19721
       940    2.22064    0.22183    0.05002    0.20151
       941    2.22225    0.22020    0.04921    0.19773
       942    2.22165    0.21972    0.04904    0.19684
       943    2.22156    0.22057    0.04941    0.19907
       944    2.22244    0.21948    0.04889    0.19661
       945    2.22019    0.22162    0.04996    0.20129
       946    2.22192    0.21993    0.04911    0.19786
       947    2.22339    0.21856    0.04843    0.19596
       948    2.22337    0.21836    0.04835    0.19581
       949    2.22230    0.21954    0.04892    0.19733
       950    2.22118    0.22028    0.04931    0.19783
       951    2.22147    0.21977    0.04907    0.19759
       952    2.22114    0.22038    0.04935    0.19849
       953    2.22035    0.22118    0.04975    0.20178
       954    2.22110    0.22077    0.04953    0.20107
       955    2.22162    0.21976    0.04905    0.19847
       956    2.22215    0.21980    0.04904    0.19799
       957    2.22198    0.21933    0.04885    0.19749
       958    2.22020    0.22052    0.04947    0.20123
       959    2.22258    0.21871    0.04854    0.19674
       960    2.22179    0.21906    0.04874    0.19744
       961    2.22055    0.21968    0.04908    0.19968
       962    2.22047    0.21963    0.04906    0.20044
       963    2.22158    0.21956    0.04897    0.19919
       964    2.22178    0.21881    0.04863    0.19737
       965    2.22171    0.21961    0.04899    0.19842
       966    2.22109    0.21930    0.04888    0.19885
       967    2.22147    0.21829    0.04842    0.19523
       968    2.22233    0.21950    0.04890    0.19887
       969    2.22400    0.21712    0.04777    0.19589
       970    2.22371    0.21688    0.04769    0.19365
       971    2.22220    0.21789    0.04821    0.19612
       972    2.22209    0.21755    0.04806    0.19551
       973    2.22155    0.21814    0.04835    0.19806
       974    2.22205    0.21789    0.04821    0.19572
       975    2.22184    0.21863    0.04854    0.19828
       976    2.22227    0.21799    0.04824    0.19625
       977    2.22046    0.21937    0.04895    0.19987
       978    2.22081    0.21902    0.04878    0.19955
       979    2.22257    0.21680    0.04771    0.19449
       980    2.22160    0.21855    0.04852    0.19786
       981    2.22228    0.21656    0.04762    0.19420
       982    2.22172    0.21817    0.04835    0.19772
       983    2.22316    0.21718    0.04784    0.19597
       984    2.22308    0.21693    0.04774    0.19589
       985    2.22125    0.21780    0.04822    0.19763
       986    2.22337    0.21604    0.04734    0.19444
       987    2.22318    0.21635    0.04748    0.19506
       988    2.22265    0.21583    0.04729    0.19361
       989    2.22278    0.21658    0.04760    0.19496
       990    2.22121    0.21740    0.04805    0.19753
       991    2.22466    0.21445    0.04659    0.19199
       992    2.22288    0.21647    0.04755    0.19522
       993    2.22181    0.21683    0.04777    0.19568
       994    2.22139    0.21698    0.04785    0.19691
       995    2.22149    0.21630    0.04755    0.19527
       996    2.22261    0.21641    0.04754    0.19518
       997    2.22254    0.21521    0.04703    0.19257
       998    2.22159    0.21785    0.04822    0.19891
       999    2.22275    0.21608    0.04739    0.19448

Final Weights:        -0.5363433445        -0.2293642041         0.5379349389         0.2335494219 