# Cycles, Average Predicted Temperature, Stddev Predicted Temperature, Mean Squared Error, || MSE Gradient ||
         0 3.9572120e-02 1.7661415e-03 5.3841693e+00 3.9990547e+00
         1 4.3111095e-02 1.7462976e-03 5.3677582e+00 4.2514779e+00
         2 4.7139339e-02 1.7488052e-03 5.3491088e+00 4.5314196e+00
         3 5.1774632e-02 1.8069766e-03 5.3276894e+00 4.8464013e+00
         4 5.6994889e-02 1.9874796e-03 5.3036188e+00 5.1849009e+00
         5 6.3047253e-02 2.3002341e-03 5.2757800e+00 5.5696381e+00
         6 7.0147156e-02 2.8200193e-03 5.2432175e+00 6.0099280e+00
         7 7.8339923e-02 3.5665990e-03 5.2057697e+00 6.4928691e+00
         8 8.7987589e-02 4.6150792e-03 5.1618469e+00 7.0451946e+00
         9 9.9396763e-02 5.9895149e-03 5.1101491e+00 7.6656329e+00
        10 1.1306369e-01 7.8341854e-03 5.0485717e+00 8.3788232e+00
        11 1.2942943e-01 1.0187927e-02 4.9753380e+00 9.1878289e+00
        12 1.4944274e-01 1.3328599e-02 4.8865320e+00 1.0122982e+01
        13 1.7403530e-01 1.7485297e-02 4.7785407e+00 1.1203839e+01
        14 2.0468376e-01 2.2952338e-02 4.6457112e+00 1.2455863e+01
        15 2.4319176e-01 3.0082738e-02 4.4815820e+00 1.3890417e+01
        16 2.9212974e-01 4.0113015e-02 4.2775009e+00 1.5521421e+01
        17 3.5485171e-01 5.3520537e-02 4.0232946e+00 1.7353126e+01
        18 4.3702062e-01 7.1881048e-02 3.7028348e+00 1.9384523e+01
        19 5.4347464e-01 9.7288479e-02 3.3090577e+00 2.1424356e+01
        20 6.8378933e-01 1.3251904e-01 2.8270850e+00 2.3299986e+01
        21 8.6449882e-01 1.7926022e-01 2.2685166e+00 2.4459257e+01
        22 1.0898682e+00 2.4055838e-01 1.6709829e+00 2.4162520e+01
        23 1.3547297e+00 3.1507202e-01 1.1097437e+00 2.1631160e+01
        24 1.6246289e+00 3.9120282e-01 6.9374073e-01 1.6843204e+01
        25 1.8649751e+00 4.5896181e-01 4.5564884e-01 1.0974732e+01
        26 2.0327984e+00 5.0251631e-01 3.5955261e-01 6.3056787e+00
        27 2.1249069e+00 5.2251653e-01 3.2827008e-01 4.0230646e+00
        28 2.1630050e+00 5.2472759e-01 3.1412744e-01 3.4187165e+00
        29 2.1892343e+00 5.2210240e-01 3.0173570e-01 3.1823699e+00
        30 2.1976044e+00 5.1561480e-01 2.9221559e-01 3.1002819e+00
        31 2.2028435e+00 5.0922581e-01 2.8399422e-01 3.0462933e+00
        32 2.2100154e+00 5.0148883e-01 2.7397224e-01 2.9742013e+00
        33 2.2129504e+00 4.9349192e-01 2.6514395e-01 2.9126156e+00
        34 2.2193088e+00 4.8780755e-01 2.5773693e-01 2.8566291e+00
        35 2.2207841e+00 4.8072536e-01 2.5046479e-01 2.8128669e+00
        36 2.2249185e+00 4.7120198e-01 2.4026555e-01 2.7275577e+00
        37 2.2279987e+00 4.6423463e-01 2.3292564e-01 2.6676393e+00
        38 2.2313861e+00 4.5919358e-01 2.2738813e-01 2.6373558e+00
        39 2.2338605e+00 4.5081465e-01 2.1913311e-01 2.5681040e+00
        40 2.2373536e+00 4.4576313e-01 2.1373532e-01 2.5345352e+00
        41 2.2418509e+00 4.3868516e-01 2.0639272e-01 2.4719069e+00
        42 2.2457407e+00 4.3346674e-01 2.0093781e-01 2.4344311e+00
        43 2.2483141e+00 4.2794628e-01 1.9560120e-01 2.3905655e+00
        44 2.2493473e+00 4.2083612e-01 1.8933660e-01 2.3353590e+00
        45 2.2505959e+00 4.1441578e-01 1.8369935e-01 2.2913944e+00
        46 2.2531188e+00 4.1055140e-01 1.7996594e-01 2.2609364e+00
        47 2.2584692e+00 4.0513244e-01 1.7443120e-01 2.2166196e+00
        48 2.2593882e+00 3.9836406e-01 1.6880715e-01 2.1675912e+00
        49 2.2609313e+00 3.9387240e-01 1.6494070e-01 2.1403074e+00
        50 2.2628074e+00 3.8754967e-01 1.5963195e-01 2.0891312e+00
        51 2.2661399e+00 3.8312749e-01 1.5558752e-01 2.0562946e+00
        52 2.2703927e+00 3.7792241e-01 1.5084635e-01 2.0136914e+00
        53 2.2712688e+00 3.7358148e-01 1.4742795e-01 1.9903884e+00
        54 2.2698825e+00 3.6848276e-01 1.4389219e-01 1.9559099e+00
        55 2.2749877e+00 3.6376431e-01 1.3954352e-01 1.9132780e+00
        56 2.2746357e+00 3.5817147e-01 1.3556580e-01 1.8761350e+00
        57 2.2753592e+00 3.5381462e-01 1.3234086e-01 1.8509720e+00
        58 2.2804067e+00 3.5024771e-01 1.2900103e-01 1.8164100e+00
        59 2.2824439e+00 3.4491498e-01 1.2497396e-01 1.7760891e+00
        60 2.2821261e+00 3.4158695e-01 1.2273863e-01 1.7564837e+00
        61 2.2844748e+00 3.3793809e-01 1.1989908e-01 1.7328148e+00
        62 2.2854393e+00 3.3258523e-01 1.1616518e-01 1.6928234e+00
        63 2.2872785e+00 3.3035361e-01 1.1441505e-01 1.6817705e+00
        64 2.2876115e+00 3.2469834e-01 1.1066227e-01 1.6375708e+00
        65 2.2921355e+00 3.2190832e-01 1.0822414e-01 1.6187415e+00
        66 2.2911777e+00 3.1820658e-01 1.0598544e-01 1.5943678e+00
        67 2.2900901e+00 3.1255038e-01 1.0256852e-01 1.5599087e+00
        68 2.2952361e+00 3.1100807e-01 1.0091425e-01 1.5472809e+00
        69 2.2966082e+00 3.0782409e-01 9.8768197e-02 1.5230159e+00
        70 2.2954145e+00 3.0250419e-01 9.5673965e-02 1.4845453e+00
        71 2.2967379e+00 2.9885923e-01 9.3312950e-02 1.4623501e+00
        72 2.2990385e+00 2.9563880e-01 9.1112844e-02 1.4386596e+00
        73 2.3001864e+00 2.9314675e-01 8.9507034e-02 1.4187436e+00
        74 2.3017143e+00 2.8992915e-01 8.7450619e-02 1.3964655e+00
        75 2.3043535e+00 2.8820475e-01 8.6153252e-02 1.3938952e+00
        76 2.3037346e+00 2.8426935e-01 8.3969542e-02 1.3632160e+00
        77 2.3029454e+00 2.8122613e-01 8.2337972e-02 1.3438604e+00
        78 2.3032294e+00 2.7723646e-01 8.0077594e-02 1.3192925e+00
        79 2.3072738e+00 2.7430637e-01 7.8019050e-02 1.2952619e+00
        80 2.3068068e+00 2.7272042e-01 7.7200922e-02 1.2853894e+00
        81 2.3088487e+00 2.6978574e-01 7.5395961e-02 1.2628299e+00
        82 2.3086480e+00 2.6560751e-01 7.3179524e-02 1.2367845e+00
        83 2.3096639e+00 2.6398882e-01 7.2219067e-02 1.2271171e+00
        84 2.3118246e+00 2.6079823e-01 7.0332031e-02 1.2075977e+00
        85 2.3111767e+00 2.5894187e-01 6.9429989e-02 1.1909801e+00
        86 2.3117127e+00 2.5452303e-01 6.7109078e-02 1.1708696e+00
        87 2.3117187e+00 2.5272521e-01 6.6196547e-02 1.1499877e+00
        88 2.3139953e+00 2.5071920e-01 6.4972201e-02 1.1414589e+00
        89 2.3173628e+00 2.4879310e-01 6.3711910e-02 1.1321860e+00
        90 2.3131066e+00 2.4509790e-01 6.2267544e-02 1.1096141e+00
        91 2.3172197e+00 2.4397680e-01 6.1350792e-02 1.0940136e+00
        92 2.3154215e+00 2.4108889e-01 6.0106882e-02 1.0766826e+00
        93 2.3174368e+00 2.3848043e-01 5.8680522e-02 1.0587889e+00
        94 2.3179821e+00 2.3687214e-01 5.7869940e-02 1.0503055e+00
        95 2.3179338e+00 2.3438418e-01 5.6701538e-02 1.0315667e+00
        96 2.3220467e+00 2.3260369e-01 5.5541343e-02 1.0260065e+00
        97 2.3192196e+00 2.2956420e-01 5.4358907e-02 1.0035360e+00
        98 2.3206542e+00 2.2818173e-01 5.3611277e-02 9.8965458e-01
        99 2.3206059e+00 2.2707669e-01 5.3111997e-02 9.8767065e-01
       100 2.3197456e+00 2.2410840e-01 5.1841192e-02 9.6742445e-01
       101 2.3229191e+00 2.2220293e-01 5.0745631e-02 9.5585271e-01
       102 2.3243677e+00 2.2106709e-01 5.0136957e-02 9.4943713e-01
       103 2.3227988e+00 2.1849157e-01 4.9118980e-02 9.3184132e-01
       104 2.3240487e+00 2.1619598e-01 4.8029803e-02 9.1409690e-01
       105 2.3242148e+00 2.1379234e-01 4.6984362e-02 9.0397063e-01
       106 2.3216419e+00 2.1193053e-01 4.6382269e-02 8.9561714e-01
       107 2.3261397e+00 2.1108064e-01 4.5698354e-02 8.7864169e-01
       108 2.3268969e+00 2.0892323e-01 4.4741606e-02 8.6793791e-01
       109 2.3256890e+00 2.0767108e-01 4.4301278e-02 8.6082624e-01
       110 2.3259273e+00 2.0515324e-01 4.3245581e-02 8.4669003e-01
       111 2.3280322e+00 2.0405442e-01 4.2657125e-02 8.3598954e-01
       112 2.3270854e+00 2.0217044e-01 4.1953145e-02 8.2450917e-01
       113 2.3280597e+00 2.0045662e-01 4.1200021e-02 8.1340666e-01
       114 2.3294622e+00 1.9963168e-01 4.0782476e-02 8.0681190e-01
       115 2.3283269e+00 1.9781674e-01 4.0131652e-02 7.9726901e-01
       116 2.3288842e+00 1.9664562e-01 3.9634751e-02 7.8084704e-01
       117 2.3311889e+00 1.9498888e-01 3.8848024e-02 7.7980992e-01
       118 2.3307221e+00 1.9311607e-01 3.8148247e-02 7.6248342e-01
       119 2.3308163e+00 1.9177434e-01 3.7626328e-02 7.5584712e-01
       120 2.3295924e+00 1.9036164e-01 3.7159305e-02 7.4487729e-01
       121 2.3292725e+00 1.8918421e-01 3.6731941e-02 7.4143744e-01
       122 2.3341833e+00 1.8771333e-01 3.5900354e-02 7.3746342e-01
       123 2.3313678e+00 1.8585699e-01 3.5359918e-02 7.1770599e-01
       124 2.3326607e+00 1.8449599e-01 3.4783625e-02 7.0622730e-01
       125 2.3323075e+00 1.8331707e-01 3.4369404e-02 6.9980295e-01
       126 2.3326804e+00 1.8215411e-01 3.3923901e-02 6.9368991e-01
       127 2.3329314e+00 1.8040486e-01 3.3276069e-02 6.8348641e-01
       128 2.3340623e+00 1.7968275e-01 3.2956208e-02 6.7608152e-01
       129 2.3349514e+00 1.7917966e-01 3.2730417e-02 6.7373817e-01
       130 2.3334717e+00 1.7689615e-01 3.1993496e-02 6.5911622e-01
       131 2.3348366e+00 1.7661752e-01 3.1824570e-02 6.5476435e-01
       132 2.3340984e+00 1.7510527e-01 3.1330301e-02 6.4718967e-01
       133 2.3355098e+00 1.7356850e-01 3.0723483e-02 6.3460980e-01
       134 2.3362153e+00 1.7249842e-01 3.0319172e-02 6.2978860e-01
       135 2.3364889e+00 1.7183297e-01 3.0077120e-02 6.2575676e-01
       136 2.3348759e+00 1.6978460e-01 2.9455659e-02 6.1408742e-01
       137 2.3367412e+00 1.7004494e-01 2.9454055e-02 6.1128068e-01
       138 2.3367192e+00 1.6874123e-01 2.9013401e-02 6.0438173e-01
       139 2.3354157e+00 1.6755351e-01 2.8676245e-02 5.9449394e-01
       140 2.3388497e+00 1.6618307e-01 2.8062153e-02 5.9195595e-01
       141 2.3365556e+00 1.6551034e-01 2.7941099e-02 5.8230765e-01
       142 2.3372856e+00 1.6412977e-01 2.7452383e-02 5.7149358e-01
       143 2.3392391e+00 1.6281613e-01 2.6938147e-02 5.6841861e-01
       144 2.3376788e+00 1.6254544e-01 2.6917147e-02 5.6130053e-01
       145 2.3381115e+00 1.6211875e-01 2.6759528e-02 5.5466918e-01
       146 2.3378083e+00 1.6012469e-01 2.6130291e-02 5.4714751e-01
       147 2.3393586e+00 1.6030677e-01 2.6122379e-02 5.4774566e-01
       148 2.3385405e+00 1.5857266e-01 2.5603775e-02 5.3382018e-01
       149 2.3395761e+00 1.5775705e-01 2.5302493e-02 5.2987821e-01
       150 2.3400020e+00 1.5726725e-01 2.5131021e-02 5.2373038e-01
       151 2.3379314e+00 1.5570662e-01 2.4729493e-02 5.1689299e-01
       152 2.3409575e+00 1.5519409e-01 2.4446022e-02 5.1150658e-01
       153 2.3395509e+00 1.5427242e-01 2.4216212e-02 5.0393452e-01
       154 2.3408427e+00 1.5422002e-01 2.4149008e-02 5.0141930e-01
       155 2.3408500e+00 1.5336041e-01 2.3884331e-02 4.9748393e-01
       156 2.3410429e+00 1.5205793e-01 2.3479197e-02 4.8967533e-01
       157 2.3415168e+00 1.5087160e-01 2.3102121e-02 4.8306239e-01
       158 2.3384769e+00 1.5114528e-01 2.3306110e-02 4.8703073e-01
       159 2.3412593e+00 1.5040447e-01 2.2970948e-02 4.7245211e-01
       160 2.3411080e+00 1.4901281e-01 2.2559940e-02 4.6515647e-01
       161 2.3418734e+00 1.4811371e-01 2.2264533e-02 4.6296713e-01
       162 2.3406656e+00 1.4771901e-01 2.2192900e-02 4.5604271e-01
       163 2.3434419e+00 1.4815073e-01 2.2221246e-02 4.5836488e-01
       164 2.3398944e+00 1.4610448e-01 2.1748855e-02 4.5321914e-01
       165 2.3427675e+00 1.4584802e-01 2.1566977e-02 4.4154638e-01
       166 2.3432088e+00 1.4559937e-01 2.1479535e-02 4.4026865e-01
       167 2.3439663e+00 1.4452442e-01 2.1142874e-02 4.3796796e-01
       168 2.3418269e+00 1.4328254e-01 2.0858431e-02 4.2594445e-01
       169 2.3434468e+00 1.4337423e-01 2.0828613e-02 4.2451365e-01
       170 2.3426446e+00 1.4283732e-01 2.0702071e-02 4.2121704e-01
       171 2.3437816e+00 1.4201956e-01 2.0431060e-02 4.1680558e-01
       172 2.3439616e+00 1.4075136e-01 2.0066661e-02 4.1051617e-01
       173 2.3428508e+00 1.4102095e-01 2.0179385e-02 4.0662231e-01
       174 2.3431737e+00 1.3991754e-01 1.9858454e-02 4.0085791e-01
       175 2.3433428e+00 1.3972168e-01 1.9798039e-02 3.9872269e-01
       176 2.3455943e+00 1.3859946e-01 1.9415974e-02 3.9646846e-01
       177 2.3434067e+00 1.3845225e-01 1.9442794e-02 3.8910268e-01
       178 2.3439986e+00 1.3770503e-01 1.9217210e-02 3.8591274e-01
       179 2.3451641e+00 1.3679058e-01 1.8930366e-02 3.8045280e-01
       180 2.3439450e+00 1.3763956e-01 1.9200895e-02 3.7934973e-01
       181 2.3455455e+00 1.3645740e-01 1.8828190e-02 3.7495761e-01
       182 2.3429923e+00 1.3640533e-01 1.8894070e-02 3.7467310e-01
       183 2.3446954e+00 1.3598189e-01 1.8723862e-02 3.6378950e-01
       184 2.3452676e+00 1.3486643e-01 1.8404607e-02 3.6122633e-01
       185 2.3450587e+00 1.3409219e-01 1.8202548e-02 3.5449922e-01
       186 2.3450923e+00 1.3414665e-01 1.8216157e-02 3.5461537e-01
       187 2.3441580e+00 1.3389517e-01 1.8177390e-02 3.5016929e-01
       188 2.3471157e+00 1.3306824e-01 1.7871946e-02 3.5092016e-01
       189 2.3432324e+00 1.3348498e-01 1.8097810e-02 3.5104797e-01
       190 2.3464628e+00 1.3210351e-01 1.7633318e-02 3.3693205e-01
       191 2.3456217e+00 1.3214304e-01 1.7667160e-02 3.3522976e-01
       192 2.3469927e+00 1.3179149e-01 1.7536958e-02 3.3646132e-01
       193 2.3454557e+00 1.3166253e-01 1.7545186e-02 3.2892114e-01
       194 2.3461060e+00 1.3090282e-01 1.7327279e-02 3.2530100e-01
       195 2.3481821e+00 1.2951385e-01 1.6912385e-02 3.2959416e-01
       196 2.3437706e+00 1.3062329e-01 1.7324305e-02 3.3213335e-01
       197 2.3469482e+00 1.2993738e-01 1.7052840e-02 3.1675034e-01
       198 2.3465622e+00 1.2994876e-01 1.7065988e-02 3.1302062e-01
       199 2.3460875e+00 1.2909312e-01 1.6857276e-02 3.1096605e-01
       200 2.3463584e+00 1.2817899e-01 1.6614659e-02 3.0605060e-01
       201 2.3474771e+00 1.2772932e-01 1.6470421e-02 3.0131311e-01
       202 2.3480311e+00 1.2843793e-01 1.6638427e-02 3.0710048e-01
       203 2.3478569e+00 1.2690311e-01 1.6250708e-02 2.9822279e-01
       204 2.3466629e+00 1.2742008e-01 1.6412498e-02 2.9483425e-01
       205 2.3463064e+00 1.2615569e-01 1.6101482e-02 2.9263005e-01
       206 2.3480573e+00 1.2693008e-01 1.6252748e-02 2.9115218e-01
       207 2.3475867e+00 1.2619393e-01 1.6077828e-02 2.8783759e-01
       208 2.3463908e+00 1.2506770e-01 1.5825855e-02 2.8574561e-01
       209 2.3489332e+00 1.2525741e-01 1.5810848e-02 2.8424079e-01
       210 2.3455461e+00 1.2528261e-01 1.5903282e-02 2.8830839e-01
       211 2.3475210e+00 1.2495847e-01 1.5769165e-02 2.7588873e-01
       212 2.3475784e+00 1.2451759e-01 1.5657754e-02 2.7130977e-01
       213 2.3480011e+00 1.2525494e-01 1.5831640e-02 2.6951041e-01
       214 2.3485758e+00 1.2402071e-01 1.5510572e-02 2.6988118e-01
       215 2.3471035e+00 1.2425758e-01 1.5605047e-02 2.6581246e-01
       216 2.3476802e+00 1.2406710e-01 1.5543262e-02 2.6144439e-01
       217 2.3492201e+00 1.2363564e-01 1.5400960e-02 2.6573207e-01
       218 2.3478401e+00 1.2311891e-01 1.5304981e-02 2.5644691e-01
       219 2.3506222e+00 1.2187368e-01 1.4940253e-02 2.6601935e-01
       220 2.3462566e+00 1.2203020e-01 1.5078953e-02 2.6212064e-01
       221 2.3498308e+00 1.2248420e-01 1.5104834e-02 2.5249524e-01
       222 2.3455768e+00 1.2261937e-01 1.5242176e-02 2.6713963e-01
       223 2.3481987e+00 1.2277815e-01 1.5212631e-02 2.4123998e-01
       224 2.3496000e+00 1.2230488e-01 1.5065663e-02 2.4716282e-01
       225 2.3495178e+00 1.2182402e-01 1.4949979e-02 2.4353011e-01
       226 2.3481382e+00 1.2097657e-01 1.4774913e-02 2.3673509e-01
       227 2.3502231e+00 1.2027335e-01 1.4560344e-02 2.3694390e-01
       228 2.3485996e+00 1.2067651e-01 1.4691713e-02 2.3277976e-01
       229 2.3482671e+00 1.2085285e-01 1.4741966e-02 2.3039737e-01
       230 2.3509557e+00 1.1904888e-01 1.4253582e-02 2.3662339e-01
       231 2.3485632e+00 1.2078683e-01 1.4719180e-02 2.2694153e-01
       232 2.3478031e+00 1.2057251e-01 1.4685345e-02 2.2797376e-01
       233 2.3499069e+00 1.2026164e-01 1.4563781e-02 2.2373824e-01
       234 2.3489353e+00 1.1917541e-01 1.4324162e-02 2.2060215e-01
       235 2.3489237e+00 1.1950739e-01 1.4403655e-02 2.1868700e-01
       236 2.3492672e+00 1.1926461e-01 1.4338228e-02 2.1573479e-01
       237 2.3493422e+00 1.1924612e-01 1.4332220e-02 2.1248154e-01
       238 2.3506331e+00 1.1780278e-01 1.3964350e-02 2.1504681e-01
       239 2.3484784e+00 1.1826887e-01 1.4119185e-02 2.1347035e-01
       240 2.3495919e+00 1.1835680e-01 1.4115679e-02 2.1017398e-01
       241 2.3525928e+00 1.1680621e-01 1.3697859e-02 2.2949521e-01
       242 2.3480966e+00 1.1837481e-01 1.4153164e-02 2.1308709e-01
       243 2.3494008e+00 1.1719648e-01 1.3846358e-02 2.0037486e-01
       244 2.3508144e+00 1.1709846e-01 1.3795558e-02 2.0286625e-01
       245 2.3494015e+00 1.1724561e-01 1.3857863e-02 2.0040289e-01
       246 2.3507131e+00 1.1692895e-01 1.3757750e-02 1.9903075e-01
       247 2.3491992e+00 1.1792832e-01 1.4022727e-02 1.9805165e-01
       248 2.3493084e+00 1.1683538e-01 1.3763810e-02 1.9519889e-01
       249 2.3503998e+00 1.1682370e-01 1.3739037e-02 1.8950396e-01
       250 2.3487113e+00 1.1694609e-01 1.3802759e-02 1.9553125e-01
       251 2.3506617e+00 1.1648004e-01 1.3653923e-02 1.8903176e-01
       252 2.3510073e+00 1.1669334e-01 1.3697357e-02 1.8756369e-01
       253 2.3502166e+00 1.1674097e-01 1.3723246e-02 1.8262897e-01
       254 2.3524181e+00 1.1594675e-01 1.3500420e-02 1.9621023e-01
       255 2.3475689e+00 1.1659645e-01 1.3748090e-02 2.0670248e-01
       256 2.3510438e+00 1.1612342e-01 1.3564018e-02 1.8124581e-01
       257 2.3507007e+00 1.1526571e-01 1.3371785e-02 1.7690622e-01
       258 2.3504944e+00 1.1606378e-01 1.3560261e-02 1.7554697e-01
       259 2.3525594e+00 1.1619759e-01 1.3556541e-02 1.9351784e-01
       260 2.3491307e+00 1.1590843e-01 1.3551880e-02 1.8143648e-01
       261 2.3512080e+00 1.1493938e-01 1.3287531e-02 1.7077073e-01
       262 2.3522331e+00 1.1476972e-01 1.3231680e-02 1.8288185e-01
       263 2.3490689e+00 1.1445671e-01 1.3218796e-02 1.7857711e-01
       264 2.3511192e+00 1.1464978e-01 1.3222604e-02 1.6489032e-01
       265 2.3503772e+00 1.1461102e-01 1.3227376e-02 1.6554904e-01
       266 2.3498169e+00 1.1517153e-01 1.3367216e-02 1.6895414e-01
       267 2.3514049e+00 1.1502089e-01 1.3302872e-02 1.6183748e-01
       268 2.3487853e+00 1.1469959e-01 1.3280707e-02 1.7979763e-01
       269 2.3512885e+00 1.1489680e-01 1.3276344e-02 1.5934972e-01
       270 2.3527806e+00 1.1478224e-01 1.3226402e-02 1.7436483e-01
       271 2.3508386e+00 1.1406035e-01 1.3092831e-02 1.5730275e-01
       272 2.3505464e+00 1.1445350e-01 1.3188084e-02 1.5489472e-01
       273 2.3528594e+00 1.1355877e-01 1.2945910e-02 1.6724435e-01
       274 2.3507840e+00 1.1326305e-01 1.2912583e-02 1.5310801e-01
       275 2.3499033e+00 1.1359731e-01 1.3005341e-02 1.5813121e-01
       276 2.3520484e+00 1.1397239e-01 1.3052185e-02 1.5444374e-01
       277 2.3523644e+00 1.1315220e-01 1.2861002e-02 1.5465658e-01
       278 2.3529079e+00 1.1320019e-01 1.2863913e-02 1.6041797e-01
       279 2.3504023e+00 1.1282101e-01 1.2819790e-02 1.5240073e-01
       280 2.3505704e+00 1.1328874e-01 1.2922366e-02 1.4753314e-01
       281 2.3512170e+00 1.1273731e-01 1.2786013e-02 1.4094797e-01
       282 2.3503322e+00 1.1326579e-01 1.2921694e-02 1.4640520e-01
       283 2.3524456e+00 1.1257766e-01 1.2730087e-02 1.4510721e-01
       284 2.3505357e+00 1.1299168e-01 1.2855801e-02 1.4413110e-01
       285 2.3514695e+00 1.1326733e-01 1.2901453e-02 1.3865431e-01
       286 2.3537690e+00 1.1187125e-01 1.2553416e-02 1.5649823e-01
       287 2.3514762e+00 1.1249406e-01 1.2726765e-02 1.3678499e-01
       288 2.3507577e+00 1.1219088e-01 1.2671341e-02 1.4011589e-01
       289 2.3502860e+00 1.1228259e-01 1.2700825e-02 1.4239384e-01
       290 2.3516117e+00 1.1237641e-01 1.2698029e-02 1.3314462e-01
       291 2.3522253e+00 1.1268841e-01 1.2758392e-02 1.3442048e-01
       292 2.3528403e+00 1.1282131e-01 1.2779235e-02 1.4104791e-01
       293 2.3510712e+00 1.1286843e-01 1.2818164e-02 1.3370782e-01
       294 2.3521347e+00 1.1153168e-01 1.2500438e-02 1.2705991e-01
       295 2.3532624e+00 1.1117660e-01 1.2404996e-02 1.3639757e-01
       296 2.3508218e+00 1.1198926e-01 1.2624968e-02 1.3412790e-01
       297 2.3516812e+00 1.1120325e-01 1.2434580e-02 1.2771397e-01
       298 2.3509784e+00 1.1146328e-01 1.2504601e-02 1.3110238e-01
       299 2.3518383e+00 1.1151232e-01 1.2500842e-02 1.2349360e-01
       300 2.3516772e+00 1.1180846e-01 1.2569616e-02 1.2193665e-01
       301 2.3533953e+00 1.1170368e-01 1.2520711e-02 1.3166247e-01
       302 2.3519761e+00 1.1217172e-01 1.2646123e-02 1.2276716e-01
       303 2.3539137e+00 1.1051804e-01 1.2250706e-02 1.3433154e-01
       304 2.3507327e+00 1.1141196e-01 1.2497634e-02 1.2966112e-01
       305 2.3515476e+00 1.1216392e-01 1.2651391e-02 1.2098534e-01
       306 2.3535449e+00 1.1102453e-01 1.2367507e-02 1.2728321e-01
       307 2.3523046e+00 1.1086203e-01 1.2348883e-02 1.1531939e-01
       308 2.3520412e+00 1.0998782e-01 1.2159912e-02 1.1543409e-01
       309 2.3526816e+00 1.1057838e-01 1.2280446e-02 1.1523478e-01
       310 2.3512000e+00 1.1074144e-01 1.2340276e-02 1.1874135e-01
       311 2.3531515e+00 1.1022193e-01 1.2195131e-02 1.1523439e-01
       312 2.3511687e+00 1.1090243e-01 1.2376508e-02 1.1833075e-01
       313 2.3527327e+00 1.1064708e-01 1.2294907e-02 1.1481422e-01
       314 2.3530036e+00 1.1088846e-01 1.2344542e-02 1.1282709e-01
       315 2.3512391e+00 1.1163633e-01 1.2538597e-02 1.1526344e-01
       316 2.3533645e+00 1.1018028e-01 1.2183100e-02 1.1576288e-01
       317 2.3524829e+00 1.0987163e-01 1.2127573e-02 1.0651778e-01
       318 2.3529520e+00 1.1032129e-01 1.2219797e-02 1.0731086e-01
       319 2.3511248e+00 1.1100088e-01 1.2399127e-02 1.1636152e-01
       320 2.3537262e+00 1.1056158e-01 1.2262633e-02 1.1393951e-01
       321 2.3532781e+00 1.1039818e-01 1.2232310e-02 1.1043387e-01
       322 2.3514879e+00 1.0968708e-01 1.2102909e-02 1.1003592e-01
       323 2.3527887e+00 1.1001037e-01 1.2153604e-02 1.0472372e-01
       324 2.3536110e+00 1.1031059e-01 1.2208644e-02 1.0868756e-01
       325 2.3514836e+00 1.1046990e-01 1.2275324e-02 1.1048219e-01
       326 2.3519173e+00 1.1018850e-01 1.2206074e-02 1.0239637e-01
       327 2.3520693e+00 1.1037696e-01 1.2245222e-02 1.0330285e-01
       328 2.3521937e+00 1.1063926e-01 1.2301248e-02 1.0071412e-01
       329 2.3526427e+00 1.0981702e-01 1.2113214e-02 9.7641369e-02
       330 2.3527392e+00 1.1062952e-01 1.2290925e-02 9.6300572e-02
       331 2.3530955e+00 1.1043505e-01 1.2242921e-02 9.7620828e-02
       332 2.3520064e+00 1.0977612e-01 1.2113940e-02 9.9945933e-02
       333 2.3544943e+00 1.0990688e-01 1.2109317e-02 1.1340669e-01
       334 2.3521114e+00 1.1003447e-01 1.2169071e-02 9.7499958e-02
       335 2.3546497e+00 1.0934461e-01 1.1984365e-02 1.1296115e-01
       336 2.3513826e+00 1.0959371e-01 1.2084230e-02 1.0822171e-01
       337 2.3547476e+00 1.0962101e-01 1.2043860e-02 1.1577349e-01
       338 2.3518621e+00 1.0998329e-01 1.2161782e-02 9.8667909e-02
       339 2.3516458e+00 1.0953867e-01 1.2067724e-02 1.0225722e-01
       340 2.3518450e+00 1.1013390e-01 1.2195210e-02 9.7219960e-02
       341 2.3546483e+00 1.0995988e-01 1.2119313e-02 1.1075287e-01
       342 2.3515150e+00 1.0950265e-01 1.2062025e-02 1.0448597e-01
       343 2.3534586e+00 1.0956817e-01 1.2047357e-02 8.9630034e-02
       344 2.3536779e+00 1.0914735e-01 1.1952518e-02 8.9610391e-02
       345 2.3529180e+00 1.0919780e-01 1.1973647e-02 8.7699439e-02
       346 2.3526493e+00 1.1021403e-01 1.2200474e-02 8.9489030e-02
       347 2.3538858e+00 1.1021170e-01 1.2183425e-02 9.1095164e-02
       348 2.3542375e+00 1.0844987e-01 1.1794039e-02 9.2732279e-02
       349 2.3518512e+00 1.0930950e-01 1.2014201e-02 9.5789906e-02
       350 2.3540091e+00 1.0802020e-01 1.1703690e-02 9.2411888e-02
       351 2.3532865e+00 1.0907776e-01 1.1942397e-02 8.1857889e-02
       352 2.3505432e+00 1.0993714e-01 1.2174713e-02 1.2423589e-01
       353 2.3535611e+00 1.0867831e-01 1.1851828e-02 8.3452373e-02
       354 2.3534386e+00 1.0843823e-01 1.1801284e-02 8.1401340e-02
       355 2.3525625e+00 1.0917725e-01 1.1974289e-02 8.4551884e-02
       356 2.3543681e+00 1.0920021e-01 1.1955873e-02 9.2165900e-02
       357 2.3545826e+00 1.0901253e-01 1.1912570e-02 9.4364994e-02
       358 2.3517310e+00 1.0894402e-01 1.1936397e-02 9.7195892e-02
       359 2.3525088e+00 1.0928386e-01 1.1998374e-02 8.3573072e-02
       360 2.3542414e+00 1.0878869e-01 1.1867599e-02 8.8131325e-02
       361 2.3514834e+00 1.0995205e-01 1.2161182e-02 1.0007205e-01
       362 2.3548957e+00 1.0834517e-01 1.1764249e-02 9.6927914e-02
       363 2.3542340e+00 1.0897957e-01 1.1909251e-02 8.5749308e-02
       364 2.3530269e+00 1.0834684e-01 1.1787004e-02 7.9780140e-02
       365 2.3532044e+00 1.0848705e-01 1.1814980e-02 7.6853846e-02
       366 2.3524021e+00 1.0843552e-01 1.1815274e-02 8.5351209e-02
       367 2.3530656e+00 1.0832770e-01 1.1782322e-02 7.6381776e-02
       368 2.3522578e+00 1.0873913e-01 1.1883409e-02 8.5952252e-02
       369 2.3551382e+00 1.0899097e-01 1.1902211e-02 9.8931613e-02
       370 2.3541375e+00 1.0886286e-01 1.1884939e-02 8.0684024e-02
       371 2.3534696e+00 1.0848216e-01 1.1810410e-02 7.4793346e-02
       372 2.3529282e+00 1.0816616e-01 1.1749261e-02 7.5253532e-02
       373 2.3530627e+00 1.0946746e-01 1.2030596e-02 7.5866772e-02
       374 2.3524958e+00 1.0934941e-01 1.2012899e-02 7.9816045e-02
       375 2.3546046e+00 1.0924229e-01 1.1962481e-02 8.2771350e-02
       376 2.3533575e+00 1.0919198e-01 1.1966384e-02 7.3373910e-02
       377 2.3526244e+00 1.0859674e-01 1.1846958e-02 7.8187981e-02
       378 2.3548191e+00 1.0763113e-01 1.1610813e-02 8.3037159e-02
       379 2.3527854e+00 1.0798922e-01 1.1713043e-02 7.6531142e-02
       380 2.3531110e+00 1.0960092e-01 1.2059171e-02 7.1703519e-02
       381 2.3536099e+00 1.0827555e-01 1.1763826e-02 6.9784756e-02
       382 2.3560560e+00 1.0789511e-01 1.1656539e-02 1.1572064e-01
       383 2.3527349e+00 1.0773328e-01 1.1658557e-02 7.6214148e-02
       384 2.3513661e+00 1.0873066e-01 1.1896087e-02 1.0503385e-01
       385 2.3536279e+00 1.0863085e-01 1.1840665e-02 6.7346579e-02
       386 2.3554491e+00 1.0874836e-01 1.1846489e-02 9.8231034e-02
       387 2.3539874e+00 1.0770845e-01 1.1636695e-02 6.9537967e-02
       388 2.3524111e+00 1.0830055e-01 1.1785886e-02 8.0526090e-02
       389 2.3535045e+00 1.0823261e-01 1.1755878e-02 6.5867878e-02
       390 2.3528149e+00 1.0831339e-01 1.1782741e-02 7.3312497e-02
       391 2.3532347e+00 1.0917336e-01 1.1963956e-02 6.9741398e-02
       392 2.3542108e+00 1.0770224e-01 1.1632743e-02 6.8382988e-02
       393 2.3539663e+00 1.0831415e-01 1.1767792e-02 6.6368131e-02
       394 2.3533629e+00 1.0823654e-01 1.1758575e-02 6.7360782e-02
       395 2.3527091e+00 1.0846783e-01 1.1817740e-02 7.4331622e-02
       396 2.3530438e+00 1.0852647e-01 1.1825729e-02 6.8814110e-02
       397 2.3541451e+00 1.0959598e-01 1.2045007e-02 6.7591633e-02
       398 2.3536871e+00 1.0819408e-01 1.1745216e-02 6.3600104e-02
       399 2.3541576e+00 1.0750828e-01 1.1591613e-02 6.2396356e-02
       400 2.3550514e+00 1.0828255e-01 1.1749132e-02 8.0402475e-02
       401 2.3530723e+00 1.0865137e-01 1.1852461e-02 6.7487243e-02
       402 2.3535483e+00 1.0778772e-01 1.1659208e-02 6.4658086e-02
       403 2.3542809e+00 1.0802194e-01 1.1700908e-02 6.6291901e-02
       404 2.3523705e+00 1.0886937e-01 1.1910031e-02 7.9235373e-02
       405 2.3549125e+00 1.0719332e-01 1.1515812e-02 7.3200915e-02
       406 2.3537502e+00 1.0790242e-01 1.1681403e-02 6.1828586e-02
       407 2.3546153e+00 1.0802957e-01 1.1698876e-02 7.1838748e-02
       408 2.3536150e+00 1.0776731e-01 1.1653961e-02 6.2081781e-02
       409 2.3522242e+00 1.0762857e-01 1.1643640e-02 8.5049495e-02
       410 2.3556129e+00 1.0742293e-01 1.1558520e-02 8.6334979e-02
       411 2.3540731e+00 1.0779335e-01 1.1653976e-02 5.9879392e-02
       412 2.3526457e+00 1.0836845e-01 1.1797113e-02 7.4006401e-02
       413 2.3547425e+00 1.0696017e-01 1.1467624e-02 6.5628135e-02
       414 2.3518498e+00 1.0774643e-01 1.1674952e-02 9.4926776e-02
       415 2.3531742e+00 1.0740678e-01 1.1582165e-02 6.6007110e-02
       416 2.3554208e+00 1.0790668e-01 1.1664390e-02 8.2556763e-02
       417 2.3533170e+00 1.0807038e-01 1.1723240e-02 6.2954015e-02
       418 2.3540133e+00 1.0769588e-01 1.1633681e-02 5.9625614e-02
       419 2.3555638e+00 1.0716327e-01 1.1503228e-02 8.3073057e-02
       420 2.3542732e+00 1.0724826e-01 1.1534446e-02 5.9416810e-02
       421 2.3532457e+00 1.0730690e-01 1.1559755e-02 6.3115603e-02
       422 2.3538417e+00 1.0716399e-01 1.1521467e-02 5.7206450e-02
       423 2.3522666e+00 1.0770630e-01 1.1659725e-02 8.4151160e-02
       424 2.3553723e+00 1.0729629e-01 1.1533474e-02 7.7867274e-02
       425 2.3541028e+00 1.0725962e-01 1.1538847e-02 5.7527249e-02
       426 2.3538239e+00 1.0740583e-01 1.1573574e-02 5.7127763e-02
       427 2.3545521e+00 1.0740130e-01 1.1564206e-02 6.1256128e-02
       428 2.3535691e+00 1.0727545e-01 1.1548772e-02 5.9680949e-02
       429 2.3540033e+00 1.0737659e-01 1.1565129e-02 5.5507076e-02
       430 2.3564112e+00 1.0683294e-01 1.1425819e-02 1.0140758e-01
       431 2.3545552e+00 1.0629291e-01 1.1327316e-02 5.8228838e-02
       432 2.3523304e+00 1.0702630e-01 1.1512729e-02 8.4494479e-02
       433 2.3527888e+00 1.0775393e-01 1.1662232e-02 7.1307359e-02
       434 2.3539308e+00 1.0741150e-01 1.1573494e-02 5.6042223e-02
       435 2.3539904e+00 1.0756118e-01 1.1604958e-02 5.5804597e-02
       436 2.3524255e+00 1.0710297e-01 1.1527705e-02 8.1915628e-02
       437 2.3556110e+00 1.0767084e-01 1.1611862e-02 7.9384059e-02
       438 2.3547674e+00 1.0772910e-01 1.1632447e-02 6.0968211e-02
       439 2.3535554e+00 1.0741257e-01 1.1578387e-02 5.7172234e-02
       440 2.3544248e+00 1.0760836e-01 1.1610118e-02 5.4917760e-02
       441 2.3536717e+00 1.0769025e-01 1.1636641e-02 5.5790391e-02
       442 2.3531195e+00 1.0802196e-01 1.1715438e-02 6.3898937e-02
       443 2.3542065e+00 1.0765508e-01 1.1622636e-02 5.2740300e-02
       444 2.3538764e+00 1.0734947e-01 1.1560831e-02 5.4835524e-02
       445 2.3547397e+00 1.0757319e-01 1.1599166e-02 5.7262472e-02
       446 2.3548700e+00 1.0674811e-01 1.1420994e-02 5.8208621e-02
       447 2.3542148e+00 1.0710978e-01 1.1505429e-02 5.4272153e-02
       448 2.3542961e+00 1.0689686e-01 1.1458936e-02 5.4862354e-02
       449 2.3532945e+00 1.0774829e-01 1.1654026e-02 6.1004467e-02
       450 2.3545285e+00 1.0655839e-01 1.1384113e-02 5.3972385e-02
       451 2.3554121e+00 1.0568832e-01 1.1190639e-02 6.6983827e-02
       452 2.3532176e+00 1.0715217e-01 1.1526950e-02 6.2754453e-02
       453 2.3541860e+00 1.0670939e-01 1.1420149e-02 5.1874825e-02
       454 2.3558813e+00 1.0641900e-01 1.1341579e-02 7.9006185e-02
       455 2.3539037e+00 1.0715490e-01 1.1518762e-02 5.3234400e-02
       456 2.3536235e+00 1.0679281e-01 1.1444764e-02 5.6309672e-02
       457 2.3542637e+00 1.0642249e-01 1.1358112e-02 5.2097262e-02
       458 2.3518902e+00 1.0682685e-01 1.1476979e-02 9.9448022e-02
       459 2.3546544e+00 1.0707560e-01 1.1493256e-02 5.5292904e-02
       460 2.3558389e+00 1.0689671e-01 1.1443830e-02 7.9509057e-02
       461 2.3536570e+00 1.0732903e-01 1.1559157e-02 5.4864966e-02
       462 2.3531505e+00 1.0681826e-01 1.1456411e-02 6.4982911e-02
       463 2.3547871e+00 1.0647333e-01 1.1363253e-02 5.4320857e-02
       464 2.3540924e+00 1.0739646e-01 1.1568343e-02 5.1862195e-02
       465 2.3546769e+00 1.0707861e-01 1.1493663e-02 5.4048581e-02
       466 2.3549447e+00 1.0677329e-01 1.1425615e-02 5.6782995e-02
       467 2.3527210e+00 1.0817789e-01 1.1754754e-02 7.3088287e-02
       468 2.3545649e+00 1.0739060e-01 1.1561770e-02 5.0444262e-02
       469 2.3539339e+00 1.0629540e-01 1.1334939e-02 5.2457840e-02
       470 2.3558650e+00 1.0667095e-01 1.1395401e-02 7.7123804e-02
       471 2.3537249e+00 1.0742769e-01 1.1579494e-02 5.3796583e-02
       472 2.3528617e+00 1.0753249e-01 1.1613520e-02 7.0884045e-02
       473 2.3546539e+00 1.0744462e-01 1.1572424e-02 5.2203010e-02
       474 2.3544025e+00 1.0668264e-01 1.1411990e-02 4.9621328e-02
       475 2.3556671e+00 1.0689013e-01 1.1443866e-02 6.8355654e-02
       476 2.3536202e+00 1.0777258e-01 1.1655030e-02 5.4646716e-02
       477 2.3538704e+00 1.0704280e-01 1.1495156e-02 5.2351622e-02
       478 2.3544935e+00 1.0611761e-01 1.1290750e-02 5.0056808e-02
       479 2.3543057e+00 1.0679630e-01 1.1437338e-02 4.9048937e-02
       480 2.3541586e+00 1.0701005e-01 1.1484721e-02 4.9699262e-02
       481 2.3551184e+00 1.0665257e-01 1.1398142e-02 5.6753489e-02
       482 2.3545010e+00 1.0723582e-01 1.1529242e-02 4.9180681e-02
       483 2.3527977e+00 1.0724177e-01 1.1551993e-02 7.3296904e-02
       484 2.3548630e+00 1.0725273e-01 1.1529052e-02 5.5315305e-02
       485 2.3553185e+00 1.0675406e-01 1.1417906e-02 5.9420898e-02
       486 2.3551706e+00 1.0639045e-01 1.1341797e-02 5.8146367e-02
       487 2.3533867e+00 1.0696501e-01 1.1484626e-02 6.0035591e-02
       488 2.3525564e+00 1.0708937e-01 1.1522838e-02 8.1233802e-02
       489 2.3554760e+00 1.0727977e-01 1.1528991e-02 6.6938432e-02
       490 2.3537674e+00 1.0748225e-01 1.1590694e-02 5.2256803e-02
       491 2.3547542e+00 1.0691780e-01 1.1458440e-02 5.0417455e-02
       492 2.3541473e+00 1.0677214e-01 1.1433993e-02 4.8966276e-02
       493 2.3543087e+00 1.0673950e-01 1.1425175e-02 4.8101137e-02
       494 2.3538427e+00 1.0580417e-01 1.1231856e-02 5.2921537e-02
       495 2.3546055e+00 1.0675168e-01 1.1424514e-02 4.8668593e-02
       496 2.3545468e+00 1.0787141e-01 1.1665464e-02 5.1688884e-02
       497 2.3550896e+00 1.0613188e-01 1.1287626e-02 5.2874769e-02
       498 2.3528809e+00 1.0745455e-01 1.1596490e-02 7.1913921e-02
       499 2.3553649e+00 1.0677980e-01 1.1422973e-02 5.9725954e-02
       500 2.3535624e+00 1.0703909e-01 1.1498203e-02 5.6367281e-02
       501 2.3548849e+00 1.0571726e-01 1.1201823e-02 4.9733284e-02
       502 2.3537410e+00 1.0659284e-01 1.1400619e-02 5.3811382e-02
       503 2.3543420e+00 1.0675016e-01 1.1427078e-02 4.7429649e-02
       504 2.3539799e+00 1.0688054e-01 1.1459125e-02 4.9850071e-02
       505 2.3550400e+00 1.0673125e-01 1.1415694e-02 5.2168617e-02
       506 2.3553148e+00 1.0640647e-01 1.1343846e-02 5.6736558e-02
       507 2.3534847e+00 1.0676272e-01 1.1440114e-02 5.8512927e-02
       508 2.3555409e+00 1.0716066e-01 1.1502872e-02 6.6042323e-02
       509 2.3556509e+00 1.0578297e-01 1.1208542e-02 6.1963698e-02
       510 2.3537774e+00 1.0634263e-01 1.1346890e-02 5.3173974e-02
       511 2.3525778e+00 1.0666897e-01 1.1432659e-02 8.3166604e-02
       512 2.3555672e+00 1.0560107e-01 1.1170817e-02 5.9609463e-02
       513 2.3550967e+00 1.0646185e-01 1.1357705e-02 5.2664030e-02
       514 2.3533809e+00 1.0684181e-01 1.1458361e-02 6.0645719e-02
       515 2.3545447e+00 1.0598352e-01 1.1261752e-02 4.6980906e-02
       516 2.3570153e+00 1.0643166e-01 1.1336327e-02 1.0207715e-01
       517 2.3541972e+00 1.0568135e-01 1.1201674e-02 4.7350686e-02
       518 2.3537404e+00 1.0593203e-01 1.1260187e-02 5.4177273e-02
       519 2.3534432e+00 1.0668119e-01 1.1423251e-02 5.9431597e-02
       520 2.3541557e+00 1.0725495e-01 1.1537229e-02 4.8389177e-02
       521 2.3548007e+00 1.0549612e-01 1.1155975e-02 4.6845920e-02
       522 2.3547541e+00 1.0626491e-01 1.1319256e-02 4.8235620e-02
       523 2.3547615e+00 1.0641730e-01 1.1351592e-02 4.7565097e-02
       524 2.3547398e+00 1.0678104e-01 1.1429364e-02 4.7835629e-02
       525 2.3534148e+00 1.0694226e-01 1.1479390e-02 6.0294814e-02
       526 2.3551818e+00 1.0721669e-01 1.1518180e-02 5.3294289e-02
       527 2.3539372e+00 1.0577569e-01 1.1224683e-02 5.1162012e-02
       528 2.3550388e+00 1.0655974e-01 1.1379124e-02 5.0624341e-02
       529 2.3547002e+00 1.0604251e-01 1.1272602e-02 4.6144371e-02
       530 2.3529551e+00 1.0631402e-01 1.1351637e-02 7.3509345e-02
       531 2.3558430e+00 1.0595317e-01 1.1242965e-02 6.4573067e-02
       532 2.3558258e+00 1.0569786e-01 1.1189069e-02 6.2512740e-02
       533 2.3534621e+00 1.0579552e-01 1.1234821e-02 6.1133696e-02
       534 2.3552887e+00 1.0565258e-01 1.1184221e-02 5.3617307e-02
       535 2.3529949e+00 1.0650951e-01 1.1392687e-02 7.2674164e-02
       536 2.3542985e+00 1.0586232e-01 1.1238802e-02 4.6445033e-02
       537 2.3546122e+00 1.0677377e-01 1.1429159e-02 4.6918653e-02
       538 2.3543291e+00 1.0658224e-01 1.1391398e-02 4.6537671e-02
       539 2.3556806e+00 1.0640596e-01 1.1340479e-02 6.1875266e-02
       540 2.3533666e+00 1.0668323e-01 1.1424688e-02 6.2068741e-02
       541 2.3544459e+00 1.0694677e-01 1.1467937e-02 4.6238193e-02
       542 2.3543476e+00 1.0637620e-01 1.1347313e-02 4.6985697e-02
       543 2.3561508e+00 1.0608440e-01 1.1268354e-02 7.2388897e-02
       544 2.3556920e+00 1.0587494e-01 1.1227656e-02 6.1657945e-02
       545 2.3538172e+00 1.0571161e-01 1.1212589e-02 5.3742071e-02
       546 2.3546512e+00 1.0666011e-01 1.1404486e-02 4.5769347e-02
       547 2.3529228e+00 1.0659161e-01 1.1411192e-02 7.4130787e-02
       548 2.3545513e+00 1.0661254e-01 1.1395409e-02 4.5891857e-02
       549 2.3550452e+00 1.0630321e-01 1.1324457e-02 5.0142871e-02
       550 2.3546063e+00 1.0649575e-01 1.1369928e-02 4.5449687e-02
       551 2.3549726e+00 1.0604355e-01 1.1270036e-02 4.7243967e-02
       552 2.3546673e+00 1.0661740e-01 1.1395205e-02 4.6488003e-02
       553 2.3545073e+00 1.0575835e-01 1.1214481e-02 4.5392853e-02
       554 2.3547572e+00 1.0661068e-01 1.1392831e-02 4.6335157e-02
       555 2.3550282e+00 1.0572000e-01 1.1200969e-02 4.6097869e-02
       556 2.3539570e+00 1.0614869e-01 1.1303494e-02 5.1111233e-02
       557 2.3543529e+00 1.0609113e-01 1.1286686e-02 4.5849638e-02
       558 2.3538519e+00 1.0587958e-01 1.1247705e-02 5.3094490e-02
       559 2.3555415e+00 1.0603914e-01 1.1263757e-02 5.6467764e-02
       560 2.3547060e+00 1.0492357e-01 1.1036484e-02 4.4341977e-02
       561 2.3546931e+00 1.0553657e-01 1.1165630e-02 4.4655502e-02
       562 2.3550321e+00 1.0640016e-01 1.1345208e-02 4.7213174e-02
       563 2.3531426e+00 1.0680262e-01 1.1453177e-02 6.7789228e-02
       564 2.3548417e+00 1.0547879e-01 1.1151896e-02 4.4612865e-02
       565 2.3544902e+00 1.0610124e-01 1.1287312e-02 4.5128913e-02
       566 2.3551395e+00 1.0706147e-01 1.1485325e-02 5.0484094e-02
       567 2.3547650e+00 1.0575816e-01 1.1211700e-02 4.5065862e-02
       568 2.3550861e+00 1.0618477e-01 1.1298889e-02 4.7877308e-02
       569 2.3549793e+00 1.0574778e-01 1.1207327e-02 4.6886427e-02
       570 2.3536708e+00 1.0632172e-01 1.1343770e-02 5.6149489e-02
       571 2.3545245e+00 1.0569043e-01 1.1199932e-02 4.4800942e-02
       572 2.3553584e+00 1.0587766e-01 1.1231187e-02 5.2173124e-02
       573 2.3553893e+00 1.0531449e-01 1.1111967e-02 4.9262730e-02
       574 2.3532411e+00 1.0688288e-01 1.1468996e-02 6.5970441e-02
       575 2.3535804e+00 1.0644267e-01 1.1370649e-02 5.8583079e-02
       576 2.3556241e+00 1.0587266e-01 1.1227758e-02 5.6923669e-02
       577 2.3554330e+00 1.0545350e-01 1.1140869e-02 5.3422665e-02
       578 2.3558849e+00 1.0531374e-01 1.1107530e-02 6.2034796e-02
       579 2.3535260e+00 1.0576483e-01 1.1227503e-02 6.1148722e-02
       580 2.3542647e+00 1.0579979e-01 1.1225949e-02 4.6636932e-02
       581 2.3540542e+00 1.0644341e-01 1.1364992e-02 4.9456984e-02
       582 2.3545334e+00 1.0588761e-01 1.1241555e-02 4.5030636e-02
       583 2.3555477e+00 1.0593336e-01 1.1241281e-02 5.4425364e-02
       584 2.3539292e+00 1.0593553e-01 1.1258619e-02 5.3113618e-02
       585 2.3548439e+00 1.0612871e-01 1.1289403e-02 4.4978391e-02
       586 2.3573012e+00 1.0524766e-01 1.1084101e-02 1.0436487e-01
       587 2.3539902e+00 1.0561009e-01 1.1189043e-02 5.1600447e-02
       588 2.3559165e+00 1.0488825e-01 1.1017837e-02 5.9916038e-02
       589 2.3539099e+00 1.0521831e-01 1.1107408e-02 5.3574842e-02
       590 2.3536354e+00 1.0602858e-01 1.1281968e-02 5.7948951e-02
       591 2.3546993e+00 1.0531791e-01 1.1119461e-02 4.3680670e-02
       592 2.3534616e+00 1.0640513e-01 1.1364186e-02 6.2632511e-02
       593 2.3555003e+00 1.0520930e-01 1.1088821e-02 5.0691120e-02
       594 2.3539013e+00 1.0546590e-01 1.1159675e-02 5.4185754e-02
       595 2.3552092e+00 1.0544749e-01 1.1141675e-02 4.6203638e-02
       596 2.3550939e+00 1.0555100e-01 1.1164622e-02 4.5862305e-02
       597 2.3559016e+00 1.0581296e-01 1.1212795e-02 6.3447156e-02
       598 2.3533847e+00 1.0574700e-01 1.1225568e-02 6.6128525e-02
       599 2.3552466e+00 1.0522309e-01 1.1094045e-02 4.7261016e-02
       600 2.3542389e+00 1.0570188e-01 1.1205535e-02 4.7442113e-02
       601 2.3549500e+00 1.0525445e-01 1.1103526e-02 4.4171132e-02
       602 2.3554036e+00 1.0548472e-01 1.1147720e-02 4.9977134e-02
       603 2.3535513e+00 1.0623637e-01 1.1327144e-02 6.0048747e-02
       604 2.3541577e+00 1.0573373e-01 1.1213204e-02 4.8673618e-02
       605 2.3578012e+00 1.0522975e-01 1.1077928e-02 1.1806909e-01
       606 2.3537613e+00 1.0567868e-01 1.1206317e-02 5.6483146e-02
       607 2.3546121e+00 1.0479834e-01 1.1011215e-02 4.4029212e-02
       608 2.3544029e+00 1.0607416e-01 1.1282528e-02 4.5779270e-02
       609 2.3552764e+00 1.0481154e-01 1.1007326e-02 4.6456738e-02
       610 2.3534223e+00 1.0570901e-01 1.1217041e-02 6.5307367e-02
       611 2.3553566e+00 1.0575617e-01 1.1205491e-02 5.0248120e-02
       612 2.3535142e+00 1.0555976e-01 1.1184317e-02 6.1959092e-02
       613 2.3557411e+00 1.0537324e-01 1.1121258e-02 5.6592010e-02
       614 2.3550082e+00 1.0615541e-01 1.1293420e-02 4.5300136e-02
       615 2.3547170e+00 1.0503380e-01 1.1059513e-02 4.4152401e-02
       616 2.3533616e+00 1.0560123e-01 1.1195062e-02 6.6708139e-02
       617 2.3549549e+00 1.0521383e-01 1.1094928e-02 4.3795502e-02
       618 2.3559454e+00 1.0484498e-01 1.1008528e-02 6.2129268e-02
       619 2.3543742e+00 1.0527741e-01 1.1114452e-02 4.5925917e-02
       620 2.3542690e+00 1.0580335e-01 1.1226654e-02 4.7414897e-02
       621 2.3567766e+00 1.0607411e-01 1.1261805e-02 8.5949350e-02
       622 2.3536832e+00 1.0550214e-01 1.1170009e-02 5.8140065e-02
       623 2.3542521e+00 1.0541045e-01 1.1143860e-02 4.7846435e-02
       624 2.3525616e+00 1.0637768e-01 1.1370839e-02 8.8427512e-02
       625 2.3573767e+00 1.0531505e-01 1.1097896e-02 1.0226551e-01
       626 2.3538897e+00 1.0545512e-01 1.1157542e-02 5.4104073e-02
       627 2.3561861e+00 1.0497422e-01 1.1033774e-02 6.5530186e-02
       628 2.3531279e+00 1.0626334e-01 1.1338475e-02 7.1299038e-02
       629 2.3550301e+00 1.0511313e-01 1.1073002e-02 4.4281509e-02
       630 2.3540189e+00 1.0518017e-01 1.1098077e-02 5.2254795e-02
       631 2.3545196e+00 1.0588638e-01 1.1241445e-02 4.4909620e-02
       632 2.3534138e+00 1.0587795e-01 1.1252897e-02 6.6280102e-02
       633 2.3563813e+00 1.0583254e-01 1.1213282e-02 7.4596489e-02
       634 2.3547191e+00 1.0572016e-01 1.1204142e-02 4.4406848e-02
       635 2.3560668e+00 1.0567675e-01 1.1182677e-02 6.4646371e-02
       636 2.3541392e+00 1.0570079e-01 1.1206454e-02 4.9612003e-02
       637 2.3552108e+00 1.0555917e-01 1.1165225e-02 4.6285275e-02
       638 2.3544070e+00 1.0571262e-01 1.1205913e-02 4.5703953e-02
       639 2.3537033e+00 1.0575803e-01 1.1223816e-02 5.7498304e-02
       640 2.3548562e+00 1.0593152e-01 1.1247462e-02 4.4282224e-02
       641 2.3572927e+00 1.0515887e-01 1.1065463e-02 9.8999866e-02
       642 2.3545659e+00 1.0608685e-01 1.1283438e-02 4.4105594e-02
       643 2.3541636e+00 1.0482122e-01 1.1021002e-02 5.1049099e-02
       644 2.3531721e+00 1.0642323e-01 1.1371880e-02 7.1514032e-02
       645 2.3542118e+00 1.0509592e-01 1.1078110e-02 4.9102229e-02
       646 2.3559795e+00 1.0651540e-01 1.1361317e-02 6.3830390e-02
       647 2.3556894e+00 1.0416323e-01 1.0868155e-02 5.0534066e-02
       648 2.3552199e+00 1.0523256e-01 1.1096292e-02 4.6326486e-02
       649 2.3540326e+00 1.0535338e-01 1.1134382e-02 5.2186004e-02
       650 2.3545553e+00 1.0549795e-01 1.1158950e-02 4.4437131e-02
       651 2.3536855e+00 1.0584667e-01 1.1242796e-02 5.7704548e-02
       652 2.3555803e+00 1.0560358e-01 1.1171233e-02 5.0764811e-02
       653 2.3545947e+00 1.0545959e-01 1.1150434e-02 4.4506029e-02
       654 2.3561449e+00 1.0494489e-01 1.1027930e-02 6.4146957e-02
       655 2.3539004e+00 1.0448489e-01 1.0953724e-02 5.5411806e-02
       656 2.3555429e+00 1.0544173e-01 1.1137405e-02 5.2014429e-02
       657 2.3537983e+00 1.0568594e-01 1.1207395e-02 5.6709391e-02
       658 2.3544378e+00 1.0531563e-01 1.1121797e-02 4.5401384e-02
       659 2.3561348e+00 1.0471965e-01 1.0980782e-02 6.2765812e-02
       660 2.3548826e+00 1.0520227e-01 1.1093223e-02 4.3482932e-02
       661 2.3549051e+00 1.0514748e-01 1.1081472e-02 4.3318156e-02
       662 2.3562516e+00 1.0492798e-01 1.1023578e-02 6.7549469e-02
       663 2.3531249e+00 1.0597396e-01 1.1277100e-02 7.5020625e-02
       664 2.3540759e+00 1.0470907e-01 1.0998528e-02 5.1982821e-02
       665 2.3550907e+00 1.0492761e-01 1.1033443e-02 4.3794501e-02
       666 2.3557921e+00 1.0502295e-01 1.1047130e-02 5.4524062e-02
       667 2.3541218e+00 1.0517516e-01 1.1095815e-02 5.0493323e-02
       668 2.3556029e+00 1.0470780e-01 1.0982645e-02 5.1419958e-02
       669 2.3551194e+00 1.0490681e-01 1.1028799e-02 4.4519531e-02
       670 2.3557762e+00 1.0514315e-01 1.1072525e-02 5.4911194e-02
       671 2.3527951e+00 1.0515987e-01 1.1109829e-02 8.7708192e-02
       672 2.3551949e+00 1.0501953e-01 1.1051739e-02 4.4828055e-02
       673 2.3544534e+00 1.0557087e-01 1.1175451e-02 4.5792022e-02
       674 2.3561566e+00 1.0486448e-01 1.1010969e-02 6.2864803e-02
       675 2.3552402e+00 1.0489077e-01 1.1024283e-02 4.5748318e-02
       676 2.3527178e+00 1.0543435e-01 1.1168747e-02 8.8414732e-02
       677 2.3550466e+00 1.0507724e-01 1.1065295e-02 4.3841265e-02
       678 2.3545704e+00 1.0525425e-01 1.1107427e-02 4.4572767e-02
       679 2.3559690e+00 1.0575045e-01 1.1199027e-02 6.2077992e-02
       680 2.3547791e+00 1.0500754e-01 1.1053349e-02 4.3010404e-02
       681 2.3548164e+00 1.0513376e-01 1.1079489e-02 4.3145737e-02
       682 2.3541659e+00 1.0503910e-01 1.1066699e-02 5.0398577e-02
       683 2.3551145e+00 1.0479756e-01 1.1005937e-02 4.3863785e-02
       684 2.3554749e+00 1.0460034e-01 1.0961282e-02 4.7071527e-02
       685 2.3546312e+00 1.0420591e-01 1.0887189e-02 4.4017863e-02
       686 2.3558884e+00 1.0490633e-01 1.1021857e-02 5.6724688e-02
       687 2.3538657e+00 1.0510157e-01 1.1083391e-02 5.7398159e-02
       688 2.3554308e+00 1.0543271e-01 1.1136504e-02 4.8449478e-02
       689 2.3543658e+00 1.0458121e-01 1.0968443e-02 4.6455966e-02
       690 2.3546558e+00 1.0542885e-01 1.1143301e-02 4.4059164e-02
       691 2.3542165e+00 1.0494767e-01 1.1046917e-02 4.9088941e-02
       692 2.3543555e+00 1.0472820e-01 1.0999324e-02 4.7402559e-02
       693 2.3557885e+00 1.0466574e-01 1.0972257e-02 5.3755145e-02
       694 2.3561205e+00 1.0504133e-01 1.1048367e-02 6.3579152e-02
       695 2.3546295e+00 1.0377526e-01 1.0797641e-02 4.4637249e-02
       696 2.3550053e+00 1.0451297e-01 1.0947437e-02 4.3239482e-02
       697 2.3556006e+00 1.0451910e-01 1.0943184e-02 4.9552440e-02
       698 2.3553604e+00 1.0473685e-01 1.0990898e-02 4.6666922e-02
       699 2.3536786e+00 1.0451556e-01 1.0962868e-02 6.4513486e-02
       700 2.3551655e+00 1.0511207e-01 1.1071464e-02 4.4076128e-02
       701 2.3545563e+00 1.0459928e-01 1.0970130e-02 4.4620348e-02
       702 2.3549896e+00 1.0410590e-01 1.0862670e-02 4.2596468e-02
       703 2.3530730e+00 1.0557303e-01 1.1192994e-02 7.6558970e-02
       704 2.3559736e+00 1.0474751e-01 1.0987875e-02 5.9359743e-02
       705 2.3544562e+00 1.0574819e-01 1.1212892e-02 4.5531847e-02
       706 2.3554825e+00 1.0473647e-01 1.0989711e-02 4.8899995e-02
       707 2.3532418e+00 1.0536557e-01 1.1146939e-02 7.4040254e-02
       708 2.3563409e+00 1.0571040e-01 1.1187734e-02 7.1772042e-02
       709 2.3549581e+00 1.0439221e-01 1.0922680e-02 4.2637588e-02
       710 2.3549782e+00 1.0538322e-01 1.1130370e-02 4.3837546e-02
       711 2.3538460e+00 1.0527967e-01 1.1121102e-02 5.6746493e-02
       712 2.3549227e+00 1.0490517e-01 1.1030397e-02 4.3361835e-02
       713 2.3560491e+00 1.0465826e-01 1.0968589e-02 5.9974332e-02
       714 2.3549646e+00 1.0441607e-01 1.0927598e-02 4.2719494e-02
       715 2.3546895e+00 1.0507571e-01 1.1068606e-02 4.3699119e-02
       716 2.3550852e+00 1.0426102e-01 1.0894054e-02 4.3133356e-02
       717 2.3537382e+00 1.0500164e-01 1.1063964e-02 5.9034344e-02
       718 2.3542263e+00 1.0401983e-01 1.0852917e-02 5.0045306e-02
       719 2.3558569e+00 1.0481842e-01 1.1003676e-02 5.7432590e-02
       720 2.3539205e+00 1.0500636e-01 1.1062723e-02 5.5773621e-02
       721 2.3571723e+00 1.0545687e-01 1.1128882e-02 9.4442113e-02
       722 2.3538456e+00 1.0447083e-01 1.0951451e-02 5.7682816e-02
       723 2.3550362e+00 1.0534697e-01 1.1122157e-02 4.4421234e-02
       724 2.3557934e+00 1.0438688e-01 1.0913921e-02 5.2578690e-02
       725 2.3538125e+00 1.0458229e-01 1.0975157e-02 5.9028731e-02
       726 2.3548727e+00 1.0413234e-01 1.0869350e-02 4.2783462e-02
       727 2.3546601e+00 1.0443864e-01 1.0935441e-02 4.3956246e-02
       728 2.3557253e+00 1.0466905e-01 1.0973481e-02 5.3949512e-02
       729 2.3546297e+00 1.0466103e-01 1.0982266e-02 4.4583103e-02
       730 2.3545998e+00 1.0494028e-01 1.1041115e-02 4.4323781e-02
       731 2.3559604e+00 1.0399075e-01 1.0830015e-02 5.5030359e-02
       732 2.3545709e+00 1.0418935e-01 1.0884384e-02 4.5557645e-02
       733 2.3544967e+00 1.0442476e-01 1.0934300e-02 4.6072204e-02
       734 2.3549885e+00 1.0403619e-01 1.0848173e-02 4.2457623e-02
       735 2.3547533e+00 1.0420396e-01 1.0885499e-02 4.3243115e-02
       736 2.3536219e+00 1.0527365e-01 1.1122621e-02 6.2333257e-02
       737 2.3546906e+00 1.0500403e-01 1.1053535e-02 4.3747848e-02
       738 2.3564963e+00 1.0409780e-01 1.0848299e-02 6.9833093e-02
       739 2.3539266e+00 1.0442675e-01 1.0941261e-02 5.5994615e-02
       740 2.3546002e+00 1.0485029e-01 1.1022232e-02 4.4278645e-02
       741 2.3554321e+00 1.0441100e-01 1.0922094e-02 4.6219969e-02
       742 2.3561402e+00 1.0477081e-01 1.0991458e-02 6.2203193e-02
       743 2.3556482e+00 1.0385028e-01 1.0803409e-02 4.8591432e-02
       744 2.3543164e+00 1.0507260e-01 1.1072019e-02 4.8060823e-02
       745 2.3545030e+00 1.0420397e-01 1.0888167e-02 4.5633304e-02
       746 2.3557220e+00 1.0402389e-01 1.0838869e-02 5.0592314e-02
       747 2.3543896e+00 1.0467536e-01 1.0987879e-02 4.6808041e-02
       748 2.3556599e+00 1.0490131e-01 1.1022714e-02 4.9963655e-02
       749 2.3545852e+00 1.0442631e-01 1.0933666e-02 4.4513850e-02
       750 2.3556564e+00 1.0480953e-01 1.1003495e-02 5.1181031e-02
       751 2.3542284e+00 1.0472396e-01 1.0999876e-02 5.0294582e-02
       752 2.3543130e+00 1.0402990e-01 1.0854026e-02 4.9022311e-02
       753 2.3553844e+00 1.0407357e-01 1.0852178e-02 4.5516247e-02
       754 2.3547658e+00 1.0355339e-01 1.0750210e-02 4.3139976e-02
       755 2.3562192e+00 1.0442583e-01 1.0918693e-02 6.3556798e-02
       756 2.3533088e+00 1.0385359e-01 1.0829710e-02 7.4069882e-02
       757 2.3562433e+00 1.0403870e-01 1.0837810e-02 6.2141999e-02
       758 2.3534159e+00 1.0448312e-01 1.0959453e-02 7.0502200e-02
       759 2.3553657e+00 1.0440955e-01 1.0922395e-02 4.6056455e-02
       760 2.3555511e+00 1.0412947e-01 1.0862321e-02 4.8152451e-02
       761 2.3533185e+00 1.0497340e-01 1.1063428e-02 7.3253190e-02
       762 2.3546763e+00 1.0506503e-01 1.1066502e-02 4.4307699e-02
       763 2.3566385e+00 1.0396036e-01 1.0818740e-02 7.4146591e-02
       764 2.3533349e+00 1.0395899e-01 1.0851268e-02 7.3754657e-02
       765 2.3565202e+00 1.0386560e-01 1.0799844e-02 6.8745801e-02
       766 2.3556762e+00 1.0340392e-01 1.0710660e-02 4.7683644e-02
       767 2.3541549e+00 1.0406303e-01 1.0862729e-02 5.1888144e-02
       768 2.3555582e+00 1.0389182e-01 1.0812822e-02 4.6519389e-02
       769 2.3537844e+00 1.0396441e-01 1.0846648e-02 6.2667327e-02
       770 2.3539198e+00 1.0469573e-01 1.0997591e-02 5.6916759e-02
       771 2.3553403e+00 1.0471761e-01 1.0987052e-02 4.5236069e-02
       772 2.3558171e+00 1.0443338e-01 1.0923434e-02 5.3300377e-02
       773 2.3562572e+00 1.0354895e-01 1.0736042e-02 6.2664366e-02
       774 2.3530683e+00 1.0414233e-01 1.0893020e-02 8.1687583e-02
       775 2.3547329e+00 1.0486223e-01 1.1023335e-02 4.3787294e-02
       776 2.3563227e+00 1.0460227e-01 1.0954812e-02 6.5861913e-02
       777 2.3545709e+00 1.0459527e-01 1.0969134e-02 4.4878800e-02
       778 2.3561634e+00 1.0425441e-01 1.0883341e-02 6.0851294e-02
       779 2.3550216e+00 1.0430688e-01 1.0904242e-02 4.2929920e-02
       780 2.3544684e+00 1.0445887e-01 1.0941733e-02 4.6993186e-02
       781 2.3533480e+00 1.0478975e-01 1.1024514e-02 7.1954715e-02
       782 2.3547527e+00 1.0380951e-01 1.0803455e-02 4.3643721e-02
       783 2.3556068e+00 1.0384692e-01 1.0803070e-02 4.7823506e-02
       784 2.3553790e+00 1.0418586e-01 1.0875613e-02 4.5797444e-02
       785 2.3536561e+00 1.0458419e-01 1.0977501e-02 6.4513851e-02
       786 2.3563261e+00 1.0432477e-01 1.0896810e-02 6.5856735e-02
       787 2.3544463e+00 1.0494938e-01 1.1044693e-02 4.6335443e-02
       788 2.3545973e+00 1.0423878e-01 1.0894404e-02 4.4525393e-02
       789 2.3537705e+00 1.0480525e-01 1.1022361e-02 5.9687667e-02
       790 2.3567701e+00 1.0435956e-01 1.0901047e-02 7.9373358e-02
       791 2.3543658e+00 1.0409492e-01 1.0866967e-02 4.8795219e-02
       792 2.3557923e+00 1.0399895e-01 1.0833091e-02 5.1883703e-02
       793 2.3555554e+00 1.0386193e-01 1.0806638e-02 4.7157285e-02
       794 2.3542776e+00 1.0461805e-01 1.0977142e-02 4.9201597e-02
       795 2.3553143e+00 1.0489597e-01 1.1024678e-02 4.5950803e-02
       796 2.3551009e+00 1.0403600e-01 1.0847029e-02 4.3122889e-02
       797 2.3553536e+00 1.0396330e-01 1.0829520e-02 4.5192015e-02
       798 2.3534158e+00 1.0381569e-01 1.0820429e-02 7.4815756e-02
       799 2.3559424e+00 1.0401709e-01 1.0835637e-02 5.4207432e-02
       800 2.3542731e+00 1.0418745e-01 1.0887284e-02 4.9347110e-02
       801 2.3549399e+00 1.0337873e-01 1.0712291e-02 4.2429093e-02
       802 2.3541153e+00 1.0467559e-01 1.0991055e-02 5.1683289e-02
       803 2.3562180e+00 1.0327727e-01 1.0680143e-02 6.0064043e-02
       804 2.3564484e+00 1.0383467e-01 1.0793919e-02 6.6890862e-02
       805 2.3536424e+00 1.0348819e-01 1.0749626e-02 6.7637751e-02
       806 2.3560174e+00 1.0346195e-01 1.0719862e-02 5.4897022e-02
       807 2.3552150e+00 1.0317701e-01 1.0667941e-02 4.2019981e-02
       808 2.3552765e+00 1.0335410e-01 1.0703937e-02 4.2561313e-02
       809 2.3551806e+00 1.0428660e-01 1.0898469e-02 4.3680226e-02
       810 2.3545525e+00 1.0394128e-01 1.0832953e-02 4.4927427e-02
       811 2.3526724e+00 1.0448164e-01 1.0969415e-02 9.3571634e-02
       812 2.3548948e+00 1.0459533e-01 1.0965765e-02 4.3120004e-02
       813 2.3563358e+00 1.0384156e-01 1.0796151e-02 6.4288306e-02
       814 2.3542802e+00 1.0450811e-01 1.0954123e-02 4.9436280e-02
       815 2.3555276e+00 1.0368346e-01 1.0769843e-02 4.5845602e-02
       816 2.3555729e+00 1.0369479e-01 1.0771793e-02 4.7263417e-02
       817 2.3557337e+00 1.0294472e-01 1.0615416e-02 4.8400383e-02
       818 2.3553747e+00 1.0310441e-01 1.0651479e-02 4.3331661e-02
       819 2.3531758e+00 1.0400602e-01 1.0863179e-02 7.9914645e-02
       820 2.3547135e+00 1.0457132e-01 1.0962609e-02 4.4310015e-02
       821 2.3553549e+00 1.0337115e-01 1.0706735e-02 4.3716325e-02
       822 2.3558327e+00 1.0372631e-01 1.0776123e-02 5.1998728e-02
       823 2.3536125e+00 1.0487790e-01 1.1039571e-02 6.3573111e-02
       824 2.3555624e+00 1.0386117e-01 1.0806417e-02 4.6368144e-02
       825 2.3547822e+00 1.0428804e-01 1.0902729e-02 4.3402756e-02
       826 2.3559560e+00 1.0406480e-01 1.0845457e-02 5.5655685e-02
       827 2.3550368e+00 1.0339461e-01 1.0714613e-02 4.2074511e-02
       828 2.3547554e+00 1.0324318e-01 1.0686165e-02 4.3436001e-02
       829 2.3555746e+00 1.0330627e-01 1.0691354e-02 4.6865577e-02
       830 2.3540555e+00 1.0376140e-01 1.0801206e-02 5.4014634e-02
       831 2.3563973e+00 1.0400884e-01 1.0830480e-02 6.6543488e-02
       832 2.3536419e+00 1.0368523e-01 1.0790452e-02 6.6168849e-02
       833 2.3548526e+00 1.0426793e-01 1.0897813e-02 4.2803956e-02
       834 2.3545767e+00 1.0383787e-01 1.0811206e-02 4.5249023e-02
       835 2.3552268e+00 1.0375794e-01 1.0788044e-02 4.3060645e-02
       836 2.3556644e+00 1.0404166e-01 1.0843056e-02 4.8689321e-02
       837 2.3551752e+00 1.0270588e-01 1.0571323e-02 4.1669370e-02
       838 2.3534717e+00 1.0436641e-01 1.0934353e-02 6.8473913e-02
       839 2.3564441e+00 1.0317967e-01 1.0658355e-02 6.6589502e-02
       840 2.3562489e+00 1.0329924e-01 1.0684451e-02 6.1042186e-02
       841 2.3540976e+00 1.0385093e-01 1.0819298e-02 5.3487574e-02
       842 2.3542690e+00 1.0403675e-01 1.0855949e-02 5.0192737e-02
       843 2.3542879e+00 1.0391751e-01 1.0830938e-02 5.0323443e-02
       844 2.3549338e+00 1.0411155e-01 1.0864404e-02 4.2704023e-02
       845 2.3546077e+00 1.0362341e-01 1.0766379e-02 4.5138527e-02
       846 2.3554591e+00 1.0444793e-01 1.0929563e-02 4.6710227e-02
       847 2.3553926e+00 1.0383614e-01 1.0802738e-02 4.4714287e-02
       848 2.3552866e+00 1.0352987e-01 1.0740207e-02 4.3290915e-02
       849 2.3554736e+00 1.0362769e-01 1.0758760e-02 4.5575391e-02
       850 2.3556069e+00 1.0342366e-01 1.0715340e-02 4.6666472e-02
       851 2.3546931e+00 1.0365351e-01 1.0771714e-02 4.4610084e-02
       852 2.3557393e+00 1.0312498e-01 1.0652515e-02 4.7687702e-02
       853 2.3542832e+00 1.0489788e-01 1.1035710e-02 4.9051945e-02
       854 2.3556853e+00 1.0334813e-01 1.0699047e-02 4.8065086e-02
       855 2.3550429e+00 1.0239285e-01 1.0508403e-02 4.1987477e-02
       856 2.3550369e+00 1.0325303e-01 1.0685355e-02 4.2179705e-02
       857 2.3536587e+00 1.0379719e-01 1.0813471e-02 6.5113880e-02
       858 2.3559997e+00 1.0410596e-01 1.0853678e-02 5.6242478e-02
       859 2.3547528e+00 1.0357618e-01 1.0755063e-02 4.3161471e-02
       860 2.3548942e+00 1.0335880e-01 1.0708630e-02 4.2385572e-02
       861 2.3550895e+00 1.0356769e-01 1.0749918e-02 4.2207875e-02
       862 2.3555854e+00 1.0378259e-01 1.0789900e-02 4.5875212e-02
       863 2.3558319e+00 1.0311407e-01 1.0649493e-02 5.0484148e-02
       864 2.3552816e+00 1.0283147e-01 1.0596131e-02 4.2306797e-02
       865 2.3539872e+00 1.0297537e-01 1.0639514e-02 5.9473416e-02
       866 2.3554743e+00 1.0352946e-01 1.0738406e-02 4.5296458e-02
       867 2.3556065e+00 1.0250133e-01 1.0525412e-02 4.4246456e-02
       868 2.3542757e+00 1.0334070e-01 1.0711528e-02 5.0110677e-02
       869 2.3561704e+00 1.0336225e-01 1.0698062e-02 5.8704496e-02
       870 2.3535259e+00 1.0340166e-01 1.0733206e-02 7.0637566e-02
       871 2.3537535e+00 1.0424287e-01 1.0905006e-02 6.2352710e-02
       872 2.3549957e+00 1.0359021e-01 1.0755503e-02 4.2424759e-02
       873 2.3561009e+00 1.0315384e-01 1.0655551e-02 5.7012479e-02
       874 2.3550452e+00 1.0350607e-01 1.0737590e-02 4.2689509e-02
       875 2.3529580e+00 1.0339871e-01 1.0740220e-02 8.7655285e-02
       876 2.3562456e+00 1.0344732e-01 1.0715091e-02 5.9924694e-02
       877 2.3557173e+00 1.0372771e-01 1.0777378e-02 4.8495540e-02
       878 2.3556261e+00 1.0379485e-01 1.0792090e-02 4.7736892e-02
       879 2.3537866e+00 1.0346625e-01 1.0743286e-02 6.2927853e-02
       880 2.3559649e+00 1.0339174e-01 1.0705754e-02 5.3877359e-02
       881 2.3555402e+00 1.0370589e-01 1.0774382e-02 4.5806107e-02
       882 2.3549909e+00 1.0289155e-01 1.0611290e-02 4.2257097e-02
       883 2.3539037e+00 1.0379524e-01 1.0810043e-02 5.8919733e-02
       884 2.3553141e+00 1.0320769e-01 1.0673344e-02 4.3068408e-02
       885 2.3560482e+00 1.0244043e-01 1.0509286e-02 5.3843716e-02
       886 2.3561508e+00 1.0176911e-01 1.0371407e-02 5.3112213e-02
       887 2.3546327e+00 1.0308452e-01 1.0654721e-02 4.4708641e-02
       888 2.3546405e+00 1.0290798e-01 1.0618273e-02 4.5104402e-02
       889 2.3558097e+00 1.0285130e-01 1.0595555e-02 4.9160369e-02
       890 2.3533848e+00 1.0344139e-01 1.0743260e-02 7.4113739e-02
       891 2.3547543e+00 1.0322764e-01 1.0682969e-02 4.3927780e-02
       892 2.3564743e+00 1.0419960e-01 1.0869656e-02 7.0151167e-02
       893 2.3547895e+00 1.0311866e-01 1.0660118e-02 4.3365578e-02
       894 2.3535249e+00 1.0350834e-01 1.0755295e-02 6.9255068e-02
       895 2.3552051e+00 1.0382849e-01 1.0802896e-02 4.3170262e-02
       896 2.3555337e+00 1.0254382e-01 1.0534762e-02 4.3708686e-02
       897 2.3549738e+00 1.0316483e-01 1.0667772e-02 4.2467317e-02
       898 2.3548513e+00 1.0326358e-01 1.0689391e-02 4.2918636e-02
       899 2.3571927e+00 1.0326451e-01 1.0671177e-02 8.9384611e-02
       900 2.3544598e+00 1.0253552e-01 1.0543705e-02 4.8073216e-02
       901 2.3550020e+00 1.0389554e-01 1.0818793e-02 4.2540073e-02
       902 2.3548759e+00 1.0412559e-01 1.0867912e-02 4.3003931e-02
       903 2.3543935e+00 1.0402181e-01 1.0851442e-02 4.7475898e-02
       904 2.3553033e+00 1.0319171e-01 1.0670146e-02 4.3700558e-02
       905 2.3536436e+00 1.0384854e-01 1.0824324e-02 6.5758740e-02
       906 2.3546465e+00 1.0323591e-01 1.0685809e-02 4.5189912e-02
       907 2.3565473e+00 1.0287032e-01 1.0593900e-02 6.7099139e-02
       908 2.3569084e+00 1.0200443e-01 1.0414171e-02 7.3034990e-02
       909 2.3545631e+00 1.0236024e-01 1.0506667e-02 4.6636083e-02
       910 2.3552900e+00 1.0293701e-01 1.0617769e-02 4.2240336e-02
       911 2.3548016e+00 1.0343706e-01 1.0725759e-02 4.3235530e-02
       912 2.3548536e+00 1.0289831e-01 1.0614063e-02 4.2942971e-02
       913 2.3537863e+00 1.0280720e-01 1.0607345e-02 6.3501540e-02
       914 2.3550544e+00 1.0256407e-01 1.0543383e-02 4.2234897e-02
       915 2.3555552e+00 1.0285753e-01 1.0599009e-02 4.5002382e-02
       916 2.3551706e+00 1.0239570e-01 1.0507748e-02 4.1626744e-02
       917 2.3557053e+00 1.0283260e-01 1.0592585e-02 4.7167021e-02
       918 2.3539419e+00 1.0316800e-01 1.0679767e-02 5.9594420e-02
       919 2.3561782e+00 1.0306575e-01 1.0636795e-02 5.7928175e-02
       920 2.3557050e+00 1.0296615e-01 1.0620072e-02 4.6800290e-02
       921 2.3544913e+00 1.0280649e-01 1.0599001e-02 4.7742274e-02
       922 2.3533367e+00 1.0399376e-01 1.0858474e-02 7.5234033e-02
       923 2.3562639e+00 1.0200522e-01 1.0418672e-02 5.7542512e-02
       924 2.3552355e+00 1.0302204e-01 1.0635793e-02 4.2271190e-02
       925 2.3547488e+00 1.0273135e-01 1.0580811e-02 4.4244821e-02
       926 2.3554070e+00 1.0357824e-01 1.0749114e-02 4.4175164e-02
       927 2.3548762e+00 1.0346455e-01 1.0730684e-02 4.2529859e-02
       928 2.3560398e+00 1.0352225e-01 1.0732168e-02 5.6780347e-02
       929 2.3544133e+00 1.0289637e-01 1.0618347e-02 4.9010218e-02
       930 2.3549394e+00 1.0271300e-01 1.0575095e-02 4.2434836e-02
       931 2.3563512e+00 1.0296504e-01 1.0614770e-02 6.1600218e-02
       932 2.3560042e+00 1.0255258e-01 1.0532623e-02 5.2769465e-02
       933 2.3532781e+00 1.0366148e-01 1.0790254e-02 7.5836508e-02
       934 2.3533928e+00 1.0284469e-01 1.0620063e-02 7.4335916e-02
       935 2.3561111e+00 1.0318350e-01 1.0661593e-02 5.7431371e-02
       936 2.3556303e+00 1.0258451e-01 1.0542265e-02 4.6534078e-02
       937 2.3541576e+00 1.0307220e-01 1.0657461e-02 5.4939299e-02
       938 2.3565418e+00 1.0242411e-01 1.0502333e-02 6.7144927e-02
       939 2.3548062e+00 1.0330638e-01 1.0698694e-02 4.3526811e-02
       940 2.3534698e+00 1.0287613e-01 1.0625527e-02 7.3426819e-02
       941 2.3566171e+00 1.0318160e-01 1.0657568e-02 7.0372578e-02
       942 2.3537820e+00 1.0293171e-01 1.0633014e-02 6.3649195e-02
       943 2.3566100e+00 1.0280445e-01 1.0579928e-02 6.8231358e-02
       944 2.3539124e+00 1.0378816e-01 1.0808468e-02 6.0251785e-02
       945 2.3562438e+00 1.0315977e-01 1.0655695e-02 5.9977032e-02
       946 2.3539478e+00 1.0343933e-01 1.0735754e-02 5.7443871e-02
       947 2.3563901e+00 1.0287700e-01 1.0596369e-02 6.4130658e-02
       948 2.3543814e+00 1.0222028e-01 1.0480026e-02 5.0369607e-02
       949 2.3564454e+00 1.0282600e-01 1.0585488e-02 6.4405369e-02
       950 2.3539511e+00 1.0253928e-01 1.0550323e-02 6.0587810e-02
       951 2.3542157e+00 1.0314677e-01 1.0672169e-02 5.1424433e-02
       952 2.3562073e+00 1.0265274e-01 1.0551614e-02 5.7142438e-02
       953 2.3536790e+00 1.0294797e-01 1.0637643e-02 6.6511919e-02
       954 2.3558858e+00 1.0338803e-01 1.0705624e-02 5.1947842e-02
       955 2.3556840e+00 1.0256984e-01 1.0538793e-02 4.6247134e-02
       956 2.3550031e+00 1.0201950e-01 1.0432477e-02 4.1581622e-02
       957 2.3549172e+00 1.0306733e-01 1.0648232e-02 4.3307949e-02
       958 2.3561304e+00 1.0253379e-01 1.0527788e-02 5.4933631e-02
       959 2.3534637e+00 1.0257254e-01 1.0563232e-02 7.5266075e-02
       960 2.3572336e+00 1.0168916e-01 1.0348078e-02 8.5916593e-02
       961 2.3539474e+00 1.0297396e-01 1.0639701e-02 5.9510616e-02
       962 2.3547464e+00 1.0343545e-01 1.0725999e-02 4.3512624e-02
       963 2.3559765e+00 1.0258861e-01 1.0540234e-02 5.2738534e-02
       964 2.3539526e+00 1.0189402e-01 1.0418393e-02 6.2616623e-02
       965 2.3550304e+00 1.0311804e-01 1.0657560e-02 4.2483061e-02
       966 2.3550563e+00 1.0272528e-01 1.0576458e-02 4.1868944e-02
       967 2.3549781e+00 1.0365454e-01 1.0769011e-02 4.2887649e-02
       968 2.3562154e+00 1.0263435e-01 1.0547778e-02 5.9195561e-02
       969 2.3557897e+00 1.0288169e-01 1.0601973e-02 4.7891361e-02
       970 2.3548755e+00 1.0280405e-01 1.0594451e-02 4.2562716e-02
       971 2.3539761e+00 1.0245244e-01 1.0532223e-02 5.8940744e-02
       972 2.3562720e+00 1.0219862e-01 1.0458106e-02 5.6656530e-02
       973 2.3551479e+00 1.0202296e-01 1.0431771e-02 4.1214111e-02
       974 2.3538650e+00 1.0322521e-01 1.0692506e-02 6.0887552e-02
       975 2.3560793e+00 1.0218570e-01 1.0456922e-02 5.3711418e-02
       976 2.3539751e+00 1.0324155e-01 1.0694550e-02 5.8184875e-02
       977 2.3538587e+00 1.0337590e-01 1.0723715e-02 6.1191746e-02
       978 2.3548090e+00 1.0273921e-01 1.0581803e-02 4.2849264e-02
       979 2.3562987e+00 1.0187682e-01 1.0392238e-02 5.8835199e-02
       980 2.3552418e+00 1.0272077e-01 1.0573749e-02 4.2408445e-02
       981 2.3546437e+00 1.0292360e-01 1.0621453e-02 4.5046702e-02
       982 2.3556081e+00 1.0159762e-01 1.0340953e-02 4.3630356e-02
       983 2.3543330e+00 1.0333428e-01 1.0709556e-02 5.0130180e-02
       984 2.3578166e+00 1.0208156e-01 1.0425209e-02 1.0672013e-01
       985 2.3548919e+00 1.0216922e-01 1.0464161e-02 4.2728280e-02
       986 2.3553919e+00 1.0195425e-01 1.0415471e-02 4.2405104e-02
       987 2.3534844e+00 1.0243637e-01 1.0535050e-02 7.2513972e-02
       988 2.3550616e+00 1.0279812e-01 1.0591376e-02 4.2273754e-02
       989 2.3544812e+00 1.0248112e-01 1.0532317e-02 4.8419052e-02
       990 2.3565702e+00 1.0246225e-01 1.0509954e-02 6.5608827e-02
       991 2.3553985e+00 1.0257226e-01 1.0541810e-02 4.2956872e-02
       992 2.3551983e+00 1.0208066e-01 1.0443065e-02 4.2005495e-02
       993 2.3553627e+00 1.0202143e-01 1.0429440e-02 4.1816641e-02
       994 2.3550306e+00 1.0258384e-01 1.0547672e-02 4.2061010e-02
       995 2.3538446e+00 1.0270363e-01 1.0585345e-02 6.2076232e-02
       996 2.3569928e+00 1.0199391e-01 1.0411519e-02 7.6822349e-02
       997 2.3553789e+00 1.0164071e-01 1.0351754e-02 4.1809496e-02
       998 2.3539263e+00 1.0248270e-01 1.0539022e-02 6.0846021e-02
       999 2.3564380e+00 1.0257204e-01 1.0533377e-02 6.3410535e-02

Final Weights:        -0.2111271322        -0.4253919881         0.2118451907         0.4267609970 