# Cycles, Average Predicted Temperature, Stddev Predicted Temperature, Mean Squared Error, || MSE Gradient ||
         0 1.1931411e+00 4.6707858e-01 1.5796118e+00 1.4859763e+01
         1 1.2077888e+00 4.6966714e-01 1.5480689e+00 1.4759786e+01
         2 1.2197870e+00 4.7180717e-01 1.5225798e+00 1.4659771e+01
         3 1.2311486e+00 4.7479341e-01 1.4996276e+00 1.4569473e+01
         4 1.2456788e+00 4.7898481e-01 1.4710329e+00 1.4468324e+01
         5 1.2597352e+00 4.7984755e-01 1.4407324e+00 1.4420276e+01
         6 1.2704875e+00 4.8420787e-01 1.4213916e+00 1.4337738e+01
         7 1.2865909e+00 4.8566892e-01 1.3879799e+00 1.4209643e+01
         8 1.2992696e+00 4.8976033e-01 1.3649139e+00 1.4094331e+01
         9 1.3118468e+00 4.9311065e-01 1.3416842e+00 1.3963406e+01
        10 1.3274800e+00 4.9571832e-01 1.3117367e+00 1.3823707e+01
        11 1.3419377e+00 4.9872585e-01 1.2850821e+00 1.3677138e+01
        12 1.3554036e+00 5.0108651e-01 1.2602067e+00 1.3550075e+01
        13 1.3649549e+00 5.0408112e-01 1.2441184e+00 1.3446361e+01
        14 1.3817959e+00 5.0618986e-01 1.2130190e+00 1.3274172e+01
        15 1.3979396e+00 5.1006850e-01 1.1856391e+00 1.3099534e+01
        16 1.4115507e+00 5.1274424e-01 1.1623731e+00 1.2957693e+01
        17 1.4243402e+00 5.1412381e-01 1.1396941e+00 1.2812230e+01
        18 1.4397084e+00 5.1744660e-01 1.1146005e+00 1.2643459e+01
        19 1.4529883e+00 5.2064992e-01 1.0936608e+00 1.2485381e+01
        20 1.4662253e+00 5.2368245e-01 1.0729920e+00 1.2327073e+01
        21 1.4812131e+00 5.2636346e-01 1.0492419e+00 1.2144061e+01
        22 1.4924331e+00 5.2899230e-01 1.0324232e+00 1.2003555e+01
        23 1.5099866e+00 5.3237646e-01 1.0058672e+00 1.1790857e+01
        24 1.5220964e+00 5.3303132e-01 9.8612567e-01 1.1651399e+01
        25 1.5381743e+00 5.3726859e-01 9.6397731e-01 1.1426111e+01
        26 1.5552447e+00 5.3985992e-01 9.3900366e-01 1.1197099e+01
        27 1.5664021e+00 5.4237176e-01 9.2388968e-01 1.1056232e+01
        28 1.5814544e+00 5.4578470e-01 9.0394064e-01 1.0851304e+01
        29 1.5968756e+00 5.4699182e-01 8.8148670e-01 1.0654304e+01
        30 1.6132383e+00 5.5231248e-01 8.6263150e-01 1.0406364e+01
        31 1.6221748e+00 5.5401619e-01 8.5125015e-01 1.0291383e+01
        32 1.6384286e+00 5.5529501e-01 8.2894962e-01 1.0065683e+01
        33 1.6512912e+00 5.5912398e-01 8.1482081e-01 9.8826670e+00
        34 1.6686071e+00 5.6050422e-01 7.9212369e-01 9.6369253e+00
        35 1.6815601e+00 5.6474956e-01 7.7915866e-01 9.4367065e+00
        36 1.6966051e+00 5.6581171e-01 7.6017296e-01 9.2190364e+00
        37 1.7089270e+00 5.6768019e-01 7.4609536e-01 9.0458820e+00
        38 1.7224448e+00 5.7054883e-01 7.3194234e-01 8.8355391e+00
        39 1.7378768e+00 5.7196954e-01 7.1412759e-01 8.6081424e+00
        40 1.7516760e+00 5.7439604e-01 6.9993140e-01 8.4037119e+00
        41 1.7638656e+00 5.7511569e-01 6.8607789e-01 8.2270515e+00
        42 1.7783861e+00 5.7616823e-01 6.7018953e-01 8.0181705e+00
        43 1.7915120e+00 5.8246058e-01 6.6238516e-01 7.7752263e+00
        44 1.8033025e+00 5.8202055e-01 6.4860736e-01 7.6216144e+00
        45 1.8172690e+00 5.8385475e-01 6.3539198e-01 7.4059667e+00
        46 1.8312491e+00 5.8699942e-01 6.2409583e-01 7.1825811e+00
        47 1.8430637e+00 5.8698247e-01 6.1172270e-01 7.0109918e+00
        48 1.8573633e+00 5.8914903e-01 5.9969273e-01 6.7871052e+00
        49 1.8706819e+00 5.9059558e-01 5.8818913e-01 6.5866419e+00
        50 1.8841280e+00 5.9040786e-01 5.7499063e-01 6.3915903e+00
        51 1.8926947e+00 5.9349483e-01 5.7056616e-01 6.2526605e+00
        52 1.9056026e+00 5.9376908e-01 5.5899573e-01 6.0762914e+00
        53 1.9154286e+00 5.9560113e-01 5.5234241e-01 5.9167226e+00
        54 1.9276628e+00 5.9797588e-01 5.4444975e-01 5.7349024e+00
        55 1.9413615e+00 5.9778858e-01 5.3256983e-01 5.5451260e+00
        56 1.9509955e+00 5.9797686e-01 5.2482231e-01 5.4041664e+00
        57 1.9648079e+00 5.9861140e-01 5.1447506e-01 5.2179356e+00
        58 1.9718368e+00 5.9828924e-01 5.0858396e-01 5.1248369e+00
        59 1.9838016e+00 6.0028276e-01 5.0182907e-01 4.9486414e+00
        60 1.9954483e+00 5.9943948e-01 4.9219113e-01 4.8046089e+00
        61 2.0025017e+00 6.0108610e-01 4.8907577e-01 4.7130030e+00
        62 2.0101742e+00 6.0205363e-01 4.8481355e-01 4.6104409e+00
        63 2.0214325e+00 6.0052054e-01 4.7522088e-01 4.4825945e+00
        64 2.0308275e+00 6.0230358e-01 4.7109301e-01 4.3775696e+00
        65 2.0386027e+00 6.0113374e-01 4.6462759e-01 4.2862976e+00
        66 2.0470610e+00 6.0221044e-01 4.6055865e-01 4.1957673e+00
        67 2.0570558e+00 6.0030926e-01 4.5211775e-01 4.1007145e+00
        68 2.0642653e+00 6.0176587e-01 4.4955324e-01 4.0302512e+00
        69 2.0729752e+00 6.0098801e-01 4.4354268e-01 3.9415438e+00
        70 2.0817071e+00 6.0048902e-01 4.3800772e-01 3.8648171e+00
        71 2.0868981e+00 5.9797435e-01 4.3213218e-01 3.8191428e+00
        72 2.0939393e+00 5.9729078e-01 4.2751943e-01 3.7684540e+00
        73 2.0993090e+00 5.9790143e-01 4.2542127e-01 3.7283928e+00
        74 2.1089597e+00 5.9698436e-01 4.1938784e-01 3.6514611e+00
        75 2.1094135e+00 5.9599686e-01 4.1798215e-01 3.6465117e+00
        76 2.1171901e+00 5.9393840e-01 4.1169653e-01 3.5819589e+00
        77 2.1201023e+00 5.9327743e-01 4.0950631e-01 3.5741504e+00
        78 2.1274690e+00 5.9107378e-01 4.0341687e-01 3.5283782e+00
        79 2.1307634e+00 5.9093924e-01 4.0173695e-01 3.5138196e+00
        80 2.1395720e+00 5.8990086e-01 3.9655068e-01 3.4722426e+00
        81 2.1432797e+00 5.8714666e-01 3.9168839e-01 3.4344061e+00
        82 2.1480388e+00 5.8864459e-01 3.9140994e-01 3.4484194e+00
        83 2.1543650e+00 5.8512908e-01 3.8464234e-01 3.4102301e+00
        84 2.1560700e+00 5.8428611e-01 3.8295844e-01 3.3943517e+00
        85 2.1617711e+00 5.8189037e-01 3.7787237e-01 3.3629382e+00
        86 2.1628914e+00 5.8125707e-01 3.7669294e-01 3.3564660e+00
        87 2.1674189e+00 5.7736756e-01 3.7042256e-01 3.3208258e+00
        88 2.1692192e+00 5.7705886e-01 3.6937622e-01 3.3094064e+00
        89 2.1716145e+00 5.7452686e-01 3.6555239e-01 3.3002747e+00
        90 2.1740738e+00 5.7261525e-01 3.6243921e-01 3.2720166e+00
        91 2.1765864e+00 5.6875652e-01 3.5710719e-01 3.2381293e+00
        92 2.1806947e+00 5.6837278e-01 3.5518107e-01 3.2435948e+00
        93 2.1816013e+00 5.6701732e-01 3.5331788e-01 3.2249841e+00
        94 2.1831335e+00 5.6215171e-01 3.4727959e-01 3.1804634e+00
        95 2.1862896e+00 5.5934313e-01 3.4302360e-01 3.1571033e+00
        96 2.1876692e+00 5.5900128e-01 3.4216405e-01 3.1425632e+00
        97 2.1909430e+00 5.5382691e-01 3.3528853e-01 3.1104055e+00
        98 2.1926521e+00 5.5220067e-01 3.3291509e-01 3.1076387e+00
        99 2.1940569e+00 5.5056983e-01 3.3064856e-01 3.0908096e+00
       100 2.1980189e+00 5.4841649e-01 3.2698320e-01 3.0705455e+00
       101 2.1960806e+00 5.4788582e-01 3.2703296e-01 3.0662616e+00
       102 2.1950383e+00 5.4628961e-01 3.2562909e-01 3.0341081e+00
       103 2.1987778e+00 5.4183933e-01 3.1956721e-01 3.0049210e+00
       104 2.2012469e+00 5.3952341e-01 3.1627306e-01 2.9967297e+00
       105 2.1994674e+00 5.3872440e-01 3.1597952e-01 2.9876595e+00
       106 2.2020134e+00 5.3475313e-01 3.1090573e-01 2.9405579e+00
       107 2.2040791e+00 5.3288361e-01 3.0826153e-01 2.9184640e+00
       108 2.2028886e+00 5.3160886e-01 3.0727711e-01 2.9096900e+00
       109 2.2044343e+00 5.3012786e-01 3.0522153e-01 2.9064720e+00
       110 2.2046740e+00 5.2699053e-01 3.0183050e-01 2.8741401e+00
       111 2.2088183e+00 5.2421993e-01 2.9764816e-01 2.8524662e+00
       112 2.2081105e+00 5.2023954e-01 2.9370523e-01 2.8161129e+00
       113 2.2090330e+00 5.1923626e-01 2.9238306e-01 2.8074856e+00
       114 2.2118657e+00 5.1559140e-01 2.8776425e-01 2.7822600e+00
       115 2.2093073e+00 5.1313037e-01 2.8599681e-01 2.7554056e+00
       116 2.2131765e+00 5.1129071e-01 2.8296146e-01 2.7383332e+00
       117 2.2138117e+00 5.0969722e-01 2.8114846e-01 2.7278288e+00
       118 2.2154270e+00 5.0676489e-01 2.7769835e-01 2.7131814e+00
       119 2.2136702e+00 5.0705861e-01 2.7850701e-01 2.6996195e+00
       120 2.2149800e+00 5.0466595e-01 2.7570482e-01 2.6744829e+00
       121 2.2141776e+00 5.0121428e-01 2.7246613e-01 2.6419079e+00
       122 2.2148015e+00 4.9951902e-01 2.7058812e-01 2.6230480e+00
       123 2.2165249e+00 4.9658556e-01 2.6716877e-01 2.6068823e+00
       124 2.2188033e+00 4.9387246e-01 2.6383317e-01 2.5963881e+00
       125 2.2164168e+00 4.9279138e-01 2.6344591e-01 2.5723550e+00
       126 2.2191329e+00 4.9044741e-01 2.6036889e-01 2.5469166e+00
       127 2.2200524e+00 4.8964245e-01 2.5932183e-01 2.5539087e+00
       128 2.2178762e+00 4.8694188e-01 2.5729814e-01 2.5200216e+00
       129 2.2217347e+00 4.8517716e-01 2.5450109e-01 2.5112497e+00
       130 2.2224345e+00 4.8163231e-01 2.5088094e-01 2.4841302e+00
       131 2.2212649e+00 4.8052762e-01 2.5014111e-01 2.4657118e+00
       132 2.2237759e+00 4.7648869e-01 2.4558559e-01 2.4487444e+00
       133 2.2229645e+00 4.7639030e-01 2.4571349e-01 2.4336486e+00
       134 2.2250228e+00 4.7447445e-01 2.4333209e-01 2.4243794e+00
       135 2.2265154e+00 4.7154049e-01 2.4015597e-01 2.4122485e+00
       136 2.2274688e+00 4.7103311e-01 2.3942418e-01 2.3940703e+00
       137 2.2267059e+00 4.6912444e-01 2.3783245e-01 2.3749663e+00
       138 2.2282557e+00 4.6724363e-01 2.3566071e-01 2.3601669e+00
       139 2.2283075e+00 4.6433939e-01 2.3294153e-01 2.3303390e+00
       140 2.2323493e+00 4.6224291e-01 2.2995113e-01 2.3190311e+00
       141 2.2317208e+00 4.5725820e-01 2.2552848e-01 2.2714487e+00
       142 2.2302775e+00 4.5991300e-01 2.2833564e-01 2.2957050e+00
       143 2.2330125e+00 4.5497501e-01 2.2311608e-01 2.2557876e+00
       144 2.2360552e+00 4.5362643e-01 2.2112753e-01 2.2555711e+00
       145 2.2351244e+00 4.5401401e-01 2.2171083e-01 2.2435763e+00
       146 2.2366623e+00 4.5230288e-01 2.1977842e-01 2.2217950e+00
       147 2.2381973e+00 4.5091431e-01 2.1814810e-01 2.2254184e+00
       148 2.2380415e+00 4.4681118e-01 2.1450258e-01 2.1921168e+00
       149 2.2413951e+00 4.4564658e-01 2.1265678e-01 2.1731327e+00
       150 2.2386932e+00 4.4496945e-01 2.1270168e-01 2.1563670e+00
       151 2.2400931e+00 4.4260312e-01 2.1026384e-01 2.1524404e+00
       152 2.2408233e+00 4.4153532e-01 2.0914526e-01 2.1376122e+00
       153 2.2418518e+00 4.3932902e-01 2.0695782e-01 2.1178122e+00
       154 2.2414321e+00 4.3775643e-01 2.0567783e-01 2.0971647e+00
       155 2.2454874e+00 4.3643294e-01 2.0357603e-01 2.0908916e+00
       156 2.2416858e+00 4.3440580e-01 2.0269546e-01 2.0766555e+00
       157 2.2475664e+00 4.3232132e-01 1.9953241e-01 2.0631364e+00
       158 2.2447766e+00 4.3272666e-01 2.0051790e-01 2.0568219e+00
       159 2.2471963e+00 4.2973332e-01 1.9738473e-01 2.0377603e+00
       160 2.2484444e+00 4.2995588e-01 1.9729616e-01 2.0305724e+00
       161 2.2523044e+00 4.2700109e-01 1.9391809e-01 2.0115735e+00
       162 2.2500180e+00 4.2525660e-01 1.9292882e-01 1.9973874e+00
       163 2.2506391e+00 4.2467722e-01 1.9230021e-01 1.9845082e+00
       164 2.2534443e+00 4.2104357e-01 1.8862173e-01 1.9692956e+00
       165 2.2518108e+00 4.2120298e-01 1.8910662e-01 1.9695565e+00
       166 2.2538391e+00 4.1827576e-01 1.8621471e-01 1.9382800e+00
       167 2.2551678e+00 4.1747627e-01 1.8526632e-01 1.9351277e+00
       168 2.2557239e+00 4.1511505e-01 1.8318415e-01 1.9194046e+00
       169 2.2549503e+00 4.1481359e-01 1.8309583e-01 1.9088052e+00
       170 2.2552538e+00 4.1412124e-01 1.8245827e-01 1.8983570e+00
       171 2.2578178e+00 4.0985242e-01 1.7841054e-01 1.8681068e+00
       172 2.2572108e+00 4.0897121e-01 1.7781336e-01 1.8592937e+00
       173 2.2562620e+00 4.0966928e-01 1.7858068e-01 1.8680174e+00
       174 2.2573248e+00 4.0869681e-01 1.7756558e-01 1.8384412e+00
       175 2.2596705e+00 4.0699996e-01 1.7570549e-01 1.8375635e+00
       176 2.2647415e+00 4.0337320e-01 1.7177512e-01 1.8260446e+00
       177 2.2618105e+00 4.0155473e-01 1.7087810e-01 1.7979629e+00
       178 2.2615198e+00 4.0143637e-01 1.7084021e-01 1.7926044e+00
       179 2.2666409e+00 3.9957137e-01 1.6836438e-01 1.7822323e+00
       180 2.2665868e+00 3.9917186e-01 1.6805538e-01 1.7730243e+00
       181 2.2658462e+00 3.9692155e-01 1.6640275e-01 1.7589095e+00
       182 2.2685092e+00 3.9533728e-01 1.6465348e-01 1.7464610e+00
       183 2.2654133e+00 3.9381052e-01 1.6402443e-01 1.7288995e+00
       184 2.2689873e+00 3.9068902e-01 1.6091262e-01 1.7159808e+00
       185 2.2695788e+00 3.9083897e-01 1.6092255e-01 1.7065096e+00
       186 2.2692920e+00 3.8958651e-01 1.5999702e-01 1.7041774e+00
       187 2.2678440e+00 3.8965024e-01 1.6031132e-01 1.6789584e+00
       188 2.2702741e+00 3.8722512e-01 1.5798554e-01 1.6759376e+00
       189 2.2698980e+00 3.8686275e-01 1.5777263e-01 1.6595185e+00
       190 2.2724839e+00 3.8497255e-01 1.5585466e-01 1.6573099e+00
       191 2.2722329e+00 3.8126768e-01 1.5305981e-01 1.6327992e+00
       192 2.2724814e+00 3.8275264e-01 1.5415081e-01 1.6368384e+00
       193 2.2744141e+00 3.7899894e-01 1.5095705e-01 1.6184260e+00
       194 2.2737626e+00 3.8050487e-01 1.5221270e-01 1.6064544e+00
       195 2.2723767e+00 3.7741986e-01 1.5011531e-01 1.5908211e+00
       196 2.2736094e+00 3.7956164e-01 1.5152221e-01 1.5960294e+00
       197 2.2761438e+00 3.7657751e-01 1.4883456e-01 1.5837324e+00
       198 2.2719785e+00 3.7638549e-01 1.4940549e-01 1.5612484e+00
       199 2.2782294e+00 3.7220246e-01 1.4521337e-01 1.5516904e+00
       200 2.2750799e+00 3.7419637e-01 1.4722631e-01 1.5466205e+00
       201 2.2805145e+00 3.7096585e-01 1.4392610e-01 1.5410561e+00
       202 2.2757724e+00 3.7220658e-01 1.4562407e-01 1.5273937e+00
       203 2.2780715e+00 3.6973470e-01 1.4340829e-01 1.5195307e+00
       204 2.2782914e+00 3.6772327e-01 1.4188897e-01 1.4973114e+00
       205 2.2804991e+00 3.6626073e-01 1.4045980e-01 1.4939214e+00
       206 2.2780564e+00 3.6732068e-01 1.4163149e-01 1.4870640e+00
       207 2.2811925e+00 3.6391758e-01 1.3863918e-01 1.4748555e+00
       208 2.2799828e+00 3.6385615e-01 1.3878649e-01 1.4582857e+00
       209 2.2798827e+00 3.6508223e-01 1.3969624e-01 1.4626771e+00
       210 2.2820731e+00 3.6103406e-01 1.3641083e-01 1.4503683e+00
       211 2.2835241e+00 3.6007244e-01 1.3549350e-01 1.4393789e+00
       212 2.2861681e+00 3.5744831e-01 1.3321346e-01 1.4287632e+00
       213 2.2818822e+00 3.5861134e-01 1.3469710e-01 1.4141445e+00
       214 2.2873656e+00 3.5566840e-01 1.3176890e-01 1.4089573e+00
       215 2.2860247e+00 3.5555307e-01 1.3188335e-01 1.3922694e+00
       216 2.2824743e+00 3.5343985e-01 1.3092263e-01 1.3830573e+00
       217 2.2875576e+00 3.5365312e-01 1.3031159e-01 1.3851646e+00
       218 2.2855107e+00 3.5290033e-01 1.3008026e-01 1.3717133e+00
       219 2.2874691e+00 3.5125346e-01 1.2863288e-01 1.3685747e+00
       220 2.2853598e+00 3.5188251e-01 1.2938540e-01 1.3551176e+00
       221 2.2865684e+00 3.5043398e-01 1.2818923e-01 1.3456109e+00
       222 2.2856354e+00 3.5062578e-01 1.2846151e-01 1.3441982e+00
       223 2.2897144e+00 3.4821276e-01 1.2618555e-01 1.3354521e+00
       224 2.2911915e+00 3.4540171e-01 1.2403044e-01 1.3167839e+00
       225 2.2869764e+00 3.4835101e-01 1.2667397e-01 1.3148506e+00
       226 2.2882679e+00 3.4381663e-01 1.2334858e-01 1.3030185e+00
       227 2.2906857e+00 3.4293080e-01 1.2239945e-01 1.2871346e+00
       228 2.2903514e+00 3.4266392e-01 1.2226291e-01 1.2799047e+00
       229 2.2894728e+00 3.4174647e-01 1.2175807e-01 1.2746806e+00
       230 2.2888582e+00 3.4133921e-01 1.2156689e-01 1.2723386e+00
       231 2.2923117e+00 3.4025442e-01 1.2034838e-01 1.2658613e+00
       232 2.2918810e+00 3.3940266e-01 1.1982793e-01 1.2551223e+00
       233 2.2907725e+00 3.4110524e-01 1.2113870e-01 1.2541025e+00
       234 2.2925997e+00 3.3563975e-01 1.1719047e-01 1.2254757e+00
       235 2.2933931e+00 3.3706760e-01 1.1804475e-01 1.2268074e+00
       236 2.2929283e+00 3.3655896e-01 1.1776421e-01 1.2190244e+00
       237 2.2935040e+00 3.3482566e-01 1.1652365e-01 1.2132035e+00
       238 2.2940118e+00 3.3359361e-01 1.1563290e-01 1.1994367e+00
       239 2.2966202e+00 3.3194568e-01 1.1419894e-01 1.1992354e+00
       240 2.2966979e+00 3.3143139e-01 1.1384794e-01 1.1925632e+00
       241 2.2939650e+00 3.3300359e-01 1.1524577e-01 1.1788448e+00
       242 2.2944584e+00 3.3178075e-01 1.1436797e-01 1.1736558e+00
       243 2.2966270e+00 3.2966117e-01 1.1268663e-01 1.1634934e+00
       244 2.2962226e+00 3.2959062e-01 1.1269151e-01 1.1608885e+00
       245 2.2980139e+00 3.2892617e-01 1.1202885e-01 1.1499271e+00
       246 2.2987652e+00 3.2822087e-01 1.1147285e-01 1.1475197e+00
       247 2.2991270e+00 3.2673323e-01 1.1045438e-01 1.1427988e+00
       248 2.2990084e+00 3.2524527e-01 1.0949870e-01 1.1267070e+00
       249 2.2982521e+00 3.2503149e-01 1.0945244e-01 1.1207519e+00
       250 2.3003660e+00 3.2273938e-01 1.0771129e-01 1.1070896e+00
       251 2.3010583e+00 3.2482813e-01 1.0898186e-01 1.1151908e+00
       252 2.2987930e+00 3.2394392e-01 1.0868018e-01 1.1018932e+00
       253 2.3011449e+00 3.2230720e-01 1.0734029e-01 1.0979724e+00
       254 2.2978958e+00 3.2247867e-01 1.0784356e-01 1.0926707e+00
       255 2.2993173e+00 3.2127505e-01 1.0689431e-01 1.0814226e+00
       256 2.2990873e+00 3.2122235e-01 1.0688840e-01 1.0697993e+00
       257 2.3035412e+00 3.1627608e-01 1.0321281e-01 1.0601616e+00
       258 2.3019226e+00 3.1914627e-01 1.0522183e-01 1.0651149e+00
       259 2.3036414e+00 3.1709302e-01 1.0371895e-01 1.0548356e+00
       260 2.3023330e+00 3.1516283e-01 1.0264764e-01 1.0434054e+00
       261 2.3065020e+00 3.1327157e-01 1.0099605e-01 1.0447936e+00
       262 2.3016412e+00 3.1630855e-01 1.0345134e-01 1.0333974e+00
       263 2.3023559e+00 3.1545898e-01 1.0283176e-01 1.0312243e+00
       264 2.3055820e+00 3.1238051e-01 1.0053776e-01 1.0264702e+00
       265 2.3018461e+00 3.1395344e-01 1.0194314e-01 1.0155564e+00
       266 2.3030505e+00 3.1257849e-01 1.0094318e-01 1.0044545e+00
       267 2.3037210e+00 3.1197037e-01 1.0048752e-01 9.9781204e-01
       268 2.3057050e+00 3.0967941e-01 9.8844150e-02 9.8676267e-01
       269 2.3066398e+00 3.1001475e-01 9.8951413e-02 9.9171133e-01
       270 2.3053091e+00 3.1048384e-01 9.9386140e-02 9.8249047e-01
       271 2.3090912e+00 3.0625831e-01 9.6381045e-02 9.7683049e-01
       272 2.3063018e+00 3.0827863e-01 9.7914140e-02 9.6863983e-01
       273 2.3068012e+00 3.0680731e-01 9.6955809e-02 9.5609975e-01
       274 2.3092865e+00 3.0578314e-01 9.6070390e-02 9.6171673e-01
       275 2.3071026e+00 3.0724986e-01 9.7195614e-02 9.5603698e-01
       276 2.3061017e+00 3.0829507e-01 9.7945778e-02 9.5640072e-01
       277 2.3077044e+00 3.0642068e-01 9.6623524e-02 9.4659799e-01
       278 2.3082705e+00 3.0465172e-01 9.5483727e-02 9.3452853e-01
       279 2.3076306e+00 3.0338234e-01 9.4778444e-02 9.2752962e-01
       280 2.3069921e+00 3.0459408e-01 9.5582385e-02 9.2770536e-01
       281 2.3082719e+00 3.0409806e-01 9.5146539e-02 9.1818243e-01
       282 2.3090014e+00 3.0142315e-01 9.3451959e-02 9.0741558e-01
       283 2.3121758e+00 3.0092737e-01 9.2839913e-02 9.1402905e-01
       284 2.3092275e+00 3.0265982e-01 9.4176020e-02 9.0799000e-01
       285 2.3096635e+00 3.0213331e-01 9.3813545e-02 9.0129144e-01
       286 2.3103198e+00 3.0136173e-01 9.3282320e-02 8.9993863e-01
       287 2.3107420e+00 2.9828676e-01 9.1396688e-02 8.8284833e-01
       288 2.3123090e+00 2.9817764e-01 9.1179832e-02 8.8019004e-01
       289 2.3092775e+00 2.9820328e-01 9.1493179e-02 8.7313405e-01
       290 2.3106414e+00 2.9592428e-01 9.0002788e-02 8.6967702e-01
       291 2.3086723e+00 3.0068888e-01 9.3043487e-02 8.6792222e-01
       292 2.3137053e+00 2.9449048e-01 8.8863471e-02 8.4918717e-01
       293 2.3107615e+00 2.9795734e-01 9.1198351e-02 8.5512192e-01
       294 2.3109477e+00 2.9514847e-01 8.9514107e-02 8.4782592e-01
       295 2.3122593e+00 2.9488313e-01 8.9230726e-02 8.4777420e-01
       296 2.3127043e+00 2.9274960e-01 8.7934742e-02 8.3643718e-01
       297 2.3132976e+00 2.9450707e-01 8.8911113e-02 8.4086725e-01
       298 2.3144766e+00 2.9224223e-01 8.7473600e-02 8.2313497e-01
       299 2.3138186e+00 2.9278357e-01 8.7850575e-02 8.3137345e-01
       300 2.3122210e+00 2.9555896e-01 8.9633418e-02 8.2682510e-01
       301 2.3152811e+00 2.9112465e-01 8.6749118e-02 8.2097666e-01
       302 2.3135577e+00 2.9125466e-01 8.6981777e-02 8.0791518e-01
       303 2.3159318e+00 2.8888694e-01 8.5393505e-02 8.0813278e-01
       304 2.3118453e+00 2.9085376e-01 8.6910238e-02 8.0189295e-01
       305 2.3136680e+00 2.9265555e-01 8.7789549e-02 8.0464521e-01
       306 2.3150261e+00 2.9007058e-01 8.6159340e-02 7.9838725e-01
       307 2.3178402e+00 2.8703954e-01 8.4165166e-02 7.9148970e-01
       308 2.3136925e+00 2.8823031e-01 8.5216723e-02 7.8832210e-01
       309 2.3140296e+00 2.8924517e-01 8.5771700e-02 7.7519756e-01
       310 2.3140493e+00 2.8830646e-01 8.5227735e-02 7.7713948e-01
       311 2.3152440e+00 2.8895162e-01 8.5491913e-02 7.7461051e-01
       312 2.3183425e+00 2.8677554e-01 8.3971620e-02 7.6460612e-01
       313 2.3145267e+00 2.8766974e-01 8.4817397e-02 7.6183899e-01
       314 2.3179525e+00 2.8250627e-01 8.1573811e-02 7.5241542e-01
       315 2.3172285e+00 2.8503931e-01 8.3072767e-02 7.5511787e-01
       316 2.3141878e+00 2.8671104e-01 8.4297647e-02 7.4956480e-01
       317 2.3167161e+00 2.8480321e-01 8.2982271e-02 7.4923648e-01
       318 2.3154887e+00 2.8683250e-01 8.4249933e-02 7.4660675e-01
       319 2.3177491e+00 2.8376159e-01 8.2301779e-02 7.3615983e-01
       320 2.3191867e+00 2.8326706e-01 8.1902099e-02 7.3400257e-01
       321 2.3198570e+00 2.8055501e-01 8.0318778e-02 7.2861224e-01
       322 2.3176586e+00 2.8301700e-01 8.1887409e-02 7.2476101e-01
       323 2.3166901e+00 2.8346600e-01 8.2224626e-02 7.2326146e-01
       324 2.3159968e+00 2.8578741e-01 8.3606561e-02 7.3135204e-01
       325 2.3174662e+00 2.8200418e-01 8.1331462e-02 7.1872980e-01
       326 2.3179319e+00 2.8321079e-01 8.1974098e-02 7.1710073e-01
       327 2.3169796e+00 2.8240611e-01 8.1599902e-02 7.1233189e-01
       328 2.3178219e+00 2.8054881e-01 8.0482642e-02 7.0085237e-01
       329 2.3213987e+00 2.7658428e-01 7.7985272e-02 6.9024827e-01
       330 2.3195444e+00 2.7919806e-01 7.9584389e-02 6.9023979e-01
       331 2.3191153e+00 2.7752128e-01 7.8685756e-02 6.8802779e-01
       332 2.3212429e+00 2.7913875e-01 7.9416888e-02 6.9690464e-01
       333 2.3207127e+00 2.7628690e-01 7.7874231e-02 6.8618866e-01
       334 2.3208725e+00 2.7672156e-01 7.8102085e-02 6.7501120e-01
       335 2.3205231e+00 2.7744304e-01 7.8529339e-02 6.7267989e-01
       336 2.3185091e+00 2.7776002e-01 7.8868208e-02 6.7142180e-01
       337 2.3198171e+00 2.7883646e-01 7.9360643e-02 6.7549656e-01
       338 2.3219094e+00 2.7675167e-01 7.8038787e-02 6.6724527e-01
       339 2.3196407e+00 2.7696307e-01 7.8333597e-02 6.5883966e-01
       340 2.3214510e+00 2.7518446e-01 7.7208865e-02 6.5816807e-01
       341 2.3214000e+00 2.7495433e-01 7.7086197e-02 6.5002939e-01
       342 2.3223823e+00 2.7405554e-01 7.6517972e-02 6.4971217e-01
       343 2.3217645e+00 2.7309886e-01 7.6041329e-02 6.4521709e-01
       344 2.3225146e+00 2.7232471e-01 7.5562356e-02 6.3957306e-01
       345 2.3240376e+00 2.7219094e-01 7.5377805e-02 6.4328228e-01
       346 2.3232041e+00 2.7253790e-01 7.5627365e-02 6.4305714e-01
       347 2.3221944e+00 2.7365066e-01 7.6310378e-02 6.3306020e-01
       348 2.3220113e+00 2.7311283e-01 7.6030168e-02 6.3377396e-01
       349 2.3233912e+00 2.7092928e-01 7.4739418e-02 6.2513626e-01
       350 2.3234793e+00 2.7072721e-01 7.4623535e-02 6.2613613e-01
       351 2.3218884e+00 2.7144166e-01 7.5129469e-02 6.1554151e-01
       352 2.3246317e+00 2.7091386e-01 7.4641898e-02 6.1993643e-01
       353 2.3210572e+00 2.7133818e-01 7.5137267e-02 6.1785358e-01
       354 2.3239825e+00 2.7098607e-01 7.4727301e-02 6.1625273e-01
       355 2.3247051e+00 2.6927224e-01 7.3749936e-02 6.1231989e-01
       356 2.3208754e+00 2.7260000e-01 7.5837799e-02 6.1311622e-01
       357 2.3220843e+00 2.6991042e-01 7.4285653e-02 6.0346114e-01
       358 2.3241227e+00 2.6918174e-01 7.3742599e-02 5.9978614e-01
       359 2.3226884e+00 2.6883504e-01 7.3660909e-02 5.9886534e-01
       360 2.3228762e+00 2.6821765e-01 7.3315376e-02 5.9414734e-01
       361 2.3250925e+00 2.6728773e-01 7.2657964e-02 5.8789595e-01
       362 2.3239609e+00 2.6784272e-01 7.3035134e-02 5.8641643e-01
       363 2.3257644e+00 2.6533954e-01 7.1573913e-02 5.8391676e-01
       364 2.3262941e+00 2.6582933e-01 7.1798132e-02 5.8453045e-01
       365 2.3248548e+00 2.6717182e-01 7.2612645e-02 5.8322444e-01
       366 2.3248452e+00 2.6701138e-01 7.2527615e-02 5.8219359e-01
       367 2.3249532e+00 2.6602791e-01 7.1995820e-02 5.7741279e-01
       368 2.3240280e+00 2.6678582e-01 7.2465262e-02 5.7698959e-01
       369 2.3230748e+00 2.6902547e-01 7.3734682e-02 5.7663789e-01
       370 2.3265618e+00 2.6519167e-01 7.1441581e-02 5.6798340e-01
       371 2.3249202e+00 2.6682989e-01 7.2425468e-02 5.6782865e-01
       372 2.3248162e+00 2.6646344e-01 7.2237343e-02 5.7016310e-01
       373 2.3256152e+00 2.6660654e-01 7.2258114e-02 5.6541772e-01
       374 2.3255033e+00 2.6449976e-01 7.1146884e-02 5.6263215e-01
       375 2.3214326e+00 2.6652291e-01 7.2518266e-02 5.6541315e-01
       376 2.3259927e+00 2.6395030e-01 7.0823044e-02 5.5177677e-01
       377 2.3258735e+00 2.6381749e-01 7.0761058e-02 5.5140042e-01
       378 2.3251512e+00 2.6638630e-01 7.2172802e-02 5.5304192e-01
       379 2.3257578e+00 2.6223663e-01 6.9937340e-02 5.4270269e-01
       380 2.3279278e+00 2.6148971e-01 6.9402468e-02 5.4335841e-01
       381 2.3275971e+00 2.6061513e-01 6.8967135e-02 5.3976895e-01
       382 2.3254736e+00 2.6335332e-01 7.0543779e-02 5.4242765e-01
       383 2.3273883e+00 2.6250602e-01 6.9969851e-02 5.3894550e-01
       384 2.3261844e+00 2.6179712e-01 6.9678031e-02 5.3215558e-01
       385 2.3281949e+00 2.5969094e-01 6.8447943e-02 5.3055356e-01
       386 2.3243389e+00 2.6471562e-01 7.1342706e-02 5.3721783e-01
       387 2.3273939e+00 2.6146917e-01 6.9426203e-02 5.2281580e-01
       388 2.3268188e+00 2.6243505e-01 6.9970007e-02 5.2939876e-01
       389 2.3252170e+00 2.6232290e-01 7.0019871e-02 5.2906819e-01
       390 2.3270182e+00 2.6006001e-01 6.8715886e-02 5.1975938e-01
       391 2.3280120e+00 2.6099090e-01 6.9136463e-02 5.2244003e-01
       392 2.3267811e+00 2.5962700e-01 6.8506538e-02 5.1426927e-01
       393 2.3271674e+00 2.6022963e-01 6.8794339e-02 5.1806272e-01
       394 2.3281777e+00 2.5851299e-01 6.7838618e-02 5.0572950e-01
       395 2.3274510e+00 2.6005685e-01 6.8685928e-02 5.1343632e-01
       396 2.3294316e+00 2.5877375e-01 6.7895390e-02 5.0733902e-01
       397 2.3272473e+00 2.5937322e-01 6.8344114e-02 5.0871640e-01
       398 2.3272066e+00 2.6017637e-01 6.8764053e-02 5.0250941e-01
       399 2.3299157e+00 2.5816587e-01 6.7551842e-02 5.0446638e-01
       400 2.3289352e+00 2.5845280e-01 6.7759940e-02 5.0044221e-01
       401 2.3300953e+00 2.5760619e-01 6.7252412e-02 4.9807226e-01
       402 2.3291168e+00 2.6013820e-01 6.8622738e-02 5.0473467e-01
       403 2.3293443e+00 2.5866372e-01 6.7843795e-02 4.9842447e-01
       404 2.3301387e+00 2.5530843e-01 6.6071275e-02 4.8811998e-01
       405 2.3304118e+00 2.5654872e-01 6.6689911e-02 4.9071395e-01
       406 2.3288605e+00 2.5636331e-01 6.6688873e-02 4.8548218e-01
       407 2.3308227e+00 2.5586976e-01 6.6317895e-02 4.8682302e-01
       408 2.3317960e+00 2.5228197e-01 6.4438995e-02 4.7836396e-01
       409 2.3312085e+00 2.5433125e-01 6.5510612e-02 4.8147906e-01
       410 2.3292774e+00 2.5552194e-01 6.6232437e-02 4.7832237e-01
       411 2.3297549e+00 2.5722952e-01 6.7078935e-02 4.8187383e-01
       412 2.3302064e+00 2.5394358e-01 6.5372181e-02 4.7627275e-01
       413 2.3307820e+00 2.5397578e-01 6.5354630e-02 4.7300360e-01
       414 2.3297749e+00 2.5381604e-01 6.5333283e-02 4.6895309e-01
       415 2.3312327e+00 2.5242917e-01 6.4545328e-02 4.6714207e-01
       416 2.3286114e+00 2.5549660e-01 6.6260796e-02 4.7245799e-01
       417 2.3290454e+00 2.5486317e-01 6.5910499e-02 4.6853920e-01
       418 2.3300995e+00 2.5275065e-01 6.4774105e-02 4.6275741e-01
       419 2.3288496e+00 2.5407780e-01 6.5522936e-02 4.6499719e-01
       420 2.3296614e+00 2.5436068e-01 6.5616922e-02 4.6811601e-01
       421 2.3289743e+00 2.5317515e-01 6.5057317e-02 4.5892836e-01
       422 2.3313692e+00 2.5218792e-01 6.4415764e-02 4.5572429e-01
       423 2.3308611e+00 2.5306614e-01 6.4888791e-02 4.5903788e-01
       424 2.3282934e+00 2.5484998e-01 6.5950825e-02 4.6562590e-01
       425 2.3301642e+00 2.5373718e-01 6.5269915e-02 4.5795264e-01
       426 2.3310242e+00 2.5263976e-01 6.4663709e-02 4.5808670e-01
       427 2.3324098e+00 2.5158157e-01 6.4051900e-02 4.5599807e-01
       428 2.3292922e+00 2.5235038e-01 6.4620782e-02 4.5610482e-01
       429 2.3297744e+00 2.5420875e-01 6.5532820e-02 4.5645857e-01
       430 2.3284195e+00 2.5438572e-01 6.5706440e-02 4.5371786e-01
       431 2.3293479e+00 2.5215523e-01 6.4518911e-02 4.4817858e-01
       432 2.3299301e+00 2.5223679e-01 6.4524756e-02 4.4834052e-01
       433 2.3323611e+00 2.5044351e-01 6.3483249e-02 4.4251744e-01
       434 2.3294508e+00 2.5277074e-01 6.4823413e-02 4.4683141e-01
       435 2.3300668e+00 2.5264529e-01 6.4722815e-02 4.4399867e-01
       436 2.3306399e+00 2.5204093e-01 6.4383868e-02 4.4454593e-01
       437 2.3316316e+00 2.5038204e-01 6.3493252e-02 4.3320245e-01
       438 2.3331849e+00 2.4869974e-01 6.2568077e-02 4.3569741e-01
       439 2.3298423e+00 2.5368273e-01 6.5261568e-02 4.4213869e-01
       440 2.3321773e+00 2.4995075e-01 6.3246849e-02 4.3331336e-01
       441 2.3334447e+00 2.5085516e-01 6.3630989e-02 4.3722251e-01
       442 2.3347485e+00 2.4764182e-01 6.1961725e-02 4.3456856e-01
       443 2.3340912e+00 2.4876452e-01 6.2552606e-02 4.3338147e-01
       444 2.3333478e+00 2.4870059e-01 6.2559803e-02 4.2825024e-01
       445 2.3330254e+00 2.4957738e-01 6.3013951e-02 4.2878941e-01
       446 2.3340820e+00 2.4792754e-01 6.2137361e-02 4.2568487e-01
       447 2.3313232e+00 2.4971767e-01 6.3178564e-02 4.2644076e-01
       448 2.3333212e+00 2.4615993e-01 6.1303949e-02 4.1634947e-01
       449 2.3314400e+00 2.4905020e-01 6.2838978e-02 4.2443475e-01
       450 2.3322797e+00 2.4937032e-01 6.2951354e-02 4.2582762e-01
       451 2.3322930e+00 2.4863247e-01 6.2583164e-02 4.1954733e-01
       452 2.3345318e+00 2.4542202e-01 6.0878188e-02 4.1399209e-01
       453 2.3353181e+00 2.4562054e-01 6.0936312e-02 4.1751217e-01
       454 2.3338353e+00 2.4771527e-01 6.2044977e-02 4.1780852e-01
       455 2.3337665e+00 2.4868765e-01 6.2531267e-02 4.2051496e-01
       456 2.3345633e+00 2.4691296e-01 6.1610633e-02 4.1154567e-01
       457 2.3330599e+00 2.4449929e-01 6.0503132e-02 4.0517703e-01
       458 2.3326123e+00 2.4651932e-01 6.1519273e-02 4.1173833e-01
       459 2.3341254e+00 2.4685652e-01 6.1605191e-02 4.1003342e-01
       460 2.3343504e+00 2.4419723e-01 6.0287767e-02 4.0255956e-01
       461 2.3343612e+00 2.4689446e-01 6.1611796e-02 4.1082796e-01
       462 2.3325468e+00 2.4725611e-01 6.1886672e-02 4.0879912e-01
       463 2.3326689e+00 2.4429775e-01 6.0425795e-02 3.9842735e-01
       464 2.3317209e+00 2.4629522e-01 6.1458368e-02 4.0545629e-01
       465 2.3325926e+00 2.4560958e-01 6.1072645e-02 4.0124650e-01
       466 2.3321045e+00 2.4603843e-01 6.1310433e-02 4.0082579e-01
       467 2.3344986e+00 2.4357941e-01 5.9978844e-02 3.9908491e-01
       468 2.3343741e+00 2.4294810e-01 5.9678044e-02 3.9700068e-01
       469 2.3311400e+00 2.4364849e-01 6.0194758e-02 3.9965422e-01
       470 2.3331413e+00 2.4360398e-01 6.0061750e-02 3.9330814e-01
       471 2.3323754e+00 2.4313971e-01 5.9877426e-02 3.9636299e-01
       472 2.3335440e+00 2.4356042e-01 6.0019096e-02 3.9425938e-01
       473 2.3317950e+00 2.4631535e-01 6.1464105e-02 3.9977833e-01
       474 2.3330197e+00 2.4398932e-01 6.0256179e-02 3.9425771e-01
       475 2.3349359e+00 2.4306290e-01 5.9705413e-02 3.8772006e-01
       476 2.3344294e+00 2.4240013e-01 5.9409267e-02 3.8878285e-01
       477 2.3342624e+00 2.4255117e-01 5.9491066e-02 3.9016452e-01
       478 2.3344694e+00 2.4290266e-01 5.9651098e-02 3.8970982e-01
       479 2.3342552e+00 2.4304808e-01 5.9732734e-02 3.8598257e-01
       480 2.3346565e+00 2.4256192e-01 5.9476186e-02 3.8454964e-01
       481 2.3328390e+00 2.4383545e-01 6.0190884e-02 3.8699799e-01
       482 2.3349678e+00 2.4289622e-01 5.9622821e-02 3.8566030e-01
       483 2.3355103e+00 2.4035063e-01 5.8365854e-02 3.7679372e-01
       484 2.3349625e+00 2.4111245e-01 5.8759729e-02 3.7890090e-01
       485 2.3340871e+00 2.4202451e-01 5.9244894e-02 3.8236339e-01
       486 2.3340121e+00 2.4201369e-01 5.9243542e-02 3.8064796e-01
       487 2.3343165e+00 2.4394470e-01 6.0166233e-02 3.8648586e-01
       488 2.3339975e+00 2.4209254e-01 5.9282471e-02 3.7970781e-01
       489 2.3368448e+00 2.4006301e-01 5.8164223e-02 3.7546581e-01
       490 2.3356250e+00 2.4091911e-01 5.8633858e-02 3.7641286e-01
       491 2.3332128e+00 2.4129043e-01 5.8936097e-02 3.7877774e-01
       492 2.3345235e+00 2.4120785e-01 5.8827874e-02 3.7605338e-01
       493 2.3361278e+00 2.3728811e-01 5.6873272e-02 3.6414786e-01
       494 2.3331610e+00 2.4199652e-01 5.9280115e-02 3.7742613e-01
       495 2.3364729e+00 2.3912413e-01 5.7731655e-02 3.7032407e-01
       496 2.3363782e+00 2.3952498e-01 5.7927977e-02 3.7136985e-01
       497 2.3342336e+00 2.4232738e-01 5.9384030e-02 3.7872293e-01
       498 2.3356461e+00 2.4080105e-01 5.8575959e-02 3.7424328e-01
       499 2.3354133e+00 2.3995430e-01 5.8180251e-02 3.6911437e-01
       500 2.3346079e+00 2.3968331e-01 5.8090446e-02 3.7034197e-01
       501 2.3347128e+00 2.4087608e-01 5.8658341e-02 3.7030184e-01
       502 2.3366157e+00 2.3855323e-01 5.7452262e-02 3.6214622e-01
       503 2.3345799e+00 2.4092753e-01 5.8689858e-02 3.6903273e-01
       504 2.3348953e+00 2.3892496e-01 5.7713012e-02 3.6466355e-01
       505 2.3361016e+00 2.3879321e-01 5.7591077e-02 3.6159321e-01
       506 2.3351444e+00 2.3862324e-01 5.7556505e-02 3.6533387e-01
       507 2.3372050e+00 2.3796826e-01 5.7146351e-02 3.6151918e-01
       508 2.3369033e+00 2.3886067e-01 5.7585691e-02 3.6330335e-01
       509 2.3357594e+00 2.4002133e-01 5.8195552e-02 3.6408093e-01
       510 2.3365410e+00 2.3811962e-01 5.7249060e-02 3.6039523e-01
       511 2.3363356e+00 2.3586804e-01 5.6191501e-02 3.5405708e-01
       512 2.3357951e+00 2.3827437e-01 5.7358268e-02 3.5783081e-01
       513 2.3357908e+00 2.3897776e-01 5.7694168e-02 3.6055960e-01
       514 2.3359115e+00 2.3854196e-01 5.7480244e-02 3.5778937e-01
       515 2.3362225e+00 2.3788549e-01 5.7152630e-02 3.5702406e-01
       516 2.3349810e+00 2.4006996e-01 5.8257171e-02 3.6345522e-01
       517 2.3360580e+00 2.3727725e-01 5.6871448e-02 3.5547944e-01
       518 2.3370598e+00 2.3640964e-01 5.6413607e-02 3.5467441e-01
       519 2.3358205e+00 2.3712873e-01 5.6812400e-02 3.5488273e-01
       520 2.3360491e+00 2.3683154e-01 5.6660563e-02 3.5139505e-01
       521 2.3377634e+00 2.3446853e-01 5.5467858e-02 3.4554440e-01
       522 2.3365090e+00 2.3501883e-01 5.5783460e-02 3.4410302e-01
       523 2.3378996e+00 2.3544957e-01 5.5922841e-02 3.4863235e-01
       524 2.3377756e+00 2.3328868e-01 5.4915432e-02 3.4478726e-01
       525 2.3383639e+00 2.3457647e-01 5.5492198e-02 3.4730198e-01
       526 2.3358803e+00 2.3633016e-01 5.6431425e-02 3.4832863e-01
       527 2.3371748e+00 2.3502892e-01 5.5757423e-02 3.4275514e-01
       528 2.3363944e+00 2.3597087e-01 5.6237246e-02 3.4799475e-01
       529 2.3364943e+00 2.3466657e-01 5.5618698e-02 3.4296912e-01
       530 2.3374889e+00 2.3518730e-01 5.5817687e-02 3.4478144e-01
       531 2.3361014e+00 2.3490450e-01 5.5749009e-02 3.4388738e-01
       532 2.3357950e+00 2.3440953e-01 5.5531424e-02 3.3945171e-01
       533 2.3352963e+00 2.3472527e-01 5.5703893e-02 3.4575491e-01
       534 2.3383488e+00 2.3350967e-01 5.4993496e-02 3.4011034e-01
       535 2.3354002e+00 2.3456820e-01 5.5625065e-02 3.4420908e-01
       536 2.3358611e+00 2.3418360e-01 5.5422366e-02 3.4237597e-01
       537 2.3373810e+00 2.3345150e-01 5.5009087e-02 3.3978805e-01
       538 2.3349401e+00 2.3604318e-01 5.6342019e-02 3.4789482e-01
       539 2.3393032e+00 2.3136447e-01 5.3955919e-02 3.3350145e-01
       540 2.3375217e+00 2.3280577e-01 5.4701680e-02 3.3395874e-01
       541 2.3373296e+00 2.3331233e-01 5.4946452e-02 3.4070092e-01
       542 2.3355283e+00 2.3384247e-01 5.5278854e-02 3.4236434e-01
       543 2.3372070e+00 2.3350595e-01 5.5042399e-02 3.3596275e-01
       544 2.3371452e+00 2.3296008e-01 5.4790584e-02 3.3589714e-01
       545 2.3389045e+00 2.3171283e-01 5.4133862e-02 3.3256548e-01
       546 2.3374698e+00 2.3308578e-01 5.4834465e-02 3.3243941e-01
       547 2.3393148e+00 2.3087761e-01 5.3730391e-02 3.3056659e-01
       548 2.3381060e+00 2.3217414e-01 5.4382109e-02 3.3089267e-01
       549 2.3403895e+00 2.2978122e-01 5.3182126e-02 3.3294191e-01
       550 2.3385692e+00 2.3214390e-01 5.4348046e-02 3.3270838e-01
       551 2.3366691e+00 2.3208784e-01 5.4406893e-02 3.3170211e-01
       552 2.3374585e+00 2.3239437e-01 5.4513134e-02 3.3328882e-01
       553 2.3372811e+00 2.3152217e-01 5.4116516e-02 3.2862556e-01
       554 2.3355488e+00 2.3280539e-01 5.4793900e-02 3.3593838e-01
       555 2.3384318e+00 2.3077902e-01 5.3722107e-02 3.2768751e-01
       556 2.3372356e+00 2.3143310e-01 5.4077343e-02 3.2909828e-01
       557 2.3370966e+00 2.3205925e-01 5.4373898e-02 3.2955273e-01
       558 2.3351414e+00 2.3399786e-01 5.5370599e-02 3.3899643e-01
       559 2.3376993e+00 2.2910799e-01 5.2985687e-02 3.2300426e-01
       560 2.3383469e+00 2.2922342e-01 5.3010189e-02 3.2023417e-01
       561 2.3368327e+00 2.3080498e-01 5.3805475e-02 3.2441981e-01
       562 2.3357256e+00 2.3314433e-01 5.4943232e-02 3.3419317e-01
       563 2.3384706e+00 2.3109785e-01 5.3867699e-02 3.2888463e-01
       564 2.3369488e+00 2.3192456e-01 5.4318182e-02 3.2911129e-01
       565 2.3383827e+00 2.3051446e-01 5.3602182e-02 3.2634158e-01
       566 2.3386262e+00 2.2945258e-01 5.3103307e-02 3.2202818e-01
       567 2.3381993e+00 2.3075084e-01 5.3719162e-02 3.2459065e-01
       568 2.3383819e+00 2.2976201e-01 5.3255882e-02 3.2067831e-01
       569 2.3369770e+00 2.3200763e-01 5.4355423e-02 3.2585071e-01
       570 2.3386071e+00 2.2843833e-01 5.2639709e-02 3.1759861e-01
       571 2.3384547e+00 2.2887176e-01 5.2844449e-02 3.1979147e-01
       572 2.3382874e+00 2.2793387e-01 5.2423238e-02 3.1656532e-01
       573 2.3364609e+00 2.2881854e-01 5.2909790e-02 3.2167039e-01
       574 2.3379063e+00 2.2899290e-01 5.2923794e-02 3.1711501e-01
       575 2.3392973e+00 2.2802146e-01 5.2420431e-02 3.1683475e-01
       576 2.3401003e+00 2.2745370e-01 5.2129305e-02 3.1661649e-01
       577 2.3384275e+00 2.2926003e-01 5.3023498e-02 3.1983956e-01
       578 2.3366022e+00 2.2951093e-01 5.3220518e-02 3.2256492e-01
       579 2.3421706e+00 2.2604652e-01 5.1413233e-02 3.2109088e-01
       580 2.3406462e+00 2.2677620e-01 5.1800188e-02 3.1899541e-01
       581 2.3418270e+00 2.2448003e-01 5.0719826e-02 3.1538485e-01
       582 2.3381146e+00 2.2884518e-01 5.2847018e-02 3.1955392e-01
       583 2.3390100e+00 2.2739206e-01 5.2145744e-02 3.1242158e-01
       584 2.3383168e+00 2.2818824e-01 5.2537984e-02 3.1566563e-01
       585 2.3376626e+00 2.2715630e-01 5.2096836e-02 3.1222581e-01
       586 2.3383459e+00 2.2672340e-01 5.1870353e-02 3.1241360e-01
       587 2.3368490e+00 2.2815120e-01 5.2586750e-02 3.1742207e-01
       588 2.3375420e+00 2.2812920e-01 5.2545173e-02 3.1681552e-01
       589 2.3368870e+00 2.2721070e-01 5.2156729e-02 3.1469462e-01
       590 2.3364247e+00 2.2828033e-01 5.2665477e-02 3.2057776e-01
       591 2.3371638e+00 2.2788696e-01 5.2451801e-02 3.1635466e-01
       592 2.3389575e+00 2.2523026e-01 5.1169470e-02 3.0711145e-01
       593 2.3394009e+00 2.2546186e-01 5.1255427e-02 3.0780208e-01
       594 2.3402314e+00 2.2466750e-01 5.0864417e-02 3.0715896e-01
       595 2.3393376e+00 2.2600739e-01 5.1504325e-02 3.0772335e-01
       596 2.3394149e+00 2.2416375e-01 5.0671188e-02 3.0426799e-01
       597 2.3401676e+00 2.2378296e-01 5.0470261e-02 3.0300179e-01
       598 2.3408445e+00 2.2332032e-01 5.0237088e-02 3.0140060e-01
       599 2.3392004e+00 2.2551422e-01 5.1287320e-02 3.0543033e-01
       600 2.3389456e+00 2.2589489e-01 5.1469801e-02 3.0812078e-01
       601 2.3403634e+00 2.2330348e-01 5.0248184e-02 3.0177403e-01
       602 2.3397845e+00 2.2547870e-01 5.1247398e-02 3.0492347e-01
       603 2.3418867e+00 2.2219710e-01 4.9697931e-02 3.0178696e-01
       604 2.3391705e+00 2.2503005e-01 5.1070423e-02 3.0495826e-01
       605 2.3393629e+00 2.2250268e-01 4.9931382e-02 2.9732320e-01
       606 2.3379690e+00 2.2525276e-01 5.1222090e-02 3.0634426e-01
       607 2.3389110e+00 2.2337855e-01 5.0340729e-02 2.9952550e-01
       608 2.3390743e+00 2.2477201e-01 5.0958364e-02 3.0601621e-01
       609 2.3393947e+00 2.2372905e-01 5.0477324e-02 2.9966719e-01
       610 2.3393838e+00 2.2438865e-01 5.0773349e-02 3.0347861e-01
       611 2.3400787e+00 2.2327803e-01 5.0248058e-02 2.9910723e-01
       612 2.3380601e+00 2.2356991e-01 5.0462793e-02 3.0316167e-01
       613 2.3406645e+00 2.2179558e-01 4.9565315e-02 2.9642150e-01
       614 2.3381871e+00 2.2340342e-01 5.0382828e-02 2.9924312e-01
       615 2.3384749e+00 2.2443215e-01 5.0831086e-02 3.0170244e-01
       616 2.3407063e+00 2.2315017e-01 5.0166426e-02 2.9991480e-01
       617 2.3400654e+00 2.2137717e-01 4.9403355e-02 2.9172600e-01
       618 2.3395005e+00 2.2115875e-01 4.9329484e-02 2.9322205e-01
       619 2.3391912e+00 2.2281994e-01 5.0079767e-02 2.9745873e-01
       620 2.3378566e+00 2.2255158e-01 5.0017446e-02 3.0058682e-01
       621 2.3393932e+00 2.2345434e-01 5.0354533e-02 3.0146230e-01
       622 2.3376648e+00 2.2376974e-01 5.0569648e-02 3.0428956e-01
       623 2.3380423e+00 2.2310866e-01 5.0257541e-02 2.9979372e-01
       624 2.3404966e+00 2.2291102e-01 5.0067863e-02 2.9734074e-01
       625 2.3399347e+00 2.2242832e-01 4.9875079e-02 2.9603381e-01
       626 2.3405287e+00 2.2097228e-01 4.9206042e-02 2.9287053e-01
       627 2.3397568e+00 2.2160452e-01 4.9516438e-02 2.9532214e-01
       628 2.3401789e+00 2.2213546e-01 4.9735168e-02 2.9616784e-01
       629 2.3393565e+00 2.2353780e-01 5.0393354e-02 2.9959901e-01
       630 2.3387907e+00 2.2195261e-01 4.9710793e-02 2.9597101e-01
       631 2.3406728e+00 2.2083693e-01 4.9140665e-02 2.9125846e-01
       632 2.3414934e+00 2.1929134e-01 4.8429442e-02 2.8967909e-01
       633 2.3392101e+00 2.2229946e-01 4.9847306e-02 2.9427161e-01
       634 2.3407519e+00 2.1898772e-01 4.8324292e-02 2.8868061e-01
       635 2.3417282e+00 2.2009230e-01 4.8772755e-02 2.9206503e-01
       636 2.3382752e+00 2.2183812e-01 4.9682066e-02 2.9595413e-01
       637 2.3393550e+00 2.2055465e-01 4.9068616e-02 2.9044404e-01
       638 2.3400665e+00 2.2052389e-01 4.9026248e-02 2.9162549e-01
       639 2.3399806e+00 2.2026638e-01 4.8916167e-02 2.8919691e-01
       640 2.3396504e+00 2.1964356e-01 4.8655478e-02 2.8869248e-01
       641 2.3396989e+00 2.1972838e-01 4.8690778e-02 2.8758588e-01
       642 2.3384525e+00 2.2030962e-01 4.8998590e-02 2.9112649e-01
       643 2.3409158e+00 2.2033317e-01 4.8909110e-02 2.9140004e-01
       644 2.3403750e+00 2.1846550e-01 4.8110465e-02 2.8418500e-01
       645 2.3391231e+00 2.2072294e-01 4.9152490e-02 2.9180203e-01
       646 2.3379898e+00 2.2066285e-01 4.9174463e-02 2.9271267e-01
       647 2.3413526e+00 2.1837159e-01 4.8032116e-02 2.8487240e-01
       648 2.3415379e+00 2.1893944e-01 4.8273582e-02 2.8839947e-01
       649 2.3400149e+00 2.1961749e-01 4.8629361e-02 2.8828694e-01
       650 2.3407432e+00 2.1811089e-01 4.7941368e-02 2.8614405e-01
       651 2.3412146e+00 2.1732729e-01 4.7582269e-02 2.8390983e-01
       652 2.3412218e+00 2.1524116e-01 4.6679604e-02 2.7507902e-01
       653 2.3406438e+00 2.1788630e-01 4.7847273e-02 2.8255414e-01
       654 2.3407188e+00 2.1767888e-01 4.7754038e-02 2.8090313e-01
       655 2.3395802e+00 2.1802889e-01 4.7951638e-02 2.8359422e-01
       656 2.3429075e+00 2.1639168e-01 4.7115898e-02 2.8251920e-01
       657 2.3418505e+00 2.1559815e-01 4.6810252e-02 2.7832984e-01
       658 2.3410132e+00 2.1736004e-01 4.7604089e-02 2.8085620e-01
       659 2.3415086e+00 2.1653623e-01 4.7228126e-02 2.7986310e-01
       660 2.3401805e+00 2.1741314e-01 4.7659416e-02 2.8274362e-01
       661 2.3400374e+00 2.1758961e-01 4.7741857e-02 2.8237606e-01
       662 2.3400141e+00 2.1650541e-01 4.7272143e-02 2.7763243e-01
       663 2.3396936e+00 2.1861584e-01 4.8203318e-02 2.8404054e-01
       664 2.3401659e+00 2.1532605e-01 4.6756828e-02 2.7595290e-01
       665 2.3411386e+00 2.1543458e-01 4.6766031e-02 2.7586919e-01
       666 2.3407247e+00 2.1641176e-01 4.7203766e-02 2.7695968e-01
       667 2.3392873e+00 2.1835256e-01 4.8104897e-02 2.8416878e-01
       668 2.3400122e+00 2.1729609e-01 4.7615214e-02 2.8103700e-01
       669 2.3391834e+00 2.1747153e-01 4.7725234e-02 2.8374594e-01
       670 2.3392901e+00 2.1719497e-01 4.7600598e-02 2.8148501e-01
       671 2.3410985e+00 2.1510213e-01 4.6624409e-02 2.7435403e-01
       672 2.3416406e+00 2.1468686e-01 4.6425780e-02 2.7469756e-01
       673 2.3416148e+00 2.1422510e-01 4.6228673e-02 2.6985699e-01
       674 2.3401987e+00 2.1642423e-01 4.7229671e-02 2.7883627e-01
       675 2.3417710e+00 2.1511607e-01 4.6605497e-02 2.7580071e-01
       676 2.3423912e+00 2.1331578e-01 4.5812028e-02 2.6996965e-01
       677 2.3390944e+00 2.1634626e-01 4.7240774e-02 2.8160350e-01
       678 2.3413466e+00 2.1354584e-01 4.5948014e-02 2.6890073e-01
       679 2.3419822e+00 2.1380041e-01 4.6033554e-02 2.7320972e-01
       680 2.3390550e+00 2.1689921e-01 4.7481984e-02 2.8295278e-01
       681 2.3422958e+00 2.1349275e-01 4.5890920e-02 2.7202194e-01
       682 2.3395452e+00 2.1516670e-01 4.6713179e-02 2.7605215e-01
       683 2.3388269e+00 2.1633549e-01 4.7247343e-02 2.8246048e-01
       684 2.3415493e+00 2.1454370e-01 4.6367682e-02 2.7337816e-01
       685 2.3407440e+00 2.1460115e-01 4.6422631e-02 2.7319101e-01
       686 2.3412849e+00 2.1311608e-01 4.5766952e-02 2.6953044e-01
       687 2.3427969e+00 2.1247870e-01 4.5441518e-02 2.6852257e-01
       688 2.3413120e+00 2.1364844e-01 4.5993132e-02 2.7213151e-01
       689 2.3404196e+00 2.1397089e-01 4.6165086e-02 2.7176247e-01
       690 2.3417195e+00 2.1256191e-01 4.5515018e-02 2.6617138e-01
       691 2.3410377e+00 2.1170594e-01 4.5177182e-02 2.6511088e-01
       692 2.3421862e+00 2.1261282e-01 4.5519862e-02 2.6866657e-01
       693 2.3415263e+00 2.1335799e-01 4.5861165e-02 2.7071344e-01
       694 2.3417349e+00 2.1255915e-01 4.5513284e-02 2.6920336e-01
       695 2.3385881e+00 2.1436964e-01 4.6410791e-02 2.8003098e-01
       696 2.3408398e+00 2.1203587e-01 4.5324513e-02 2.6771422e-01
       697 2.3400850e+00 2.1354823e-01 4.5997574e-02 2.7176617e-01
       698 2.3411390e+00 2.1165389e-01 4.5151329e-02 2.6621630e-01
       699 2.3392318e+00 2.1574362e-01 4.6974664e-02 2.8014170e-01
       700 2.3422728e+00 2.1144562e-01 4.5021828e-02 2.6698403e-01
       701 2.3425398e+00 2.1139753e-01 4.4992123e-02 2.6599415e-01
       702 2.3402816e+00 2.1361002e-01 4.6016192e-02 2.7074555e-01
       703 2.3403215e+00 2.1217325e-01 4.5402874e-02 2.6862999e-01
       704 2.3421873e+00 2.1437998e-01 4.6274388e-02 2.7323000e-01
       705 2.3399742e+00 2.1256641e-01 4.5583617e-02 2.7120794e-01
       706 2.3423718e+00 2.1059190e-01 4.4658036e-02 2.6312935e-01
       707 2.3392776e+00 2.1382980e-01 4.6150641e-02 2.7448007e-01
       708 2.3409579e+00 2.1297259e-01 4.5718128e-02 2.6838860e-01
       709 2.3417343e+00 2.1167277e-01 4.5137274e-02 2.6568377e-01
       710 2.3423561e+00 2.1311258e-01 4.5726611e-02 2.7152742e-01
       711 2.3425945e+00 2.1042716e-01 4.4580899e-02 2.6296148e-01
       712 2.3417269e+00 2.1130122e-01 4.4980388e-02 2.6488208e-01
       713 2.3433329e+00 2.0856963e-01 4.3777510e-02 2.5973780e-01
       714 2.3413672e+00 2.1113800e-01 4.4924679e-02 2.6446232e-01
       715 2.3430205e+00 2.0951312e-01 4.4182447e-02 2.6119375e-01
       716 2.3423233e+00 2.1013652e-01 4.4468151e-02 2.6193525e-01
       717 2.3427622e+00 2.1004197e-01 4.4413142e-02 2.6332932e-01
       718 2.3423145e+00 2.0964003e-01 4.4260049e-02 2.5935092e-01
       719 2.3414235e+00 2.1057117e-01 4.4683549e-02 2.6192245e-01
       720 2.3408938e+00 2.1057813e-01 4.4706389e-02 2.6239327e-01
       721 2.3425412e+00 2.0952129e-01 4.4202333e-02 2.6044368e-01
       722 2.3414352e+00 2.0899553e-01 4.4022033e-02 2.5923213e-01
       723 2.3436555e+00 2.0820424e-01 4.3614604e-02 2.5926633e-01
       724 2.3433217e+00 2.0822676e-01 4.3634976e-02 2.5890395e-01
       725 2.3439012e+00 2.0750987e-01 4.3317994e-02 2.5931285e-01
       726 2.3418787e+00 2.0812653e-01 4.3643322e-02 2.5542274e-01
       727 2.3429272e+00 2.0728967e-01 4.3258877e-02 2.5577062e-01
       728 2.3430141e+00 2.0755178e-01 4.3364658e-02 2.5805585e-01
       729 2.3387833e+00 2.1078609e-01 4.4878921e-02 2.7312047e-01
       730 2.3425217e+00 2.0774790e-01 4.3463031e-02 2.5723960e-01
       731 2.3418894e+00 2.0671686e-01 4.3058143e-02 2.5338402e-01
       732 2.3407336e+00 2.0928118e-01 4.4167984e-02 2.5967647e-01
       733 2.3412068e+00 2.0755232e-01 4.3429373e-02 2.5725219e-01
       734 2.3399644e+00 2.0786637e-01 4.3607964e-02 2.6048635e-01
       735 2.3434607e+00 2.0424745e-01 4.1989008e-02 2.4731784e-01
       736 2.3407205e+00 2.0930563e-01 4.4178726e-02 2.6027618e-01
       737 2.3448896e+00 2.0464987e-01 4.2108468e-02 2.5499639e-01
       738 2.3424822e+00 2.0640569e-01 4.2908530e-02 2.5057324e-01
       739 2.3421530e+00 2.0621034e-01 4.2839532e-02 2.5121600e-01
       740 2.3396801e+00 2.0701393e-01 4.3265746e-02 2.5971939e-01
       741 2.3392979e+00 2.0844985e-01 4.3877962e-02 2.6737014e-01
       742 2.3409097e+00 2.0622995e-01 4.2893430e-02 2.5449514e-01
       743 2.3422030e+00 2.0706426e-01 4.3190661e-02 2.5429905e-01
       744 2.3400041e+00 2.0771588e-01 4.3543833e-02 2.5875253e-01
       745 2.3414957e+00 2.0547897e-01 4.2562269e-02 2.5034247e-01
       746 2.3444364e+00 2.0475625e-01 4.2165881e-02 2.5593685e-01
       747 2.3414940e+00 2.0689662e-01 4.3146937e-02 2.5580576e-01
       748 2.3432215e+00 2.0659564e-01 4.2961691e-02 2.5348863e-01
       749 2.3421520e+00 2.0637175e-01 4.2906164e-02 2.5154623e-01
       750 2.3420882e+00 2.0613244e-01 4.2809726e-02 2.5191866e-01
       751 2.3433093e+00 2.0479946e-01 4.2219825e-02 2.4983145e-01
       752 2.3428893e+00 2.0656394e-01 4.2959821e-02 2.5412412e-01
       753 2.3412912e+00 2.0626333e-01 4.2892816e-02 2.5330396e-01
       754 2.3421903e+00 2.0448847e-01 4.2131038e-02 2.4697610e-01
       755 2.3419370e+00 2.0551858e-01 4.2562455e-02 2.5099294e-01
       756 2.3420427e+00 2.0536395e-01 4.2495120e-02 2.4840120e-01
       757 2.3418204e+00 2.0565626e-01 4.2623277e-02 2.5181026e-01
       758 2.3417160e+00 2.0475871e-01 4.2258709e-02 2.4916322e-01
       759 2.3422416e+00 2.0354332e-01 4.1743569e-02 2.4512544e-01
       760 2.3406199e+00 2.0643212e-01 4.2987978e-02 2.5574642e-01
       761 2.3427990e+00 2.0324382e-01 4.1602301e-02 2.4527675e-01
       762 2.3429320e+00 2.0519947e-01 4.2396524e-02 2.5030136e-01
       763 2.3417547e+00 2.0498963e-01 4.2351917e-02 2.5076390e-01
       764 2.3426500e+00 2.0351681e-01 4.1718478e-02 2.4802966e-01
       765 2.3454614e+00 2.0186303e-01 4.0958681e-02 2.4945846e-01
       766 2.3439192e+00 2.0384841e-01 4.1811246e-02 2.4762017e-01
       767 2.3434745e+00 2.0332723e-01 4.1613496e-02 2.4649228e-01
       768 2.3434148e+00 2.0341177e-01 4.1649851e-02 2.4666559e-01
       769 2.3437958e+00 2.0188711e-01 4.1019452e-02 2.4280961e-01
       770 2.3429430e+00 2.0311786e-01 4.1546196e-02 2.4201965e-01
       771 2.3431308e+00 2.0375111e-01 4.1797492e-02 2.4804768e-01
       772 2.3432840e+00 2.0052391e-01 4.0487683e-02 2.3810525e-01
       773 2.3409623e+00 2.0319032e-01 4.1646941e-02 2.4739961e-01
       774 2.3417363e+00 2.0357869e-01 4.1776119e-02 2.4686060e-01
       775 2.3424206e+00 2.0209530e-01 4.1149887e-02 2.4327577e-01
       776 2.3421715e+00 2.0178931e-01 4.1035097e-02 2.4292277e-01
       777 2.3404376e+00 2.0357370e-01 4.1823094e-02 2.5186469e-01
       778 2.3429267e+00 2.0265298e-01 4.1358115e-02 2.4387685e-01
       779 2.3415669e+00 2.0223055e-01 4.1235234e-02 2.4462765e-01
       780 2.3415024e+00 2.0269294e-01 4.1424842e-02 2.4653027e-01
       781 2.3406010e+00 2.0309377e-01 4.1621570e-02 2.5183808e-01
       782 2.3420573e+00 2.0155394e-01 4.0944239e-02 2.4278207e-01
       783 2.3431543e+00 2.0224751e-01 4.1186241e-02 2.4370164e-01
       784 2.3433530e+00 2.0115626e-01 4.0739390e-02 2.3963453e-01
       785 2.3438214e+00 2.0007287e-01 4.0289374e-02 2.4010161e-01
       786 2.3429810e+00 2.0238417e-01 4.1247393e-02 2.4511373e-01
       787 2.3419909e+00 2.0243117e-01 4.1301006e-02 2.4446070e-01
       788 2.3419178e+00 2.0142456e-01 4.0897111e-02 2.4203394e-01
       789 2.3433374e+00 2.0060488e-01 4.0518386e-02 2.3939176e-01
       790 2.3434362e+00 2.0086432e-01 4.0619269e-02 2.3987559e-01
       791 2.3435383e+00 2.0032192e-01 4.0398303e-02 2.3763491e-01
       792 2.3425636e+00 2.0064138e-01 4.0559346e-02 2.3895739e-01
       793 2.3444004e+00 1.9957884e-01 4.0073587e-02 2.3818848e-01
       794 2.3423121e+00 2.0094730e-01 4.0691011e-02 2.4085629e-01
       795 2.3437583e+00 1.9924529e-01 3.9960945e-02 2.3632591e-01
       796 2.3423587e+00 2.0140054e-01 4.0871729e-02 2.4172571e-01
       797 2.3421758e+00 2.0174585e-01 4.1017404e-02 2.4327652e-01
       798 2.3444173e+00 1.9916161e-01 3.9906696e-02 2.3824941e-01
       799 2.3430538e+00 1.9819429e-01 3.9566549e-02 2.3360689e-01
       800 2.3429484e+00 2.0025792e-01 4.0392382e-02 2.3910869e-01
       801 2.3445258e+00 1.9912598e-01 3.9889143e-02 2.3967280e-01
       802 2.3452724e+00 1.9890176e-01 3.9777423e-02 2.4025082e-01
       803 2.3441707e+00 1.9797333e-01 3.9442512e-02 2.3414256e-01
       804 2.3426973e+00 2.0026742e-01 4.0404787e-02 2.3942511e-01
       805 2.3423148e+00 1.9929634e-01 4.0030128e-02 2.3787467e-01
       806 2.3429759e+00 2.0004134e-01 4.0304750e-02 2.3837300e-01
       807 2.3412022e+00 1.9963246e-01 4.0204701e-02 2.4182840e-01
       808 2.3424658e+00 1.9956770e-01 4.0133063e-02 2.3581475e-01
       809 2.3424290e+00 1.9815946e-01 3.9574255e-02 2.3449345e-01
       810 2.3432036e+00 1.9724442e-01 3.9185893e-02 2.3057423e-01
       811 2.3440915e+00 1.9727419e-01 3.9168684e-02 2.3183861e-01
       812 2.3419292e+00 1.9883354e-01 3.9859622e-02 2.3860815e-01
       813 2.3431317e+00 1.9688013e-01 3.9044733e-02 2.2988098e-01
       814 2.3421523e+00 1.9725802e-01 3.9227582e-02 2.3315667e-01
       815 2.3435473e+00 1.9765012e-01 3.9334707e-02 2.3296883e-01
       816 2.3428389e+00 1.9728659e-01 3.9214881e-02 2.3240465e-01
       817 2.3429860e+00 1.9739417e-01 3.9252330e-02 2.3227192e-01
       818 2.3430747e+00 1.9683782e-01 3.9029997e-02 2.2954089e-01
       819 2.3418708e+00 1.9804602e-01 3.9549184e-02 2.3818172e-01
       820 2.3440227e+00 1.9661212e-01 3.8910093e-02 2.3131253e-01
       821 2.3414991e+00 1.9910958e-01 3.9985162e-02 2.4009904e-01
       822 2.3431450e+00 1.9729457e-01 3.9207649e-02 2.3124085e-01
       823 2.3436883e+00 1.9697016e-01 3.9061773e-02 2.3186997e-01
       824 2.3425757e+00 1.9736147e-01 3.9253512e-02 2.3356787e-01
       825 2.3435485e+00 1.9790502e-01 3.9435496e-02 2.3266297e-01
       826 2.3459427e+00 1.9429440e-01 3.7946595e-02 2.3125949e-01
       827 2.3433637e+00 1.9743312e-01 3.9255035e-02 2.3197779e-01
       828 2.3447016e+00 1.9538995e-01 3.8409828e-02 2.2857379e-01
       829 2.3433860e+00 1.9600407e-01 3.8692050e-02 2.3042820e-01
       830 2.3433932e+00 1.9661532e-01 3.8931802e-02 2.2932201e-01
       831 2.3438651e+00 1.9610696e-01 3.8716752e-02 2.2779323e-01
       832 2.3455447e+00 1.9440853e-01 3.8002266e-02 2.2915801e-01
       833 2.3440607e+00 1.9572399e-01 3.8560436e-02 2.2869549e-01
       834 2.3453041e+00 1.9425752e-01 3.7950564e-02 2.2728487e-01
       835 2.3455703e+00 1.9357710e-01 3.7678949e-02 2.2678870e-01
       836 2.3439172e+00 1.9504838e-01 3.8301010e-02 2.2789359e-01
       837 2.3439565e+00 1.9484731e-01 3.8221355e-02 2.2598249e-01
       838 2.3440589e+00 1.9466777e-01 3.8148154e-02 2.2666957e-01
       839 2.3420412e+00 1.9566168e-01 3.8604319e-02 2.3130097e-01
       840 2.3419558e+00 1.9546490e-01 3.8530415e-02 2.3104683e-01
       841 2.3430611e+00 1.9479097e-01 3.8228851e-02 2.2751695e-01
       842 2.3417361e+00 1.9642218e-01 3.8913521e-02 2.3490531e-01
       843 2.3428458e+00 1.9418038e-01 3.7998664e-02 2.2698150e-01
       844 2.3438138e+00 1.9378851e-01 3.7814453e-02 2.2415279e-01
       845 2.3426944e+00 1.9458690e-01 3.8161911e-02 2.2865359e-01
       846 2.3440985e+00 1.9392229e-01 3.7857211e-02 2.2528493e-01
       847 2.3434031e+00 1.9437903e-01 3.8057100e-02 2.2730694e-01
       848 2.3422967e+00 1.9483501e-01 3.8272416e-02 2.2912479e-01
       849 2.3444517e+00 1.9227473e-01 3.7209855e-02 2.2045916e-01
       850 2.3426257e+00 1.9375017e-01 3.7839356e-02 2.2616976e-01
       851 2.3437859e+00 1.9260639e-01 3.7358586e-02 2.2255028e-01
       852 2.3428149e+00 1.9401366e-01 3.7935006e-02 2.2718779e-01
       853 2.3453454e+00 1.9215433e-01 3.7136660e-02 2.2249005e-01
       854 2.3431141e+00 1.9436609e-01 3.8061714e-02 2.2542369e-01
       855 2.3441615e+00 1.9150107e-01 3.6922023e-02 2.1912572e-01
       856 2.3437930e+00 1.9289649e-01 3.7470195e-02 2.2190251e-01
       857 2.3426456e+00 1.9413658e-01 3.7988546e-02 2.2754064e-01
       858 2.3439595e+00 1.9250248e-01 3.7312989e-02 2.2206311e-01
       859 2.3441812e+00 1.9231127e-01 3.7232365e-02 2.2174661e-01
       860 2.3417493e+00 1.9370904e-01 3.7854558e-02 2.3004226e-01
       861 2.3447806e+00 1.9150457e-01 3.6904195e-02 2.1991443e-01
       862 2.3451072e+00 1.9211356e-01 3.7128010e-02 2.2069490e-01
       863 2.3462588e+00 1.9048694e-01 3.6472797e-02 2.2325262e-01
       864 2.3447357e+00 1.9076531e-01 3.6622963e-02 2.1896527e-01
       865 2.3438026e+00 1.9032676e-01 3.6485103e-02 2.1709598e-01
       866 2.3436077e+00 1.9174013e-01 3.7031438e-02 2.2110667e-01
       867 2.3446885e+00 1.9451886e-01 3.8070587e-02 2.2925125e-01
       868 2.3414347e+00 1.9327209e-01 3.7697018e-02 2.3093567e-01
       869 2.3441455e+00 1.9163246e-01 3.6972867e-02 2.2053338e-01
       870 2.3434909e+00 1.9123959e-01 3.6843570e-02 2.1985364e-01
       871 2.3437216e+00 1.9029832e-01 3.6476900e-02 2.1735362e-01
       872 2.3436832e+00 1.9144655e-01 3.6916476e-02 2.2049165e-01
       873 2.3438364e+00 1.9127056e-01 3.6844166e-02 2.1910351e-01
       874 2.3433589e+00 1.9295232e-01 3.7505950e-02 2.2487421e-01
       875 2.3435124e+00 1.9153507e-01 3.6955968e-02 2.2061901e-01
       876 2.3456704e+00 1.8979508e-01 3.6226158e-02 2.1889634e-01
       877 2.3429413e+00 1.9190265e-01 3.7116017e-02 2.2335830e-01
       878 2.3449298e+00 1.9033615e-01 3.6453540e-02 2.1793950e-01
       879 2.3444547e+00 1.9034700e-01 3.6472171e-02 2.1867503e-01
       880 2.3446191e+00 1.8965221e-01 3.6203079e-02 2.1573543e-01
       881 2.3431815e+00 1.9200705e-01 3.7147982e-02 2.2322103e-01
       882 2.3435011e+00 1.9065197e-01 3.6618829e-02 2.1842472e-01
       883 2.3444086e+00 1.9028739e-01 3.6450911e-02 2.1748072e-01
       884 2.3450942e+00 1.8903638e-01 3.5955531e-02 2.1446028e-01
       885 2.3453001e+00 1.8835809e-01 3.5693470e-02 2.1471307e-01
       886 2.3422776e+00 1.9082145e-01 3.6725234e-02 2.2429348e-01
       887 2.3444429e+00 1.9012301e-01 3.6387312e-02 2.1792923e-01
       888 2.3437641e+00 1.8987812e-01 3.6315770e-02 2.1793158e-01
       889 2.3438406e+00 1.9083320e-01 3.6676910e-02 2.1791332e-01
       890 2.3433184e+00 1.8953191e-01 3.6199047e-02 2.1795024e-01
       891 2.3446746e+00 1.8868650e-01 3.5836017e-02 2.1459088e-01
       892 2.3435608e+00 1.9049002e-01 3.6555140e-02 2.1937009e-01
       893 2.3441357e+00 1.8947907e-01 3.6152498e-02 2.1541167e-01
       894 2.3433416e+00 1.8964975e-01 3.6242960e-02 2.1713186e-01
       895 2.3454244e+00 1.8775678e-01 3.5463679e-02 2.1267245e-01
       896 2.3437814e+00 1.8877695e-01 3.5898248e-02 2.1651861e-01
       897 2.3457201e+00 1.8810233e-01 3.5585055e-02 2.1596565e-01
       898 2.3446865e+00 1.8807184e-01 3.5604075e-02 2.1324828e-01
       899 2.3431763e+00 1.8874941e-01 3.5907791e-02 2.1675841e-01
       900 2.3438822e+00 1.8771719e-01 3.5496005e-02 2.1192611e-01
       901 2.3442232e+00 1.8850794e-01 3.5782660e-02 2.1425635e-01
       902 2.3436842e+00 1.8787606e-01 3.5562079e-02 2.1404381e-01
       903 2.3443087e+00 1.8687427e-01 3.5166728e-02 2.0964386e-01
       904 2.3457905e+00 1.8616411e-01 3.4857644e-02 2.1122037e-01
       905 2.3434741e+00 1.8878756e-01 3.5912286e-02 2.1601390e-01
       906 2.3460028e+00 1.8652500e-01 3.4986174e-02 2.1243873e-01
       907 2.3434580e+00 1.8801281e-01 3.5620892e-02 2.1413227e-01
       908 2.3444688e+00 1.8700056e-01 3.5208961e-02 2.0967187e-01
       909 2.3440096e+00 1.8892630e-01 3.5947329e-02 2.1480543e-01
       910 2.3438627e+00 1.8658073e-01 3.5071260e-02 2.0959993e-01
       911 2.3442808e+00 1.8714130e-01 3.5267476e-02 2.1211999e-01
       912 2.3453148e+00 1.8591307e-01 3.4777940e-02 2.0810007e-01
       913 2.3456852e+00 1.8646246e-01 3.4971811e-02 2.1076305e-01
       914 2.3436118e+00 1.8684065e-01 3.5176457e-02 2.1144917e-01
       915 2.3442050e+00 1.8448348e-01 3.4282147e-02 2.0487378e-01
       916 2.3453089e+00 1.8418078e-01 3.4137001e-02 2.0551860e-01
       917 2.3439208e+00 1.8865102e-01 3.5846233e-02 2.1694565e-01
       918 2.3452678e+00 1.8606882e-01 3.4837253e-02 2.0929535e-01
       919 2.3445563e+00 1.8458126e-01 3.4307293e-02 2.0427848e-01
       920 2.3430214e+00 1.8727844e-01 3.5359883e-02 2.1585291e-01
       921 2.3452160e+00 1.8460652e-01 3.4296736e-02 2.0550270e-01
       922 2.3448991e+00 1.8529946e-01 3.4562503e-02 2.0749856e-01
       923 2.3455962e+00 1.8327717e-01 3.3796629e-02 2.0460177e-01
       924 2.3452962e+00 1.8513050e-01 3.4488116e-02 2.0835470e-01
       925 2.3433236e+00 1.8588405e-01 3.4829409e-02 2.1161675e-01
       926 2.3449707e+00 1.8562441e-01 3.4680882e-02 2.0859528e-01
       927 2.3448797e+00 1.8396416e-01 3.4070011e-02 2.0455622e-01
       928 2.3458305e+00 1.8480339e-01 3.4351732e-02 2.0764410e-01
       929 2.3423067e+00 1.8759513e-01 3.5503316e-02 2.1974518e-01
       930 2.3465515e+00 1.8335643e-01 3.3799172e-02 2.0708352e-01
       931 2.3451089e+00 1.8493763e-01 3.4422267e-02 2.0690887e-01
       932 2.3436895e+00 1.8480210e-01 3.4416310e-02 2.0862670e-01
       933 2.3449859e+00 1.8454146e-01 3.4279557e-02 2.0615559e-01
       934 2.3451489e+00 1.8382242e-01 3.4009836e-02 2.0449658e-01
       935 2.3445810e+00 1.8537647e-01 3.4600726e-02 2.0931955e-01
       936 2.3441214e+00 1.8445776e-01 3.4275297e-02 2.0631800e-01
       937 2.3436014e+00 1.8514067e-01 3.4544431e-02 2.0984968e-01
       938 2.3456320e+00 1.8207994e-01 3.3358185e-02 2.0207802e-01
       939 2.3449482e+00 1.8330789e-01 3.3826917e-02 2.0295383e-01
       940 2.3455878e+00 1.8338479e-01 3.3836332e-02 2.0465911e-01
       941 2.3450503e+00 1.8253442e-01 3.3540898e-02 2.0208521e-01
       942 2.3457315e+00 1.8247639e-01 3.3499874e-02 2.0244203e-01
       943 2.3440573e+00 1.8427376e-01 3.4209483e-02 2.0623461e-01
       944 2.3461557e+00 1.8210984e-01 3.3354354e-02 2.0397150e-01
       945 2.3452988e+00 1.8281895e-01 3.3637507e-02 2.0387356e-01
       946 2.3461364e+00 1.8224385e-01 3.3403712e-02 2.0423103e-01
       947 2.3440641e+00 1.8349318e-01 3.3922196e-02 2.0646740e-01
       948 2.3441179e+00 1.8298252e-01 3.3733347e-02 2.0439309e-01
       949 2.3448038e+00 1.8054986e-01 3.2827742e-02 1.9692394e-01
       950 2.3438704e+00 1.8289814e-01 3.3710370e-02 2.0507391e-01
       951 2.3433057e+00 1.8446191e-01 3.4303321e-02 2.1063875e-01
       952 2.3439518e+00 1.8295292e-01 3.3727800e-02 2.0524699e-01
       953 2.3469645e+00 1.8021189e-01 3.2645020e-02 2.0091424e-01
       954 2.3456191e+00 1.8342472e-01 3.3850081e-02 2.0680420e-01
       955 2.3437591e+00 1.8272337e-01 3.3650060e-02 2.0538334e-01
       956 2.3449667e+00 1.8269432e-01 3.3601798e-02 2.0241692e-01
       957 2.3458630e+00 1.8166302e-01 3.3199976e-02 2.0260544e-01
       958 2.3430512e+00 1.8420070e-01 3.4215559e-02 2.1218093e-01
       959 2.3451452e+00 1.8269351e-01 3.3596182e-02 2.0375051e-01
       960 2.3456938e+00 1.8080980e-01 3.2895501e-02 1.9915898e-01
       961 2.3448209e+00 1.8144042e-01 3.3149599e-02 2.0085628e-01
       962 2.3446313e+00 1.8236731e-01 3.3492582e-02 2.0378846e-01
       963 2.3458216e+00 1.8106165e-01 3.2983009e-02 1.9943858e-01
       964 2.3461423e+00 1.8084443e-01 3.2895436e-02 2.0141797e-01
       965 2.3465533e+00 1.8028748e-01 3.2683123e-02 1.9941384e-01
       966 2.3461635e+00 1.7960922e-01 3.2449613e-02 1.9758901e-01
       967 2.3449687e+00 1.8115738e-01 3.3042516e-02 2.0015534e-01
       968 2.3463223e+00 1.8101437e-01 3.2951991e-02 2.0202024e-01
       969 2.3455119e+00 1.8054294e-01 3.2804290e-02 1.9800921e-01
       970 2.3461498e+00 1.7972719e-01 3.2492383e-02 1.9733174e-01
       971 2.3453537e+00 1.8023424e-01 3.2697512e-02 1.9922910e-01
       972 2.3443459e+00 1.8128773e-01 3.3108814e-02 2.0071102e-01
       973 2.3455147e+00 1.7908386e-01 3.2279483e-02 1.9466828e-01
       974 2.3453614e+00 1.7907077e-01 3.2279247e-02 1.9432580e-01
       975 2.3446815e+00 1.8119993e-01 3.3066624e-02 2.0083969e-01
       976 2.3453482e+00 1.7936760e-01 3.2386027e-02 1.9717222e-01
       977 2.3448775e+00 1.8003880e-01 3.2641232e-02 1.9839344e-01
       978 2.3430766e+00 1.7935967e-01 3.2454692e-02 2.0364758e-01
       979 2.3452109e+00 1.7724502e-01 3.1633120e-02 1.9291676e-01
       980 2.3457826e+00 1.7842494e-01 3.2036253e-02 1.9306169e-01
       981 2.3440358e+00 1.8045469e-01 3.2817244e-02 2.0038411e-01
       982 2.3439357e+00 1.7807541e-01 3.1967399e-02 1.9788589e-01
       983 2.3444155e+00 1.7804644e-01 3.1941938e-02 1.9597024e-01
       984 2.3457733e+00 1.7731040e-01 3.1640034e-02 1.9122152e-01
       985 2.3455219e+00 1.7908396e-01 3.2279312e-02 1.9563327e-01
       986 2.3457344e+00 1.7662193e-01 3.1397467e-02 1.9075985e-01
       987 2.3439021e+00 1.7908806e-01 3.2330155e-02 1.9958615e-01
       988 2.3434099e+00 1.8007939e-01 3.2702252e-02 2.0359369e-01
       989 2.3456066e+00 1.7874260e-01 3.2154729e-02 1.9553810e-01
       990 2.3454778e+00 1.7793065e-01 3.1868841e-02 1.9371670e-01
       991 2.3438620e+00 1.7995631e-01 3.2643186e-02 2.0178264e-01
       992 2.3467886e+00 1.7650121e-01 3.1325974e-02 1.9329072e-01
       993 2.3449761e+00 1.7905805e-01 3.2286084e-02 1.9619726e-01
       994 2.3460101e+00 1.7778099e-01 3.1800476e-02 1.9339809e-01
       995 2.3485473e+00 1.7513809e-01 3.0803434e-02 1.9836853e-01
       996 2.3467799e+00 1.7636660e-01 3.1278700e-02 1.9171483e-01
       997 2.3449398e+00 1.7868016e-01 3.2151985e-02 1.9618138e-01
       998 2.3464679e+00 1.7695665e-01 3.1495499e-02 1.9264586e-01
       999 2.3473274e+00 1.7601500e-01 3.1140678e-02 1.9419392e-01
      1000 2.3454614e+00 1.7691604e-01 3.1509286e-02 1.9247927e-01

Final Weights:         0.0756508520         0.6074083420        -0.2377715014        -0.4325948838 