# Cycles, Average Predicted Temperature, Stddev Predicted Temperature, Mean Squared Error, || MSE Gradient ||
         0    0.00138    0.00213    5.41867    0.24212
         1    0.00138    0.00214    5.41867    0.24287
         2    0.00141    0.00216    5.41853    0.24492
         3    0.00142    0.00217    5.41850    0.24618
         4    0.00142    0.00219    5.41848    0.24544
         5    0.00145    0.00222    5.41836    0.25010
         6    0.00146    0.00223    5.41831    0.25111
         7    0.00147    0.00226    5.41827    0.25227
         8    0.00147    0.00226    5.41826    0.25060
         9    0.00148    0.00229    5.41820    0.25294
        10    0.00150    0.00232    5.41811    0.25579
        11    0.00152    0.00235    5.41801    0.25807
        12    0.00154    0.00235    5.41795    0.26018
        13    0.00156    0.00237    5.41786    0.26293
        14    0.00157    0.00240    5.41780    0.26437
        15    0.00158    0.00240    5.41777    0.26437
        16    0.00159    0.00244    5.41770    0.26528
        17    0.00159    0.00243    5.41769    0.26504
        18    0.00163    0.00250    5.41753    0.26960
        19    0.00165    0.00252    5.41740    0.27448
        20    0.00165    0.00252    5.41745    0.27232
        21    0.00168    0.00255    5.41729    0.27657
        22    0.00171    0.00258    5.41716    0.27941
        23    0.00170    0.00258    5.41720    0.27760
        24    0.00175    0.00266    5.41698    0.28517
        25    0.00173    0.00263    5.41705    0.28167
        26    0.00176    0.00267    5.41690    0.28584
        27    0.00177    0.00270    5.41685    0.28772
        28    0.00181    0.00273    5.41670    0.29132
        29    0.00183    0.00279    5.41657    0.29707
        30    0.00184    0.00279    5.41655    0.29688
        31    0.00186    0.00281    5.41646    0.29983
        32    0.00188    0.00285    5.41635    0.30212
        33    0.00188    0.00285    5.41636    0.30005
        34    0.00191    0.00287    5.41623    0.30432
        35    0.00192    0.00290    5.41615    0.30680
        36    0.00195    0.00292    5.41606    0.30944
        37    0.00196    0.00295    5.41599    0.30968
        38    0.00201    0.00301    5.41575    0.31616
        39    0.00200    0.00301    5.41578    0.31585
        40    0.00206    0.00307    5.41553    0.32227
        41    0.00206    0.00311    5.41550    0.32152
        42    0.00205    0.00308    5.41556    0.32051
        43    0.00212    0.00315    5.41522    0.32940
        44    0.00211    0.00316    5.41531    0.32593
        45    0.00210    0.00319    5.41531    0.32470
        46    0.00214    0.00320    5.41514    0.32860
        47    0.00219    0.00328    5.41490    0.33478
        48    0.00221    0.00329    5.41481    0.33717
        49    0.00226    0.00336    5.41461    0.34271
        50    0.00225    0.00336    5.41462    0.34000
        51    0.00228    0.00337    5.41448    0.34331
        52    0.00232    0.00343    5.41431    0.34923
        53    0.00236    0.00352    5.41414    0.35274
        54    0.00239    0.00354    5.41397    0.35782
        55    0.00242    0.00358    5.41384    0.36077
        56    0.00241    0.00356    5.41390    0.35826
        57    0.00247    0.00366    5.41363    0.36370
        58    0.00249    0.00368    5.41351    0.36670
        59    0.00251    0.00369    5.41342    0.36877
        60    0.00255    0.00375    5.41326    0.37175
        61    0.00257    0.00378    5.41313    0.37418
        62    0.00261    0.00381    5.41297    0.37987
        63    0.00263    0.00385    5.41288    0.37921
        64    0.00266    0.00390    5.41274    0.38282
        65    0.00271    0.00399    5.41248    0.38804
        66    0.00275    0.00404    5.41230    0.39345
        67    0.00276    0.00404    5.41228    0.39248
        68    0.00278    0.00407    5.41218    0.39465
        69    0.00285    0.00417    5.41187    0.40198
        70    0.00286    0.00417    5.41180    0.40483
        71    0.00291    0.00425    5.41158    0.40855
        72    0.00294    0.00425    5.41144    0.41259
        73    0.00294    0.00428    5.41142    0.41181
        74    0.00303    0.00438    5.41102    0.42186
        75    0.00305    0.00439    5.41094    0.42258
        76    0.00305    0.00438    5.41093    0.42269
        77    0.00312    0.00448    5.41059    0.42934
        78    0.00317    0.00459    5.41035    0.43450
        79    0.00321    0.00462    5.41020    0.43730
        80    0.00327    0.00472    5.40993    0.44314
        81    0.00331    0.00471    5.40971    0.44736
        82    0.00331    0.00476    5.40971    0.44582
        83    0.00335    0.00477    5.40952    0.45254
        84    0.00340    0.00484    5.40932    0.45630
        85    0.00346    0.00496    5.40902    0.46307
        86    0.00356    0.00505    5.40855    0.47390
        87    0.00357    0.00508    5.40850    0.47498
        88    0.00363    0.00518    5.40824    0.47875
        89    0.00370    0.00520    5.40793    0.48627
        90    0.00370    0.00522    5.40793    0.48347
        91    0.00376    0.00528    5.40763    0.49150
        92    0.00384    0.00540    5.40726    0.49836
        93    0.00388    0.00546    5.40707    0.50299
        94    0.00392    0.00551    5.40690    0.50697
        95    0.00398    0.00555    5.40663    0.51177
        96    0.00404    0.00564    5.40633    0.51742
        97    0.00411    0.00573    5.40601    0.52399
        98    0.00420    0.00584    5.40558    0.53439
        99    0.00428    0.00590    5.40521    0.54152
       100    0.00425    0.00589    5.40536    0.53799
       101    0.00439    0.00607    5.40470    0.54914
       102    0.00440    0.00608    5.40466    0.55077
       103    0.00446    0.00613    5.40436    0.55676
       104    0.00449    0.00619    5.40424    0.55889
       105    0.00462    0.00634    5.40367    0.57137
       106    0.00471    0.00643    5.40321    0.58010
       107    0.00478    0.00655    5.40289    0.58668
       108    0.00487    0.00659    5.40247    0.59451
       109    0.00494    0.00669    5.40217    0.59891
       110    0.00495    0.00670    5.40212    0.59919
       111    0.00504    0.00680    5.40167    0.60785
       112    0.00515    0.00701    5.40117    0.61716
       113    0.00520    0.00698    5.40095    0.62151
       114    0.00532    0.00715    5.40041    0.63178
       115    0.00534    0.00715    5.40031    0.63328
       116    0.00542    0.00729    5.39994    0.63963
       117    0.00560    0.00744    5.39909    0.65789
       118    0.00565    0.00752    5.39887    0.66142
       119    0.00577    0.00762    5.39829    0.67292
       120    0.00589    0.00786    5.39775    0.68339
       121    0.00592    0.00774    5.39764    0.68742
       122    0.00604    0.00793    5.39708    0.69596
       123    0.00616    0.00809    5.39652    0.70230
       124    0.00627    0.00823    5.39601    0.71631
       125    0.00648    0.00838    5.39502    0.73410
       126    0.00655    0.00850    5.39470    0.74451
       127    0.00657    0.00850    5.39460    0.74725
       128    0.00672    0.00865    5.39393    0.76419
       129    0.00684    0.00881    5.39335    0.77899
       130    0.00695    0.00887    5.39286    0.78716
       131    0.00711    0.00903    5.39211    0.80294
       132    0.00731    0.00922    5.39120    0.81895
       133    0.00743    0.00933    5.39062    0.83320
       134    0.00755    0.00951    5.39006    0.84327
       135    0.00766    0.00958    5.38957    0.85536
       136    0.00795    0.00990    5.38824    0.87954
       137    0.00807    0.00992    5.38769    0.89441
       138    0.00823    0.01008    5.38693    0.90644
       139    0.00841    0.01029    5.38611    0.92150
       140    0.00864    0.01047    5.38505    0.94532
       141    0.00881    0.01067    5.38426    0.95978
       142    0.00889    0.01068    5.38388    0.96572
       143    0.00927    0.01099    5.38212    1.00399
       144    0.00939    0.01118    5.38155    1.01464
       145    0.00954    0.01127    5.38087    1.02907
       146    0.00986    0.01149    5.37940    1.06054
       147    0.01020    0.01191    5.37785    1.09498
       148    0.01041    0.01198    5.37685    1.11905
       149    0.01063    0.01227    5.37583    1.13983
       150    0.01097    0.01249    5.37430    1.16640
       151    0.01125    0.01279    5.37297    1.19214
       152    0.01152    0.01289    5.37176    1.21851
       153    0.01193    0.01321    5.36987    1.25418
       154    0.01218    0.01334    5.36871    1.27709
       155    0.01256    0.01371    5.36692    1.30525
       156    0.01298    0.01406    5.36501    1.34086
       157    0.01332    0.01430    5.36343    1.37312
       158    0.01386    0.01482    5.36094    1.72345
       159    0.01446    0.01501    5.35816    1.79584
       160    0.01514    0.01547    5.35502    1.86130
       161    0.01597    0.01595    5.35122    1.95323
       162    0.01671    0.01639    5.34781    2.03281
       163    0.01776    0.01709    5.34298    2.12929
       164    0.01869    0.01764    5.33872    2.23874
       165    0.01975    0.01836    5.33382    2.33690
       166    0.02110    0.01936    5.32761    2.49222
       167    0.02235    0.01999    5.32191    2.61377
       168    0.02402    0.02121    5.31423    2.76224
       169    0.02567    0.02212    5.30665    2.92191
       170    0.02766    0.02342    5.29754    3.09136
       171    0.02983    0.02487    5.28765    3.28821
       172    0.03228    0.02665    5.27650    3.50968
       173    0.03498    0.02855    5.26419    3.83159
       174    0.03864    0.03106    5.24755    4.12423
       175    0.04221    0.03369    5.23137    4.41256
       176    0.04695    0.03707    5.20997    4.80440
       177    0.05216    0.04097    5.18651    5.18417
       178    0.05828    0.04576    5.15911    5.59243
       179    0.06540    0.05139    5.12737    6.11241
       180    0.07471    0.05841    5.08609    6.66927
       181    0.08485    0.06673    5.04151    7.26861
       182    0.09778    0.07680    4.98505    8.10333
       183    0.11400    0.08941    4.91506    8.88543
       184    0.13328    0.10508    4.83305    9.73497
       185    0.15657    0.12377    4.73557   10.66073
       186    0.18623    0.14803    4.61417   11.70936
       187    0.22179    0.17724    4.47254   12.76452
       188    0.26637    0.21418    4.30109   13.88490
       189    0.32165    0.25989    4.09773   14.99721
       190    0.38837    0.31668    3.86707   15.95205
       191    0.46919    0.38484    3.60768   16.87058
       192    0.56777    0.46529    3.31908   17.08275
       193    0.67952    0.55862    3.03346   16.56286
       194    0.80496    0.66371    2.76377   15.18636
       195    0.92631    0.76662    2.55575   13.03701
       196    1.04334    0.86676    2.40468   10.31115
       197    1.14553    0.94987    2.30329    7.59106
       198    1.22184    1.01758    2.26168    5.10192
       199    1.27606    1.05968    2.23200    3.41804
       200    1.31438    1.09133    2.22083    2.12916
       201    1.33379    1.10764    2.21768    1.48464
       202    1.34792    1.11917    2.21543    1.07693
       203    1.35666    1.12736    2.21673    0.85509
       204    1.35703    1.12742    2.21616    0.85986
       205    1.36376    1.13271    2.21507    0.77692
       206    1.36416    1.13458    2.21855    0.74922
       207    1.36863    1.13591    2.21295    0.75790
       208    1.36939    1.13804    2.21634    0.72353
       209    1.36588    1.13702    2.22078    0.70211
       210    1.36957    1.13186    2.20196    0.77520
       211    1.36824    1.13828    2.21910    0.73765
       212    1.36679    1.13775    2.22067    0.73467
       213    1.36431    1.13382    2.21654    0.73336
       214    1.37006    1.13826    2.21556    0.73815
       215    1.36539    1.13684    2.22131    0.71170
       216    1.37168    1.13289    2.20025    0.71273
       217    1.36954    1.13549    2.21026    0.71520
       218    1.36743    1.13482    2.21278    0.70373
       219    1.37248    1.13985    2.21453    0.71025
       220    1.36258    1.13360    2.21936    0.72194
       221    1.37055    1.13983    2.21820    0.73290
       222    1.36966    1.13178    2.20162    0.74517
       223    1.36923    1.13331    2.20591    0.70596
       224    1.37148    1.13882    2.21412    0.71085
       225    1.36983    1.13527    2.20919    0.68034
       226    1.36998    1.13490    2.20806    0.69503
       227    1.36992    1.13626    2.21129    0.66981
       228    1.37068    1.13404    2.20479    0.66150
       229    1.37247    1.13729    2.20874    0.66185
       230    1.36974    1.13505    2.20887    0.67199
       231    1.37271    1.13750    2.20875    0.65626
       232    1.37322    1.13707    2.20679    0.65353
       233    1.37126    1.13519    2.20627    0.65630
       234    1.36916    1.13322    2.20584    0.68544
       235    1.37051    1.13414    2.20532    0.65182
       236    1.37632    1.13499    2.19615    0.62821
       237    1.37588    1.13275    2.19190    0.65736
       238    1.37740    1.13649    2.19750    0.64667
       239    1.37633    1.13536    2.19697    0.62980
       240    1.37804    1.13781    2.19930    0.63698
       241    1.37428    1.13486    2.19975    0.64096
       242    1.37293    1.13576    2.20437    0.63297
       243    1.37735    1.13112    2.18542    0.64625
       244    1.37486    1.13648    2.20233    0.62909
       245    1.37688    1.13751    2.20080    0.63846
       246    1.37321    1.13505    2.20222    0.64306
       247    1.37318    1.13589    2.20419    0.59941
       248    1.37683    1.13258    2.18973    0.61680
       249    1.38033    1.13469    2.18785    0.62008
       250    1.37576    1.13559    2.19859    0.59135
       251    1.37857    1.13319    2.18778    0.59779
       252    1.37801    1.13592    2.19504    0.61043
       253    1.37721    1.13483    2.19409    0.56139
       254    1.37805    1.13839    2.20059    0.60762
       255    1.38018    1.13386    2.18625    0.60453
       256    1.38071    1.13658    2.19142    0.55256
       257    1.37773    1.13453    2.19243    0.59748
       258    1.37565    1.13458    2.19651    0.58905
       259    1.37552    1.13131    2.18935    0.58241
       260    1.38133    1.13546    2.18770    0.58343
       261    1.38205    1.13427    2.18364    0.58320
       262    1.37718    1.13422    2.19277    0.53433
       263    1.37989    1.13351    2.18600    0.56919
       264    1.38546    1.13864    2.18712    0.58015
       265    1.37904    1.13651    2.19445    0.55484
       266    1.37935    1.13510    2.19063    0.53752
       267    1.37888    1.13427    2.18966    0.55472
       268    1.38081    1.13459    2.18670    0.49677
       269    1.37709    1.13472    2.19407    0.54263
       270    1.37943    1.13821    2.19757    0.56141
       271    1.38007    1.13488    2.18877    0.51630
       272    1.38208    1.13646    2.18855    0.53714
       273    1.37767    1.13405    2.19146    0.50147
       274    1.37933    1.13517    2.19084    0.52314
       275    1.37924    1.13248    2.18492    0.54130
       276    1.38328    1.13744    2.18851    0.51016
       277    1.38614    1.13674    2.18152    0.52897
       278    1.38034    1.13478    2.18802    0.48025
       279    1.37913    1.13679    2.19490    0.50127
       280    1.38320    1.13475    2.18256    0.50606
       281    1.37906    1.13338    2.18728    0.49972
       282    1.38226    1.13705    2.18955    0.47321
       283    1.38396    1.13625    2.18452    0.51401
       284    1.38167    1.13521    2.18649    0.49835
       285    1.37621    1.13399    2.19410    0.47676
       286    1.38408    1.13666    2.18521    0.50654
       287    1.38190    1.13319    2.18148    0.48146
       288    1.38037    1.13644    2.19175    0.50079
       289    1.38102    1.13754    2.19302    0.46119
       290    1.38238    1.13581    2.18651    0.49177
       291    1.38659    1.13545    2.17773    0.45884
       292    1.38335    1.13335    2.17907    0.47081
       293    1.38567    1.13490    2.17821    0.45348
       294    1.38576    1.13667    2.18206    0.41459
       295    1.38430    1.13345    2.17753    0.46682
       296    1.38784    1.13308    2.17001    0.45299
       297    1.38309    1.13687    2.18756    0.46125
       298    1.38673    1.13727    2.18161    0.45495
       299    1.38294    1.13371    2.18069    0.43392
       300    1.38508    1.13542    2.18052    0.46172
       301    1.38604    1.13402    2.17553    0.44317
       302    1.38761    1.13435    2.17331    0.46470
       303    1.38539    1.13559    2.18031    0.43928
       304    1.38392    1.13545    2.18276    0.40495
       305    1.38524    1.13435    2.17777    0.45717
       306    1.38564    1.13788    2.18506    0.43710
       307    1.38454    1.13659    2.18418    0.43403
       308    1.38661    1.13577    2.17842    0.41895
       309    1.38482    1.13635    2.18312    0.40974
       310    1.38345    1.13720    2.18764    0.40027
       311    1.38814    1.13705    2.17846    0.41506
       312    1.38568    1.13658    2.18203    0.41760
       313    1.37976    1.13355    2.18635    0.41363
       314    1.38473    1.13492    2.18004    0.36152
       315    1.38211    1.13295    2.18052    0.42225
       316    1.38761    1.13766    2.18085    0.38662
       317    1.38562    1.13567    2.18006    0.37862
       318    1.39099    1.13608    2.17090    0.37931
       319    1.38961    1.13640    2.17421    0.38441
       320    1.38838    1.13931    2.18313    0.39143
       321    1.38650    1.13615    2.17950    0.37356
       322    1.38519    1.13279    2.17435    0.41390
       323    1.38871    1.13305    2.16829    0.39079
       324    1.38710    1.13553    2.17696    0.39903
       325    1.38608    1.13669    2.18151    0.36492
       326    1.38707    1.13641    2.17901    0.36290
       327    1.38764    1.13631    2.17771    0.36102
       328    1.39108    1.13807    2.17525    0.33060
       329    1.39084    1.13733    2.17401    0.37515
       330    1.38774    1.13719    2.17952    0.34612
       331    1.38941    1.13519    2.17182    0.37375
       332    1.38606    1.13192    2.17072    0.39107
       333    1.38876    1.13677    2.17664    0.30275
       334    1.39047    1.13572    2.17105    0.37550
       335    1.39024    1.13812    2.17694    0.34468
       336    1.38611    1.14070    2.19059    0.32093
       337    1.38807    1.13550    2.17505    0.33305
       338    1.38365    1.13500    2.18226    0.34064
       339    1.38634    1.13539    2.17806    0.32639
       340    1.39102    1.13610    2.17089    0.36881
       341    1.39198    1.13587    2.16854    0.34963
       342    1.38938    1.13778    2.17778    0.33857
       343    1.38748    1.13673    2.17897    0.31435
       344    1.38844    1.13614    2.17582    0.32054
       345    1.39042    1.13605    2.17188    0.34383
       346    1.38935    1.13538    2.17239    0.31309
       347    1.38678    1.13582    2.17820    0.30227
       348    1.39475    1.13761    2.16733    0.30976
       349    1.38948    1.13863    2.17952    0.30533
       350    1.38117    1.13464    2.18614    0.32757
       351    1.38945    1.13846    2.17918    0.28387
       352    1.39116    1.13735    2.17345    0.29417
       353    1.38806    1.13606    2.17634    0.30899
       354    1.38806    1.13893    2.18287    0.29613
       355    1.38785    1.13522    2.17484    0.29329
       356    1.39042    1.13725    2.17460    0.29468
       357    1.39076    1.13348    2.16542    0.31204
       358    1.38800    1.13811    2.18113    0.24555
       359    1.38945    1.13664    2.17506    0.27892
       360    1.39208    1.14009    2.17797    0.29628
       361    1.39095    1.13809    2.17553    0.30939
       362    1.39100    1.13785    2.17490    0.28543
       363    1.38847    1.13860    2.18135    0.27160
       364    1.39020    1.13864    2.17818    0.27270
       365    1.39011    1.13389    2.16756    0.30314
       366    1.38869    1.13860    2.18095    0.23959
       367    1.39282    1.13754    2.17076    0.25809
       368    1.39043    1.13680    2.17358    0.28255
       369    1.39421    1.13366    2.15935    0.29432
       370    1.39089    1.13813    2.17574    0.27169
       371    1.38858    1.13842    2.18072    0.25713
       372    1.39122    1.13680    2.17211    0.24838
       373    1.38810    1.13665    2.17761    0.28109
       374    1.38719    1.13674    2.17954    0.25726
       375    1.39498    1.13667    2.16476    0.26684
       376    1.39045    1.13754    2.17521    0.25391
       377    1.39051    1.13846    2.17722    0.23422
       378    1.39042    1.13647    2.17285    0.25441
       379    1.38939    1.13497    2.17139    0.26473
       380    1.38905    1.13651    2.17550    0.24533
       381    1.39232    1.13887    2.17474    0.26524
       382    1.38873    1.13854    2.18073    0.22115
       383    1.39531    1.13744    2.16588    0.21084
       384    1.39403    1.13892    2.17166    0.26074
       385    1.39197    1.13897    2.17563    0.25078
       386    1.39509    1.13643    2.16401    0.23539
       387    1.39088    1.13695    2.17307    0.20267
       388    1.39542    1.13781    2.16654    0.25273
       389    1.38882    1.13879    2.18111    0.22204
       390    1.39350    1.13818    2.17096    0.25834
       391    1.38565    1.13716    2.18340    0.21161
       392    1.39188    1.14008    2.17833    0.22859
       393    1.39203    1.13936    2.17641    0.23450
       394    1.39062    1.13533    2.16989    0.22765
       395    1.39120    1.13434    2.16654    0.25313
       396    1.39630    1.13454    2.15745    0.23331
       397    1.39239    1.13906    2.17505    0.21229
       398    1.39529    1.14109    2.17425    0.24010
       399    1.39023    1.13536    2.17067    0.23016
       400    1.39136    1.13858    2.17588    0.20238
       401    1.39434    1.13914    2.17159    0.20989
       402    1.39642    1.13779    2.16462    0.22305
       403    1.38736    1.14064    2.18808    0.16105
       404    1.39118    1.13793    2.17474    0.18704
       405    1.38691    1.13396    2.17375    0.27350
       406    1.39458    1.14000    2.17309    0.22857
       407    1.39371    1.13869    2.17173    0.17311
       408    1.39297    1.13870    2.17314    0.17555
       409    1.39383    1.13892    2.17204    0.16504
       410    1.39208    1.13781    2.17277    0.17186
       411    1.39488    1.13956    2.17152    0.19620
       412    1.39304    1.13750    2.17026    0.15865
       413    1.38998    1.13566    2.17182    0.23583
       414    1.39330    1.13869    2.17251    0.16053
       415    1.39719    1.14150    2.17163    0.20691
       416    1.39735    1.13841    2.16429    0.19533
       417    1.38919    1.13814    2.17895    0.15395
       418    1.39108    1.14002    2.17970    0.18338
       419    1.38909    1.13692    2.17637    0.19859
       420    1.39604    1.13762    2.16493    0.15582
       421    1.39539    1.13964    2.17076    0.18855
       422    1.39090    1.13920    2.17815    0.20132
       423    1.39379    1.13772    2.16937    0.17452
       424    1.38931    1.13770    2.17773    0.16947
       425    1.39464    1.13762    2.16757    0.16803
       426    1.39618    1.13898    2.16777    0.16493
       427    1.39366    1.13978    2.17432    0.14440
       428    1.38916    1.13736    2.17724    0.16907
       429    1.39481    1.14108    2.17511    0.15681
       430    1.39035    1.13883    2.17833    0.13915
       431    1.39705    1.13860    2.16527    0.17099
       432    1.39464    1.13974    2.17238    0.15639
       433    1.39607    1.13557    2.16022    0.18139
       434    1.39397    1.14027    2.17485    0.16264
       435    1.39286    1.13778    2.17125    0.15386
       436    1.39237    1.13814    2.17300    0.13966
       437    1.39294    1.14101    2.17846    0.15712
       438    1.39620    1.13787    2.16522    0.14053
       439    1.39028    1.13898    2.17882    0.13988
       440    1.39918    1.13744    2.15867    0.14905
       441    1.39507    1.13767    2.16686    0.14780
       442    1.39376    1.13954    2.17358    0.12758
       443    1.39307    1.13841    2.17228    0.14504
       444    1.39280    1.13857    2.17315    0.11821
       445    1.39606    1.13794    2.16564    0.14621
       446    1.39575    1.14270    2.17707    0.19631
       447    1.39552    1.13922    2.16955    0.14883
       448    1.39368    1.13577    2.16515    0.49371
       449    1.38967    1.13706    2.17559    1.12668
       450    1.38581    1.13511    2.17843    1.08246
       451    1.38434    1.13133    2.17264    1.07360
       452    1.38192    1.12993    2.17406    1.04024
       453    1.37966    1.12751    2.17288    1.03756
       454    1.38528    1.12786    2.16302    1.03775
       455    1.38483    1.12494    2.15730    1.04668
       456    1.38298    1.13036    2.17300    1.07515
       457    1.38768    1.12609    2.15452    1.09978
       458    1.38648    1.12391    2.15186    1.07899
       459    1.38106    1.12557    2.16585    1.09987
       460    1.38894    1.12447    2.14849    1.10367
       461    1.38670    1.12349    2.15052    1.10510
       462    1.38974    1.12426    2.14650    1.11271
       463    1.38446    1.12576    2.15985    1.13111
       464    1.38609    1.12759    2.16090    1.13293
       465    1.38560    1.12310    2.15171    1.12773
       466    1.38707    1.12325    2.14927    1.13622
       467    1.38530    1.12379    2.15383    1.14835
       468    1.38227    1.12390    2.15980    1.13927
       469    1.38925    1.12553    2.15029    1.13645
       470    1.39255    1.12226    2.13675    1.16168
       471    1.38909    1.12259    2.14400    1.16154
       472    1.38970    1.12197    2.14143    1.17372
       473    1.39374    1.12297    2.13612    1.17132
       474    1.38747    1.12082    2.14306    1.19290
       475    1.39460    1.12175    2.13177    1.20192
       476    1.38604    1.11797    2.13939    1.23513
       477    1.39155    1.12082    2.13538    1.21633
       478    1.39649    1.11969    2.12364    1.23892
       479    1.39273    1.12070    2.13292    1.23233
       480    1.39322    1.12109    2.13287    1.23379
       481    1.39301    1.12085    2.13273    1.22847
       482    1.39001    1.11649    2.12862    1.23785
       483    1.39264    1.11895    2.12917    1.23786
       484    1.39896    1.11872    2.11685    1.22174
       485    1.39767    1.11813    2.11794    1.22949
       486    1.40090    1.11838    2.11250    1.22801
       487    1.39398    1.12018    2.12941    1.23128
       488    1.39633    1.11681    2.11748    1.23743
       489    1.39513    1.11669    2.11946    1.24203
       490    1.39637    1.11964    2.12373    1.23203
       491    1.39852    1.11821    2.11655    1.23996
       492    1.40462    1.11592    2.10011    1.24212
       493    1.40037    1.11733    2.11111    1.23705
       494    1.39552    1.11669    2.11874    1.23967
       495    1.40443    1.11399    2.09615    1.24632
       496    1.40332    1.12012    2.11191    1.23153
       497    1.40108    1.11467    2.10388    1.24502
       498    1.40285    1.11576    2.10302    1.23287
       499    1.40329    1.11627    2.10335    1.23175
       500    1.40161    1.11622    2.10634    1.24904
       501    1.40099    1.11329    2.10097    1.25489
       502    1.40332    1.11558    2.10174    1.22954
       503    1.40872    1.11168    2.08307    1.26355
       504    1.40782    1.11558    2.09344    1.23758
       505    1.40465    1.11495    2.09789    1.23015
       506    1.41083    1.11514    2.08691    1.25238
       507    1.41112    1.11534    2.08683    1.24920
       508    1.41047    1.11305    2.08293    1.23721
       509    1.40800    1.11334    2.08811    1.23908
       510    1.40780    1.11360    2.08905    1.25051
       511    1.40773    1.11016    2.08153    1.25391
       512    1.41249    1.11504    2.08364    1.23648
       513    1.40929    1.11534    2.09019    1.22911
       514    1.41021    1.11281    2.08287    1.23899
       515    1.41354    1.11311    2.07742    1.23302
       516    1.41291    1.11078    2.07339    1.24753
       517    1.41525    1.10944    2.06613    1.24328
       518    1.41436    1.11226    2.07403    1.24670
       519    1.42052    1.11398    2.06663    1.22740
       520    1.41532    1.11182    2.07129    1.23805
       521    1.41702    1.11325    2.07138    1.21281
       522    1.41534    1.11225    2.07220    1.22988
       523    1.41455    1.10795    2.06411    1.25245
       524    1.41700    1.11146    2.06741    1.24736
       525    1.41678    1.11207    2.06917    1.25184
       526    1.41644    1.10859    2.06207    1.25523
       527    1.41869    1.10997    2.06102    1.24345
       528    1.42412    1.11185    2.05535    1.23501
       529    1.42751    1.10915    2.04322    1.25841
       530    1.42013    1.10524    2.04794    1.27515
       531    1.42271    1.10730    2.04782    1.26168
       532    1.42418    1.10887    2.04863    1.27192
       533    1.42663    1.10878    2.04401    1.27098
       534    1.42106    1.10626    2.04850    1.27114
       535    1.42585    1.10964    2.04731    1.27664
       536    1.42938    1.10779    2.03685    1.25253
       537    1.42571    1.10669    2.04103    1.26683
       538    1.42537    1.10562    2.03929    1.28337
       539    1.42517    1.10737    2.04351    1.28167
       540    1.42719    1.10790    2.04103    1.29307
       541    1.42852    1.10672    2.03602    1.30007
       542    1.43143    1.10857    2.03489    1.30506
       543    1.42908    1.10450    2.03011    1.29175
       544    1.42255    1.10234    2.03714    1.31402
       545    1.43013    1.10678    2.03326    1.29800
       546    1.43217    1.10128    2.01747    1.31569
       547    1.43598    1.10809    2.02567    1.29199
       548    1.43378    1.10251    2.01728    1.30485
       549    1.42988    1.10385    2.02724    1.31440
       550    1.43227    1.10512    2.02574    1.32429
       551    1.43225    1.10399    2.02327    1.31566
       552    1.43712    1.10200    2.01019    1.29825
       553    1.43614    1.10200    2.01193    1.31663
       554    1.43715    1.10135    2.00869    1.31852
       555    1.44079    1.10684    2.01435    1.32789
       556    1.43801    1.10122    2.00688    1.31279
       557    1.43619    1.10058    2.00872    1.32319
       558    1.43943    1.10401    2.01049    1.31434
       559    1.43694    1.10086    2.00800    1.31348
       560    1.44101    1.10110    2.00127    1.30738
       561    1.44271    1.10252    2.00138    1.32494
       562    1.43940    1.10116    2.00427    1.31775
       563    1.43812    1.09826    2.00016    1.32729
       564    1.44319    1.10053    1.99616    1.31348
       565    1.44381    1.09788    1.98923    1.32284
       566    1.44747    1.09991    1.98722    1.31931
       567    1.43896    1.09992    2.00232    1.34255
       568    1.44738    1.10123    1.99028    1.32478
       569    1.44135    1.09829    1.99448    1.33348
       570    1.45045    1.09809    1.97799    1.32766
       571    1.44768    1.09912    1.98511    1.32159
       572    1.44443    1.09780    1.98797    1.32787
       573    1.44699    1.09940    1.98695    1.30972
       574    1.45076    1.09588    1.97258    1.32672
       575    1.45308    1.10007    1.97772    1.33598
       576    1.44527    1.09442    1.97907    1.34349
       577    1.45047    1.09661    1.97469    1.31773
       578    1.45099    1.09518    1.97065    1.33116
       579    1.45071    1.09495    1.97063    1.34384
       580    1.45422    1.09774    1.97060    1.33534
       581    1.45495    1.09570    1.96485    1.33274
       582    1.45496    1.09673    1.96709    1.32500
       583    1.45015    1.09518    1.97214    1.34214
       584    1.45360    1.09324    1.96181    1.37192
       585    1.45570    1.09333    1.95833    1.36937
       586    1.45755    1.09534    1.95953    1.37215
       587    1.46151    1.09357    1.94876    1.37864
       588    1.45826    1.09126    1.94935    1.37660
       589    1.45916    1.09330    1.95226    1.36648
       590    1.45766    1.09252    1.95316    1.37904
       591    1.46273    1.09032    1.93954    1.41795
       592    1.45802    1.08944    1.94580    1.42995
       593    1.45842    1.09262    1.95205    1.41188
       594    1.45769    1.09383    1.95596    1.43895
       595    1.45792    1.09032    1.94789    1.42625
       596    1.46653    1.08957    1.93134    1.40815
       597    1.46003    1.09236    1.94868    1.41823
       598    1.46113    1.08645    1.93389    1.43767
       599    1.46238    1.08775    1.93454    1.42851
       600    1.46630    1.08894    1.93035    1.42613
       601    1.47250    1.08818    1.91805    1.52990
       602    1.46381    1.08575    1.92772    1.54968
       603    1.46394    1.08698    1.93018    1.53465
       604    1.46414    1.08511    1.92576    1.54655
       605    1.46234    1.08309    1.92451    1.55256
       606    1.46848    1.08044    1.90816    1.55618
       607    1.47011    1.08360    1.91220    1.54648
       608    1.47056    1.08488    1.91422    1.55350
       609    1.46415    1.08423    1.92385    1.56698
       610    1.47172    1.08368    1.90962    1.54701
       611    1.47348    1.07994    1.89850    1.55950
       612    1.48031    1.07962    1.88618    1.53886
       613    1.47195    1.08135    1.90418    1.56805
       614    1.47459    1.07961    1.89588    1.56435
       615    1.47350    1.08068    1.90005    1.57010
       616    1.47677    1.08142    1.89609    1.56413
       617    1.47756    1.07833    1.88807    1.57871
       618    1.47851    1.07473    1.87869    1.58758
       619    1.48811    1.07860    1.87080    1.57125
       620    1.47764    1.07978    1.89105    1.57952
       621    1.47876    1.07702    1.88320    1.59095
       622    1.48098    1.07668    1.87869    1.58966
       623    1.47806    1.07505    1.88014    1.59128
       624    1.48250    1.07598    1.87460    1.59014
       625    1.48144    1.07659    1.87772    1.57957
       626    1.48598    1.07552    1.86774    1.58050
       627    1.48940    1.07348    1.85760    1.57640
       628    1.48840    1.07365    1.85964    1.59273
       629    1.49119    1.07174    1.85086    1.59557
       630    1.49187    1.07276    1.85191    1.59663
       631    1.48892    1.07197    1.85516    1.60868
       632    1.48943    1.07123    1.85272    1.60975
       633    1.49222    1.07193    1.84954    1.60400
       634    1.49575    1.07210    1.84401    1.58828
       635    1.49731    1.07054    1.83809    1.58960
       636    1.49254    1.07171    1.84853    1.62038
       637    1.49524    1.06689    1.83372    1.60944
       638    1.49671    1.06967    1.83721    1.59746
       639    1.49890    1.06909    1.83232    1.59794
       640    1.50251    1.06857    1.82522    1.59099
       641    1.50067    1.06592    1.82262    1.60631
       642    1.49884    1.06488    1.82344    1.60497
       643    1.50603    1.06787    1.81795    1.59822
       644    1.49940    1.06628    1.82549    1.60361
       645    1.50438    1.06783    1.82057    1.59867
       646    1.50665    1.06749    1.81609    1.59312
       647    1.50543    1.06582    1.81454    1.59672
       648    1.50433    1.06453    1.81363    1.60557
       649    1.50667    1.06237    1.80518    1.60891
       650    1.51314    1.06192    1.79360    1.58354
       651    1.51035    1.06508    1.80489    1.59966
       652    1.51148    1.06240    1.79734    1.62342
       653    1.51162    1.06310    1.79859    1.59979
       654    1.51255    1.06186    1.79444    1.60798
       655    1.51550    1.06120    1.78823    1.60626
       656    1.51546    1.05870    1.78299    1.60695
       657    1.50995    1.06340    1.80197    1.60604
       658    1.51675    1.05707    1.77744    1.61637
       659    1.51722    1.06122    1.78547    1.59034
       660    1.51438    1.05978    1.78704    1.60368
       661    1.52051    1.05859    1.77456    1.60807
       662    1.51769    1.06087    1.78396    1.59779
       663    1.52054    1.05526    1.76747    1.61061
       664    1.52568    1.05690    1.76267    1.59670
       665    1.52265    1.05591    1.76545    1.61190
       666    1.52210    1.05936    1.77363    1.60939
       667    1.52418    1.05327    1.75741    1.60186
       668    1.52690    1.05488    1.75644    1.60568
       669    1.52605    1.05709    1.76247    1.59738
       670    1.52319    1.05425    1.76108    1.62143
       671    1.52924    1.05432    1.75150    1.59538
       672    1.52419    1.05134    1.75334    1.67556
       673    1.52856    1.05157    1.74680    1.66301
       674    1.52724    1.05096    1.74764    1.66971
       675    1.53278    1.05044    1.73769    1.65416
       676    1.53032    1.05254    1.74601    1.67296
       677    1.53408    1.04912    1.73284    1.66787
       678    1.53262    1.04988    1.73676    1.66159
       679    1.53675    1.05017    1.73082    1.65727
       680    1.53477    1.04955    1.73265    1.65424
       681    1.53368    1.04645    1.72788    1.66436
       682    1.53967    1.04378    1.71281    1.66810
       683    1.53986    1.04540    1.71588    1.64923
       684    1.54425    1.04588    1.70998    1.64081
       685    1.54475    1.04214    1.70140    1.64803
       686    1.54080    1.04633    1.71636    1.64716
       687    1.54518    1.04309    1.70271    1.65008
       688    1.54511    1.04410    1.70493    1.63832
       689    1.54408    1.04432    1.70701    1.64269
       690    1.54840    1.04575    1.70322    1.62910
       691    1.54675    1.04363    1.70137    1.62254
       692    1.54697    1.03884    1.69105    1.64579
       693    1.55249    1.04249    1.69005    1.61987
       694    1.55086    1.04079    1.68904    1.58965
       695    1.55746    1.04052    1.67825    1.58100
       696    1.55197    1.03822    1.68195    1.59500
       697    1.56512    1.04225    1.67009    1.57329
       698    1.56372    1.04129    1.67023    1.55746
       699    1.56212    1.03878    1.66745    1.55698
       700    1.56057    1.04046    1.67332    1.56109
       701    1.55897    1.03934    1.67346    1.56311
       702    1.56119    1.04050    1.67247    1.54781
       703    1.56582    1.04209    1.66868    1.54906
       704    1.56518    1.03884    1.66289    1.54696
       705    1.56667    1.03917    1.66131    1.54458
       706    1.57067    1.03511    1.64680    1.51764
       707    1.56474    1.03820    1.66222    1.51938
       708    1.57417    1.04045    1.65259    1.50987
       709    1.57348    1.03805    1.64865    1.49809
       710    1.57525    1.03673    1.64324    1.48537
       711    1.57117    1.03800    1.65204    1.48538
       712    1.57513    1.03631    1.64255    1.48301
       713    1.57426    1.03402    1.63912    1.50217
       714    1.57595    1.03665    1.64201    1.48477
       715    1.57873    1.03499    1.63439    1.48054
       716    1.57917    1.03569    1.63518    1.47627
       717    1.57651    1.03558    1.63895    1.47481
       718    1.58174    1.03402    1.62788    1.46109
       719    1.58299    1.03420    1.62638    1.45945
       720    1.57981    1.03434    1.63142    1.45936
       721    1.58092    1.03352    1.62807    1.43297
       722    1.58264    1.03663    1.63194    1.42226
       723    1.58578    1.03281    1.61936    1.41478
       724    1.58237    1.03390    1.62667    1.41795
       725    1.58400    1.03492    1.62636    1.41236
       726    1.58952    1.03138    1.61085    1.39584
       727    1.58903    1.03233    1.61353    1.40543
       728    1.59038    1.03172    1.61029    1.38546
       729    1.59647    1.03130    1.60045    1.37038
       730    1.59086    1.02978    1.60557    1.38129
       731    1.59584    1.03249    1.60382    1.37223
       732    1.59452    1.03019    1.60103    1.37770
       733    1.59742    1.02955    1.59547    1.36224
       734    1.59559    1.03092    1.60095    1.37495
       735    1.60349    1.02969    1.58690    7.12037
       736    1.60174    1.00934    1.54795    6.91944
       737    1.61251    0.99158    1.49686    6.68766
       738    1.62593    0.97804    1.45113    6.50014
       739    1.63820    0.96619    1.41098    6.32201
       740    1.64696    0.95611    1.37957    6.19652
       741    1.66724    0.94393    1.32918    5.99120
       742    1.67592    0.93536    1.30164    5.88695
       743    1.68637    0.92716    1.27285    5.69959
       744    1.70025    0.91987    1.24172    5.58364
       745    1.71972    0.91170    1.20263    5.42283
       746    1.73451    0.90718    1.17661    5.31102
       747    1.74830    0.89902    1.14566    5.21956
       748    1.75768    0.89532    1.12823    5.16730
       749    1.77167    0.88536    1.09468    5.03533
       750    1.78585    0.88001    1.06964    4.96485
       751    1.79844    0.86981    1.03825    4.83182
       752    1.80761    0.86507    1.02039    4.79553
       753    1.81894    0.85759    0.99582    4.78116
       754    1.82879    0.85065    0.97401    4.71595
       755    1.83967    0.84373    0.95150    4.63235
       756    1.84889    0.83548    0.92871    4.56155
       757    1.85970    0.83009    0.90947    4.51041
       758    1.86608    0.82357    0.89273    4.48289
       759    1.87463    0.81653    0.87333    4.45593
       760    1.88508    0.80769    0.84959    4.39198
       761    1.89536    0.80270    0.83253    4.35478
       762    1.90237    0.79391    0.81246    4.30130
       763    1.91128    0.78802    0.79562    4.27054
       764    1.92161    0.78038    0.77511    4.34699
       765    1.92908    0.77314    0.75782    4.30095
       766    1.93689    0.76325    0.73644    4.27246
       767    1.94350    0.75536    0.71932    4.21945
       768    1.95408    0.74871    0.70127    4.17248
       769    1.96118    0.74177    0.68565    4.24270
       770    1.96901    0.73375    0.66811    4.25300
       771    1.97852    0.72748    0.65219    4.20044
       772    1.98798    0.71616    0.62930    4.11912
       773    1.99343    0.70813    0.61417    4.06788
       774    2.00362    0.70078    0.59709    4.02968
       775    2.00853    0.69332    0.58350    3.99189
       776    2.01437    0.68369    0.56654    3.94067
       777    2.02419    0.67718    0.55160    4.22218
       778    2.03549    0.66849    0.53314    4.13879
       779    2.04038    0.65803    0.51642    4.10956
       780    2.04837    0.64884    0.49985    4.00032
       781    2.05564    0.64047    0.48503    3.93332
       782    2.06425    0.63049    0.46770    3.83990
       783    2.07221    0.62082    0.45146    3.76322
       784    2.07831    0.61317    0.43892    3.69643
       785    2.08561    0.60598    0.42654    3.67115
       786    2.09462    0.59571    0.40989    3.57472
       787    2.09790    0.58738    0.39851    3.51432
       788    2.10231    0.57916    0.38690    3.45456
       789    2.11074    0.57045    0.37313    3.41104
       790    2.11708    0.56460    0.36376    3.36119
       791    2.12134    0.55621    0.35258    3.29852
       792    2.12831    0.54979    0.34262    3.23591
       793    2.13444    0.54157    0.33122    3.17778
       794    2.13568    0.53307    0.32161    3.11213
       795    2.14483    0.52686    0.31157    3.05258
       796    2.14329    0.51793    0.30281    3.00837
       797    2.15210    0.51161    0.29311    2.93808
       798    2.15494    0.50393    0.28430    2.88119
       799    2.16037    0.49798    0.27648    2.82796
       800    2.16293    0.49358    0.27126    2.80047
       801    2.16840    0.48319    0.25932    2.70555
       802    2.16926    0.47723    0.25332    2.69466
       803    2.17466    0.47159    0.24628    2.64429
       804    2.17930    0.46616    0.23977    2.59365
       805    2.18348    0.46065    0.23343    2.55448
       806    2.18605    0.45371    0.22634    2.50194
       807    2.18915    0.44741    0.21978    2.45210
       808    2.19290    0.44287    0.21470    2.41663
       809    2.19279    0.43684    0.20944    2.38626
       810    2.19958    0.43129    0.20281    2.32502
       811    2.19860    0.42764    0.19993    2.30739
       812    2.20438    0.41886    0.19102    2.24344
       813    2.20819    0.41471    0.18662    2.20227
       814    2.20929    0.41051    0.18289    2.16796
       815    2.21174    0.40572    0.17840    2.13802
       816    2.21531    0.40101    0.17378    2.10041
       817    2.21700    0.39593    0.16934    2.06385
       818    2.21786    0.39091    0.16521    2.02621
       819    2.22049    0.38614    0.16092    1.99538
       820    2.22357    0.38160    0.15678    1.95647
       821    2.22623    0.37694    0.15268    1.91900
       822    2.22753    0.37280    0.14931    1.89445
       823    2.22734    0.36832    0.14603    1.86597
       824    2.23167    0.36447    0.14235    1.82676
       825    2.23295    0.36093    0.13953    1.80381
       826    2.23286    0.35618    0.13614    1.77595
       827    2.23983    0.35318    0.13272    1.75077
       828    2.24100    0.34863    0.12932    1.71244
       829    2.23944    0.34522    0.12723    1.68658
       830    2.24233    0.34103    0.12384    1.65918
       831    2.24631    0.33739    0.12070    1.63344
       832    2.24642    0.33391    0.11834    1.60682
       833    2.24623    0.32967    0.11556    1.58169
       834    2.24841    0.32805    0.11414    1.55936
       835    2.24858    0.32408    0.11153    1.53476
       836    2.25172    0.31980    0.10828    1.51040
       837    2.24971    0.31696    0.10678    1.49054
       838    2.25565    0.31330    0.10356    1.45847
       839    2.25444    0.31143    0.10258    1.44166
       840    2.25750    0.30809    0.10006    1.41984
       841    2.25770    0.30456    0.09787    1.40075
       842    2.25892    0.30243    0.09640    1.37839
       843    2.26107    0.29984    0.09455    1.36439
       844    2.26113    0.29558    0.09200    1.33455
       845    2.26204    0.29356    0.09069    1.31943
       846    2.26356    0.29154    0.08930    1.29883
       847    2.26798    0.28852    0.08699    1.28395
       848    2.26325    0.28562    0.08593    1.26309
       849    2.26657    0.28356    0.08433    1.24583
       850    2.26700    0.28079    0.08271    1.22959
       851    2.26831    0.27768    0.08081    1.20488
       852    2.26971    0.27660    0.08004    1.19487
       853    2.27075    0.27347    0.07820    1.17246
       854    2.27017    0.27156    0.07723    1.15897
       855    2.27131    0.26958    0.07602    1.13697
       856    2.27424    0.26641    0.07399    1.11789
       857    2.27587    0.26357    0.07231    1.10396
       858    2.27423    0.26292    0.07215    1.09403
       859    2.27607    0.26040    0.07063    1.08022
       860    2.27557    0.25799    0.06943    1.05655
       861    2.27749    0.25669    0.06856    1.04931
       862    2.28025    0.25457    0.06720    1.03519
       863    2.27911    0.25151    0.06577    1.01357
       864    2.28078    0.24802    0.06386    0.99228
       865    2.27949    0.24859    0.06427    0.99146
       866    2.28029    0.24736    0.06358    0.97689
       867    2.28026    0.24488    0.06236    0.96189
       868    2.27975    0.24417    0.06207    0.95291
       869    2.28311    0.24145    0.06042    0.94017
       870    2.28393    0.23984    0.05957    0.91954
       871    2.28320    0.23896    0.05922    0.91122
       872    2.28546    0.23630    0.05775    0.89830
       873    2.28556    0.23485    0.05706    0.88583
       874    2.28716    0.23369    0.05637    0.88414
       875    2.28628    0.23204    0.05568    0.85511
       876    2.28747    0.22943    0.05438    0.85153
       877    2.28827    0.22897    0.05410    0.84402
       878    2.28733    0.22799    0.05373    0.83015
       879    2.29151    0.22575    0.05238    0.82445
       880    2.28849    0.22434    0.05199    0.81061
       881    2.28919    0.22291    0.05129    0.79891
       882    2.28898    0.22155    0.05070    0.78859
       883    2.28952    0.22084    0.05034    0.78097
       884    2.29137    0.21961    0.04966    0.77333
       885    2.29228    0.21821    0.04898    0.76230
       886    2.29256    0.21701    0.04844    0.75032
       887    2.29182    0.21588    0.04800    0.74291
       888    2.29336    0.21410    0.04712    0.72339
       889    2.29262    0.21388    0.04708    0.72187
       890    2.29304    0.21189    0.04620    0.71087
       891    2.29249    0.21211    0.04634    0.70675
       892    2.29694    0.20964    0.04499    0.69738
       893    2.29568    0.20927    0.04492    0.68564
       894    2.29438    0.20840    0.04464    0.68436
       895    2.29530    0.20715    0.04406    0.67158
       896    2.29585    0.20508    0.04317    0.66028
       897    2.29651    0.20503    0.04311    0.65599
       898    2.29488    0.20491    0.04316    0.64196
       899    2.29822    0.20327    0.04228    0.63969
       900    2.29907    0.20194    0.04169    0.63320
       901    2.29732    0.19997    0.04100    0.61680
       902    2.29834    0.19980    0.04087    0.60981
       903    2.29967    0.19907    0.04050    0.60583
       904    2.29879    0.19746    0.03992    0.59675
       905    2.29931    0.19855    0.04032    0.59386
       906    2.29897    0.19659    0.03956    0.58268
       907    2.30022    0.19484    0.03880    0.57147
       908    2.29898    0.19470    0.03882    0.56891
       909    2.29974    0.19495    0.03887    0.56516
       910    2.30211    0.19247    0.03778    0.55596
       911    2.30002    0.19302    0.03811    0.55204
       912    2.30146    0.19204    0.03765    0.54342
       913    2.30149    0.19144    0.03741    0.53721
       914    2.30189    0.19037    0.03699    0.53014
       915    2.30262    0.18968    0.03668    0.52662
       916    2.30282    0.18820    0.03611    0.51903
       917    2.30299    0.18836    0.03617    0.51007
       918    2.30311    0.18800    0.03603    0.50450
       919    2.30354    0.18620    0.03533    0.49688
       920    2.30358    0.18595    0.03523    0.49094
       921    2.30290    0.18645    0.03546    0.48958
       922    2.30366    0.18655    0.03545    0.48242
       923    2.30450    0.18511    0.03487    0.47789
       924    2.30417    0.18411    0.03452    0.47143
       925    2.30642    0.18253    0.03383    0.46830
       926    2.30305    0.18410    0.03458    0.46406
       927    2.30500    0.18148    0.03352    0.45261
       928    2.30454    0.18153    0.03356    0.44652
       929    2.30680    0.18128    0.03336    0.44791
       930    2.30534    0.18107    0.03335    0.44447
       931    2.30590    0.18033    0.03306    0.43297
       932    2.30699    0.17862    0.03240    0.43095
       933    2.30535    0.17892    0.03258    0.42858
       934    2.30449    0.17946    0.03281    0.42525
       935    2.30756    0.17848    0.03232    0.41685
       936    2.30712    0.17770    0.03207    0.41287
       937    2.30766    0.17565    0.03132    0.40569
       938    2.30706    0.17680    0.03175    0.40232
       939    2.30729    0.17612    0.03150    0.40084
       940    2.30631    0.17625    0.03159    0.39775
       941    2.30643    0.17584    0.03144    0.38882
       942    2.30986    0.17441    0.03079    0.38899
       943    2.30687    0.17522    0.03120    0.38672
       944    2.30808    0.17493    0.03104    0.37862
       945    2.30969    0.17364    0.03053    0.37825
       946    2.30697    0.17398    0.03076    0.37342
       947    2.30830    0.17423    0.03079    0.36737
       948    2.30850    0.17199    0.03001    0.35855
       949    2.30950    0.17220    0.03004    0.35485
       950    2.31089    0.17150    0.02975    0.35411
       951    2.30806    0.17298    0.03037    0.35359
       952    2.30909    0.17125    0.02973    0.34745
       953    2.30953    0.17073    0.02954    0.34517
       954    2.31050    0.16899    0.02891    0.33947
       955    2.31050    0.17184    0.02988    0.33875
       956    2.31021    0.16977    0.02918    0.33183
       957    2.30981    0.16914    0.02898    0.33241
       958    2.31039    0.16854    0.02876    0.32404
       959    2.30975    0.16857    0.02879    0.31907
       960    2.30980    0.16911    0.02897    0.32127
       961    2.31122    0.16821    0.02862    0.31330
       962    2.31063    0.16945    0.02906    0.31701
       963    2.31025    0.16779    0.02851    0.30949
       964    2.31088    0.16765    0.02844    0.30715
       965    2.31029    0.16774    0.02849    0.30962
       966    2.31088    0.16711    0.02826    0.30119
       967    2.31124    0.16768    0.02844    0.30283
       968    2.31196    0.16716    0.02824    0.29761
       969    2.31140    0.16615    0.02792    0.29120
       970    2.31187    0.16719    0.02825    0.28897
       971    2.31248    0.16502    0.02751    0.28609
       972    2.31282    0.16510    0.02753    0.28243
       973    2.31278    0.16464    0.02737    0.27819
       974    2.31258    0.16438    0.02730    0.28309
       975    2.31102    0.16652    0.02806    0.27659
       976    2.31103    0.16525    0.02764    0.27438
       977    2.31343    0.16483    0.02742    0.27734
       978    2.31284    0.16498    0.02748    0.26901
       979    2.31303    0.16400    0.02716    0.26665
       980    2.31216    0.16417    0.02724    0.26095
       981    2.31252    0.16279    0.02678    0.25919
       982    2.31375    0.16248    0.02664    0.26019
       983    2.31352    0.16333    0.02692    0.25357
       984    2.31253    0.16346    0.02700    0.25620
       985    2.31270    0.16267    0.02673    0.24988
       986    2.31279    0.16330    0.02694    0.24699
       987    2.31315    0.16248    0.02666    0.24418
       988    2.31509    0.16193    0.02642    0.24859
       989    2.31374    0.16144    0.02630    0.24126
       990    2.31313    0.16181    0.02644    0.24032
       991    2.31320    0.16180    0.02643    0.23692
       992    2.31468    0.16191    0.02643    0.23845
       993    2.31241    0.16208    0.02655    0.23479
       994    2.31471    0.16085    0.02608    0.23221
       995    2.31305    0.16173    0.02642    0.22909
       996    2.31542    0.16146    0.02626    0.22827
       997    2.31292    0.16132    0.02629    0.22717
       998    2.31352    0.16102    0.02617    0.22381
       999    2.31414    0.16104    0.02616    0.21979

Final Weights:         0.4513543262         0.2232985503         0.0464638344        -0.6924977489 