# Cycles, Average Predicted Temperature, Stddev Predicted Temperature, Mean Squared Error, || MSE Gradient ||
         0 9.9684938e-02 5.6934740e-02 5.3192704e+00 6.2389395e+00
         1 1.0869229e-01 5.9554957e-02 5.2781211e+00 6.6170059e+00
         2 1.1861516e-01 6.3524153e-02 5.2331295e+00 6.9937275e+00
         3 1.2965399e-01 6.7471133e-02 5.1832829e+00 7.4042530e+00
         4 1.4227684e-01 7.2541030e-02 5.1267009e+00 7.8344209e+00
         5 1.5648843e-01 7.8001778e-02 5.0634016e+00 8.2978990e+00
         6 1.7236037e-01 8.4284132e-02 4.9932859e+00 8.8104294e+00
         7 1.9092854e-01 9.1784752e-02 4.9120267e+00 9.3405852e+00
         8 2.1142656e-01 1.0096430e-01 4.8234343e+00 9.9350578e+00
         9 2.3491664e-01 1.1088331e-01 4.7230172e+00 1.0533993e+01
        10 2.6266417e-01 1.2272642e-01 4.6061062e+00 1.1172831e+01
        11 2.9296502e-01 1.3667649e-01 4.4807935e+00 1.1836573e+01
        12 3.2868494e-01 1.5221666e-01 4.3356513e+00 1.2505231e+01
        13 3.7023375e-01 1.7094793e-01 4.1708661e+00 1.3210817e+01
        14 4.1550626e-01 1.9317155e-01 3.9967394e+00 1.3864879e+01
        15 4.6819015e-01 2.1704592e-01 3.7996447e+00 1.4513097e+01
        16 5.2828198e-01 2.4500135e-01 3.5833591e+00 1.5127015e+01
        17 5.9645614e-01 2.7700996e-01 3.3487824e+00 1.5654865e+01
        18 6.7264681e-01 3.1280645e-01 3.1000612e+00 1.6095387e+01
        19 7.5540483e-01 3.5097993e-01 2.8454612e+00 1.6285842e+01
        20 8.5109177e-01 3.9291082e-01 2.5700554e+00 1.6311623e+01
        21 9.5021220e-01 4.3753634e-01 2.3088246e+00 1.6060622e+01
        22 1.0551120e+00 4.8442220e-01 2.0577709e+00 1.5526782e+01
        23 1.1650903e+00 5.3139173e-01 1.8205876e+00 1.4818493e+01
        24 1.2774495e+00 5.7581720e-01 1.6036944e+00 1.3773234e+01
        25 1.3837056e+00 6.1925680e-01 1.4272085e+00 1.2610489e+01
        26 1.4860154e+00 6.5501428e-01 1.2741948e+00 1.1357403e+01
        27 1.5806930e+00 6.8765369e-01 1.1529044e+00 1.0103021e+01
        28 1.6651710e+00 7.1307896e-01 1.0563265e+00 8.9758254e+00
        29 1.7414966e+00 7.3360436e-01 9.7885875e-01 7.9595557e+00
        30 1.8019101e+00 7.4603770e-01 9.2069562e-01 7.2035288e+00
        31 1.8580832e+00 7.5705681e-01 8.7262115e-01 6.5490649e+00
        32 1.8976765e+00 7.5867078e-01 8.3330001e-01 6.1421214e+00
        33 1.9392962e+00 7.5919421e-01 7.9356934e-01 5.7564533e+00
        34 1.9710752e+00 7.5694072e-01 7.6154208e-01 5.4971537e+00
        35 1.9953169e+00 7.5033851e-01 7.3112387e-01 5.2950633e+00
        36 2.0152561e+00 7.4393831e-01 7.0560687e-01 5.1466268e+00
        37 2.0341713e+00 7.3727697e-01 6.8134087e-01 5.0382856e+00
        38 2.0540563e+00 7.2980712e-01 6.5601619e-01 4.8920408e+00
        39 2.0676257e+00 7.1783986e-01 6.2934264e-01 4.7710981e+00
        40 2.0802028e+00 7.0888450e-01 6.0822910e-01 4.6550380e+00
        41 2.0922233e+00 6.9645205e-01 5.8308531e-01 4.5233536e+00
        42 2.1026098e+00 6.8736847e-01 5.6411881e-01 4.4344442e+00
        43 2.1147559e+00 6.7577820e-01 5.4111322e-01 4.3056044e+00
        44 2.1209485e+00 6.6900207e-01 5.2844029e-01 4.2578350e+00
        45 2.1300835e+00 6.5850953e-01 5.0939899e-01 4.1523128e+00
        46 2.1378988e+00 6.4978368e-01 4.9374172e-01 4.0779841e+00
        47 2.1433623e+00 6.3695402e-01 4.7434086e-01 3.9662216e+00
        48 2.1546766e+00 6.3098086e-01 4.6096718e-01 3.8914483e+00
        49 2.1623481e+00 6.1991736e-01 4.4334087e-01 3.7959171e+00
        50 2.1678106e+00 6.1144075e-01 4.3027829e-01 3.7352434e+00
        51 2.1735745e+00 6.0200106e-01 4.1611885e-01 3.6495443e+00
        52 2.1830047e+00 5.9466478e-01 4.0305758e-01 3.5554885e+00
        53 2.1880011e+00 5.8581876e-01 3.9041828e-01 3.4915582e+00
        54 2.1954282e+00 5.7932738e-01 3.7968167e-01 3.4323362e+00
        55 2.1935131e+00 5.7001537e-01 3.6978663e-01 3.3686635e+00
        56 2.2040049e+00 5.6111325e-01 3.5538246e-01 3.2754208e+00
        57 2.2088731e+00 5.5387871e-01 3.4537948e-01 3.2173859e+00
        58 2.2111780e+00 5.4535388e-01 3.3510837e-01 3.1485938e+00
        59 2.2173522e+00 5.3852738e-01 3.2534981e-01 3.0864667e+00
        60 2.2198063e+00 5.3284033e-01 3.1834023e-01 3.0413993e+00
        61 2.2263441e+00 5.2494332e-01 3.0760375e-01 2.9766355e+00
        62 2.2306749e+00 5.1730248e-01 2.9810852e-01 2.9083432e+00
        63 2.2358614e+00 5.1058262e-01 2.8941639e-01 2.8483970e+00
        64 2.2376029e+00 5.0355487e-01 2.8170205e-01 2.7866912e+00
        65 2.2424360e+00 4.9778713e-01 2.7432858e-01 2.7524106e+00
        66 2.2478633e+00 4.9265145e-01 2.6750324e-01 2.7014818e+00
        67 2.2509228e+00 4.8421756e-01 2.5831021e-01 2.6423652e+00
        68 2.2513484e+00 4.7976579e-01 2.5388751e-01 2.6100720e+00
        69 2.2557386e+00 4.7260446e-01 2.4573447e-01 2.5632098e+00
        70 2.2582390e+00 4.6663422e-01 2.3938515e-01 2.5045668e+00
        71 2.2618581e+00 4.6198859e-01 2.3401948e-01 2.4606386e+00
        72 2.2668371e+00 4.5650441e-01 2.2757835e-01 2.4059371e+00
        73 2.2689532e+00 4.5000826e-01 2.2110783e-01 2.3656855e+00
        74 2.2697009e+00 4.4419058e-01 2.1570227e-01 2.3197902e+00
        75 2.2742736e+00 4.4036184e-01 2.1109603e-01 2.2914845e+00
        76 2.2767226e+00 4.3521280e-01 2.0595168e-01 2.2475732e+00
        77 2.2792723e+00 4.2992721e-01 2.0072957e-01 2.1912195e+00
        78 2.2837678e+00 4.2608465e-01 1.9632707e-01 2.1705587e+00
        79 2.2878640e+00 4.2087609e-01 1.9093645e-01 2.1388253e+00
        80 2.2862751e+00 4.1544313e-01 1.8676859e-01 2.0888639e+00
        81 2.2915509e+00 4.1017953e-01 1.8119438e-01 2.0497215e+00
        82 2.2908140e+00 4.0673161e-01 1.7854600e-01 2.0287684e+00
        83 2.2933208e+00 4.0094224e-01 1.7330219e-01 1.9720703e+00
        84 2.2968668e+00 3.9757578e-01 1.6983216e-01 1.9456727e+00
        85 2.2985156e+00 3.9410277e-01 1.6672768e-01 1.9235813e+00
        86 2.2996646e+00 3.8932096e-01 1.6273735e-01 1.8862906e+00
        87 2.3025036e+00 3.8458975e-01 1.5848387e-01 1.8527104e+00
        88 2.3040970e+00 3.8050056e-01 1.5503011e-01 1.8221769e+00
        89 2.3054619e+00 3.7822365e-01 1.5302804e-01 1.7996116e+00
        90 2.3085158e+00 3.7333870e-01 1.4875602e-01 1.7628231e+00
        91 2.3077148e+00 3.6957507e-01 1.4611571e-01 1.7286852e+00
        92 2.3096546e+00 3.6655793e-01 1.4351972e-01 1.6977692e+00
        93 2.3110692e+00 3.6320403e-01 1.4080348e-01 1.6825066e+00
        94 2.3153752e+00 3.5868905e-01 1.3675087e-01 1.6486375e+00
        95 2.3164101e+00 3.5646873e-01 1.3497785e-01 1.6310841e+00
        96 2.3163209e+00 3.5369703e-01 1.3302535e-01 1.6037207e+00
        97 2.3182941e+00 3.5001737e-01 1.3008852e-01 1.5707965e+00
        98 2.3215831e+00 3.4657557e-01 1.2712926e-01 1.5420416e+00
        99 2.3211478e+00 3.4302330e-01 1.2475270e-01 1.5288905e+00
       100 2.3237714e+00 3.4021290e-01 1.2239766e-01 1.4988255e+00
       101 2.3248766e+00 3.3721758e-01 1.2018948e-01 1.4696293e+00
       102 2.3256637e+00 3.3339435e-01 1.1749953e-01 1.4520447e+00
       103 2.3265994e+00 3.3107949e-01 1.1581315e-01 1.4315583e+00
       104 2.3274615e+00 3.2785471e-01 1.1355321e-01 1.4096616e+00
       105 2.3308906e+00 3.2479373e-01 1.1103316e-01 1.3884358e+00
       106 2.3303424e+00 3.2269643e-01 1.0975709e-01 1.3674506e+00
       107 2.3318076e+00 3.1889305e-01 1.0709927e-01 1.3388267e+00
       108 2.3331611e+00 3.1794960e-01 1.0630123e-01 1.3290350e+00
       109 2.3327735e+00 3.1617165e-01 1.0522990e-01 1.3091240e+00
       110 2.3343456e+00 3.1258900e-01 1.0275158e-01 1.2791209e+00
       111 2.3358721e+00 3.0979865e-01 1.0080050e-01 1.2633948e+00
       112 2.3360625e+00 3.0690294e-01 9.8988297e-02 1.2427966e+00
       113 2.3378418e+00 3.0505901e-01 9.7616528e-02 1.2278569e+00
       114 2.3374152e+00 3.0422484e-01 9.7166041e-02 1.2140998e+00
       115 2.3418919e+00 3.0038758e-01 9.4257906e-02 1.1926725e+00
       116 2.3399068e+00 2.9953211e-01 9.4000520e-02 1.1710898e+00
       117 2.3423344e+00 2.9723595e-01 9.2318466e-02 1.1647781e+00
       118 2.3421642e+00 2.9265687e-01 8.9638778e-02 1.1394863e+00
       119 2.3430316e+00 2.9360721e-01 9.0087093e-02 1.1314510e+00
       120 2.3436131e+00 2.9059205e-01 8.8253509e-02 1.1107691e+00
       121 2.3468050e+00 2.8775478e-01 8.6228743e-02 1.0907972e+00
       122 2.3464298e+00 2.8603659e-01 8.5286916e-02 1.0772318e+00
       123 2.3459574e+00 2.8512938e-01 8.4824628e-02 1.0611514e+00
       124 2.3463126e+00 2.8438615e-01 8.4359298e-02 1.0523994e+00
       125 2.3474518e+00 2.8164582e-01 8.2674997e-02 1.0297613e+00
       126 2.3489648e+00 2.7984211e-01 8.1489363e-02 1.0216844e+00
       127 2.3476333e+00 2.7905484e-01 8.1201259e-02 1.0056862e+00
       128 2.3510801e+00 2.7671333e-01 7.9514018e-02 9.8833051e-01
       129 2.3499946e+00 2.7372786e-01 7.7989666e-02 9.7002591e-01
       130 2.3490463e+00 2.7330313e-01 7.7863181e-02 9.6161372e-01
       131 2.3514141e+00 2.7306221e-01 7.7470593e-02 9.5008259e-01
       132 2.3561828e+00 2.7144329e-01 7.6097545e-02 9.4527540e-01
       133 2.3533880e+00 2.6874963e-01 7.4925006e-02 9.2226148e-01
       134 2.3540860e+00 2.6629165e-01 7.3537853e-02 9.0776569e-01
       135 2.3540724e+00 2.6674137e-01 7.3778966e-02 8.9821634e-01
       136 2.3563701e+00 2.6348100e-01 7.1819937e-02 8.8030192e-01
       137 2.3557806e+00 2.6198017e-01 7.1089395e-02 8.7769908e-01
       138 2.3543201e+00 2.6309932e-01 7.1823920e-02 8.6542456e-01
       139 2.3558705e+00 2.6157769e-01 7.0869768e-02 8.4887151e-01
       140 2.3598281e+00 2.5858681e-01 6.8938150e-02 8.4470239e-01
       141 2.3574900e+00 2.5718139e-01 6.8431549e-02 8.2619888e-01
       142 2.3585456e+00 2.5491059e-01 6.7168789e-02 8.1667306e-01
       143 2.3576653e+00 2.5615625e-01 6.7888564e-02 8.1010295e-01
       144 2.3585538e+00 2.5415172e-01 6.6781710e-02 7.9582650e-01
       145 2.3608597e+00 2.5324672e-01 6.6112082e-02 7.8652244e-01
       146 2.3593864e+00 2.5092035e-01 6.5072427e-02 7.7300673e-01
       147 2.3584919e+00 2.5185250e-01 6.5624092e-02 7.6601590e-01
       148 2.3620430e+00 2.4974331e-01 6.4246047e-02 7.5574233e-01
       149 2.3609129e+00 2.4901870e-01 6.3983759e-02 7.4341900e-01
       150 2.3616961e+00 2.4766140e-01 6.3240650e-02 7.3734532e-01
       151 2.3643617e+00 2.4692215e-01 6.2649472e-02 7.3070630e-01
       152 2.3632845e+00 2.4596324e-01 6.2266279e-02 7.2157352e-01
       153 2.3620516e+00 2.4552419e-01 6.2155702e-02 7.1221263e-01
       154 2.3663403e+00 2.4281218e-01 6.0478452e-02 6.9833895e-01
       155 2.3616387e+00 2.4314810e-01 6.1030489e-02 6.9464518e-01
       156 2.3651164e+00 2.4183099e-01 6.0099884e-02 6.7886298e-01
       157 2.3647968e+00 2.4232304e-01 6.0363921e-02 6.7752538e-01
       158 2.3652648e+00 2.3939923e-01 5.8917726e-02 6.6672028e-01
       159 2.3661867e+00 2.3844129e-01 5.8386948e-02 6.5328251e-01
       160 2.3650606e+00 2.3838067e-01 5.8447491e-02 6.4824844e-01
       161 2.3676884e+00 2.3735675e-01 5.7755606e-02 6.4026900e-01
       162 2.3670521e+00 2.3713719e-01 5.7699739e-02 6.3032870e-01
       163 2.3660879e+00 2.3689844e-01 5.7661320e-02 6.1933799e-01
       164 2.3661642e+00 2.3648234e-01 5.7458364e-02 6.1728863e-01
       165 2.3681105e+00 2.3535162e-01 5.6776154e-02 6.1150036e-01
       166 2.3678005e+00 2.3452060e-01 5.6408857e-02 5.9841868e-01
       167 2.3685609e+00 2.3391421e-01 5.6068300e-02 5.9771864e-01
       168 2.3690161e+00 2.3171169e-01 5.5009474e-02 5.8751838e-01
       169 2.3681483e+00 2.3273288e-01 5.5547545e-02 5.7986609e-01
       170 2.3673514e+00 2.3143331e-01 5.5004242e-02 5.7305393e-01
       171 2.3697925e+00 2.3039017e-01 5.4342997e-02 5.6669787e-01
       172 2.3697409e+00 2.2937543e-01 5.3880132e-02 5.5992173e-01
       173 2.3712354e+00 2.3075863e-01 5.4412424e-02 5.5068318e-01
       174 2.3707833e+00 2.2813313e-01 5.3238647e-02 5.4426234e-01
       175 2.3702189e+00 2.2881805e-01 5.3590939e-02 5.3719228e-01
       176 2.3723885e+00 2.2642537e-01 5.2354016e-02 5.3053119e-01
       177 2.3714509e+00 2.2596029e-01 5.2206282e-02 5.2237273e-01
       178 2.3710275e+00 2.2581584e-01 5.2169898e-02 5.1886597e-01
       179 2.3728412e+00 2.2405200e-01 5.1255236e-02 5.1342689e-01
       180 2.3720224e+00 2.2384750e-01 5.1217527e-02 5.0753545e-01
       181 2.3746829e+00 2.2490686e-01 5.1522733e-02 5.0395887e-01
       182 2.3735747e+00 2.2222698e-01 5.0393639e-02 4.9362200e-01
       183 2.3722493e+00 2.2335440e-01 5.0981950e-02 4.8938415e-01
       184 2.3720238e+00 2.2301185e-01 5.0844014e-02 4.8114404e-01
       185 2.3696535e+00 2.2335958e-01 5.1162775e-02 4.8681042e-01
       186 2.3734555e+00 2.2289143e-01 5.0696980e-02 4.7203214e-01
       187 2.3754587e+00 2.2158018e-01 4.9990454e-02 4.7128258e-01
       188 2.3726482e+00 2.2076976e-01 4.9807804e-02 4.6057012e-01
       189 2.3743485e+00 2.2134867e-01 4.9955484e-02 4.5680527e-01
       190 2.3747456e+00 2.1938386e-01 4.9065076e-02 4.5180276e-01
       191 2.3743807e+00 2.2072958e-01 4.9679808e-02 4.4542513e-01
       192 2.3749726e+00 2.1994689e-01 4.9298598e-02 4.4053048e-01
       193 2.3731147e+00 2.1979053e-01 4.9346116e-02 4.3622885e-01
       194 2.3760708e+00 2.1785159e-01 4.8315791e-02 4.2610940e-01
       195 2.3754981e+00 2.1826414e-01 4.8529563e-02 4.2598218e-01
       196 2.3760397e+00 2.1707237e-01 4.7978710e-02 4.2562849e-01
       197 2.3756582e+00 2.1730998e-01 4.8104424e-02 4.1380576e-01
       198 2.3754365e+00 2.1749766e-01 4.8199240e-02 4.1404520e-01
       199 2.3762687e+00 2.1798393e-01 4.8361928e-02 4.0129377e-01
       200 2.3768279e+00 2.1593230e-01 4.7439496e-02 3.9845299e-01
       201 2.3763512e+00 2.1570599e-01 4.7369222e-02 3.9712142e-01
       202 2.3774834e+00 2.1474609e-01 4.6891673e-02 3.9316408e-01
       203 2.3786507e+00 2.1303935e-01 4.6097892e-02 3.9198899e-01
       204 2.3773689e+00 2.1411125e-01 4.6625813e-02 3.8590023e-01
       205 2.3772785e+00 2.1330153e-01 4.6284792e-02 3.7529962e-01
       206 2.3736883e+00 2.1660616e-01 4.7919832e-02 3.8512742e-01
       207 2.3759770e+00 2.1496682e-01 4.7072710e-02 3.7247661e-01
       208 2.3782363e+00 2.1369916e-01 4.6401749e-02 3.6790617e-01
       209 2.3792277e+00 2.1240926e-01 4.5799362e-02 3.6682676e-01
       210 2.3780351e+00 2.1281099e-01 4.6033878e-02 3.5875031e-01
       211 2.3772570e+00 2.1259563e-01 4.5985352e-02 3.5562230e-01
       212 2.3794961e+00 2.1112861e-01 4.5243013e-02 3.5632055e-01
       213 2.3796264e+00 2.1039483e-01 4.4926991e-02 3.4523979e-01
       214 2.3787209e+00 2.1073997e-01 4.5119719e-02 3.4314707e-01
       215 2.3767378e+00 2.1397318e-01 4.6602403e-02 3.4673600e-01
       216 2.3785960e+00 2.1126193e-01 4.5346654e-02 3.3711691e-01
       217 2.3788217e+00 2.1130424e-01 4.5352513e-02 3.3296239e-01
       218 2.3800911e+00 2.1011555e-01 4.4785868e-02 3.3226693e-01
       219 2.3769436e+00 2.1171215e-01 4.5628184e-02 3.3229611e-01
       220 2.3776082e+00 2.1310570e-01 4.6182893e-02 3.2561854e-01
       221 2.3786158e+00 2.1258060e-01 4.5904503e-02 3.2171963e-01
       222 2.3814440e+00 2.0948264e-01 4.4453825e-02 3.1692897e-01
       223 2.3797044e+00 2.0886398e-01 4.4281164e-02 3.1275572e-01
       224 2.3814246e+00 2.0852419e-01 4.4054113e-02 3.0792023e-01
       225 2.3804159e+00 2.0966282e-01 4.4579533e-02 3.0529073e-01
       226 2.3802891e+00 2.0929343e-01 4.4431108e-02 3.0341656e-01
       227 2.3780074e+00 2.1037266e-01 4.5003529e-02 3.0334599e-01
       228 2.3803648e+00 2.0939475e-01 4.4469741e-02 2.9646051e-01
       229 2.3797329e+00 2.0901665e-01 4.4343501e-02 2.9402833e-01
       230 2.3806400e+00 2.0700056e-01 4.3459146e-02 2.8747864e-01
       231 2.3801010e+00 2.0922486e-01 4.4411871e-02 2.8367091e-01
       232 2.3817281e+00 2.0804785e-01 4.3841260e-02 2.8279102e-01
       233 2.3824134e+00 2.0721999e-01 4.3465587e-02 2.8513417e-01
       234 2.3823219e+00 2.0633009e-01 4.3101776e-02 2.7851267e-01
       235 2.3799805e+00 2.0848806e-01 4.4110196e-02 2.8274099e-01
       236 2.3831616e+00 2.0509710e-01 4.2556544e-02 2.7682811e-01
       237 2.3806619e+00 2.0746144e-01 4.3649081e-02 2.7008644e-01
       238 2.3794433e+00 2.0777949e-01 4.3842770e-02 2.7277942e-01
       239 2.3817588e+00 2.0659227e-01 4.3236268e-02 2.7018317e-01
       240 2.3796426e+00 2.0847829e-01 4.4123368e-02 2.6683997e-01
       241 2.3821969e+00 2.0734729e-01 4.3528336e-02 2.6290712e-01
       242 2.3836769e+00 2.0452078e-01 4.2297882e-02 2.5878577e-01
       243 2.3818880e+00 2.0581080e-01 4.2907916e-02 2.5737377e-01
       244 2.3818186e+00 2.0660042e-01 4.3236822e-02 2.5166531e-01
       245 2.3842174e+00 2.0559292e-01 4.2714465e-02 2.5385863e-01
       246 2.3820754e+00 2.0668095e-01 4.3258089e-02 2.4802260e-01
       247 2.3813534e+00 2.0296701e-01 4.1770792e-02 2.4423095e-01
       248 2.3825846e+00 2.0589386e-01 4.2909929e-02 2.4252135e-01
       249 2.3810192e+00 2.0669090e-01 4.3312454e-02 2.4490728e-01
       250 2.3828084e+00 2.0476834e-01 4.2437587e-02 2.3629487e-01
       251 2.3821144e+00 2.0618902e-01 4.3053173e-02 2.3724910e-01
       252 2.3824193e+00 2.0547788e-01 4.2746353e-02 2.3381333e-01
       253 2.3840921e+00 2.0519325e-01 4.2555593e-02 2.3565165e-01
       254 2.3834390e+00 2.0369606e-01 4.1971582e-02 2.2734445e-01
       255 2.3835906e+00 2.0338603e-01 4.1838759e-02 2.2796844e-01
       256 2.3831436e+00 2.0414697e-01 4.2168507e-02 2.2494446e-01
       257 2.3829401e+00 2.0384672e-01 4.2055083e-02 2.2270539e-01
       258 2.3835922e+00 2.0350582e-01 4.1887432e-02 2.2426678e-01
       259 2.3804818e+00 2.0569857e-01 4.2929656e-02 2.2909810e-01
       260 2.3823637e+00 2.0400204e-01 4.2144579e-02 2.2053999e-01
       261 2.3837059e+00 2.0343734e-01 4.1854630e-02 2.1438981e-01
       262 2.3838122e+00 2.0401925e-01 4.2087147e-02 2.1040253e-01
       263 2.3824177e+00 2.0371036e-01 4.2023176e-02 2.1134859e-01
       264 2.3853287e+00 2.0150623e-01 4.1005070e-02 2.1263762e-01
       265 2.3850328e+00 2.0285242e-01 4.1561341e-02 2.0496756e-01
       266 2.3833545e+00 2.0345547e-01 4.1877333e-02 2.0431796e-01
       267 2.3831737e+00 2.0378000e-01 4.2017476e-02 2.0412656e-01
       268 2.3839819e+00 2.0479720e-01 4.2397911e-02 2.0103729e-01
       269 2.3826074e+00 2.0467914e-01 4.2410160e-02 2.0508651e-01
       270 2.3855104e+00 2.0205162e-01 4.1217930e-02 1.9955286e-01
       271 2.3843197e+00 2.0277710e-01 4.1560255e-02 1.9982830e-01
       272 2.3843368e+00 2.0286710e-01 4.1596045e-02 1.9484148e-01
       273 2.3841114e+00 2.0217302e-01 4.1324431e-02 1.9267764e-01
       274 2.3822694e+00 2.0550346e-01 4.2763759e-02 2.0178958e-01
       275 2.3845470e+00 2.0283376e-01 4.1573733e-02 1.9289682e-01
       276 2.3847497e+00 2.0280817e-01 4.1554964e-02 1.8900156e-01
       277 2.3837237e+00 2.0329130e-01 4.1794462e-02 1.9011015e-01
       278 2.3855980e+00 2.0244743e-01 4.1374567e-02 1.8702733e-01
       279 2.3856588e+00 2.0097323e-01 4.0777449e-02 1.8747699e-01
       280 2.3862969e+00 2.0169849e-01 4.1044786e-02 1.9059113e-01
       281 2.3832253e+00 2.0362192e-01 4.1950786e-02 1.8279946e-01
       282 2.3839415e+00 2.0256299e-01 4.1489511e-02 1.8115832e-01
       283 2.3839674e+00 2.0310773e-01 4.1709383e-02 1.7845037e-01
       284 2.3846104e+00 2.0325314e-01 4.1741409e-02 1.7194163e-01
       285 2.3857029e+00 2.0140902e-01 4.0951067e-02 1.7638943e-01
       286 2.3859463e+00 2.0218104e-01 4.1253148e-02 1.7276208e-01
       287 2.3841064e+00 2.0335971e-01 4.1805885e-02 1.7488081e-01
       288 2.3844048e+00 2.0231816e-01 4.1370769e-02 1.7081590e-01
       289 2.3866397e+00 2.0027084e-01 4.0457974e-02 1.6998078e-01
       290 2.3843223e+00 2.0234462e-01 4.1384939e-02 1.7200120e-01
       291 2.3840619e+00 2.0266585e-01 4.1526051e-02 1.7064742e-01
       292 2.3835136e+00 2.0333251e-01 4.1820346e-02 1.7231649e-01
       293 2.3858851e+00 2.0241957e-01 4.1352037e-02 1.6622624e-01
       294 2.3850013e+00 2.0183570e-01 4.1151165e-02 1.6617137e-01
       295 2.3853539e+00 2.0175744e-01 4.1105365e-02 1.6471526e-01
       296 2.3861740e+00 2.0138455e-01 4.0922937e-02 1.6433769e-01
       297 2.3871307e+00 2.0043211e-01 4.0504477e-02 1.6498651e-01
       298 2.3857373e+00 2.0069346e-01 4.0661991e-02 1.5710331e-01
       299 2.3848085e+00 2.0234328e-01 4.1364199e-02 1.6080534e-01
       300 2.3880940e+00 1.9926792e-01 4.0005005e-02 1.6281073e-01
       301 2.3852729e+00 2.0022781e-01 4.0493722e-02 1.5597701e-01
       302 2.3869807e+00 1.9809284e-01 3.9577707e-02 1.5166123e-01
       303 2.3863487e+00 2.0102531e-01 4.0771711e-02 1.5453096e-01
       304 2.3855775e+00 1.9885312e-01 3.9932980e-02 1.5044290e-01
       305 2.3857073e+00 2.0108807e-01 4.0821713e-02 1.5302766e-01
       306 2.3851884e+00 2.0128104e-01 4.0919998e-02 1.5043649e-01
       307 2.3854983e+00 2.0006349e-01 4.0418950e-02 1.4593082e-01
       308 2.3866436e+00 2.0024677e-01 4.0448190e-02 1.5035087e-01
       309 2.3838967e+00 2.0125326e-01 4.0962538e-02 1.5712608e-01
       310 2.3877614e+00 1.9856575e-01 3.9737238e-02 1.4500032e-01
       311 2.3841835e+00 2.0220551e-01 4.1334516e-02 1.5123317e-01
       312 2.3846053e+00 2.0276071e-01 4.1541685e-02 1.4676147e-01
       313 2.3880297e+00 2.0055453e-01 4.0521643e-02 1.5120922e-01
       314 2.3859961e+00 2.0173511e-01 4.1071103e-02 1.4610698e-01
       315 2.3857065e+00 2.0018228e-01 4.0458279e-02 1.3920711e-01
       316 2.3853061e+00 2.0071237e-01 4.0686669e-02 1.4439455e-01
       317 2.3853203e+00 2.0113388e-01 4.0855482e-02 1.3734998e-01
       318 2.3880621e+00 1.9877060e-01 3.9808154e-02 1.4197366e-01
       319 2.3879887e+00 1.9839201e-01 3.9660331e-02 1.4006250e-01
       320 2.3863921e+00 1.9957603e-01 4.0189477e-02 1.3849474e-01
       321 2.3880775e+00 1.9841202e-01 3.9665199e-02 1.3648820e-01
       322 2.3880303e+00 1.9790262e-01 3.9464948e-02 1.3445591e-01
       323 2.3869863e+00 1.9910471e-01 3.9979413e-02 1.3324850e-01
       324 2.3867957e+00 1.9949769e-01 4.0143088e-02 1.3321798e-01
       325 2.3847220e+00 1.9914116e-01 4.0082154e-02 1.4119956e-01
       326 2.3855091e+00 1.9985396e-01 4.0334729e-02 1.3695941e-01
       327 2.3874078e+00 1.9895455e-01 3.9904351e-02 1.3406059e-01
       328 2.3857377e+00 2.0071534e-01 4.0670759e-02 1.3049123e-01
       329 2.3865790e+00 1.9938430e-01 4.0105943e-02 1.3191120e-01
       330 2.3871113e+00 2.0031108e-01 4.0456684e-02 1.3116049e-01
       331 2.3850407e+00 2.0063908e-01 4.0667958e-02 1.3685947e-01
       332 2.3878867e+00 1.9935256e-01 4.0045937e-02 1.3268245e-01
       333 2.3885335e+00 1.9756686e-01 3.9315004e-02 1.3420395e-01
       334 2.3877650e+00 1.9848182e-01 3.9703785e-02 1.2691989e-01
       335 2.3864550e+00 1.9881557e-01 3.9884141e-02 1.2507891e-01
       336 2.3871219e+00 1.9923362e-01 4.0025804e-02 1.2524089e-01
       337 2.3871966e+00 1.9839821e-01 3.9690901e-02 1.2214089e-01
       338 2.3857614e+00 1.9938765e-01 4.0138614e-02 1.2822785e-01
       339 2.3883383e+00 1.9775965e-01 3.9397814e-02 1.2646848e-01
       340 2.3881630e+00 1.9806345e-01 3.9524060e-02 1.2221862e-01
       341 2.3858884e+00 2.0007369e-01 4.0407707e-02 1.2529052e-01
       342 2.3864296e+00 2.0017387e-01 4.0427046e-02 1.2588183e-01
       343 2.3875143e+00 1.9899546e-01 3.9916820e-02 1.1958861e-01
       344 2.3865042e+00 2.0053197e-01 4.0567723e-02 1.2366766e-01
       345 2.3855028e+00 2.0100955e-01 4.0798211e-02 1.2477942e-01
       346 2.3896995e+00 1.9831923e-01 3.9575031e-02 1.3467229e-01
       347 2.3899990e+00 1.9837419e-01 3.9587556e-02 1.3309294e-01
       348 2.3873921e+00 1.9824735e-01 3.9624012e-02 1.1625722e-01
       349 2.3872275e+00 1.9727939e-01 3.9247092e-02 1.1463508e-01
       350 2.3871229e+00 1.9815618e-01 3.9597603e-02 1.1571306e-01
       351 2.3853175e+00 2.0005167e-01 4.0421430e-02 1.2656735e-01
       352 2.3864198e+00 1.9821840e-01 3.9648376e-02 1.1592950e-01
       353 2.3891386e+00 1.9855589e-01 3.9686813e-02 1.1983673e-01
       354 2.3863925e+00 1.9901196e-01 3.9964632e-02 1.1834471e-01
       355 2.3876855e+00 1.9839244e-01 3.9671116e-02 1.1318065e-01
       356 2.3874639e+00 1.9977358e-01 4.0228912e-02 1.1516279e-01
       357 2.3867706e+00 1.9940713e-01 4.0107891e-02 1.1290122e-01
       358 2.3869877e+00 1.9817724e-01 3.9610892e-02 1.1439279e-01
       359 2.3868403e+00 1.9903047e-01 3.9955234e-02 1.1232208e-01
       360 2.3883227e+00 1.9742849e-01 3.9267476e-02 1.1106055e-01
       361 2.3888796e+00 1.9823179e-01 3.9566668e-02 1.1595152e-01
       362 2.3849179e+00 2.0166493e-01 4.1085660e-02 1.2725937e-01
       363 2.3888732e+00 1.9768008e-01 3.9348450e-02 1.1461456e-01
       364 2.3869261e+00 1.9776046e-01 3.9448141e-02 1.1175002e-01
       365 2.3894009e+00 1.9684443e-01 3.9001670e-02 1.1584768e-01
       366 2.3891184e+00 1.9881592e-01 3.9790797e-02 1.1309467e-01
       367 2.3897273e+00 1.9729841e-01 3.9170306e-02 1.1448730e-01
       368 2.3851800e+00 1.9875347e-01 3.9909224e-02 1.2711659e-01
       369 2.3876888e+00 1.9829640e-01 3.9632899e-02 1.0934528e-01
       370 2.3849568e+00 2.0003954e-01 4.0431145e-02 1.2737558e-01
       371 2.3900411e+00 1.9604625e-01 3.8668076e-02 1.1679102e-01
       372 2.3874431e+00 1.9888009e-01 3.9873461e-02 1.0750443e-01
       373 2.3874071e+00 1.9899007e-01 3.9918509e-02 1.0481349e-01
       374 2.3881138e+00 1.9858470e-01 3.9732503e-02 1.0616607e-01
       375 2.3880760e+00 1.9957228e-01 4.0127019e-02 1.0850595e-01
       376 2.3867513e+00 2.0005541e-01 4.0367572e-02 1.0865059e-01
       377 2.3877729e+00 1.9804800e-01 3.9531491e-02 1.0545785e-01
       378 2.3897046e+00 1.9698396e-01 3.9047035e-02 1.1051211e-01
       379 2.3881225e+00 1.9850958e-01 3.9702373e-02 1.0458116e-01
       380 2.3876427e+00 1.9837645e-01 3.9666284e-02 1.0519531e-01
       381 2.3883181e+00 1.9807104e-01 3.9521762e-02 1.0376202e-01
       382 2.3878197e+00 1.9757062e-01 3.9340985e-02 1.0260848e-01
       383 2.3890587e+00 1.9742381e-01 3.9241127e-02 1.0259544e-01
       384 2.3878068e+00 1.9874837e-01 3.9808200e-02 1.0336408e-01
       385 2.3889723e+00 1.9704198e-01 3.9093325e-02 1.0469360e-01
       386 2.3898017e+00 1.9750203e-01 3.9248379e-02 1.0994774e-01
       387 2.3868930e+00 1.9772597e-01 3.9435719e-02 1.0654190e-01
       388 2.3876380e+00 1.9791694e-01 3.9484350e-02 1.0020936e-01
       389 2.3867978e+00 1.9989272e-01 4.0300781e-02 1.0756773e-01
       390 2.3901233e+00 1.9620662e-01 3.8728478e-02 1.0900707e-01
       391 2.3866055e+00 1.9795988e-01 3.9538963e-02 1.0778533e-01
       392 2.3875619e+00 1.9737249e-01 3.9271833e-02 1.0328461e-01
       393 2.3903103e+00 1.9500977e-01 3.8254596e-02 1.0496019e-01
       394 2.3874140e+00 1.9926739e-01 4.0028703e-02 9.9370948e-02
       395 2.3859935e+00 1.9924460e-01 4.0072558e-02 1.1117634e-01
       396 2.3896494e+00 1.9617296e-01 3.8729914e-02 1.0129528e-01
       397 2.3883732e+00 1.9783492e-01 3.9426405e-02 1.0184515e-01
       398 2.3893317e+00 1.9559469e-01 3.8513435e-02 9.7752134e-02
       399 2.3862760e+00 2.0043353e-01 4.0536900e-02 1.1067712e-01
       400 2.3884893e+00 1.9826592e-01 3.9593201e-02 9.9793173e-02
       401 2.3876363e+00 1.9820999e-01 3.9600493e-02 1.0254330e-01
       402 2.3905748e+00 1.9662674e-01 3.8879979e-02 1.0988463e-01
       403 2.3882205e+00 1.9665900e-01 3.8967718e-02 9.3749623e-02
       404 2.3878770e+00 1.9845900e-01 3.9690806e-02 1.0148521e-01
       405 2.3886433e+00 1.9715892e-01 3.9150300e-02 1.0048941e-01
       406 2.3888234e+00 1.9638658e-01 3.8840368e-02 9.7285873e-02
       407 2.3875956e+00 1.9861225e-01 3.9761564e-02 9.7627771e-02
       408 2.3872466e+00 1.9723248e-01 3.9227892e-02 1.0207812e-01
       409 2.3886133e+00 1.9850882e-01 3.9685415e-02 1.0010506e-01
       410 2.3892177e+00 1.9684209e-01 3.9006621e-02 9.3603737e-02
       411 2.3896492e+00 1.9657765e-01 3.8888863e-02 1.0162861e-01
       412 2.3882837e+00 1.9702168e-01 3.9108340e-02 9.6939520e-02
       413 2.3882302e+00 1.9702956e-01 3.9113269e-02 9.5820793e-02
       414 2.3886499e+00 1.9704743e-01 3.9106132e-02 9.6220700e-02
       415 2.3897273e+00 1.9699629e-01 3.9051181e-02 9.9060262e-02
       416 2.3879691e+00 1.9658395e-01 3.8946874e-02 9.4361136e-02
       417 2.3878954e+00 1.9587736e-01 3.8672130e-02 9.6365933e-02
       418 2.3873981e+00 1.9898072e-01 3.9915109e-02 9.6027849e-02
       419 2.3879238e+00 1.9838257e-01 3.9658845e-02 9.7255792e-02
       420 2.3889630e+00 1.9631288e-01 3.8806833e-02 9.4526657e-02
       421 2.3890570e+00 1.9891762e-01 3.9833239e-02 9.7916832e-02
       422 2.3899363e+00 1.9654825e-01 3.8868376e-02 9.7483474e-02
       423 2.3871113e+00 1.9775186e-01 3.9437953e-02 1.0079700e-01
       424 2.3878226e+00 1.9827575e-01 3.9620004e-02 9.6312031e-02
       425 2.3869022e+00 1.9940000e-01 4.0100180e-02 1.0342968e-01
       426 2.3892001e+00 1.9718193e-01 3.9141096e-02 9.3965880e-02
       427 2.3903062e+00 1.9734824e-01 3.9172236e-02 1.0101737e-01
       428 2.3876181e+00 1.9651668e-01 3.8932747e-02 9.6650940e-02
       429 2.3881757e+00 1.9754814e-01 3.9319759e-02 9.2580789e-02
       430 2.3883040e+00 1.9772800e-01 3.9386469e-02 9.4531837e-02
       431 2.3908322e+00 1.9558213e-01 3.8462742e-02 1.0071365e-01
       432 2.3879798e+00 1.9599657e-01 3.8715909e-02 9.2404190e-02
       433 2.3891341e+00 1.9551503e-01 3.8488641e-02 9.0087300e-02
       434 2.3879691e+00 1.9727323e-01 3.9218351e-02 9.3727535e-02
       435 2.3906268e+00 1.9551777e-01 3.8443572e-02 1.0208471e-01
       436 2.3856163e+00 1.9871941e-01 3.9878290e-02 1.1689482e-01
       437 2.3893435e+00 1.9675899e-01 3.8969873e-02 9.0232645e-02
       438 2.3878177e+00 1.9687455e-01 3.9066496e-02 9.7493969e-02
       439 2.3863918e+00 1.9849925e-01 3.9760852e-02 1.0588011e-01
       440 2.3896909e+00 1.9801425e-01 3.9454424e-02 9.6318662e-02
       441 2.3904834e+00 1.9657503e-01 3.8862356e-02 1.0043802e-01
       442 2.3873398e+00 1.9788331e-01 3.9481681e-02 9.5570965e-02
       443 2.3915262e+00 1.9453365e-01 3.8034060e-02 1.0612857e-01
       444 2.3891304e+00 1.9562938e-01 3.8533489e-02 8.8174297e-02
       445 2.3896307e+00 1.9636299e-01 3.8805093e-02 9.2040867e-02
       446 2.3892106e+00 1.9689256e-01 3.9026723e-02 9.0793391e-02
       447 2.3885600e+00 1.9794182e-01 3.9462411e-02 9.2177705e-02
       448 2.3878320e+00 1.9729973e-01 3.9233591e-02 9.3786511e-02
       449 2.3883199e+00 1.9582799e-01 3.8638167e-02 8.9301056e-02
       450 2.3892413e+00 1.9754964e-01 3.9284915e-02 8.9314052e-02
       451 2.3886436e+00 1.9620153e-01 3.8773692e-02 8.9147404e-02
       452 2.3910970e+00 1.9432015e-01 3.7963082e-02 9.7014058e-02
       453 2.3892473e+00 1.9563705e-01 3.8532715e-02 8.8909892e-02
       454 2.3884561e+00 1.9706523e-01 3.9119648e-02 8.9574820e-02
       455 2.3893152e+00 1.9523126e-01 3.8371924e-02 8.6329736e-02
       456 2.3887530e+00 1.9594024e-01 3.8667586e-02 8.7568554e-02
       457 2.3883898e+00 1.9630531e-01 3.8822965e-02 9.0762204e-02
       458 2.3880812e+00 1.9656119e-01 3.8934043e-02 8.9339106e-02
       459 2.3870777e+00 1.9688753e-01 3.9098083e-02 1.0113046e-01
       460 2.3908448e+00 1.9634052e-01 3.8759608e-02 9.7130087e-02
       461 2.3883069e+00 1.9712447e-01 3.9148062e-02 9.0798831e-02
       462 2.3886668e+00 1.9720916e-01 3.9169330e-02 8.9464577e-02
       463 2.3862083e+00 1.9831200e-01 3.9693537e-02 1.1106710e-01
       464 2.3890158e+00 1.9770813e-01 3.9354865e-02 8.9943635e-02
       465 2.3900720e+00 1.9586988e-01 3.8598011e-02 9.1523045e-02
       466 2.3906899e+00 1.9603738e-01 3.8645175e-02 9.6673147e-02
       467 2.3896900e+00 1.9574698e-01 3.8561688e-02 8.8256352e-02
       468 2.3903630e+00 1.9454087e-01 3.8070352e-02 8.9758691e-02
       469 2.3905507e+00 1.9448143e-01 3.8041644e-02 9.0145419e-02
       470 2.3888490e+00 1.9567981e-01 3.8562424e-02 8.3741570e-02
       471 2.3885726e+00 1.9622814e-01 3.8786509e-02 8.7463742e-02
       472 2.3896839e+00 1.9481418e-01 3.8197566e-02 8.5045320e-02
       473 2.3865466e+00 1.9811552e-01 3.9602820e-02 1.0561967e-01
       474 2.3904636e+00 1.9552004e-01 3.8449287e-02 9.1470206e-02
       475 2.3885097e+00 1.9579097e-01 3.8617243e-02 8.6347895e-02
       476 2.3886846e+00 1.9652646e-01 3.8899930e-02 8.7601521e-02
       477 2.3899870e+00 1.9600023e-01 3.8651696e-02 9.0803789e-02
       478 2.3894107e+00 1.9625661e-01 3.8770287e-02 8.6880944e-02
       479 2.3897802e+00 1.9457070e-01 3.8099751e-02 8.7115497e-02
       480 2.3891655e+00 1.9592908e-01 3.8649703e-02 8.5490678e-02
       481 2.3893905e+00 1.9477973e-01 3.8193416e-02 8.3350630e-02
       482 2.3912871e+00 1.9345825e-01 3.7623479e-02 9.2812584e-02
       483 2.3903667e+00 1.9531555e-01 3.8372255e-02 8.9985212e-02
       484 2.3866096e+00 1.9673766e-01 3.9056404e-02 1.0535566e-01
       485 2.3888689e+00 1.9559120e-01 3.8527098e-02 8.5413054e-02
       486 2.3903346e+00 1.9499377e-01 3.8247623e-02 8.9268687e-02
       487 2.3898000e+00 1.9443340e-01 3.8045729e-02 8.3650765e-02
       488 2.3891703e+00 1.9439950e-01 3.8052510e-02 8.3093428e-02
       489 2.3893860e+00 1.9459457e-01 3.8121465e-02 8.5004347e-02
       490 2.3884974e+00 1.9439422e-01 3.8072663e-02 8.5441170e-02
       491 2.3883047e+00 1.9682531e-01 3.9030284e-02 8.9176821e-02
       492 2.3903469e+00 1.9380854e-01 3.7786436e-02 8.7698378e-02
       493 2.3889953e+00 1.9559273e-01 3.8523550e-02 8.6368810e-02
       494 2.3888169e+00 1.9598470e-01 3.8682895e-02 8.5156677e-02
       495 2.3877861e+00 1.9582252e-01 3.8654475e-02 9.0603741e-02
       496 2.3910798e+00 1.9324064e-01 3.7545197e-02 8.8008994e-02
       497 2.3872941e+00 1.9571620e-01 3.8630356e-02 9.4985062e-02
       498 2.3872128e+00 1.9695613e-01 3.9120185e-02 9.5926703e-02
       499 2.3893391e+00 1.9581672e-01 3.8600102e-02 8.3455972e-02
       500 2.3897338e+00 1.9482018e-01 3.8198344e-02 8.1546986e-02
       501 2.3890512e+00 1.9675536e-01 3.8977879e-02 8.6495990e-02
       502 2.3901522e+00 1.9389942e-01 3.7827546e-02 8.2209104e-02
       503 2.3887965e+00 1.9581460e-01 3.8616928e-02 8.5225672e-02
       504 2.3920212e+00 1.9524020e-01 3.8296030e-02 1.0902176e-01
       505 2.3879871e+00 1.9569098e-01 3.8595956e-02 8.9807455e-02
       506 2.3911259e+00 1.9573713e-01 3.8514963e-02 9.7136487e-02
       507 2.3884704e+00 1.9554785e-01 3.8523424e-02 8.6909347e-02
       508 2.3888455e+00 1.9516891e-01 3.8362851e-02 8.4490609e-02
       509 2.3872287e+00 1.9694831e-01 3.9116527e-02 9.6863859e-02
       510 2.3890997e+00 1.9608100e-01 3.8711391e-02 8.4995215e-02
       511 2.3883630e+00 1.9751071e-01 3.9298577e-02 8.9718766e-02
       512 2.3893907e+00 1.9488802e-01 3.8235610e-02 8.3954498e-02
       513 2.3895563e+00 1.9656028e-01 3.8884959e-02 8.3591718e-02
       514 2.3901250e+00 1.9525363e-01 3.8355369e-02 8.3106129e-02
       515 2.3886427e+00 1.9568822e-01 3.8572562e-02 8.6448907e-02
       516 2.3899225e+00 1.9519993e-01 3.8340602e-02 8.4052211e-02
       517 2.3889082e+00 1.9511777e-01 3.8340829e-02 8.3723423e-02
       518 2.3883631e+00 1.9702424e-01 3.9106648e-02 8.6843466e-02
       519 2.3885238e+00 1.9613610e-01 3.8752034e-02 8.6800310e-02
       520 2.3897261e+00 1.9557782e-01 3.8494368e-02 8.3956066e-02
       521 2.3904419e+00 1.9543767e-01 3.8417731e-02 8.6668748e-02
       522 2.3927325e+00 1.9414356e-01 3.7850581e-02 1.1255315e-01
       523 2.3897387e+00 1.9514178e-01 3.8323602e-02 8.4105507e-02
       524 2.3890501e+00 1.9408294e-01 3.7933432e-02 8.1874817e-02
       525 2.3888669e+00 1.9519268e-01 3.8371425e-02 8.3829999e-02
       526 2.3892997e+00 1.9469504e-01 3.8163334e-02 8.3043976e-02
       527 2.3879448e+00 1.9536748e-01 3.8470919e-02 9.0379076e-02
       528 2.3884080e+00 1.9559712e-01 3.8544807e-02 8.7111210e-02
       529 2.3883247e+00 1.9504948e-01 3.8333701e-02 8.7071522e-02
       530 2.3890015e+00 1.9527601e-01 3.8399548e-02 8.2061649e-02
       531 2.3903825e+00 1.9450686e-01 3.8056540e-02 8.4294152e-02
       532 2.3905012e+00 1.9425757e-01 3.7956087e-02 8.5998643e-02
       533 2.3899571e+00 1.9368775e-01 3.7751468e-02 8.2185837e-02
       534 2.3902830e+00 1.9471527e-01 3.8140640e-02 8.3267139e-02
       535 2.3894508e+00 1.9514528e-01 3.8334033e-02 8.4023215e-02
       536 2.3906181e+00 1.9225544e-01 3.7178782e-02 8.1112106e-02
       537 2.3892896e+00 1.9397714e-01 3.7884631e-02 8.1207838e-02
       538 2.3882783e+00 1.9556500e-01 3.8536648e-02 8.7466225e-02
       539 2.3902840e+00 1.9443325e-01 3.8030865e-02 8.2556375e-02
       540 2.3880338e+00 1.9559281e-01 3.8555928e-02 9.1146825e-02
       541 2.3909134e+00 1.9391004e-01 3.7809126e-02 8.7545840e-02
       542 2.3872796e+00 1.9698355e-01 3.9128569e-02 9.7133963e-02
       543 2.3891768e+00 1.9572939e-01 3.8571129e-02 8.5422805e-02
       544 2.3889294e+00 1.9614736e-01 3.8742978e-02 8.5020195e-02
       545 2.3882333e+00 1.9647732e-01 3.8895854e-02 8.6172315e-02
       546 2.3903914e+00 1.9434103e-01 3.7991791e-02 8.2863338e-02
       547 2.3880571e+00 1.9523266e-01 3.8414367e-02 8.7530733e-02
       548 2.3906275e+00 1.9350297e-01 3.7659751e-02 8.1677179e-02
       549 2.3921233e+00 1.9438613e-01 3.7960553e-02 1.0214017e-01
       550 2.3872840e+00 1.9634687e-01 3.8877984e-02 9.6080011e-02
       551 2.3912657e+00 1.9394480e-01 3.7812568e-02 8.9213387e-02
       552 2.3904725e+00 1.9568162e-01 3.8512232e-02 8.8730373e-02
       553 2.3899874e+00 1.9351625e-01 3.7684132e-02 7.8750852e-02
       554 2.3895210e+00 1.9464556e-01 3.8137021e-02 7.9772430e-02
       555 2.3905930e+00 1.9509139e-01 3.8278017e-02 8.7009744e-02
       556 2.3895968e+00 1.9457346e-01 3.8106565e-02 8.0986521e-02
       557 2.3896131e+00 1.9549843e-01 3.8466857e-02 8.0340502e-02
       558 2.3899443e+00 1.9353465e-01 3.7692579e-02 7.9188650e-02
       559 2.3875624e+00 1.9579007e-01 3.8649668e-02 9.1231469e-02
       560 2.3896556e+00 1.9435610e-01 3.8020182e-02 8.0572775e-02
       561 2.3903971e+00 1.9325960e-01 3.7572456e-02 8.2097865e-02
       562 2.3890212e+00 1.9467112e-01 3.8163032e-02 8.2970105e-02
       563 2.3882175e+00 1.9350461e-01 3.7737089e-02 8.8414529e-02
       564 2.3912046e+00 1.9419524e-01 3.7911499e-02 9.0048914e-02
       565 2.3906228e+00 1.9333850e-01 3.7596269e-02 8.2018749e-02
       566 2.3892298e+00 1.9182318e-01 3.7055556e-02 7.9202893e-02
       567 2.3893507e+00 1.9370110e-01 3.7775661e-02 7.9109066e-02
       568 2.3904970e+00 1.9340075e-01 3.7624059e-02 8.2571599e-02
       569 2.3903835e+00 1.9405346e-01 3.7880336e-02 8.1945122e-02
       570 2.3900564e+00 1.9253510e-01 3.7303243e-02 7.8556782e-02
       571 2.3884076e+00 1.9568442e-01 3.8578975e-02 8.5414659e-02
       572 2.3911437e+00 1.9224135e-01 3.7158171e-02 8.2177388e-02
       573 2.3875294e+00 1.9507315e-01 3.8370622e-02 9.3020423e-02
       574 2.3887760e+00 1.9334579e-01 3.7656843e-02 8.0412975e-02
       575 2.3892041e+00 1.9443551e-01 3.8065422e-02 7.9102855e-02
       576 2.3904845e+00 1.9398549e-01 3.7850951e-02 8.0747082e-02
       577 2.3910670e+00 1.9354324e-01 3.7662605e-02 8.5145720e-02
       578 2.3886152e+00 1.9496788e-01 3.8292074e-02 8.4441988e-02
       579 2.3874832e+00 1.9514794e-01 3.8401458e-02 9.4525268e-02
       580 2.3910315e+00 1.9256680e-01 3.7286604e-02 8.2576162e-02
       581 2.3913478e+00 1.9279763e-01 3.7366608e-02 8.6810601e-02
       582 2.3871001e+00 1.9608876e-01 3.8783367e-02 9.8177664e-02
       583 2.3882661e+00 1.9542017e-01 3.8480442e-02 8.7214352e-02
       584 2.3894805e+00 1.9406600e-01 3.7913022e-02 7.9079153e-02
       585 2.3911982e+00 1.9313701e-01 3.7501796e-02 8.8883199e-02
       586 2.3915309e+00 1.9376146e-01 3.7734096e-02 9.2155697e-02
       587 2.3898413e+00 1.9302900e-01 3.7500295e-02 7.8575281e-02
       588 2.3897869e+00 1.9420520e-01 3.7957448e-02 7.9597828e-02
       589 2.3882155e+00 1.9509102e-01 3.8353635e-02 8.6290719e-02
       590 2.3901899e+00 1.9330557e-01 3.7596463e-02 7.8982461e-02
       591 2.3903823e+00 1.9410958e-01 3.7902153e-02 8.0614795e-02
       592 2.3891672e+00 1.9359227e-01 3.7739412e-02 7.7848215e-02
       593 2.3902629e+00 1.9258684e-01 3.7316902e-02 7.6963728e-02
       594 2.3896592e+00 1.9272679e-01 3.7389392e-02 7.7105822e-02
       595 2.3890465e+00 1.9406501e-01 3.7926587e-02 8.1317862e-02
       596 2.3890533e+00 1.9464760e-01 3.8152829e-02 7.9677336e-02
       597 2.3897905e+00 1.9346929e-01 3.7672039e-02 8.0577777e-02
       598 2.3891797e+00 1.9386000e-01 3.7842742e-02 7.9242951e-02
       599 2.3897216e+00 1.9530613e-01 3.8388307e-02 8.2739926e-02
       600 2.3886687e+00 1.9496545e-01 3.8289341e-02 8.4852786e-02
       601 2.3901531e+00 1.9404794e-01 3.7885136e-02 8.1782077e-02
       602 2.3912002e+00 1.9308909e-01 3.7483230e-02 8.4770069e-02
       603 2.3893055e+00 1.9480293e-01 3.8205173e-02 7.9544207e-02
       604 2.3877593e+00 1.9431697e-01 3.8068038e-02 9.1009177e-02
       605 2.3893795e+00 1.9461816e-01 3.8130853e-02 7.9124426e-02
       606 2.3912674e+00 1.9220782e-01 3.7141784e-02 8.3016658e-02
       607 2.3898322e+00 1.9417162e-01 3.7943001e-02 7.8267502e-02
       608 2.3901539e+00 1.9324059e-01 3.7572435e-02 7.8425277e-02
       609 2.3875200e+00 1.9485421e-01 3.8285590e-02 9.5028200e-02
       610 2.3881549e+00 1.9554184e-01 3.8531817e-02 8.6921687e-02
       611 2.3888965e+00 1.9505882e-01 3.8318212e-02 7.9629849e-02
       612 2.3894693e+00 1.9426837e-01 3.7991964e-02 8.0489205e-02
       613 2.3921365e+00 1.9297917e-01 3.7415199e-02 9.6123469e-02
       614 2.3900681e+00 1.9357751e-01 3.7705373e-02 7.7295507e-02
       615 2.3883025e+00 1.9494512e-01 3.8293757e-02 8.3074255e-02
       616 2.3911147e+00 1.9254558e-01 3.7276059e-02 8.0339870e-02
       617 2.3893489e+00 1.9352655e-01 3.7708129e-02 7.7273695e-02
       618 2.3914757e+00 1.9243718e-01 3.7224187e-02 8.2693690e-02
       619 2.3877827e+00 1.9560775e-01 3.8570526e-02 8.9880277e-02
       620 2.3896152e+00 1.9391171e-01 3.7848908e-02 8.1116756e-02
       621 2.3911481e+00 1.9283181e-01 3.7385417e-02 8.2692952e-02
       622 2.3898445e+00 1.9204516e-01 3.7121344e-02 7.4493979e-02
       623 2.3898974e+00 1.9455011e-01 3.8088110e-02 7.8734820e-02
       624 2.3878090e+00 1.9346326e-01 3.7735246e-02 9.1131217e-02
       625 2.3908835e+00 1.9281511e-01 3.7386554e-02 8.1951690e-02
       626 2.3886019e+00 1.9551718e-01 3.8507010e-02 8.3206858e-02
       627 2.3879539e+00 1.9611351e-01 3.8762663e-02 8.7438655e-02
       628 2.3910073e+00 1.9360168e-01 3.7686935e-02 8.2946692e-02
       629 2.3908896e+00 1.9338740e-01 3.7607398e-02 8.3270326e-02
       630 2.3904880e+00 1.9345478e-01 3.7645227e-02 8.0895511e-02
       631 2.3873607e+00 1.9479368e-01 3.8267705e-02 9.4783016e-02
       632 2.3886425e+00 1.9512783e-01 3.8353558e-02 8.1559227e-02
       633 2.3891820e+00 1.9496154e-01 3.8270969e-02 7.9989456e-02
       634 2.3913002e+00 1.9263455e-01 3.7305086e-02 8.4191962e-02
       635 2.3911417e+00 1.9371504e-01 3.7727007e-02 8.6795997e-02
       636 2.3884678e+00 1.9475136e-01 3.8212644e-02 8.3160078e-02
       637 2.3894790e+00 1.9406429e-01 3.7912407e-02 8.0234878e-02
       638 2.3892453e+00 1.9263243e-01 3.7366177e-02 7.7753324e-02
       639 2.3920423e+00 1.9083365e-01 3.6594215e-02 8.8393143e-02
       640 2.3884065e+00 1.9456567e-01 3.8142421e-02 8.3958394e-02
       641 2.3895789e+00 1.9284724e-01 3.7438358e-02 7.4320660e-02
       642 2.3894205e+00 1.9423137e-01 3.7979143e-02 7.8487372e-02
       643 2.3912696e+00 1.9269533e-01 3.7329365e-02 8.4006730e-02
       644 2.3889769e+00 1.9421992e-01 3.7989010e-02 8.2445340e-02
       645 2.3896978e+00 1.9204737e-01 3.7126761e-02 7.6333246e-02
       646 2.3887146e+00 1.9371283e-01 3.7800945e-02 7.9109859e-02
       647 2.3914555e+00 1.9263266e-01 3.7300020e-02 8.6144767e-02
       648 2.3891995e+00 1.9327103e-01 3.7614092e-02 7.8075966e-02
       649 2.3881555e+00 1.9449926e-01 3.8125145e-02 8.5375977e-02
       650 2.3899569e+00 1.9293545e-01 3.7460618e-02 7.7878888e-02
       651 2.3903616e+00 1.9401888e-01 3.7867570e-02 7.8580836e-02
       652 2.3889890e+00 1.9443251e-01 3.8071238e-02 8.0179427e-02
       653 2.3908675e+00 1.9333473e-01 3.7587668e-02 8.1841722e-02
       654 2.3874581e+00 1.9390876e-01 3.7920243e-02 9.4701939e-02
       655 2.3901681e+00 1.9242961e-01 3.7259235e-02 7.4796934e-02
       656 2.3908453e+00 1.9212153e-01 3.7120675e-02 7.8114993e-02
       657 2.3882135e+00 1.9408208e-01 3.7961050e-02 8.4464732e-02
       658 2.3905700e+00 1.9246907e-01 3.7262390e-02 7.8873572e-02
       659 2.3892746e+00 1.9296775e-01 3.7494536e-02 7.7200278e-02
       660 2.3918211e+00 1.9203392e-01 3.7059690e-02 8.7604416e-02
       661 2.3915056e+00 1.9069341e-01 3.6555270e-02 8.1084495e-02
       662 2.3889283e+00 1.9498853e-01 3.8289751e-02 8.1609032e-02
       663 2.3882555e+00 1.9363666e-01 3.7786913e-02 8.6621089e-02
       664 2.3879234e+00 1.9408269e-01 3.7971302e-02 8.9852935e-02
       665 2.3919597e+00 1.9189999e-01 3.7004543e-02 8.9408371e-02
       666 2.3889213e+00 1.9297314e-01 3.7508089e-02 8.1788483e-02
       667 2.3901185e+00 1.9303259e-01 3.7493169e-02 7.4721241e-02
       668 2.3915054e+00 1.9208423e-01 3.7087651e-02 8.5014293e-02
       669 2.3923281e+00 1.9063184e-01 3.6509716e-02 9.1502503e-02
       670 2.3894726e+00 1.9352351e-01 3.7703011e-02 7.7265655e-02
       671 2.3893034e+00 1.9274205e-01 3.7406556e-02 7.9088177e-02
       672 2.3911584e+00 1.9131925e-01 3.6804071e-02 7.8768512e-02
       673 2.3877874e+00 1.9416977e-01 3.8009868e-02 9.0962200e-02
       674 2.3892196e+00 1.9194534e-01 3.7102765e-02 7.6655189e-02
       675 2.3889321e+00 1.9350929e-01 3.7714948e-02 7.9335379e-02
       676 2.3880963e+00 1.9456534e-01 3.8152894e-02 8.6085451e-02
       677 2.3907596e+00 1.9329150e-01 3.7574089e-02 7.9543698e-02
       678 2.3890566e+00 1.9434965e-01 3.8036819e-02 7.9081987e-02
       679 2.3920361e+00 1.9100447e-01 3.6659606e-02 8.8036858e-02
       680 2.3895615e+00 1.9397094e-01 3.7873576e-02 7.8582410e-02
       681 2.3899790e+00 1.9265417e-01 3.7351481e-02 7.6135343e-02
       682 2.3909062e+00 1.9226502e-01 3.7174072e-02 7.9694252e-02
       683 2.3885750e+00 1.9393991e-01 3.7893635e-02 8.0185740e-02
       684 2.3892334e+00 1.9302387e-01 3.7517520e-02 7.8685954e-02
       685 2.3897865e+00 1.9307038e-01 3.7517972e-02 7.5171701e-02
       686 2.3896101e+00 1.9335281e-01 3.7632626e-02 7.8489613e-02
       687 2.3913882e+00 1.9169283e-01 3.6940693e-02 8.1573006e-02
       688 2.3910438e+00 1.9180248e-01 3.6992470e-02 7.7500101e-02
       689 2.3905142e+00 1.9259535e-01 3.7312667e-02 7.7077175e-02
       690 2.3879805e+00 1.9301637e-01 3.7556546e-02 8.5123170e-02
       691 2.3905673e+00 1.9320290e-01 3.7545489e-02 7.8099223e-02
       692 2.3899716e+00 1.9261383e-01 3.7336169e-02 7.7287389e-02
       693 2.3893115e+00 1.9364219e-01 3.7754097e-02 7.7461568e-02
       694 2.3891296e+00 1.9276315e-01 3.7420293e-02 7.8247722e-02
       695 2.3882703e+00 1.9304251e-01 3.7556661e-02 8.3788068e-02
       696 2.3890955e+00 1.9372009e-01 3.7791243e-02 7.9453521e-02
       697 2.3917806e+00 1.9162637e-01 3.6904429e-02 8.5120643e-02
       698 2.3906170e+00 1.9280542e-01 3.7390592e-02 7.8981646e-02
       699 2.3894833e+00 1.9301167e-01 3.7504828e-02 7.7523650e-02
       700 2.3888831e+00 1.9314270e-01 3.7574816e-02 7.9975551e-02
       701 2.3897562e+00 1.9237068e-01 3.7249219e-02 7.5602015e-02
       702 2.3898522e+00 1.9433092e-01 3.8004268e-02 7.9874114e-02
       703 2.3899390e+00 1.9383373e-01 3.7808597e-02 7.7146073e-02
       704 2.3926372e+00 1.9043718e-01 3.6427591e-02 9.4376535e-02
       705 2.3906161e+00 1.9215255e-01 3.7139291e-02 7.5097111e-02
       706 2.3883139e+00 1.9375638e-01 3.7831299e-02 8.4491760e-02
       707 2.3896209e+00 1.9283640e-01 3.7432856e-02 7.6566638e-02
       708 2.3884729e+00 1.9341670e-01 3.7694398e-02 8.2568070e-02
       709 2.3901916e+00 1.9244159e-01 3.7263130e-02 7.4555242e-02
       710 2.3890906e+00 1.9229223e-01 3.7240230e-02 7.9193925e-02
       711 2.3911666e+00 1.9258537e-01 3.7289909e-02 8.2046688e-02
       712 2.3889266e+00 1.9343289e-01 3.7685567e-02 7.8183878e-02
       713 2.3900931e+00 1.9189221e-01 3.7054978e-02 7.3501601e-02
       714 2.3897184e+00 1.9242900e-01 3.7272843e-02 7.5893124e-02
       715 2.3913767e+00 1.9186579e-01 3.7007358e-02 8.2214224e-02
       716 2.3904888e+00 1.9164672e-01 3.6948916e-02 7.2951390e-02
       717 2.3887731e+00 1.9231244e-01 3.7258421e-02 7.8186720e-02
       718 2.3916478e+00 1.8992415e-01 3.6258560e-02 7.8155782e-02
       719 2.3894120e+00 1.9292036e-01 3.7471851e-02 7.4620819e-02
       720 2.3885039e+00 1.9314111e-01 3.7586822e-02 8.1005875e-02
       721 2.3903879e+00 1.9204994e-01 3.7106636e-02 7.4999091e-02
       722 2.3897334e+00 1.9193131e-01 3.7081083e-02 7.4172376e-02
       723 2.3914068e+00 1.9140097e-01 3.6828367e-02 7.9892125e-02
       724 2.3902809e+00 1.9135820e-01 3.6844630e-02 7.2781819e-02
       725 2.3877755e+00 1.9397137e-01 3.7933279e-02 8.8653162e-02
       726 2.3888719e+00 1.9229501e-01 3.7248453e-02 7.8672162e-02
       727 2.3898842e+00 1.9214442e-01 3.7158250e-02 7.5209401e-02
       728 2.3909378e+00 1.9125304e-01 3.6785045e-02 7.7092316e-02
       729 2.3922444e+00 1.9050284e-01 3.6462734e-02 8.9611172e-02
       730 2.3883203e+00 1.9365297e-01 3.7791019e-02 8.4604141e-02
       731 2.3913085e+00 1.9182188e-01 3.6992417e-02 8.0675008e-02
       732 2.3886536e+00 1.9214366e-01 3.7197503e-02 8.2414929e-02
       733 2.3885836e+00 1.9366286e-01 3.7785961e-02 7.9467211e-02
       734 2.3916411e+00 1.9014103e-01 3.6341175e-02 7.9703496e-02
       735 2.3922083e+00 1.9128025e-01 3.6760480e-02 8.7619804e-02
       736 2.3873735e+00 1.9293601e-01 3.7546971e-02 9.3838515e-02
       737 2.3925197e+00 1.9054465e-01 3.6471534e-02 9.2676150e-02
       738 2.3891431e+00 1.9099006e-01 3.6739428e-02 7.6754759e-02
       739 2.3895550e+00 1.9126228e-01 3.6830316e-02 7.3453872e-02
       740 2.3882133e+00 1.9326692e-01 3.7645302e-02 8.6085016e-02
       741 2.3914639e+00 1.9099472e-01 3.6671430e-02 8.0829057e-02
       742 2.3879561e+00 1.9258802e-01 3.7392218e-02 8.9422783e-02
       743 2.3917726e+00 1.9057801e-01 3.6503953e-02 8.2572376e-02
       744 2.3911341e+00 1.9064477e-01 3.6547135e-02 7.7372430e-02
       745 2.3908417e+00 1.9161762e-01 3.6927411e-02 7.5629985e-02
       746 2.3881919e+00 1.9271059e-01 3.7431307e-02 8.6337984e-02
       747 2.3882007e+00 1.9214934e-01 3.7215000e-02 8.3293567e-02
       748 2.3894155e+00 1.9237398e-01 3.7261224e-02 7.4087536e-02
       749 2.3895046e+00 1.9236686e-01 3.7255655e-02 7.4027750e-02
       750 2.3889606e+00 1.9276251e-01 3.7425554e-02 7.6934604e-02
       751 2.3897274e+00 1.9186176e-01 3.7054579e-02 7.3589281e-02
       752 2.3915703e+00 1.9089026e-01 3.6628599e-02 7.9971098e-02
       753 2.3898078e+00 1.9316728e-01 3.7554739e-02 7.4330846e-02
       754 2.3892970e+00 1.9254054e-01 3.7329124e-02 7.8069344e-02
       755 2.3919523e+00 1.8984796e-01 3.6221384e-02 8.2939042e-02
       756 2.3877248e+00 1.9259678e-01 3.7403689e-02 9.0517181e-02
       757 2.3888656e+00 1.9155997e-01 3.6966509e-02 7.9091243e-02
       758 2.3929271e+00 1.9050465e-01 3.6446013e-02 9.7534137e-02
       759 2.3899601e+00 1.9170503e-01 3.6987253e-02 7.2712782e-02
       760 2.3908620e+00 1.9163715e-01 3.6934305e-02 7.6524835e-02
       761 2.3884733e+00 1.9374773e-01 3.7822550e-02 8.0913727e-02
       762 2.3909487e+00 1.9100676e-01 3.6690591e-02 7.6045457e-02
       763 2.3894984e+00 1.9149973e-01 3.6922992e-02 7.2777206e-02
       764 2.3895380e+00 1.9152668e-01 3.6932058e-02 7.3865117e-02
       765 2.3872316e+00 1.9290378e-01 3.7539653e-02 9.9549674e-02
       766 2.3896273e+00 1.9234564e-01 3.7243621e-02 7.3363591e-02
       767 2.3916858e+00 1.9091922e-01 3.6636487e-02 8.0199587e-02
       768 2.3916360e+00 1.9064153e-01 3.6531894e-02 7.9803671e-02
       769 2.3896489e+00 1.9232315e-01 3.7234293e-02 7.4152599e-02
       770 2.3913934e+00 1.9088860e-01 3.6632867e-02 7.7951609e-02
       771 2.3886981e+00 1.9218272e-01 3.7211031e-02 7.8581390e-02
       772 2.3905275e+00 1.9203676e-01 3.7097423e-02 7.3564596e-02
       773 2.3885756e+00 1.9265213e-01 3.7395770e-02 8.0911753e-02
       774 2.3895309e+00 1.9194178e-01 3.7091463e-02 7.3876115e-02
       775 2.3884794e+00 1.9322807e-01 3.7621248e-02 7.8746796e-02
       776 2.3913430e+00 1.9074558e-01 3.6579694e-02 7.7135989e-02
       777 2.3904293e+00 1.9125281e-01 3.6799860e-02 7.3186195e-02
       778 2.3912916e+00 1.8941123e-01 3.6073870e-02 7.4243294e-02
       779 2.3894762e+00 1.9235219e-01 3.7250914e-02 7.4416498e-02
       780 2.3895906e+00 1.9227397e-01 3.7217213e-02 7.4670512e-02
       781 2.3906523e+00 1.9118775e-01 3.6768380e-02 7.4814811e-02
       782 2.3890238e+00 1.9275490e-01 3.7420554e-02 7.6883637e-02
       783 2.3903032e+00 1.9200131e-01 3.7090502e-02 7.3194317e-02
       784 2.3906222e+00 1.9047443e-01 3.6497014e-02 7.3371602e-02
       785 2.3893064e+00 1.9201994e-01 3.7128619e-02 7.5223793e-02
       786 2.3891951e+00 1.9252090e-01 3.7324838e-02 7.6058030e-02
       787 2.3903717e+00 1.9105328e-01 3.6725300e-02 7.2101496e-02
       788 2.3882267e+00 1.9387577e-01 3.7880557e-02 8.5573257e-02
       789 2.3897603e+00 1.9144684e-01 3.6894511e-02 7.2997313e-02
       790 2.3904418e+00 1.9099777e-01 3.6701996e-02 7.2432510e-02
       791 2.3890033e+00 1.9243326e-01 3.7297333e-02 7.8001037e-02
       792 2.3919483e+00 1.9091157e-01 3.6626468e-02 8.5253032e-02
       793 2.3920742e+00 1.9136276e-01 3.6795594e-02 8.9744065e-02
       794 2.3885875e+00 1.9241977e-01 3.7305896e-02 7.9728419e-02
       795 2.3905144e+00 1.8996865e-01 3.6307781e-02 7.0149844e-02
       796 2.3929540e+00 1.8953281e-01 3.6076010e-02 9.6011653e-02
       797 2.3901918e+00 1.8935939e-01 3.6086339e-02 6.9404390e-02
       798 2.3893346e+00 1.9110702e-01 3.6777950e-02 7.4765407e-02
       799 2.3898724e+00 1.9103688e-01 3.6734226e-02 7.1407517e-02
       800 2.3898825e+00 1.9013319e-01 3.6389452e-02 7.0928060e-02
       801 2.3891354e+00 1.9153189e-01 3.6946938e-02 7.4876239e-02
       802 2.3900780e+00 1.9119636e-01 3.6788868e-02 7.1808927e-02
       803 2.3891505e+00 1.9179434e-01 3.7047053e-02 7.6157500e-02
       804 2.3911352e+00 1.8984069e-01 3.6241161e-02 7.3693094e-02
       805 2.3922749e+00 1.8901295e-01 3.5896500e-02 8.4721713e-02
       806 2.3870331e+00 1.9181216e-01 3.7126920e-02 1.0390455e-01
       807 2.3907708e+00 1.9100187e-01 3.6693872e-02 7.5336194e-02
       808 2.3896790e+00 1.9192306e-01 3.7079619e-02 7.3375444e-02
       809 2.3910347e+00 1.9094324e-01 3.6663863e-02 7.5433179e-02
       810 2.3898536e+00 1.9125071e-01 3.6816551e-02 7.3247854e-02
       811 2.3887497e+00 1.9132627e-01 3.6880863e-02 7.7736048e-02
       812 2.3917887e+00 1.8901038e-01 3.5908465e-02 7.8097672e-02
       813 2.3907719e+00 1.9048822e-01 3.6497886e-02 7.2857096e-02
       814 2.3907509e+00 1.8971373e-01 3.6204035e-02 7.1547092e-02
       815 2.3898192e+00 1.9055466e-01 3.6551863e-02 7.1046824e-02
       816 2.3916465e+00 1.8892508e-01 3.5880101e-02 7.6787908e-02
       817 2.3891369e+00 1.9099283e-01 3.6740683e-02 7.4849129e-02
       818 2.3882076e+00 1.9106510e-01 3.6799272e-02 8.5998167e-02
       819 2.3902439e+00 1.9070672e-01 3.6596840e-02 6.9642460e-02
       820 2.3895928e+00 1.9117131e-01 3.6794333e-02 7.2172636e-02
       821 2.3914818e+00 1.9019704e-01 3.6366865e-02 7.7539850e-02
       822 2.3892857e+00 1.9110634e-01 3.6779260e-02 7.4457147e-02
       823 2.3904238e+00 1.8959880e-01 3.6170090e-02 6.9350522e-02
       824 2.3906573e+00 1.8974277e-01 3.6217795e-02 7.1354065e-02
       825 2.3895620e+00 1.9081589e-01 3.6659535e-02 7.1238362e-02
       826 2.3899517e+00 1.9025985e-01 3.6435503e-02 6.9256653e-02
       827 2.3904935e+00 1.9056612e-01 3.6535759e-02 7.2233064e-02
       828 2.3886455e+00 1.9081660e-01 3.6689559e-02 8.0003661e-02
       829 2.3900367e+00 1.9045076e-01 3.6505573e-02 6.9176836e-02
       830 2.3908717e+00 1.9046829e-01 3.6487398e-02 7.5140362e-02
       831 2.3907722e+00 1.8971756e-01 3.6204870e-02 7.0872120e-02
       832 2.3896154e+00 1.8944576e-01 3.6136846e-02 6.9690768e-02
       833 2.3883824e+00 1.9126629e-01 3.6870234e-02 7.9977888e-02
       834 2.3900234e+00 1.9037008e-01 3.6475257e-02 7.0902039e-02
       835 2.3883906e+00 1.9152107e-01 3.6967483e-02 8.3833007e-02
       836 2.3897808e+00 1.9081470e-01 3.6652225e-02 7.0696693e-02
       837 2.3923494e+00 1.9121925e-01 3.6733466e-02 9.3280785e-02
       838 2.3885929e+00 1.9258382e-01 3.7368876e-02 7.9777169e-02
       839 2.3902416e+00 1.9148600e-01 3.6894745e-02 7.1941903e-02
       840 2.3898686e+00 1.9087031e-01 3.6670728e-02 6.9787312e-02
       841 2.3888007e+00 1.9129057e-01 3.6865512e-02 7.6982109e-02
       842 2.3898725e+00 1.9162954e-01 3.6961014e-02 7.1545385e-02
       843 2.3897950e+00 1.9090122e-01 3.6684813e-02 7.0940049e-02
       844 2.3888185e+00 1.9200835e-01 3.7140048e-02 7.7662829e-02
       845 2.3926762e+00 1.8919346e-01 3.5954446e-02 9.0953095e-02
       846 2.3902347e+00 1.9049867e-01 3.6517809e-02 6.9961329e-02
       847 2.3897395e+00 1.9175274e-01 3.7012379e-02 7.2068456e-02
       848 2.3900897e+00 1.9117905e-01 3.6781892e-02 7.2441830e-02
       849 2.3908363e+00 1.9174196e-01 3.6975230e-02 7.5924241e-02
       850 2.3904094e+00 1.9086760e-01 3.6653256e-02 7.0110650e-02
       851 2.3899343e+00 1.9090115e-01 3.6680475e-02 7.1418004e-02
       852 2.3892617e+00 1.9168236e-01 3.7000524e-02 7.3594899e-02
       853 2.3883621e+00 1.9329496e-01 3.7651071e-02 8.0932293e-02
       854 2.3905155e+00 1.9048422e-01 3.6503899e-02 6.9948922e-02
       855 2.3884362e+00 1.9196182e-01 3.7134958e-02 7.9981229e-02
       856 2.3931625e+00 1.8920392e-01 3.5946327e-02 1.0130698e-01
       857 2.3921170e+00 1.8876053e-01 3.5805292e-02 8.0761641e-02
       858 2.3887235e+00 1.9002064e-01 3.6383831e-02 7.8628520e-02
       859 2.3901694e+00 1.8999141e-01 3.6326775e-02 6.9738646e-02
       860 2.3923600e+00 1.8829588e-01 3.5623727e-02 8.2160629e-02
       861 2.3899819e+00 1.9005518e-01 3.6356732e-02 6.9545680e-02
       862 2.3895538e+00 1.9097224e-01 3.6719487e-02 7.2203188e-02
       863 2.3895855e+00 1.9004538e-01 3.6365340e-02 6.9356546e-02
       864 2.3898470e+00 1.9095288e-01 3.6702924e-02 7.0923193e-02
       865 2.3899959e+00 1.9054280e-01 3.6541888e-02 7.1135759e-02
       866 2.3912411e+00 1.9053871e-01 3.6503676e-02 7.5586234e-02
       867 2.3907104e+00 1.9045223e-01 3.6485973e-02 7.2524097e-02
       868 2.3906855e+00 1.8930973e-01 3.6052823e-02 7.0442672e-02
       869 2.3892871e+00 1.9110267e-01 3.6777813e-02 7.5588955e-02
       870 2.3905296e+00 1.8961026e-01 3.6171291e-02 6.9791695e-02
       871 2.3909497e+00 1.8923260e-01 3.6015956e-02 7.1329684e-02
       872 2.3877672e+00 1.8992428e-01 3.6379909e-02 9.3361229e-02
       873 2.3921056e+00 1.8863359e-01 3.5757687e-02 8.0609746e-02
       874 2.3898952e+00 1.9082791e-01 3.6653723e-02 6.9375336e-02
       875 2.3899830e+00 1.8999310e-01 3.6333107e-02 7.0075324e-02
       876 2.3894039e+00 1.8941830e-01 3.6133139e-02 7.2001490e-02
       877 2.3886895e+00 1.9138825e-01 3.6906580e-02 7.8609203e-02
       878 2.3910125e+00 1.9031309e-01 3.6424245e-02 7.4008575e-02
       879 2.3880446e+00 1.9133785e-01 3.6909181e-02 8.7204525e-02
       880 2.3920044e+00 1.8828953e-01 3.5630690e-02 7.8960220e-02
       881 2.3907943e+00 1.9008936e-01 3.6345439e-02 7.3160831e-02
       882 2.3892483e+00 1.8955096e-01 3.6188396e-02 7.1570126e-02
       883 2.3888932e+00 1.9169811e-01 3.7018546e-02 7.6084291e-02
       884 2.3913497e+00 1.9005337e-01 3.6315911e-02 7.5864150e-02
       885 2.3906114e+00 1.8996217e-01 3.6302454e-02 7.0451800e-02
       886 2.3915123e+00 1.8855667e-01 3.5744725e-02 7.4224797e-02
       887 2.3875745e+00 1.9205648e-01 3.7201179e-02 8.9650781e-02
       888 2.3896185e+00 1.9041037e-01 3.6503164e-02 7.0997294e-02
       889 2.3915668e+00 1.8898300e-01 3.5904179e-02 7.6048826e-02
       890 2.3901317e+00 1.9039368e-01 3.6480938e-02 7.0904684e-02
       891 2.3892198e+00 1.8970789e-01 3.6248829e-02 7.4262171e-02
       892 2.3891959e+00 1.9034654e-01 3.6492324e-02 7.3651444e-02
       893 2.3893815e+00 1.9015820e-01 3.6414703e-02 7.1947099e-02
       894 2.3902583e+00 1.9001868e-01 3.6334448e-02 7.1757692e-02
       895 2.3897266e+00 1.9047598e-01 3.6524765e-02 7.0357930e-02
       896 2.3928450e+00 1.8826286e-01 3.5598941e-02 9.0776191e-02
       897 2.3906799e+00 1.9011330e-01 3.6357882e-02 7.2044505e-02
       898 2.3924748e+00 1.8882734e-01 3.5821185e-02 8.5966576e-02
       899 2.3887789e+00 1.8985982e-01 3.6320903e-02 7.9942095e-02
       900 2.3904377e+00 1.8925819e-01 3.6040636e-02 6.8412498e-02
       901 2.3902205e+00 1.8913998e-01 3.6002421e-02 6.8638484e-02
       902 2.3900798e+00 1.9005556e-01 3.6353880e-02 7.0046707e-02
       903 2.3879109e+00 1.9079836e-01 3.6707664e-02 9.0285603e-02
       904 2.3905144e+00 1.8992542e-01 3.6291358e-02 6.8180953e-02
       905 2.3914203e+00 1.8763455e-01 3.5400383e-02 7.0745989e-02
       906 2.3910993e+00 1.8954692e-01 3.6130734e-02 7.2898640e-02
       907 2.3874798e+00 1.9132037e-01 3.6922343e-02 9.4238326e-02
       908 2.3911601e+00 1.9006931e-01 3.6327312e-02 7.5378196e-02
       909 2.3904366e+00 1.8986954e-01 3.6272449e-02 6.9565736e-02
       910 2.3888351e+00 1.9201593e-01 3.7142413e-02 7.6033501e-02
       911 2.3907929e+00 1.8959063e-01 3.6156121e-02 7.1043685e-02
       912 2.3894805e+00 1.9004954e-01 3.6370238e-02 7.2284720e-02
       913 2.3923059e+00 1.8824330e-01 3.5605336e-02 8.0846884e-02
       914 2.3909160e+00 1.8942070e-01 3.6088152e-02 7.1472241e-02
       915 2.3912394e+00 1.8907344e-01 3.5947492e-02 7.1769916e-02
       916 2.3888758e+00 1.8903845e-01 3.6006488e-02 7.6263671e-02
       917 2.3893117e+00 1.9015033e-01 3.6413941e-02 7.2930226e-02
       918 2.3901320e+00 1.8913073e-01 3.6001607e-02 6.7255447e-02
       919 2.3908608e+00 1.8855591e-01 3.5762875e-02 6.9106244e-02
       920 2.3912019e+00 1.8812929e-01 3.5592417e-02 6.9934847e-02
       921 2.3906431e+00 1.8906517e-01 3.5961535e-02 6.7840788e-02
       922 2.3893884e+00 1.9003702e-01 3.6368407e-02 7.2258863e-02
       923 2.3913863e+00 1.8865317e-01 3.5784624e-02 7.2014896e-02
       924 2.3903930e+00 1.8967999e-01 3.6201805e-02 6.8411781e-02
       925 2.3884712e+00 1.9064491e-01 3.6629917e-02 7.9544439e-02
       926 2.3891334e+00 1.8949828e-01 3.6172135e-02 7.1798220e-02
       927 2.3898887e+00 1.8951584e-01 3.6154888e-02 6.7133226e-02
       928 2.3907843e+00 1.8858157e-01 3.5774774e-02 6.9481470e-02
       929 2.3916916e+00 1.8876335e-01 3.5817784e-02 7.5253066e-02
       930 2.3894676e+00 1.9053675e-01 3.6556072e-02 6.9865674e-02
       931 2.3896298e+00 1.8978807e-01 3.6266209e-02 7.0637683e-02
       932 2.3891890e+00 1.8986546e-01 3.6309632e-02 7.2527907e-02
       933 2.3919188e+00 1.8908250e-01 3.5932226e-02 7.9093754e-02
       934 2.3899516e+00 1.8854262e-01 3.5785011e-02 6.8857598e-02
       935 2.3904309e+00 1.8803811e-01 3.5580506e-02 6.8019911e-02
       936 2.3900465e+00 1.8934210e-01 3.6084210e-02 6.9036507e-02
       937 2.3899124e+00 1.8899419e-01 3.5956705e-02 6.8152917e-02
       938 2.3896822e+00 1.8973701e-01 3.6245186e-02 6.9930724e-02
       939 2.3901956e+00 1.8989470e-01 3.6289242e-02 6.7611185e-02
       940 2.3895126e+00 1.8890481e-01 3.5935419e-02 7.0595257e-02
       941 2.3895063e+00 1.9056863e-01 3.6566994e-02 7.0506794e-02
       942 2.3896020e+00 1.9016615e-01 3.6410739e-02 6.9535111e-02
       943 2.3905811e+00 1.8843833e-01 3.5726723e-02 6.7123526e-02
       944 2.3917379e+00 1.8884100e-01 3.5845843e-02 7.6523655e-02
       945 2.3907547e+00 1.8901666e-01 3.5939926e-02 6.9360518e-02
       946 2.3897270e+00 1.8816463e-01 3.5649584e-02 6.8928621e-02
       947 2.3895772e+00 1.8938319e-01 3.6114348e-02 6.9703572e-02
       948 2.3919806e+00 1.8852202e-01 3.5718931e-02 7.8249385e-02
       949 2.3892733e+00 1.9119779e-01 3.6814620e-02 7.1636692e-02
       950 2.3890212e+00 1.8998099e-01 3.6358965e-02 7.3838191e-02
       951 2.3894990e+00 1.8918228e-01 3.6040757e-02 6.8604519e-02
       952 2.3907556e+00 1.8944863e-01 3.6103385e-02 6.9638634e-02
       953 2.3915672e+00 1.8859027e-01 3.5755880e-02 7.5142083e-02
       954 2.3918178e+00 1.8835115e-01 3.5658908e-02 7.5761466e-02
       955 2.3891926e+00 1.8867461e-01 3.5858731e-02 7.1312878e-02
       956 2.3898365e+00 1.8877654e-01 3.5876828e-02 6.6287277e-02
       957 2.3893399e+00 1.8987095e-01 3.6306868e-02 7.0401056e-02
       958 2.3893064e+00 1.9140003e-01 3.6890935e-02 7.2432823e-02
       959 2.3931369e+00 1.8703272e-01 3.5130065e-02 9.0471333e-02
       960 2.3918597e+00 1.8752786e-01 3.5348321e-02 7.3901181e-02
       961 2.3889364e+00 1.8879683e-01 3.5913204e-02 7.3032946e-02
       962 2.3900297e+00 1.8920200e-01 3.6031689e-02 6.7185713e-02
       963 2.3883769e+00 1.8977644e-01 3.6302725e-02 8.3111438e-02
       964 2.3887964e+00 1.8920657e-01 3.6072697e-02 7.4435667e-02
       965 2.3899434e+00 1.9030057e-01 3.6451254e-02 6.7560757e-02
       966 2.3920692e+00 1.8812019e-01 3.5565225e-02 7.7373006e-02
       967 2.3912350e+00 1.8872939e-01 3.5817634e-02 7.0937272e-02
       968 2.3911094e+00 1.8777624e-01 3.5462325e-02 6.8543694e-02
       969 2.3908785e+00 1.8993301e-01 3.6283581e-02 7.1316229e-02
       970 2.3906424e+00 1.8755447e-01 3.5392594e-02 6.5893551e-02
       971 2.3895648e+00 1.8866244e-01 3.5842263e-02 6.8548116e-02
       972 2.3912515e+00 1.8704514e-01 3.5184272e-02 6.8573030e-02
       973 2.3884702e+00 1.8963074e-01 3.6244285e-02 7.8980201e-02
       974 2.3894959e+00 1.9025440e-01 3.6447659e-02 6.8015874e-02
       975 2.3904672e+00 1.8856795e-01 3.5778967e-02 6.8111592e-02
       976 2.3908108e+00 1.8848317e-01 3.5736899e-02 6.8342427e-02
       977 2.3904030e+00 1.8790879e-01 3.5532722e-02 6.5761845e-02
       978 2.3900793e+00 1.8887049e-01 3.5904842e-02 6.7452105e-02
       979 2.3920037e+00 1.8633026e-01 3.4896727e-02 7.3874784e-02
       980 2.3891533e+00 1.8961969e-01 3.6217520e-02 7.0320087e-02
       981 2.3897876e+00 1.8869173e-01 3.5846335e-02 6.8138196e-02
       982 2.3882517e+00 1.9016063e-01 3.6452953e-02 8.0732533e-02
       983 2.3910947e+00 1.8792883e-01 3.5520071e-02 6.8235440e-02
       984 2.3923546e+00 1.8787936e-01 3.5467182e-02 8.1149900e-02
       985 2.3904395e+00 1.8895098e-01 3.5924388e-02 6.6221921e-02
       986 2.3922711e+00 1.8658933e-01 3.4986281e-02 7.8177938e-02
       987 2.3902369e+00 1.8773962e-01 3.5474159e-02 6.4927136e-02
       988 2.3892979e+00 1.8885481e-01 3.5923371e-02 7.2415502e-02
       989 2.3888710e+00 1.8850095e-01 3.5803722e-02 7.5043591e-02
       990 2.3876794e+00 1.9033378e-01 3.6538720e-02 8.9256567e-02
       991 2.3898040e+00 1.8920255e-01 3.6038863e-02 6.7952215e-02
       992 2.3905150e+00 1.8800131e-01 3.5564167e-02 6.6903003e-02
       993 2.3897441e+00 1.8914713e-01 3.6019756e-02 6.7238260e-02
       994 2.3927693e+00 1.8715856e-01 3.5186260e-02 8.6978328e-02
       995 2.3909950e+00 1.8790301e-01 3.5513220e-02 6.7301272e-02
       996 2.3904278e+00 1.8860278e-01 3.5793275e-02 6.6326423e-02
       997 2.3907679e+00 1.8822006e-01 3.5639032e-02 6.6713530e-02
       998 2.3893260e+00 1.8844649e-01 3.5768411e-02 7.1228687e-02
       999 2.3905975e+00 1.8873596e-01 3.5838498e-02 6.7050243e-02

Final Weights:         0.4805652445         0.2105386360        -0.1701461216        -0.5172203127 