# Cycles, Average Predicted Temperature, Stddev Predicted Temperature, Mean Squared Error, || MSE Gradient ||
         0    0.00016    0.00008    4.79185    0.06729
         1    0.00016    0.00008    4.79185    0.06752
         2    0.00016    0.00008    4.79184    0.06782
         3    0.00016    0.00008    4.79184    0.06826
         4    0.00016    0.00008    4.79183    0.06856
         5    0.00016    0.00008    4.79183    0.06877
         6    0.00016    0.00008    4.79182    0.06922
         7    0.00016    0.00008    4.79182    0.06960
         8    0.00016    0.00008    4.79181    0.06983
         9    0.00017    0.00008    4.79181    0.07005
        10    0.00017    0.00008    4.79180    0.07053
        11    0.00017    0.00008    4.79180    0.07087
        12    0.00017    0.00008    4.79179    0.07116
        13    0.00017    0.00008    4.79179    0.07148
        14    0.00017    0.00008    4.79178    0.07196
        15    0.00017    0.00008    4.79178    0.07231
        16    0.00017    0.00008    4.79177    0.07264
        17    0.00017    0.00008    4.79177    0.07298
        18    0.00018    0.00008    4.79176    0.07336
        19    0.00018    0.00008    4.79176    0.07371
        20    0.00018    0.00008    4.79175    0.07406
        21    0.00018    0.00008    4.79174    0.07441
        22    0.00018    0.00009    4.79174    0.07483
        23    0.00018    0.00009    4.79173    0.07517
        24    0.00018    0.00009    4.79173    0.07555
        25    0.00019    0.00009    4.79172    0.07595
        26    0.00019    0.00009    4.79172    0.07630
        27    0.00019    0.00009    4.79171    0.07667
        28    0.00019    0.00009    4.79170    0.07709
        29    0.00019    0.00009    4.79170    0.07751
        30    0.00019    0.00009    4.79169    0.07781
        31    0.00019    0.00009    4.79169    0.07820
        32    0.00019    0.00009    4.79168    0.07869
        33    0.00020    0.00009    4.79167    0.07901
        34    0.00020    0.00009    4.79167    0.07949
        35    0.00020    0.00009    4.79166    0.07994
        36    0.00020    0.00009    4.79165    0.08034
        37    0.00020    0.00009    4.79165    0.08077
        38    0.00020    0.00009    4.79164    0.08116
        39    0.00020    0.00009    4.79164    0.08153
        40    0.00021    0.00009    4.79163    0.08194
        41    0.00021    0.00009    4.79162    0.08241
        42    0.00021    0.00010    4.79162    0.08287
        43    0.00021    0.00010    4.79161    0.08329
        44    0.00021    0.00010    4.79160    0.08377
        45    0.00021    0.00010    4.79159    0.08420
        46    0.00022    0.00010    4.79159    0.08469
        47    0.00022    0.00010    4.79158    0.08515
        48    0.00022    0.00010    4.79157    0.08561
        49    0.00022    0.00010    4.79157    0.08606
        50    0.00022    0.00010    4.79156    0.08649
        51    0.00022    0.00010    4.79155    0.08693
        52    0.00023    0.00010    4.79154    0.08745
        53    0.00023    0.00010    4.79154    0.08797
        54    0.00023    0.00010    4.79153    0.08834
        55    0.00023    0.00010    4.79152    0.08886
        56    0.00023    0.00010    4.79151    0.08938
        57    0.00023    0.00010    4.79150    0.08990
        58    0.00024    0.00010    4.79150    0.09033
        59    0.00024    0.00010    4.79149    0.09081
        60    0.00024    0.00011    4.79148    0.09145
        61    0.00024    0.00011    4.79147    0.09191
        62    0.00024    0.00011    4.79146    0.09253
        63    0.00025    0.00011    4.79145    0.09298
        64    0.00025    0.00011    4.79144    0.09355
        65    0.00025    0.00011    4.79144    0.09401
        66    0.00025    0.00011    4.79143    0.09459
        67    0.00025    0.00011    4.79142    0.09524
        68    0.00026    0.00011    4.79141    0.09572
        69    0.00026    0.00011    4.79140    0.09626
        70    0.00026    0.00011    4.79139    0.09677
        71    0.00026    0.00011    4.79138    0.09728
        72    0.00027    0.00011    4.79137    0.09798
        73    0.00027    0.00011    4.79136    0.09846
        74    0.00027    0.00011    4.79135    0.09918
        75    0.00027    0.00012    4.79134    0.09963
        76    0.00027    0.00012    4.79133    0.10031
        77    0.00028    0.00012    4.79132    0.10088
        78    0.00028    0.00012    4.79131    0.10152
        79    0.00028    0.00012    4.79130    0.10203
        80    0.00028    0.00012    4.79129    0.10266
        81    0.00029    0.00012    4.79128    0.10335
        82    0.00029    0.00012    4.79127    0.10391
        83    0.00029    0.00012    4.79126    0.10456
        84    0.00029    0.00012    4.79125    0.10512
        85    0.00030    0.00012    4.79124    0.10587
        86    0.00030    0.00012    4.79123    0.10659
        87    0.00030    0.00012    4.79122    0.10715
        88    0.00030    0.00013    4.79120    0.10775
        89    0.00031    0.00013    4.79119    0.10846
        90    0.00031    0.00013    4.79118    0.10924
        91    0.00031    0.00013    4.79117    0.10984
        92    0.00031    0.00013    4.79115    0.11064
        93    0.00032    0.00013    4.79115    0.11120
        94    0.00032    0.00013    4.79113    0.11192
        95    0.00032    0.00013    4.79112    0.11270
        96    0.00033    0.00013    4.79111    0.11345
        97    0.00033    0.00013    4.79110    0.11400
        98    0.00033    0.00013    4.79108    0.11490
        99    0.00033    0.00014    4.79107    0.11565
       100    0.00034    0.00014    4.79105    0.11632
       101    0.00034    0.00014    4.79104    0.11718
       102    0.00034    0.00014    4.79103    0.11786
       103    0.00035    0.00014    4.79101    0.11863
       104    0.00035    0.00014    4.79100    0.11935
       105    0.00035    0.00014    4.79098    0.12027
       106    0.00036    0.00014    4.79097    0.12106
       107    0.00036    0.00014    4.79095    0.12202
       108    0.00036    0.00014    4.79094    0.12266
       109    0.00037    0.00014    4.79092    0.12359
       110    0.00037    0.00015    4.79091    0.12436
       111    0.00037    0.00015    4.79089    0.12520
       112    0.00038    0.00015    4.79088    0.12602
       113    0.00038    0.00015    4.79086    0.12686
       114    0.00039    0.00015    4.79084    0.12791
       115    0.00039    0.00015    4.79083    0.12872
       116    0.00039    0.00015    4.79081    0.12956
       117    0.00040    0.00015    4.79080    0.13046
       118    0.00040    0.00015    4.79078    0.13138
       119    0.00040    0.00016    4.79076    0.13243
       120    0.00041    0.00016    4.79074    0.13329
       121    0.00041    0.00016    4.79073    0.13422
       122    0.00042    0.00016    4.79071    0.13525
       123    0.00042    0.00016    4.79069    0.13608
       124    0.00043    0.00016    4.79067    0.13712
       125    0.00043    0.00016    4.79065    0.13806
       126    0.00043    0.00016    4.79063    0.13914
       127    0.00044    0.00016    4.79061    0.14009
       128    0.00044    0.00017    4.79059    0.14110
       129    0.00045    0.00017    4.79057    0.14216
       130    0.00045    0.00017    4.79055    0.14322
       131    0.00046    0.00017    4.79053    0.14423
       132    0.00046    0.00017    4.79051    0.14535
       133    0.00047    0.00017    4.79049    0.14633
       134    0.00047    0.00017    4.79047    0.14748
       135    0.00048    0.00017    4.79045    0.14862
       136    0.00048    0.00018    4.79043    0.14983
       137    0.00049    0.00018    4.79040    0.15095
       138    0.00049    0.00018    4.79038    0.15204
       139    0.00050    0.00018    4.79035    0.15341
       140    0.00050    0.00018    4.79033    0.15455
       141    0.00051    0.00018    4.79031    0.15575
       142    0.00051    0.00018    4.79028    0.15688
       143    0.00052    0.00019    4.79026    0.15804
       144    0.00052    0.00019    4.79024    0.15935
       145    0.00053    0.00019    4.79021    0.16053
       146    0.00054    0.00019    4.79018    0.16196
       147    0.00054    0.00019    4.79016    0.16314
       148    0.00055    0.00019    4.79013    0.16444
       149    0.00056    0.00019    4.79010    0.16593
       150    0.00056    0.00020    4.79008    0.16719
       151    0.00057    0.00020    4.79005    0.16847
       152    0.00057    0.00020    4.79002    0.16973
       153    0.00058    0.00020    4.78999    0.17135
       154    0.00059    0.00020    4.78996    0.17273
       155    0.00059    0.00020    4.78993    0.17424
       156    0.00060    0.00021    4.78990    0.17577
       157    0.00061    0.00021    4.78987    0.17709
       158    0.00062    0.00021    4.78984    0.17866
       159    0.00062    0.00021    4.78980    0.18026
       160    0.00063    0.00021    4.78977    0.18165
       161    0.00064    0.00021    4.78974    0.18334
       162    0.00065    0.00022    4.78971    0.18484
       163    0.00065    0.00022    4.78967    0.18652
       164    0.00066    0.00022    4.78964    0.18819
       165    0.00067    0.00022    4.78960    0.18974
       166    0.00068    0.00022    4.78956    0.19156
       167    0.00069    0.00022    4.78953    0.19317
       168    0.00069    0.00023    4.78949    0.19489
       169    0.00070    0.00023    4.78945    0.19662
       170    0.00071    0.00023    4.78941    0.19850
       171    0.00072    0.00023    4.78937    0.20027
       172    0.00073    0.00023    4.78934    0.20194
       173    0.00074    0.00024    4.78929    0.20398
       174    0.00075    0.00024    4.78925    0.20586
       175    0.00076    0.00024    4.78921    0.20762
       176    0.00077    0.00024    4.78916    0.20966
       177    0.00078    0.00024    4.78912    0.21150
       178    0.00079    0.00025    4.78908    0.21360
       179    0.00080    0.00025    4.78903    0.21553
       180    0.00081    0.00025    4.78898    0.21784
       181    0.00082    0.00025    4.78894    0.21972
       182    0.00083    0.00025    4.78889    0.22196
       183    0.00084    0.00026    4.78884    0.22417
       184    0.00086    0.00026    4.78879    0.22630
       185    0.00087    0.00026    4.78874    0.22843
       186    0.00088    0.00026    4.78868    0.23082
       187    0.00089    0.00027    4.78864    0.23293
       188    0.00090    0.00027    4.78858    0.23537
       189    0.00092    0.00027    4.78852    0.23785
       190    0.00093    0.00027    4.78846    0.24030
       191    0.00094    0.00028    4.78841    0.24256
       192    0.00096    0.00028    4.78835    0.24512
       193    0.00097    0.00028    4.78828    0.24792
       194    0.00098    0.00028    4.78823    0.25024
       195    0.00100    0.00029    4.78816    0.25290
       196    0.00101    0.00029    4.78810    0.25562
       197    0.00103    0.00029    4.78803    0.25841
       198    0.00104    0.00029    4.78797    0.26105
       199    0.00106    0.00030    4.78790    0.26392
       200    0.00108    0.00030    4.78782    0.26687
       201    0.00109    0.00030    4.78775    0.26973
       202    0.00111    0.00030    4.78768    0.27271
       203    0.00112    0.00031    4.78761    0.27560
       204    0.00114    0.00031    4.78753    0.27882
       205    0.00116    0.00031    4.78745    0.28198
       206    0.00118    0.00032    4.78737    0.28524
       207    0.00120    0.00032    4.78729    0.28855
       208    0.00122    0.00032    4.78720    0.29179
       209    0.00124    0.00033    4.78712    0.29497
       210    0.00126    0.00033    4.78703    0.29850
       211    0.00128    0.00033    4.78694    0.30204
       212    0.00130    0.00033    4.78685    0.30562
       213    0.00132    0.00034    4.78676    0.30934
       214    0.00134    0.00034    4.78666    0.31314
       215    0.00136    0.00034    4.78656    0.31674
       216    0.00139    0.00035    4.78646    0.32062
       217    0.00141    0.00035    4.78636    0.32453
       218    0.00143    0.00035    4.78625    0.32858
       219    0.00146    0.00036    4.78614    0.33274
       220    0.00148    0.00036    4.78603    0.33684
       221    0.00151    0.00036    4.78592    0.34107
       222    0.00154    0.00037    4.78580    0.34543
       223    0.00157    0.00037    4.78568    0.35012
       224    0.00159    0.00038    4.78556    0.35433
       225    0.00162    0.00038    4.78542    0.35935
       226    0.00165    0.00038    4.78530    0.36394
       227    0.00168    0.00039    4.78517    0.36871
       228    0.00171    0.00039    4.78503    0.37371
       229    0.00175    0.00039    4.78489    0.37876
       230    0.00178    0.00040    4.78475    0.38392
       231    0.00181    0.00040    4.78460    0.38914
       232    0.00185    0.00040    4.78444    0.39465
       233    0.00188    0.00041    4.78429    0.40014
       234    0.00192    0.00041    4.78413    0.40576
       235    0.00196    0.00042    4.78396    0.41171
       236    0.00200    0.00042    4.78380    0.41744
       237    0.00204    0.00043    4.78361    0.42379
       238    0.00208    0.00043    4.78344    0.42984
       239    0.00212    0.00043    4.78324    0.43635
       240    0.00217    0.00044    4.78306    0.44273
       241    0.00221    0.00044    4.78286    0.44934
       242    0.00226    0.00045    4.78265    0.45651
       243    0.00231    0.00045    4.78244    0.46325
       244    0.00236    0.00045    4.78223    0.47055
       245    0.00241    0.00046    4.78200    0.47791
       246    0.00246    0.00046    4.78177    0.48559
       247    0.00251    0.00047    4.78154    0.49317
       248    0.00257    0.00047    4.78129    0.50113
       249    0.00263    0.00047    4.78104    0.50944
       250    0.00269    0.00048    4.78077    0.51802
       251    0.00275    0.00048    4.78051    0.52636
       252    0.00281    0.00049    4.78023    0.53530
       253    0.00288    0.00049    4.77994    0.54432
       254    0.00295    0.00049    4.77964    0.55371
       255    0.00302    0.00050    4.77933    0.56342
       256    0.00309    0.00050    4.77901    0.57331
       257    0.00316    0.00051    4.77869    0.58328
       258    0.00325    0.00051    4.77833    0.59411
       259    0.00332    0.00051    4.77799    0.60465
       260    0.00341    0.00052    4.77761    0.61594
       261    0.00350    0.00052    4.77723    0.62742
       262    0.00359    0.00052    4.77683    0.63927
       263    0.00368    0.00053    4.77642    0.65142
       264    0.00378    0.00053    4.77599    0.66410
       265    0.00388    0.00053    4.77554    0.67699
       266    0.00399    0.00054    4.77509    0.69029
       267    0.00410    0.00054    4.77460    0.70440
       268    0.00421    0.00054    4.77410    0.71852
       269    0.00433    0.00054    4.77357    0.73347
       270    0.00446    0.00055    4.77304    0.74861
       271    0.00459    0.00055    4.77247    0.76440
       272    0.00472    0.00055    4.77188    0.78104
       273    0.00486    0.00055    4.77126    0.79783
       274    0.00501    0.00055    4.77061    0.81533
       275    0.00517    0.00055    4.76994    0.83378
       276    0.00533    0.00055    4.76924    0.85249
       277    0.00549    0.00055    4.76851    0.87197
       278    0.00567    0.00055    4.76774    0.89216
       279    0.00585    0.00055    4.76694    0.91358
       280    0.00605    0.00055    4.76609    0.93537
       281    0.00625    0.00054    4.76521    0.95841
       282    0.00646    0.00054    4.76427    0.98188
       283    0.00669    0.00053    4.76329    1.00668
       284    0.00692    0.00053    4.76228    1.03244
       285    0.00717    0.00052    4.76119    1.05926
       286    0.00743    0.00051    4.76005    1.08741
       287    0.00770    0.00050    4.75886    1.11641
       288    0.00799    0.00050    4.75759    1.14666
       289    0.00830    0.00048    4.75626    1.17916
       290    0.00862    0.00047    4.75485    1.21200
       291    0.00897    0.00046    4.75335    1.24730
       292    0.00933    0.00045    4.75179    1.28377
       293    0.00971    0.00043    4.75010    1.32249
       294    0.01012    0.00042    4.74833    1.36280
       295    0.01055    0.00040    4.74646    1.40482
       296    0.01101    0.00039    4.74443    1.44977
       297    0.01150    0.00038    4.74231    1.49663
       298    0.01203    0.00037    4.74001    1.54665
       299    0.01258    0.00037    4.73759    1.59863
       300    0.01318    0.00038    4.73499    1.65381
       301    0.01382    0.00040    4.73221    1.71205
       302    0.01450    0.00045    4.72924    1.77279
       303    0.01524    0.00049    4.72602    1.83954
       304    0.01604    0.00056    4.72257    1.90844
       305    0.01689    0.00065    4.71885    1.98234
       306    0.01781    0.00076    4.71486    2.06002
       307    0.01881    0.00088    4.71053    2.14390
       308    0.01989    0.00102    4.70583    2.23348
       309    0.02106    0.00119    4.70075    2.32895
       310    0.02234    0.00138    4.69521    2.43056
       311    0.02374    0.00159    4.68915    2.54138
       312    0.02527    0.00184    4.68252    2.66021
       313    0.02693    0.00212    4.67534    2.78538
       314    0.02878    0.00245    4.66737    2.92305
       315    0.03081    0.00282    4.65859    3.07145
       316    0.03306    0.00324    4.64889    3.23333
       317    0.03555    0.00372    4.63817    3.40765
       318    0.03830    0.00429    4.62631    3.59574
       319    0.04141    0.00494    4.61295    3.80502
       320    0.04488    0.00568    4.59807    4.03179
       321    0.04879    0.00656    4.58133    4.28111
       322    0.05325    0.00759    4.56229    4.55952
       323    0.05827    0.00877    4.54089    4.86256
       324    0.06402    0.01017    4.51645    5.19931
       325    0.07059    0.01184    4.48860    5.57071
       326    0.07825    0.01383    4.45622    5.99336
       327    0.08713    0.01623    4.41892    6.46195
       328    0.09747    0.01910    4.37562    6.98569
       329    0.10974    0.02261    4.32459    7.58317
       330    0.12421    0.02683    4.26486    8.25014
       331    0.14178    0.03215    4.19290    9.02457
       332    0.16272    0.03864    4.10805    9.88365
       333    0.18848    0.04685    4.00502   10.87526
       334    0.21996    0.05735    3.88115   11.98173
       335    0.25917    0.07076    3.72998   13.23394
       336    0.30807    0.08781    3.54632   14.61487
       337    0.37007    0.11005    3.32129   16.11960
       338    0.44910    0.13923    3.04729   17.68182
       339    0.54838    0.17671    2.72348   19.12153
       340    0.67411    0.22547    2.34630   20.23770
       341    0.82914    0.28660    1.93186   20.62725
       342    1.01353    0.35925    1.51122   19.84651
       343    1.21782    0.44041    1.13752   17.54606
       344    1.42141    0.51867    0.85849   13.99021
       345    1.59838    0.58230    0.68813   10.14807
       346    1.72663    0.62300    0.60208    7.28672
       347    1.81248    0.64238    0.55457    5.73204
       348    1.86488    0.64736    0.52425    5.10670
       349    1.89143    0.64013    0.49843    4.87888
       350    1.91031    0.63065    0.47549    4.72101
       351    1.92581    0.61949    0.45314    4.58216
       352    1.93836    0.60822    0.43284    4.45645
       353    1.94749    0.59561    0.41317    4.33397
       354    1.95591    0.58311    0.39444    4.21211
       355    1.96814    0.57239    0.37649    4.09592
       356    1.97468    0.55986    0.35945    3.97645
       357    1.98030    0.54835    0.34432    3.87841
       358    1.98952    0.53813    0.32946    3.77899
       359    1.99760    0.52809    0.31558    3.67813
       360    2.00482    0.51784    0.30214    3.58459
       361    2.00919    0.50781    0.29027    3.50082
       362    2.01642    0.49791    0.27776    3.40770
       363    2.02291    0.48855    0.26633    3.32287
       364    2.02778    0.47888    0.25537    3.23488
       365    2.03388    0.47007    0.24509    3.15687
       366    2.03847    0.46038    0.23467    3.07260
       367    2.04130    0.45185    0.22603    3.00979
       368    2.04901    0.44421    0.21698    2.93434
       369    2.05190    0.43567    0.20866    2.86365
       370    2.05566    0.42764    0.20071    2.80119
       371    2.06157    0.41977    0.19249    2.72674
       372    2.06497    0.41217    0.18531    2.66561
       373    2.06997    0.40525    0.17844    2.60127
       374    2.07221    0.39688    0.17119    2.53242
       375    2.07471    0.38998    0.16519    2.48201
       376    2.08071    0.38370    0.15899    2.42500
       377    2.08157    0.37646    0.15330    2.36924
       378    2.08594    0.37029    0.14777    2.32085
       379    2.08951    0.36392    0.14237    2.26522
       380    2.09202    0.35736    0.13715    2.21156
       381    2.09406    0.35178    0.13280    2.17230
       382    2.09667    0.34517    0.12770    2.12075
       383    2.09917    0.33908    0.12308    2.06901
       384    2.10156    0.33371    0.11904    2.03251
       385    2.10426    0.32810    0.11486    1.98346
       386    2.10667    0.32338    0.11138    1.94733
       387    2.10894    0.31790    0.10750    1.90364
       388    2.11126    0.31264    0.10381    1.86427
       389    2.11365    0.30754    0.10029    1.82562
       390    2.11351    0.30235    0.09714    1.78869
       391    2.11731    0.29829    0.09414    1.75288
       392    2.11904    0.29361    0.09113    1.71908
       393    2.11979    0.28849    0.08804    1.68093
       394    2.12120    0.28405    0.08531    1.65019
       395    2.12447    0.27967    0.08240    1.61339
       396    2.12602    0.27593    0.08013    1.58558
       397    2.12734    0.27125    0.07740    1.55009
       398    2.12810    0.26708    0.07506    1.51999
       399    2.12975    0.26331    0.07287    1.49317
       400    2.13170    0.25903    0.07040    1.45823
       401    2.13297    0.25580    0.06859    1.43606
       402    2.13476    0.25157    0.06625    1.40815
       403    2.13525    0.24836    0.06459    1.38374
       404    2.13686    0.24481    0.06267    1.35409
       405    2.13716    0.24098    0.06078    1.32799
       406    2.13857    0.23780    0.05911    1.30780
       407    2.14011    0.23419    0.05725    1.28016
       408    2.14173    0.23117    0.05569    1.25592
       409    2.14175    0.22789    0.05418    1.23403
       410    2.14242    0.22439    0.05254    1.21105
       411    2.14469    0.22136    0.05098    1.18621
       412    2.14566    0.21892    0.04982    1.16875
       413    2.14545    0.21533    0.04828    1.14652
       414    2.14696    0.21249    0.04693    1.12189
       415    2.14954    0.20997    0.04566    1.10569
       416    2.14871    0.20724    0.04459    1.08631
       417    2.14890    0.20467    0.04351    1.07049
       418    2.15076    0.20191    0.04225    1.04748
       419    2.15068    0.19928    0.04119    1.03026
       420    2.15134    0.19706    0.04026    1.01248
       421    2.15365    0.19458    0.03912    0.99619
       422    2.15265    0.19232    0.03832    0.97662
       423    2.15440    0.18927    0.03703    0.95758
       424    2.15460    0.18747    0.03634    0.94272
       425    2.15631    0.18497    0.03530    0.92545
       426    2.15536    0.18350    0.03482    0.91354
       427    2.15719    0.18112    0.03383    0.89624
       428    2.15654    0.17843    0.03290    0.87986
       429    2.15882    0.17680    0.03218    0.86786
       430    2.15913    0.17446    0.03134    0.85269
       431    2.15783    0.17281    0.03085    0.83584
       432    2.16078    0.17077    0.02997    0.82517
       433    2.15976    0.16926    0.02952    0.81189
       434    2.15965    0.16708    0.02879    0.79886
       435    2.16084    0.16496    0.02801    0.78175
       436    2.16178    0.16349    0.02748    0.76815
       437    2.16341    0.16195    0.02689    0.76059
       438    2.16268    0.15973    0.02622    0.74629
       439    2.16363    0.15818    0.02567    0.73552
       440    2.16291    0.15658    0.02521    0.72051
       441    2.16398    0.15546    0.02480    0.71219
       442    2.16354    0.15354    0.02423    0.69806
       443    2.16526    0.15190    0.02365    0.68621
       444    2.16515    0.15059    0.02325    0.67829
       445    2.16626    0.14924    0.02280    0.66644
       446    2.16619    0.14795    0.02242    0.65792
       447    2.16560    0.14639    0.02199    0.64604
       448    2.16632    0.14496    0.02154    0.63481
       449    2.16763    0.14372    0.02112    0.62378
       450    2.16796    0.14286    0.02086    0.61886
       451    2.16681    0.14113    0.02042    0.60629
       452    2.16729    0.14013    0.02011    0.59624
       453    2.16941    0.13867    0.01962    0.58482
       454    2.16840    0.13748    0.01933    0.57849
       455    2.16939    0.13664    0.01906    0.57050
       456    2.16930    0.13538    0.01872    0.56012
       457    2.17073    0.13406    0.01831    0.55194
       458    2.16984    0.13255    0.01794    0.54263
       459    2.16915    0.13204    0.01784    0.53815
       460    2.17179    0.13105    0.01748    0.52841
       461    2.17030    0.12988    0.01723    0.51870
       462    2.17142    0.12873    0.01689    0.51107
       463    2.17127    0.12782    0.01666    0.50130
       464    2.17164    0.12685    0.01640    0.49705
       465    2.17223    0.12562    0.01607    0.48635
       466    2.17157    0.12465    0.01585    0.47937
       467    2.17271    0.12367    0.01556    0.47508
       468    2.17155    0.12344    0.01555    0.46815
       469    2.17316    0.12243    0.01525    0.46029
       470    2.17374    0.12166    0.01504    0.45515
       471    2.17246    0.12042    0.01478    0.44638
       472    2.17271    0.12048    0.01479    0.44055
       473    2.17440    0.11945    0.01449    0.43487
       474    2.17398    0.11828    0.01422    0.42762
       475    2.17483    0.11797    0.01412    0.42394
       476    2.17358    0.11697    0.01392    0.41460
       477    2.17443    0.11645    0.01378    0.40909
       478    2.17356    0.11580    0.01365    0.40443
       479    2.17579    0.11506    0.01342    0.39916
       480    2.17442    0.11474    0.01338    0.39247
       481    2.17623    0.11363    0.01308    0.38900
       482    2.17499    0.11328    0.01303    0.38177
       483    2.17497    0.11285    0.01294    0.37722
       484    2.17582    0.11263    0.01286    0.37275
       485    2.17661    0.11106    0.01249    0.36689
       486    2.17594    0.11031    0.01234    0.35745
       487    2.17583    0.11020    0.01232    0.35277
       488    2.17596    0.10980    0.01223    0.34965
       489    2.17612    0.10869    0.01198    0.34304
       490    2.17619    0.10894    0.01204    0.33806
       491    2.17689    0.10815    0.01185    0.33649
       492    2.17677    0.10783    0.01178    0.32949
       493    2.17708    0.10709    0.01161    0.32450
       494    2.17813    0.10627    0.01142    0.32247
       495    2.17758    0.10553    0.01127    0.31580
       496    2.17653    0.10602    0.01140    0.31323
       497    2.17816    0.10527    0.01120    0.30564
       498    2.17862    0.10483    0.01110    0.30257
       499    2.17799    0.10396    0.01093    0.29911
       500    2.17647    0.10377    0.01093    0.29723
       501    2.17837    0.10391    0.01091    0.29243
       502    2.17754    0.10285    0.01071    0.28719
       503    2.17955    0.10332    0.01077    0.28682
       504    2.17753    0.10272    0.01069    0.28082
       505    2.17945    0.10111    0.01032    0.27408
       506    2.17856    0.10136    0.01039    0.27050
       507    2.17821    0.10096    0.01031    0.26881
       508    2.17977    0.10041    0.01017    0.26405
       509    2.17996    0.10022    0.01013    0.26234
       510    2.17832    0.10000    0.01012    0.25854
       511    2.17923    0.09989    0.01008    0.25175
       512    2.17957    0.09931    0.00995    0.25193
       513    2.17885    0.09926    0.00996    0.24589
       514    2.17974    0.09850    0.00979    0.23928
       515    2.17849    0.09926    0.00997    0.24198
       516    2.18017    0.09875    0.00983    0.23614
       517    2.17960    0.09794    0.00968    0.23063
       518    2.17986    0.09825    0.00974    0.23069
       519    2.18010    0.09794    0.00967    0.22794
       520    2.18090    0.09718    0.00951    0.22662
       521    2.17990    0.09706    0.00951    0.22117
       522    2.17948    0.09691    0.00949    0.21697
       523    2.18004    0.09738    0.00957    0.21485
       524    2.18055    0.09618    0.00933    0.20977
       525    2.18105    0.09653    0.00938    0.21016
       526    2.18118    0.09535    0.00916    0.20583
       527    2.18052    0.09515    0.00913    0.20137
       528    2.17912    0.09589    0.00930    0.20579
       529    2.18019    0.09588    0.00927    0.19811
       530    2.18133    0.09531    0.00914    0.19518
       531    2.18129    0.09438    0.00897    0.19254
       532    2.17987    0.09578    0.00926    0.19193
       533    2.18168    0.09479    0.00904    0.19152
       534    2.18098    0.09408    0.00892    0.18450
       535    2.18058    0.09473    0.00905    0.18357
       536    2.18152    0.09398    0.00889    0.18234
       537    2.18081    0.09441    0.00898    0.17774
       538    2.18268    0.09351    0.00879    0.18089
       539    2.18127    0.09364    0.00883    0.17166
       540    2.18141    0.09305    0.00872    0.16993
       541    2.18157    0.09322    0.00875    0.16617
       542    2.18104    0.09382    0.00887    0.16667
       543    2.18204    0.09345    0.00878    0.16817
       544    2.18181    0.09307    0.00872    0.16029
       545    2.18157    0.09245    0.00861    0.15998
       546    2.18139    0.09265    0.00865    0.15792
       547    2.18183    0.09251    0.00861    0.15444
       548    2.18271    0.09233    0.00857    0.15696
       549    2.18157    0.09255    0.00862    0.15380
       550    2.18170    0.09278    0.00866    0.14991
       551    2.18266    0.09173    0.00846    0.15067
       552    2.18178    0.09205    0.00853    0.14560
       553    2.18193    0.09222    0.00856    0.14476
       554    2.18229    0.09116    0.00836    0.14304
       555    2.18260    0.09208    0.00852    0.14199
       556    2.18246    0.09129    0.00838    0.13607
       557    2.18265    0.09076    0.00828    0.13829
       558    2.18175    0.09155    0.00844    0.13725
       559    2.18252    0.09142    0.00840    0.13342
       560    2.18241    0.09190    0.00849    0.13119
       561    2.18263    0.09102    0.00833    0.13054
       562    2.18280    0.09088    0.00830    0.12733
       563    2.18163    0.09155    0.00844    0.13134
       564    2.18417    0.09027    0.00817    0.13509
       565    2.18153    0.09114    0.00837    0.13160
       566    2.18264    0.09028    0.00819    0.12070
       567    2.18314    0.09001    0.00814    0.11982
       568    2.18260    0.09039    0.00821    0.11805
       569    2.18312    0.09016    0.00816    0.11729
       570    2.18370    0.09057    0.00823    0.12050
       571    2.18266    0.09020    0.00818    0.11548
       572    2.18331    0.08999    0.00813    0.11285
       573    2.18353    0.08969    0.00808    0.11225
       574    2.18434    0.08905    0.00795    0.11712
       575    2.18174    0.08961    0.00809    0.11785
       576    2.18226    0.09026    0.00819    0.11240
       577    2.18270    0.09016    0.00817    0.10636
       578    2.18315    0.08953    0.00805    0.10576
       579    2.18325    0.08982    0.00810    0.10487
       580    2.18322    0.08989    0.00812    0.10241
       581    2.18363    0.08915    0.00798    0.10225
       582    2.18214    0.08996    0.00814    0.10777
       583    2.18468    0.08917    0.00797    0.11021
       584    2.18293    0.08923    0.00800    0.09874
       585    2.18353    0.08985    0.00810    0.09682
       586    2.18367    0.08941    0.00802    0.09749
       587    2.18273    0.08952    0.00805    0.09721
       588    2.18424    0.08903    0.00795    0.09547
       589    2.18359    0.08849    0.00786    0.08906
       590    2.18343    0.08905    0.00796    0.08985
       591    2.18396    0.08895    0.00794    0.08900
       592    2.18337    0.08870    0.00790    0.08850
       593    2.18289    0.08924    0.00800    0.09032
       594    2.18503    0.08871    0.00789    0.09929
       595    2.18330    0.08887    0.00793    0.08698
       596    2.18433    0.08856    0.00787    0.08665
       597    2.18297    0.08849    0.00787    0.08835
       598    2.18341    0.08919    0.00799    0.08421
       599    2.18409    0.08907    0.00796    0.08259
       600    2.18388    0.08837    0.00784    0.08127
       601    2.18298    0.08913    0.00798    0.08675
       602    2.18379    0.08853    0.00787    0.07980
       603    2.18476    0.08841    0.00784    0.08404
       604    2.18344    0.08810    0.00779    0.07820
       605    2.18443    0.08825    0.00781    0.07654
       606    2.18483    0.08791    0.00775    0.07965
       607    2.18445    0.08793    0.00775    0.07474
       608    2.18200    0.08934    0.00803    0.10006
       609    2.18455    0.08745    0.00767    0.07458
       610    2.18352    0.08894    0.00794    0.07361
       611    2.18366    0.08910    0.00797    0.07328
       612    2.18407    0.08924    0.00799    0.07071
       613    2.18446    0.08822    0.00781    0.06980
       614    2.18334    0.08799    0.00778    0.07516
       615    2.18503    0.08861    0.00787    0.07499
       616    2.18391    0.08797    0.00777    0.06756
       617    2.18406    0.08838    0.00784    0.06808
       618    2.18500    0.08821    0.00780    0.07009
       619    2.18464    0.08816    0.00779    0.06675
       620    2.18311    0.08827    0.00783    0.07539
       621    2.18462    0.08827    0.00781    0.06561
       622    2.18437    0.08779    0.00773    0.06158
       623    2.18420    0.08773    0.00772    0.06234
       624    2.18500    0.08731    0.00764    0.06453
       625    2.18372    0.08786    0.00775    0.06549
       626    2.18454    0.08759    0.00769    0.06095
       627    2.18347    0.08834    0.00784    0.06786
       628    2.18513    0.08822    0.00780    0.06599
       629    2.18433    0.08781    0.00773    0.05969
       630    2.18471    0.08791    0.00775    0.06031
       631    2.18457    0.08777    0.00772    0.05539
       632    2.18445    0.08770    0.00771    0.05520
       633    2.18416    0.08806    0.00778    0.05685
       634    2.18395    0.08722    0.00764    0.05899
       635    2.18466    0.08793    0.00775    0.05521
       636    2.18430    0.08866    0.00788    0.05548
       637    2.18351    0.08842    0.00785    0.06427
       638    2.18555    0.08774    0.00771    0.06478
       639    2.18435    0.08771    0.00772    0.05359
       640    2.18492    0.08725    0.00763    0.05366
       641    2.18351    0.08828    0.00783    0.06316
       642    2.18489    0.08800    0.00776    0.05212
       643    2.18520    0.08751    0.00767    0.05342
       644    2.18482    0.08768    0.00771    0.05346
       645    2.18437    0.08797    0.00776    0.05191
       646    2.18452    0.08764    0.00770    0.05041
       647    2.18412    0.08809    0.00778    0.05355
       648    2.18585    0.08683    0.00755    0.06158
       649    2.18394    0.08761    0.00770    0.05445
       650    2.18405    0.08844    0.00785    0.05224
       651    2.18486    0.08789    0.00774    0.04759
       652    2.18431    0.08783    0.00774    0.04881
       653    2.18502    0.08748    0.00767    0.05021
       654    2.18468    0.08772    0.00772    0.04620
       655    2.18567    0.08721    0.00762    0.05595
       656    2.18411    0.08808    0.00778    0.05089
       657    2.18421    0.08775    0.00772    0.04982
       658    2.18536    0.08740    0.00765    0.04869
       659    2.18436    0.08779    0.00773    0.04637
       660    2.18430    0.08788    0.00775    0.04751
       661    2.18521    0.08753    0.00768    0.04642
       662    2.18610    0.08720    0.00761    0.06232
       663    2.18375    0.08795    0.00776    0.05688
       664    2.18388    0.08815    0.00780    0.05324
       665    2.18612    0.08751    0.00767    0.06328
       666    2.18454    0.08709    0.00761    0.04347
       667    2.18454    0.08735    0.00765    0.04314
       668    2.18503    0.08787    0.00774    0.04465
       669    2.18474    0.08732    0.00765    0.04193
       670    2.18546    0.08717    0.00761    0.04596
       671    2.18547    0.08714    0.00761    0.04477
       672    2.18435    0.08761    0.00770    0.04406
       673    2.18451    0.08780    0.00773    0.04221
       674    2.18384    0.08832    0.00783    0.05364
       675    2.18629    0.08705    0.00759    0.06262
       676    2.18522    0.08706    0.00760    0.03880
       677    2.18452    0.08712    0.00761    0.04312
       678    2.18540    0.08726    0.00763    0.04104
       679    2.18457    0.08716    0.00762    0.04078
       680    2.18455    0.08745    0.00767    0.04049
       681    2.18554    0.08739    0.00765    0.04284
       682    2.18485    0.08744    0.00766    0.03757
       683    2.18471    0.08740    0.00766    0.03908
       684    2.18591    0.08708    0.00759    0.04879
       685    2.18477    0.08739    0.00766    0.03714
       686    2.18486    0.08710    0.00760    0.03804
       687    2.18462    0.08707    0.00760    0.03980
       688    2.18469    0.08788    0.00774    0.03887
       689    2.18564    0.08717    0.00761    0.03888
       690    2.18476    0.08744    0.00766    0.03680
       691    2.18614    0.08673    0.00753    0.05071
       692    2.18520    0.08690    0.00757    0.03541
       693    2.18507    0.08684    0.00756    0.03476
       694    2.18441    0.08745    0.00767    0.04203
       695    2.18495    0.08738    0.00765    0.03444
       696    2.18514    0.08735    0.00765    0.03372
       697    2.18489    0.08712    0.00761    0.03549
       698    2.18486    0.08727    0.00764    0.03660
       699    2.18569    0.08669    0.00753    0.03821
       700    2.18545    0.08717    0.00761    0.03652
       701    2.18511    0.08723    0.00763    0.03472
       702    2.18478    0.08675    0.00755    0.03655
       703    2.18381    0.08722    0.00764    0.05701
       704    2.18591    0.08752    0.00767    0.04344
       705    2.18508    0.08688    0.00756    0.03350
       706    2.18533    0.08774    0.00771    0.03506
       707    2.18487    0.08704    0.00759    0.03537
       708    2.18525    0.08735    0.00764    0.03339
       709    2.18541    0.08698    0.00758    0.03357
       710    2.18506    0.08712    0.00761    0.03184
       711    2.18593    0.08733    0.00764    0.04090
       712    2.18467    0.08639    0.00748    0.03804
       713    2.18532    0.08700    0.00758    0.03215
       714    2.18534    0.08730    0.00764    0.03192
       715    2.18586    0.08650    0.00749    0.03872
       716    2.18458    0.08736    0.00765    0.03844
       717    2.18428    0.08716    0.00762    0.04558
       718    2.18501    0.08750    0.00767    0.03242
       719    2.18600    0.08698    0.00758    0.04096
       720    2.18535    0.08719    0.00762    0.03218
       721    2.18521    0.08711    0.00760    0.03205
       722    2.18615    0.08660    0.00751    0.04349
       723    2.18450    0.08682    0.00756    0.04100
       724    2.18506    0.08668    0.00753    0.03123
       725    2.18529    0.08741    0.00766    0.03111
       726    2.18559    0.08683    0.00755    0.03287
       727    2.18607    0.08728    0.00763    0.04229
       728    2.18428    0.08687    0.00757    0.04689
       729    2.18496    0.08693    0.00757    0.03249
       730    2.18637    0.08621    0.00744    0.04781
       731    2.18460    0.08748    0.00767    0.03814
       732    2.18414    0.08727    0.00764    0.05011
       733    2.18606    0.08683    0.00755    0.03989
       734    2.18589    0.08646    0.00749    0.03517
       735    2.18513    0.08679    0.00755    0.03062
       736    2.18458    0.08753    0.00768    0.03825
       737    2.18545    0.08717    0.00761    0.03120
       738    2.18531    0.08727    0.00763    0.02958
       739    2.18578    0.08672    0.00753    0.03389
       740    2.18489    0.08723    0.00763    0.03284
       741    2.18585    0.08694    0.00757    0.03454
       742    2.18519    0.08730    0.00764    0.02965
       743    2.18525    0.08703    0.00759    0.03008
       744    2.18580    0.08706    0.00759    0.03424
       745    2.18504    0.08645    0.00749    0.03115
       746    2.18446    0.08711    0.00761    0.04174
       747    2.18538    0.08684    0.00756    0.02893
       748    2.18543    0.08663    0.00752    0.02910
       749    2.18550    0.08752    0.00767    0.02956
       750    2.18561    0.08657    0.00751    0.03061
       751    2.18518    0.08744    0.00766    0.02933
       752    2.18494    0.08718    0.00762    0.03240
       753    2.18573    0.08629    0.00746    0.03052
       754    2.18615    0.08654    0.00750    0.04066
       755    2.18454    0.08706    0.00760    0.04139
       756    2.18487    0.08719    0.00762    0.03339
       757    2.18644    0.08637    0.00747    0.04589
       758    2.18462    0.08681    0.00756    0.03919
       759    2.18606    0.08694    0.00757    0.03798
       760    2.18489    0.08681    0.00756    0.03357
       761    2.18522    0.08653    0.00750    0.02888
       762    2.18530    0.08690    0.00757    0.02887
       763    2.18561    0.08707    0.00759    0.02939
       764    2.18495    0.08734    0.00765    0.03187
       765    2.18477    0.08743    0.00766    0.03575
       766    2.18644    0.08714    0.00760    0.04637
       767    2.18532    0.08696    0.00758    0.02832
       768    2.18581    0.08643    0.00748    0.03023
       769    2.18521    0.08728    0.00763    0.02918
       770    2.18549    0.08679    0.00755    0.02773
       771    2.18463    0.08712    0.00761    0.03917
       772    2.18546    0.08694    0.00757    0.02813
       773    2.18577    0.08687    0.00756    0.03144
       774    2.18531    0.08726    0.00763    0.02866
       775    2.18552    0.08702    0.00759    0.02831
       776    2.18619    0.08677    0.00754    0.03875
       777    2.18459    0.08664    0.00753    0.04071
       778    2.18601    0.08666    0.00752    0.03395
       779    2.18559    0.08694    0.00757    0.02895
       780    2.18502    0.08713    0.00761    0.03111
       781    2.18552    0.08689    0.00756    0.02797
       782    2.18508    0.08720    0.00762    0.03028
       783    2.18618    0.08641    0.00748    0.03747
       784    2.18552    0.08651    0.00750    0.02709
       785    2.18471    0.08714    0.00761    0.03767
       786    2.18574    0.08676    0.00754    0.02921
       787    2.18564    0.08686    0.00756    0.02891
       788    2.18570    0.08702    0.00758    0.02992
       789    2.18547    0.08672    0.00753    0.02711
       790    2.18564    0.08685    0.00756    0.02898
       791    2.18536    0.08694    0.00757    0.02773
       792    2.18491    0.08680    0.00755    0.03421
       793    2.18655    0.08661    0.00751    0.04651
       794    2.18453    0.08694    0.00758    0.04275
       795    2.18548    0.08669    0.00753    0.02744
       796    2.18562    0.08640    0.00748    0.02728
       797    2.18508    0.08695    0.00758    0.03031
       798    2.18583    0.08653    0.00750    0.02944
       799    2.18626    0.08667    0.00752    0.03815
       800    2.18438    0.08730    0.00765    0.04701
       801    2.18555    0.08687    0.00756    0.02708
       802    2.18554    0.08621    0.00744    0.02671
       803    2.18543    0.08655    0.00751    0.02710
       804    2.18498    0.08707    0.00760    0.03215
       805    2.18560    0.08707    0.00759    0.02761
       806    2.18604    0.08615    0.00743    0.03189
       807    2.18515    0.08732    0.00764    0.02957
       808    2.18617    0.08617    0.00743    0.03644
       809    2.18523    0.08645    0.00749    0.02887
       810    2.18587    0.08606    0.00742    0.02941
       811    2.18510    0.08694    0.00757    0.03034
       812    2.18492    0.08683    0.00756    0.03388
       813    2.18595    0.08590    0.00739    0.02962
       814    2.18478    0.08707    0.00760    0.03680
       815    2.18620    0.08593    0.00739    0.03502
       816    2.18677    0.08583    0.00737    0.05000
       817    2.18602    0.08626    0.00745    0.03098
       818    2.18491    0.08642    0.00749    0.03447
       819    2.18463    0.08631    0.00747    0.04187
       820    2.18496    0.08681    0.00755    0.03286
       821    2.18516    0.08701    0.00759    0.02952
       822    2.18650    0.08595    0.00739    0.04179
       823    2.18499    0.08682    0.00755    0.03241
       824    2.18640    0.08659    0.00750    0.04157
       825    2.18476    0.08677    0.00755    0.03757
       826    2.18622    0.08632    0.00746    0.03509
       827    2.18543    0.08634    0.00747    0.02713
       828    2.18551    0.08655    0.00751    0.02712
       829    2.18428    0.08730    0.00765    0.04976
       830    2.18554    0.08678    0.00754    0.02756
       831    2.18522    0.08697    0.00758    0.02870
       832    2.18590    0.08710    0.00760    0.03154
       833    2.18603    0.08651    0.00749    0.03287
       834    2.18563    0.08674    0.00754    0.02725
       835    2.18510    0.08618    0.00744    0.03115
       836    2.18564    0.08665    0.00752    0.02722
       837    2.18676    0.08597    0.00740    0.04934
       838    2.18602    0.08586    0.00738    0.03009
       839    2.18473    0.08634    0.00747    0.03956
       840    2.18522    0.08664    0.00752    0.02924
       841    2.18574    0.08656    0.00750    0.02782
       842    2.18474    0.08714    0.00761    0.03851
       843    2.18589    0.08682    0.00755    0.02904
       844    2.18597    0.08680    0.00755    0.03126
       845    2.18583    0.08615    0.00743    0.02875
       846    2.18531    0.08639    0.00748    0.02828
       847    2.18562    0.08600    0.00741    0.02637
       848    2.18585    0.08660    0.00751    0.02899
       849    2.18524    0.08612    0.00743    0.02894
       850    2.18551    0.08619    0.00744    0.02705
       851    2.18567    0.08665    0.00752    0.02765
       852    2.18526    0.08652    0.00750    0.02903
       853    2.18542    0.08708    0.00760    0.02741
       854    2.18605    0.08616    0.00743    0.03097
       855    2.18514    0.08683    0.00756    0.03007
       856    2.18599    0.08676    0.00754    0.03246
       857    2.18497    0.08582    0.00738    0.03411
       858    2.18620    0.08534    0.00729    0.03253
       859    2.18563    0.08643    0.00748    0.02674
       860    2.18562    0.08587    0.00739    0.02638
       861    2.18548    0.08614    0.00743    0.02698
       862    2.18539    0.08621    0.00745    0.02727
       863    2.18508    0.08656    0.00751    0.03192
       864    2.18567    0.08651    0.00750    0.02707
       865    2.18562    0.08613    0.00743    0.02662
       866    2.18509    0.08622    0.00745    0.03150
       867    2.18674    0.08625    0.00745    0.04768
       868    2.18562    0.08555    0.00733    0.02631
       869    2.18641    0.08585    0.00738    0.03825
       870    2.18536    0.08653    0.00750    0.02746
       871    2.18483    0.08652    0.00750    0.03736
       872    2.18435    0.08675    0.00755    0.04908
       873    2.18631    0.08662    0.00751    0.03707
       874    2.18584    0.08645    0.00748    0.02826
       875    2.18583    0.08623    0.00745    0.02747
       876    2.18460    0.08698    0.00759    0.04223
       877    2.18543    0.08693    0.00757    0.02738
       878    2.18615    0.08638    0.00747    0.03271
       879    2.18571    0.08617    0.00744    0.02690
       880    2.18459    0.08705    0.00760    0.04268
       881    2.18611    0.08630    0.00746    0.03285
       882    2.18633    0.08630    0.00746    0.03698
       883    2.18541    0.08668    0.00753    0.02731
       884    2.18532    0.08641    0.00748    0.02835
       885    2.18634    0.08630    0.00746    0.03735
       886    2.18542    0.08600    0.00741    0.02708
       887    2.18542    0.08636    0.00747    0.02723
       888    2.18557    0.08624    0.00745    0.02664
       889    2.18503    0.08697    0.00758    0.03229
       890    2.18519    0.08603    0.00742    0.03133
       891    2.18533    0.08700    0.00758    0.02791
       892    2.18617    0.08696    0.00757    0.03402
       893    2.18561    0.08621    0.00744    0.02646
       894    2.18672    0.08629    0.00745    0.04706
       895    2.18604    0.08618    0.00744    0.03034
       896    2.18485    0.08661    0.00752    0.03785
       897    2.18513    0.08658    0.00751    0.03042
       898    2.18598    0.08605    0.00742    0.02953
       899    2.18567    0.08571    0.00736    0.02612
       900    2.18519    0.08666    0.00753    0.03060
       901    2.18484    0.08717    0.00762    0.03675
       902    2.18597    0.08591    0.00739    0.02804
       903    2.18557    0.08634    0.00747    0.02665
       904    2.18593    0.08605    0.00742    0.02891
       905    2.18579    0.08592    0.00739    0.02680
       906    2.18464    0.08646    0.00750    0.04194
       907    2.18642    0.08598    0.00740    0.03841
       908    2.18514    0.08661    0.00752    0.03098
       909    2.18609    0.08589    0.00739    0.02994
       910    2.18603    0.08621    0.00744    0.02988
       911    2.18480    0.08636    0.00748    0.03783
       912    2.18535    0.08628    0.00746    0.02777
       913    2.18622    0.08618    0.00744    0.03475
       914    2.18643    0.08573    0.00736    0.03745
       915    2.18504    0.08639    0.00748    0.03367
       916    2.18523    0.08648    0.00750    0.02994
       917    2.18647    0.08560    0.00733    0.03839
       918    2.18468    0.08652    0.00751    0.04204
       919    2.18649    0.08601    0.00740    0.04026
       920    2.18549    0.08582    0.00738    0.02694
       921    2.18486    0.08699    0.00759    0.03608
       922    2.18537    0.08678    0.00754    0.02761
       923    2.18541    0.08645    0.00749    0.02734
       924    2.18602    0.08620    0.00744    0.03003
       925    2.18562    0.08635    0.00747    0.02665
       926    2.18502    0.08696    0.00758    0.03303
       927    2.18591    0.08662    0.00751    0.02883
       928    2.18613    0.08629    0.00745    0.03164
       929    2.18520    0.08729    0.00763    0.02896
       930    2.18584    0.08629    0.00746    0.02788
       931    2.18571    0.08670    0.00753    0.02689
       932    2.18591    0.08591    0.00739    0.02759
       933    2.18610    0.08567    0.00735    0.03023
       934    2.18482    0.08627    0.00746    0.03746
       935    2.18568    0.08570    0.00736    0.02634
       936    2.18567    0.08605    0.00742    0.02651
       937    2.18543    0.08627    0.00746    0.02724
       938    2.18534    0.08658    0.00751    0.02821
       939    2.18665    0.08534    0.00729    0.04285
       940    2.18531    0.08627    0.00746    0.02834
       941    2.18519    0.08608    0.00743    0.03015
       942    2.18587    0.08631    0.00746    0.02785
       943    2.18479    0.08635    0.00748    0.03815
       944    2.18520    0.08706    0.00760    0.02949
       945    2.18563    0.08574    0.00736    0.02639
       946    2.18534    0.08656    0.00751    0.02779
       947    2.18589    0.08626    0.00745    0.02783
       948    2.18652    0.08629    0.00745    0.04116
       949    2.18568    0.08696    0.00757    0.02733
       950    2.18588    0.08611    0.00743    0.02751
       951    2.18513    0.08618    0.00744    0.03214
       952    2.18544    0.08608    0.00742    0.02727
       953    2.18595    0.08599    0.00740    0.02874
       954    2.18566    0.08601    0.00741    0.02618
       955    2.18667    0.08570    0.00735    0.04490
       956    2.18484    0.08642    0.00749    0.03752
       957    2.18542    0.08588    0.00739    0.02798
       958    2.18546    0.08611    0.00743    0.02710
       959    2.18662    0.08577    0.00736    0.04218
       960    2.18550    0.08612    0.00743    0.02679
       961    2.18515    0.08630    0.00746    0.03106
       962    2.18601    0.08635    0.00747    0.02960
       963    2.18541    0.08570    0.00736    0.02763
       964    2.18513    0.08652    0.00750    0.03040
       965    2.18697    0.08531    0.00728    0.05108
       966    2.18487    0.08628    0.00746    0.03733
       967    2.18594    0.08585    0.00738    0.02758
       968    2.18523    0.08597    0.00741    0.02941
       969    2.18610    0.08581    0.00737    0.03033
       970    2.18561    0.08638    0.00747    0.02649
       971    2.18528    0.08601    0.00741    0.02945
       972    2.18611    0.08565    0.00735    0.03097
       973    2.18513    0.08587    0.00739    0.03223
       974    2.18592    0.08598    0.00740    0.02835
       975    2.18531    0.08582    0.00738    0.02880
       976    2.18556    0.08601    0.00741    0.02649
       977    2.18502    0.08607    0.00742    0.03327
       978    2.18578    0.08603    0.00741    0.02668
       979    2.18483    0.08599    0.00741    0.03924
       980    2.18709    0.08601    0.00740    0.05618
       981    2.18531    0.08617    0.00744    0.02877
       982    2.18529    0.08654    0.00750    0.02833
       983    2.18585    0.08627    0.00745    0.02711
       984    2.18613    0.08557    0.00733    0.02971
       985    2.18531    0.08576    0.00737    0.02878
       986    2.18599    0.08508    0.00725    0.02732
       987    2.18614    0.08592    0.00739    0.03138
       988    2.18561    0.08600    0.00741    0.02629
       989    2.18483    0.08643    0.00749    0.03840
       990    2.18617    0.08622    0.00744    0.03186
       991    2.18501    0.08520    0.00728    0.03586
       992    2.18587    0.08627    0.00745    0.02805
       993    2.18642    0.08493    0.00722    0.03659
       994    2.18518    0.08582    0.00738    0.03109
       995    2.18603    0.08587    0.00738    0.02903
       996    2.18545    0.08564    0.00735    0.02686
       997    2.18537    0.08575    0.00737    0.02788
       998    2.18567    0.08544    0.00731    0.02587
       999    2.18517    0.08518    0.00727    0.03203

Final Weights:        -0.2451294561        -0.3768287356         0.2649117301         0.3575224176 