# Cycles, Average Predicted Temperature, Stddev Predicted Temperature, Mean Squared Error, || MSE Gradient ||
         0 1.7131587e-01 9.3671220e-02 5.4134134e+00 1.5026471e+01
         1 2.2809143e-01 1.2263044e-01 5.1589186e+00 1.8531255e+01
         2 3.1563804e-01 1.6829634e-01 4.7827548e+00 2.2415507e+01
         3 4.5483628e-01 2.4028463e-01 4.2245100e+00 2.6988862e+01
         4 6.7524226e-01 3.5647279e-01 3.4426098e+00 3.0945927e+01
         5 1.0246318e+00 5.3573572e-01 2.4522427e+00 3.0823705e+01
         6 1.4818178e+00 7.7935452e-01 1.6361696e+00 2.0514597e+01
         7 1.8602020e+00 9.8440223e-01 1.3734190e+00 4.4879741e+00
         8 1.9616517e+00 1.0337213e+00 1.3542188e+00 7.9420670e-01
         9 1.9458952e+00 1.0273431e+00 1.3581635e+00 4.7706871e-01
        10 1.9446952e+00 1.0349761e+00 1.3752269e+00 4.9882631e-01
        11 1.9427784e+00 1.0298922e+00 1.3668470e+00 4.9302099e-01
        12 1.9513089e+00 1.0267535e+00 1.3510243e+00 4.8693636e-01
        13 1.9485372e+00 1.0293669e+00 1.3594255e+00 4.6501668e-01
        14 1.9375262e+00 1.0245576e+00 1.3617272e+00 6.7038106e-01
        15 1.9605904e+00 1.0353510e+00 1.3587262e+00 7.6870631e-01
        16 1.9411045e+00 1.0203587e+00 1.3491560e+00 7.3451052e-01
        17 1.9542927e+00 1.0308452e+00 1.3562011e+00 5.0932365e-01
        18 1.9480210e+00 1.0303013e+00 1.3619156e+00 4.0756130e-01
        19 1.9511571e+00 1.0282340e+00 1.3542321e+00 4.0791113e-01
        20 1.9489182e+00 1.0271683e+00 1.3544869e+00 4.0461529e-01
        21 1.9479260e+00 1.0284615e+00 1.3582321e+00 4.4553154e-01
        22 1.9426513e+00 1.0343886e+00 1.3762695e+00 3.9527123e-01
        23 1.9529701e+00 1.0288829e+00 1.3535942e+00 4.1273120e-01
        24 1.9405543e+00 1.0264223e+00 1.3621779e+00 5.1567026e-01
        25 1.9496170e+00 1.0339335e+00 1.3676663e+00 4.2018331e-01
        26 1.9401479e+00 1.0229017e+00 1.3554149e+00 6.4117184e-01
        27 1.9559597e+00 1.0286656e+00 1.3499086e+00 4.1513784e-01
        28 1.9530013e+00 1.0296831e+00 1.3552077e+00 3.1263002e-01
        29 1.9516250e+00 1.0310101e+00 1.3594391e+00 3.6543248e-01
        30 1.9435118e+00 1.0236962e+00 1.3533119e+00 5.3566805e-01
        31 1.9509812e+00 1.0365581e+00 1.3716114e+00 5.4558542e-01
        32 1.9560602e+00 1.0278595e+00 1.3481423e+00 4.2177420e-01
        33 1.9443794e+00 1.0291892e+00 1.3636303e+00 3.4812653e-01
        34 1.9473598e+00 1.0273854e+00 1.3566409e+00 3.3676894e-01
        35 1.9445976e+00 1.0228199e+00 1.3503198e+00 5.3256983e-01
        36 1.9594589e+00 1.0376971e+00 1.3648030e+00 8.0398116e-01
        37 1.9507843e+00 1.0255345e+00 1.3490943e+00 3.5226405e-01
        38 1.9522855e+00 1.0284706e+00 1.3534901e+00 3.4395488e-01
        39 1.9456382e+00 1.0260683e+00 1.3558286e+00 4.0936399e-01
        40 1.9455851e+00 1.0229140e+00 1.3494239e+00 5.1280031e-01
        41 1.9600367e+00 1.0341162e+00 1.3567643e+00 6.3955912e-01
        42 1.9501177e+00 1.0269806e+00 1.3527900e+00 3.5813870e-01
        43 1.9462638e+00 1.0252099e+00 1.3533793e+00 4.0962622e-01
        44 1.9529778e+00 1.0302938e+00 1.3564911e+00 3.7680580e-01
        45 1.9485879e+00 1.0266446e+00 1.3537729e+00 3.4574831e-01
        46 1.9448576e+00 1.0304807e+00 1.3657630e+00 2.6411344e-01
        47 1.9578966e+00 1.0332896e+00 1.3573544e+00 5.2370336e-01
        48 1.9511773e+00 1.0282767e+00 1.3542978e+00 3.0042445e-01
        49 1.9524254e+00 1.0259527e+00 1.3481653e+00 2.8485761e-01
        50 1.9507531e+00 1.0250720e+00 1.3481800e+00 3.1553902e-01
        51 1.9586921e+00 1.0289292e+00 1.3475067e+00 3.6551790e-01
        52 1.9450319e+00 1.0232320e+00 1.3506840e+00 4.9181078e-01
        53 1.9579334e+00 1.0330382e+00 1.3567953e+00 5.2039650e-01
        54 1.9420564e+00 1.0249470e+00 1.3574848e+00 4.9763915e-01
        55 1.9551175e+00 1.0322955e+00 1.3583002e+00 3.9936801e-01
        56 1.9505834e+00 1.0276724e+00 1.3537032e+00 2.7677112e-01
        57 1.9519196e+00 1.0257636e+00 1.3483275e+00 3.2314892e-01
        58 1.9549830e+00 1.0308096e+00 1.3553802e+00 3.3987764e-01
        59 1.9374110e+00 1.0172584e+00 1.3469523e+00 9.4067395e-01
        60 1.9657364e+00 1.0389245e+00 1.3606537e+00 9.5391101e-01
        61 1.9480965e+00 1.0196272e+00 1.3399517e+00 5.4575633e-01
        62 1.9510622e+00 1.0376490e+00 1.3737859e+00 4.6139597e-01
        63 1.9527751e+00 1.0302878e+00 1.3566992e+00 3.2242030e-01
        64 1.9454942e+00 1.0216939e+00 1.3470294e+00 5.3248299e-01
        65 1.9606640e+00 1.0270456e+00 1.3415186e+00 3.1414374e-01
        66 1.9543324e+00 1.0311684e+00 1.3568245e+00 3.5742500e-01
        67 1.9479621e+00 1.0238717e+00 1.3487726e+00 3.8329493e-01
        68 1.9469569e+00 1.0300668e+00 1.3625999e+00 2.6522982e-01
        69 1.9571753e+00 1.0322102e+00 1.3559019e+00 4.2643361e-01
        70 1.9447417e+00 1.0244159e+00 1.3534281e+00 4.4424484e-01
        71 1.9588570e+00 1.0256425e+00 1.3405767e+00 2.3559312e-01
        72 1.9593347e+00 1.0301144e+00 1.3492568e+00 4.0995416e-01
        73 1.9466282e+00 1.0270178e+00 1.3566890e+00 2.9992740e-01
        74 1.9426857e+00 1.0248555e+00 1.3566004e+00 4.8845034e-01
        75 1.9554068e+00 1.0312990e+00 1.3559308e+00 2.8430795e-01
        76 1.9486685e+00 1.0264522e+00 1.3532896e+00 2.7866528e-01
        77 1.9548760e+00 1.0302701e+00 1.3543842e+00 2.3073700e-01
        78 1.9560199e+00 1.0256707e+00 1.3436910e+00 1.9566261e-01
        79 1.9599789e+00 1.0259880e+00 1.3400814e+00 3.4469010e-01
        80 1.9561373e+00 1.0299507e+00 1.3523622e+00 2.4837793e-01
        81 1.9512103e+00 1.0222115e+00 1.3418253e+00 3.5666441e-01
        82 1.9587277e+00 1.0255617e+00 1.3405499e+00 1.7007731e-01
        83 1.9561470e+00 1.0258718e+00 1.3439663e+00 1.6688531e-01
        84 1.9486679e+00 1.0281770e+00 1.3568340e+00 2.4563880e-01
        85 1.9547018e+00 1.0305089e+00 1.3550647e+00 2.1819567e-01
        86 1.9430274e+00 1.0253085e+00 1.3571510e+00 4.5676975e-01
        87 1.9557485e+00 1.0339292e+00 1.3609934e+00 3.4082381e-01
        88 1.9546895e+00 1.0295924e+00 1.3531900e+00 1.9862105e-01
        89 1.9563267e+00 1.0293490e+00 1.3509188e+00 2.4500527e-01
        90 1.9406403e+00 1.0273239e+00 1.3639342e+00 4.4357790e-01
        91 1.9560424e+00 1.0264413e+00 1.3452482e+00 2.1552636e-01
        92 1.9575719e+00 1.0250584e+00 1.3407615e+00 1.3649599e-01
        93 1.9567027e+00 1.0247028e+00 1.3409693e+00 1.5034489e-01
        94 1.9566070e+00 1.0272930e+00 1.3463878e+00 2.0842985e-01
        95 1.9511224e+00 1.0280870e+00 1.3539677e+00 1.6025926e-01
        96 1.9589636e+00 1.0300707e+00 1.3495654e+00 3.3056338e-01
        97 1.9513345e+00 1.0243736e+00 1.3461150e+00 2.6816795e-01
        98 1.9602305e+00 1.0368569e+00 1.3622325e+00 6.1629549e-01
        99 1.9399894e+00 1.0178739e+00 1.3453305e+00 8.5269359e-01
       100 1.9603337e+00 1.0344639e+00 1.3571651e+00 5.4294186e-01
       101 1.9452709e+00 1.0288768e+00 1.3620045e+00 2.5002812e-01
       102 1.9571721e+00 1.0263990e+00 1.3439424e+00 1.1374111e-01
       103 1.9582166e+00 1.0327934e+00 1.3559849e+00 3.7170991e-01
       104 1.9403635e+00 1.0243108e+00 1.3580599e+00 5.8285488e-01
       105 1.9621239e+00 1.0312039e+00 1.3485161e+00 4.3010452e-01
       106 1.9495315e+00 1.0244237e+00 1.3481852e+00 3.1175256e-01
       107 1.9567358e+00 1.0328883e+00 1.3577762e+00 3.2491688e-01
       108 1.9554276e+00 1.0252696e+00 1.3435086e+00 1.3496699e-01
       109 1.9554690e+00 1.0286560e+00 1.3504192e+00 1.5634960e-01
       110 1.9459359e+00 1.0295384e+00 1.3626340e+00 2.0749482e-01
       111 1.9589395e+00 1.0333985e+00 1.3564580e+00 4.0117920e-01
       112 1.9483636e+00 1.0244457e+00 1.3495084e+00 3.4144515e-01
       113 1.9510860e+00 1.0291360e+00 1.3561653e+00 1.2816809e-01
       114 1.9472107e+00 1.0298015e+00 1.3617749e+00 1.6609108e-01
       115 1.9508656e+00 1.0233374e+00 1.3445042e+00 3.2518815e-01
       116 1.9598343e+00 1.0268818e+00 1.3420713e+00 1.7086233e-01
       117 1.9538086e+00 1.0341473e+00 1.3635447e+00 2.8358202e-01
       118 1.9537237e+00 1.0252049e+00 1.3452214e+00 1.7536760e-01
       119 1.9505987e+00 1.0333651e+00 1.3654192e+00 1.5426556e-01
       120 1.9496449e+00 1.0231904e+00 1.3455360e+00 3.5630689e-01
       121 1.9610497e+00 1.0300134e+00 1.3472106e+00 3.2323010e-01
       122 1.9569953e+00 1.0291323e+00 1.3497512e+00 1.7451213e-01
       123 1.9542687e+00 1.0201281e+00 1.3342467e+00 3.6297512e-01
       124 1.9609095e+00 1.0315298e+00 1.3504867e+00 3.8379351e-01
       125 1.9548805e+00 1.0263092e+00 1.3462334e+00 1.2102489e-01
       126 1.9440955e+00 1.0277639e+00 1.3610120e+00 3.3188705e-01
       127 1.9554098e+00 1.0297386e+00 1.3527116e+00 1.9069327e-01
       128 1.9509939e+00 1.0255634e+00 1.3489250e+00 2.3072151e-01
       129 1.9582701e+00 1.0287059e+00 1.3475009e+00 1.5497538e-01
       130 1.9588103e+00 1.0339670e+00 1.3577721e+00 4.2117100e-01
       131 1.9475553e+00 1.0265158e+00 1.3546401e+00 2.8242994e-01
       132 1.9562898e+00 1.0225293e+00 1.3369653e+00 2.0126263e-01
       133 1.9578613e+00 1.0274693e+00 1.3453982e+00 1.0470113e-01
       134 1.9544520e+00 1.0368522e+00 1.3684492e+00 4.0502162e-01
       135 1.9424189e+00 1.0256385e+00 1.3585013e+00 4.7503079e-01
       136 1.9616985e+00 1.0325081e+00 1.3516620e+00 4.6733637e-01
       137 1.9494942e+00 1.0241506e+00 1.3476666e+00 3.2560239e-01
       138 1.9583843e+00 1.0304872e+00 1.3510462e+00 2.4975648e-01
       139 1.9572664e+00 1.0234405e+00 1.3377763e+00 1.4021113e-01
       140 1.9522087e+00 1.0289207e+00 1.3544998e+00 8.2014489e-02
       141 1.9541348e+00 1.0294215e+00 1.3534390e+00 8.1185348e-02
       142 1.9445914e+00 1.0324445e+00 1.3701077e+00 1.2969174e-01
       143 1.9574762e+00 1.0311262e+00 1.3533410e+00 2.6453721e-01
       144 1.9458844e+00 1.0280051e+00 1.3595359e+00 2.6998167e-01
       145 1.9560496e+00 1.0248120e+00 1.3418982e+00 1.1781866e-01
       146 1.9558394e+00 1.0294817e+00 1.3517183e+00 8.2803682e-02
       147 1.9559119e+00 1.0286022e+00 1.3498298e+00 1.0248436e-01
       148 1.9396929e+00 1.0272288e+00 1.3647921e+00 4.9082722e-01
       149 1.9673563e+00 1.0357778e+00 1.3524095e+00 7.2856655e-01
       150 1.9480160e+00 1.0220232e+00 1.3449318e+00 4.8885191e-01
       151 1.9644055e+00 1.0339921e+00 1.3518429e+00 5.7021216e-01
       152 1.9431195e+00 1.0232297e+00 1.3527907e+00 5.4736168e-01
       153 1.9574656e+00 1.0315167e+00 1.3541578e+00 2.3478818e-01
       154 1.9542986e+00 1.0243179e+00 1.3427800e+00 1.8549037e-01
       155 1.9583867e+00 1.0329767e+00 1.3561807e+00 3.3439111e-01
       156 1.9506116e+00 1.0267359e+00 1.3517485e+00 1.9150567e-01
       157 1.9517352e+00 1.0336670e+00 1.3648048e+00 1.9116880e-01
       158 1.9548257e+00 1.0267190e+00 1.3471339e+00 7.6774524e-02
       159 1.9525881e+00 1.0246701e+00 1.3453582e+00 2.5111870e-01
       160 1.9523257e+00 1.0285397e+00 1.3535887e+00 7.5167953e-02
       161 1.9568368e+00 1.0336305e+00 1.3592010e+00 3.1915010e-01
       162 1.9502661e+00 1.0194440e+00 1.3372049e+00 5.1536949e-01
       163 1.9576585e+00 1.0298788e+00 1.3505737e+00 1.7154306e-01
       164 1.9554412e+00 1.0311489e+00 1.3555841e+00 1.5769664e-01
       165 1.9533926e+00 1.0249276e+00 1.3450121e+00 1.8517606e-01
       166 1.9593783e+00 1.0333082e+00 1.3558001e+00 3.9553830e-01
       167 1.9514398e+00 1.0326230e+00 1.3629691e+00 1.4880400e-01
       168 1.9431543e+00 1.0220178e+00 1.3502735e+00 6.1506878e-01
       169 1.9585079e+00 1.0333119e+00 1.3567429e+00 3.8997985e-01
       170 1.9538450e+00 1.0249308e+00 1.3445277e+00 1.7293321e-01
       171 1.9609928e+00 1.0308260e+00 1.3489461e+00 2.9806261e-01
       172 1.9436888e+00 1.0223936e+00 1.3504510e+00 5.9203331e-01
       173 1.9580316e+00 1.0283680e+00 1.3470624e+00 1.1399930e-01
       174 1.9639045e+00 1.0336359e+00 1.3516393e+00 5.5480546e-01
       175 1.9480317e+00 1.0211362e+00 1.3431022e+00 5.2712835e-01
       176 1.9689337e+00 1.0308474e+00 1.3405548e+00 5.6566781e-01
       177 1.9475272e+00 1.0239773e+00 1.3494658e+00 4.0235850e-01
       178 1.9558255e+00 1.0264757e+00 1.3455530e+00 6.3794462e-02
       179 1.9576878e+00 1.0258421e+00 1.3422439e+00 8.0694560e-02
       180 1.9549149e+00 1.0285512e+00 1.3508031e+00 1.1595922e-01
       181 1.9564976e+00 1.0236754e+00 1.3390862e+00 1.5355933e-01
       182 1.9662530e+00 1.0338412e+00 1.3495696e+00 6.1044063e-01
       183 1.9452438e+00 1.0266112e+00 1.3573773e+00 3.3901860e-01
       184 1.9500016e+00 1.0284043e+00 1.3558432e+00 1.3975020e-01
       185 1.9596087e+00 1.0288970e+00 1.3464560e+00 2.2196942e-01
       186 1.9488792e+00 1.0293208e+00 1.3589562e+00 1.4228504e-01
       187 1.9539252e+00 1.0254779e+00 1.3455626e+00 1.6289505e-01
       188 1.9672847e+00 1.0319839e+00 1.3446405e+00 5.8943486e-01
       189 1.9520065e+00 1.0312712e+00 1.3595622e+00 8.1835884e-02
       190 1.9462303e+00 1.0204538e+00 1.3436869e+00 6.2763426e-01
       191 1.9645160e+00 1.0265754e+00 1.3364427e+00 2.0049876e-01
       192 1.9494848e+00 1.0180908e+00 1.3353014e+00 6.1660985e-01
       193 1.9638161e+00 1.0346956e+00 1.3539251e+00 5.6511504e-01
       194 1.9568534e+00 1.0276408e+00 1.3468366e+00 2.7801988e-02
       195 1.9468979e+00 1.0298250e+00 1.3621668e+00 1.9003757e-01
       196 1.9579779e+00 1.0298603e+00 1.3501918e+00 1.7516429e-01
       197 1.9577866e+00 1.0319904e+00 1.3547897e+00 2.6688026e-01
       198 1.9468663e+00 1.0245088e+00 1.3512801e+00 4.1336458e-01
       199 1.9612655e+00 1.0301214e+00 1.3472021e+00 2.6943522e-01
       200 1.9574874e+00 1.0278551e+00 1.3465938e+00 8.1074775e-02
       201 1.9485059e+00 1.0274979e+00 1.3556154e+00 2.3394290e-01
       202 1.9620052e+00 1.0271354e+00 1.3402685e+00 1.6390650e-01
       203 1.9459277e+00 1.0256045e+00 1.3545583e+00 3.8833148e-01
       204 1.9599185e+00 1.0296604e+00 1.3476952e+00 2.2401579e-01
       205 1.9536727e+00 1.0240569e+00 1.3429241e+00 2.1735409e-01
       206 1.9597002e+00 1.0325263e+00 1.3538394e+00 3.6794611e-01
       207 1.9462765e+00 1.0270072e+00 1.3570538e+00 3.2960877e-01
       208 1.9612523e+00 1.0340749e+00 1.3553771e+00 4.4923359e-01
       209 1.9438106e+00 1.0223229e+00 1.3501720e+00 6.0926588e-01
       210 1.9631724e+00 1.0313506e+00 1.3477000e+00 3.8966652e-01
       211 1.9560234e+00 1.0257420e+00 1.3438336e+00 8.1921270e-02
       212 1.9603034e+00 1.0295935e+00 1.3471448e+00 2.0403520e-01
       213 1.9547593e+00 1.0231575e+00 1.3399053e+00 2.1883634e-01
       214 1.9570325e+00 1.0296802e+00 1.3508392e+00 1.2719644e-01
       215 1.9574043e+00 1.0292564e+00 1.3495660e+00 1.2405013e-01
       216 1.9525479e+00 1.0230292e+00 1.3420418e+00 2.9307566e-01
       217 1.9600143e+00 1.0283596e+00 1.3449155e+00 1.9188845e-01
       218 1.9547895e+00 1.0289492e+00 1.3517576e+00 1.6858676e-02
       219 1.9521241e+00 1.0312801e+00 1.3594527e+00 3.1085313e-02
       220 1.9526497e+00 1.0264005e+00 1.3488404e+00 1.5580679e-01
       221 1.9548545e+00 1.0240114e+00 1.3415503e+00 1.8338549e-01
       222 1.9559915e+00 1.0302567e+00 1.3531503e+00 1.6134523e-01
       223 1.9514333e+00 1.0270496e+00 1.3514970e+00 1.6163189e-01
       224 1.9604669e+00 1.0294937e+00 1.3467642e+00 2.2061410e-01
       225 1.9561873e+00 1.0264935e+00 1.3451987e+00 7.5448904e-02
       226 1.9541980e+00 1.0228267e+00 1.3398363e+00 2.4855799e-01
       227 1.9635419e+00 1.0369306e+00 1.3588473e+00 6.5102017e-01
       228 1.9399005e+00 1.0233067e+00 1.3565187e+00 6.7743136e-01
       229 1.9574797e+00 1.0322912e+00 1.3557411e+00 2.8517043e-01
       230 1.9450756e+00 1.0241113e+00 1.3524361e+00 4.7503442e-01
       231 1.9620451e+00 1.0271901e+00 1.3403381e+00 1.6118106e-01
       232 1.9572807e+00 1.0304754e+00 1.3522099e+00 2.1575614e-01
       233 1.9543155e+00 1.0288081e+00 1.3519808e+00 7.7830997e-02
       234 1.9621447e+00 1.0262203e+00 1.3382405e+00 1.2241532e-01
       235 1.9455844e+00 1.0282766e+00 1.3604244e+00 2.8295709e-01
       236 1.9640719e+00 1.0323261e+00 1.3487551e+00 4.9252748e-01
       237 1.9465136e+00 1.0272570e+00 1.3573063e+00 3.0508957e-01
       238 1.9637586e+00 1.0324497e+00 1.3493439e+00 4.5064140e-01
       239 1.9534708e+00 1.0237371e+00 1.3424882e+00 2.4203998e-01
       240 1.9461378e+00 1.0186198e+00 1.3400490e+00 7.0013334e-01
       241 1.9639723e+00 1.0363072e+00 1.3570966e+00 6.4056313e-01
       242 1.9572617e+00 1.0290038e+00 1.3491997e+00 1.3121735e-01
       243 1.9525638e+00 1.0260802e+00 1.3482763e+00 1.7548742e-01
       244 1.9476425e+00 1.0304887e+00 1.3627167e+00 1.6682054e-01
       245 1.9570528e+00 1.0294685e+00 1.3503815e+00 1.1077795e-01
       246 1.9482607e+00 1.0251725e+00 1.3511107e+00 3.4152583e-01
       247 1.9608138e+00 1.0314964e+00 1.3505204e+00 3.2325671e-01
       248 1.9603584e+00 1.0314019e+00 1.3508130e+00 2.8461270e-01
       249 1.9464799e+00 1.0193430e+00 1.3411466e+00 6.4170546e-01
       250 1.9633778e+00 1.0360628e+00 1.3572232e+00 5.9379494e-01
       251 1.9507461e+00 1.0287056e+00 1.3556503e+00 1.1337890e-01
       252 1.9564758e+00 1.0296521e+00 1.3513819e+00 1.0455234e-01
       253 1.9523393e+00 1.0294073e+00 1.3553593e+00 3.8268873e-02
       254 1.9541024e+00 1.0279691e+00 1.3504860e+00 4.6038363e-02
       255 1.9523442e+00 1.0230953e+00 1.3423986e+00 3.0499565e-01
       256 1.9608518e+00 1.0309887e+00 1.3494325e+00 3.0241007e-01
       257 1.9531331e+00 1.0298176e+00 1.3553416e+00 1.8379000e-02
       258 1.9440955e+00 1.0277453e+00 1.3609735e+00 3.7016428e-01
       259 1.9648504e+00 1.0278081e+00 1.3386196e+00 3.0442327e-01
       260 1.9523812e+00 1.0251965e+00 1.3466623e+00 2.1026530e-01
       261 1.9685369e+00 1.0321834e+00 1.3437295e+00 6.2033285e-01
       262 1.9489268e+00 1.0225198e+00 1.3449495e+00 4.4498489e-01
       263 1.9539708e+00 1.0280027e+00 1.3506979e+00 5.1400546e-02
       264 1.9534404e+00 1.0312869e+00 1.3580362e+00 6.6778936e-02
       265 1.9541159e+00 1.0298227e+00 1.3542856e+00 2.7322782e-02
       266 1.9572943e+00 1.0310200e+00 1.3533180e+00 1.6431286e-01
       267 1.9473127e+00 1.0218253e+00 1.3452986e+00 4.9859271e-01
       268 1.9547912e+00 1.0285236e+00 1.3508802e+00 3.5252851e-02
       269 1.9634189e+00 1.0352797e+00 1.3555573e+00 5.5003302e-01
       270 1.9498352e+00 1.0253064e+00 1.3496627e+00 2.8721670e-01
       271 1.9572151e+00 1.0244807e+00 1.3399619e+00 1.1332065e-01
       272 1.9481783e+00 1.0307395e+00 1.3626463e+00 1.2867630e-01
       273 1.9586487e+00 1.0356329e+00 1.3613935e+00 4.1417707e-01
       274 1.9481898e+00 1.0242054e+00 1.3492065e+00 4.1321902e-01
       275 1.9639971e+00 1.0266841e+00 1.3372177e+00 2.2927381e-01
       276 1.9501328e+00 1.0254968e+00 1.3497280e+00 2.6219135e-01
       277 1.9601817e+00 1.0361860e+00 1.3608939e+00 4.9767041e-01
       278 1.9434616e+00 1.0302825e+00 1.3668954e+00 2.5792425e-01
       279 1.9491272e+00 1.0271689e+00 1.3542594e+00 2.3882433e-01
       280 1.9553172e+00 1.0275712e+00 1.3483529e+00 5.6240777e-02
       281 1.9661799e+00 1.0347886e+00 1.3516068e+00 6.0872582e-01
       282 1.9465450e+00 1.0274170e+00 1.3576006e+00 2.9647249e-01
       283 1.9573257e+00 1.0297935e+00 1.3507565e+00 1.1494382e-01
       284 1.9512768e+00 1.0271937e+00 1.3519635e+00 1.5799905e-01
       285 1.9542487e+00 1.0280950e+00 1.3505864e+00 4.9203028e-02
       286 1.9564565e+00 1.0269613e+00 1.3458687e+00 2.1907334e-02
       287 1.9565212e+00 1.0240256e+00 1.3397778e+00 1.4127664e-01
       288 1.9661230e+00 1.0307526e+00 1.3433306e+00 4.9497983e-01
       289 1.9503615e+00 1.0280481e+00 1.3547176e+00 1.5221324e-01
       290 1.9573476e+00 1.0234444e+00 1.3376967e+00 1.3724384e-01
       291 1.9567374e+00 1.0311026e+00 1.3540888e+00 1.9145023e-01
       292 1.9473898e+00 1.0238912e+00 1.3494404e+00 4.3138560e-01
       293 1.9573974e+00 1.0342765e+00 1.3599325e+00 3.2005761e-01
       294 1.9506563e+00 1.0279055e+00 1.3541026e+00 1.6896252e-01
       295 1.9533899e+00 1.0214459e+00 1.3378901e+00 3.6508000e-01
       296 1.9628867e+00 1.0352886e+00 1.3561430e+00 5.4837359e-01
       297 1.9527693e+00 1.0299302e+00 1.3559687e+00 1.0765533e-02
       298 1.9527280e+00 1.0312470e+00 1.3587277e+00 5.9523792e-02
       299 1.9543272e+00 1.0284441e+00 1.3512192e+00 2.5990122e-02
       300 1.9506232e+00 1.0221119e+00 1.3422618e+00 4.1043497e-01
       301 1.9555231e+00 1.0347826e+00 1.3630026e+00 2.8375676e-01
       302 1.9519208e+00 1.0318599e+00 1.3608700e+00 4.9162854e-02
       303 1.9571487e+00 1.0271571e+00 1.3455244e+00 4.2028332e-02
       304 1.9511425e+00 1.0278568e+00 1.3534725e+00 1.5963354e-01
       305 1.9555597e+00 1.0314841e+00 1.3561474e+00 1.4204311e-01
       306 1.9592210e+00 1.0254412e+00 1.3397727e+00 4.9345096e-02
       307 1.9516967e+00 1.0263574e+00 1.3497887e+00 1.7431569e-01
       308 1.9540707e+00 1.0342724e+00 1.3635193e+00 2.2709001e-01
       309 1.9554126e+00 1.0274137e+00 1.3479259e+00 7.6320665e-02
       310 1.9616046e+00 1.0249320e+00 1.3361751e+00 3.8372247e-02
       311 1.9546209e+00 1.0322399e+00 1.3587229e+00 1.4952153e-01
       312 1.9502249e+00 1.0252577e+00 1.3491371e+00 2.9189358e-01
       313 1.9585058e+00 1.0290563e+00 1.3479685e+00 1.2319022e-01
       314 1.9600490e+00 1.0342637e+00 1.3570562e+00 4.3320018e-01
       315 1.9437883e+00 1.0235141e+00 1.3526336e+00 5.5975800e-01
       316 1.9538019e+00 1.0330404e+00 1.3612639e+00 1.8368238e-01
       317 1.9489783e+00 1.0287671e+00 1.3577081e+00 1.9359741e-01
       318 1.9502333e+00 1.0307553e+00 1.3604312e+00 5.5389329e-02
       319 1.9514181e+00 1.0299046e+00 1.3573861e+00 6.5779618e-02
       320 1.9591205e+00 1.0318541e+00 1.3530739e+00 2.9857613e-01
       321 1.9462027e+00 1.0286962e+00 1.3606071e+00 2.6064771e-01
       322 1.9565928e+00 1.0306138e+00 1.3532369e+00 1.3287291e-01
       323 1.9614403e+00 1.0283786e+00 1.3434277e+00 1.9512263e-01
       324 1.9506957e+00 1.0227913e+00 1.3435721e+00 3.6117889e-01
       325 1.9573048e+00 1.0329983e+00 1.3573898e+00 2.4670979e-01
       326 1.9512031e+00 1.0319768e+00 1.3618929e+00 6.2661602e-02
       327 1.9556244e+00 1.0298853e+00 1.3527817e+00 8.0321418e-02
       328 1.9608900e+00 1.0273068e+00 1.3418131e+00 1.3816192e-01
       329 1.9564225e+00 1.0220544e+00 1.3358511e+00 2.5248025e-01
       330 1.9587539e+00 1.0255955e+00 1.3405911e+00 4.4560064e-02
       331 1.9487120e+00 1.0292035e+00 1.3588977e+00 1.8401791e-01
       332 1.9578024e+00 1.0337237e+00 1.3583531e+00 3.2843591e-01
       333 1.9489721e+00 1.0283432e+00 1.3568429e+00 1.8915785e-01
       334 1.9569848e+00 1.0264625e+00 1.3442747e+00 3.8589759e-02
       335 1.9589204e+00 1.0292725e+00 1.3479679e+00 1.4728329e-01
       336 1.9514409e+00 1.0245945e+00 1.3464517e+00 2.8170506e-01
       337 1.9634738e+00 1.0347543e+00 1.3544111e+00 5.3677118e-01
       338 1.9501549e+00 1.0267992e+00 1.3523768e+00 2.2403360e-01
       339 1.9561437e+00 1.0258778e+00 1.3439823e+00 7.4481434e-02
       340 1.9575233e+00 1.0297759e+00 1.3505074e+00 1.5081087e-01
       341 1.9489468e+00 1.0266219e+00 1.3533333e+00 2.7318859e-01
       342 1.9577296e+00 1.0291753e+00 1.3490486e+00 1.3226723e-01
       343 1.9520953e+00 1.0315726e+00 1.3600874e+00 4.2150778e-02
       344 1.9506602e+00 1.0279985e+00 1.3542898e+00 1.6579408e-01
       345 1.9526080e+00 1.0309427e+00 1.3582306e+00 3.9581746e-02
       346 1.9496773e+00 1.0300588e+00 1.3596032e+00 9.3766712e-02
       347 1.9507757e+00 1.0341060e+00 1.3667581e+00 1.1625175e-01
       348 1.9527003e+00 1.0290401e+00 1.3542109e+00 7.1939492e-02
       349 1.9523582e+00 1.0254682e+00 1.3472444e+00 2.2777702e-01
       350 1.9583439e+00 1.0306663e+00 1.3514589e+00 1.7973307e-01
       351 1.9543414e+00 1.0331458e+00 1.3608969e+00 1.7829495e-01
       352 1.9509164e+00 1.0277738e+00 1.3535483e+00 1.6254480e-01
       353 1.9580094e+00 1.0269398e+00 1.3441510e+00 7.8396760e-02
       354 1.9536644e+00 1.0323221e+00 1.3599295e+00 1.1773642e-01
       355 1.9548361e+00 1.0283223e+00 1.3504176e+00 1.2276782e-02
       356 1.9533511e+00 1.0328389e+00 1.3613368e+00 1.6203312e-01
       357 1.9545250e+00 1.0297920e+00 1.3537793e+00 4.0341046e-02
       358 1.9459640e+00 1.0349710e+00 1.3738188e+00 2.2471580e-02
       359 1.9415616e+00 1.0243443e+00 1.3567983e+00 5.7039467e-01
       360 1.9582847e+00 1.0326787e+00 1.3556747e+00 3.1012909e-01
       361 1.9468698e+00 1.0248342e+00 1.3519433e+00 4.1122006e-01
       362 1.9556817e+00 1.0302697e+00 1.3535117e+00 1.3533379e-01
       363 1.9589350e+00 1.0264794e+00 1.3422103e+00 2.8097536e-02
       364 1.9504043e+00 1.0282602e+00 1.3551071e+00 1.6933891e-01
       365 1.9671314e+00 1.0336509e+00 1.3482459e+00 6.0582575e-01
       366 1.9564386e+00 1.0263020e+00 1.3445344e+00 6.0992231e-02
       367 1.9538654e+00 1.0257549e+00 1.3461957e+00 1.6006855e-01
       368 1.9605791e+00 1.0259243e+00 1.3393074e+00 4.9749726e-02
       369 1.9575488e+00 1.0257005e+00 1.3421030e+00 4.5465240e-02
       370 1.9480016e+00 1.0257860e+00 1.3526529e+00 3.6044159e-01
       371 1.9652510e+00 1.0326447e+00 1.3481599e+00 4.8403815e-01
       372 1.9588614e+00 1.0316702e+00 1.3529729e+00 2.5469768e-01
       373 1.9425364e+00 1.0207547e+00 1.3483770e+00 7.1699085e-01
       374 1.9586499e+00 1.0328593e+00 1.3556551e+00 2.9251742e-01
       375 1.9526725e+00 1.0245650e+00 1.3450510e+00 2.4958572e-01
       376 1.9675326e+00 1.0335364e+00 1.3475850e+00 6.4375523e-01
       377 1.9429637e+00 1.0218075e+00 1.3500547e+00 6.6903383e-01
       378 1.9569392e+00 1.0349154e+00 1.3617484e+00 3.4670128e-01
       379 1.9528801e+00 1.0291181e+00 1.3541761e+00 4.3237725e-02
       380 1.9563244e+00 1.0306276e+00 1.3535550e+00 1.3310983e-01
       381 1.9544710e+00 1.0270574e+00 1.3482130e+00 7.5340977e-02
       382 1.9518345e+00 1.0322277e+00 1.3617231e+00 7.3688681e-02
       383 1.9504481e+00 1.0243600e+00 1.3470535e+00 3.1765851e-01
       384 1.9570742e+00 1.0319307e+00 1.3554339e+00 1.9744579e-01
       385 1.9552454e+00 1.0306309e+00 1.3547280e+00 1.1098677e-01
       386 1.9572703e+00 1.0251967e+00 1.3413699e+00 6.9456975e-02
       387 1.9584718e+00 1.0237083e+00 1.3370269e+00 1.1421630e-01
       388 1.9622671e+00 1.0266059e+00 1.3389015e+00 1.3184895e-01
       389 1.9520921e+00 1.0263700e+00 1.3493841e+00 1.7501148e-01
       390 1.9555934e+00 1.0316083e+00 1.3563671e+00 1.4627002e-01
       391 1.9540659e+00 1.0244467e+00 1.3432962e+00 1.9828502e-01
       392 1.9590727e+00 1.0296082e+00 1.3484955e+00 1.9536173e-01
       393 1.9531796e+00 1.0328433e+00 1.3615321e+00 1.4189071e-01
       394 1.9629149e+00 1.0250580e+00 1.3350343e+00 7.9156610e-02
       395 1.9554354e+00 1.0285522e+00 1.3502420e+00 7.5249074e-02
       396 1.9447009e+00 1.0171210e+00 1.3385804e+00 8.2073588e-01
       397 1.9650135e+00 1.0320739e+00 1.3472335e+00 4.8906207e-01
       398 1.9594338e+00 1.0303416e+00 1.3496186e+00 1.9742681e-01
       399 1.9578715e+00 1.0268581e+00 1.3441317e+00 4.5467049e-02
       400 1.9522043e+00 1.0290434e+00 1.3547571e+00 9.4688935e-02
       401 1.9614333e+00 1.0287465e+00 1.3441919e+00 1.9529473e-01
       402 1.9526910e+00 1.0271029e+00 1.3502379e+00 1.6236884e-01
       403 1.9527779e+00 1.0285843e+00 1.3531887e+00 5.7593829e-02
       404 1.9542927e+00 1.0296891e+00 1.3538188e+00 2.7202936e-02
       405 1.9539148e+00 1.0227387e+00 1.3399633e+00 2.7237716e-01
       406 1.9556143e+00 1.0310908e+00 1.3552771e+00 1.4595837e-01
       407 1.9527925e+00 1.0275925e+00 1.3511337e+00 1.0267677e-01
       408 1.9521201e+00 1.0303227e+00 1.3574832e+00 5.9040002e-02
       409 1.9626038e+00 1.0338630e+00 1.3534950e+00 4.5572533e-01
       410 1.9504801e+00 1.0277670e+00 1.3540102e+00 1.7397589e-01
       411 1.9546667e+00 1.0298831e+00 1.3538133e+00 4.7932973e-02
       412 1.9487592e+00 1.0273276e+00 1.3549883e+00 2.4046600e-01
       413 1.9519049e+00 1.0247428e+00 1.3462502e+00 2.8328001e-01
       414 1.9614263e+00 1.0354200e+00 1.3579747e+00 5.2357593e-01
       415 1.9460534e+00 1.0285061e+00 1.3603803e+00 2.8487776e-01
       416 1.9689483e+00 1.0303061e+00 1.3394236e+00 5.1754748e-01
       417 1.9454552e+00 1.0217595e+00 1.3472065e+00 5.9029972e-01
       418 1.9584848e+00 1.0293465e+00 1.3485884e+00 1.5685518e-01
       419 1.9544687e+00 1.0296321e+00 1.3535108e+00 2.9397382e-02
       420 1.9531230e+00 1.0257637e+00 1.3470194e+00 1.9815179e-01
       421 1.9537032e+00 1.0263849e+00 1.3476645e+00 1.4426920e-01
       422 1.9682711e+00 1.0296121e+00 1.3387086e+00 4.5473003e-01
       423 1.9460006e+00 1.0267386e+00 1.3568057e+00 3.7152461e-01
       424 1.9508662e+00 1.0402460e+00 1.3793957e+00 4.1177358e-01
       425 1.9435013e+00 1.0277367e+00 1.3616124e+00 3.6958491e-01
       426 1.9586686e+00 1.0334150e+00 1.3567831e+00 3.3185959e-01
       427 1.9541404e+00 1.0266747e+00 1.3477852e+00 1.0952442e-01
       428 1.9506379e+00 1.0272965e+00 1.3528713e+00 1.8661058e-01
       429 1.9650615e+00 1.0342529e+00 1.3516850e+00 5.6221899e-01
       430 1.9481111e+00 1.0248960e+00 1.3507079e+00 3.6876749e-01
       431 1.9588984e+00 1.0298023e+00 1.3490825e+00 1.8540236e-01
       432 1.9511661e+00 1.0232981e+00 1.3440961e+00 3.4142952e-01
       433 1.9570550e+00 1.0322203e+00 1.3560524e+00 2.2589955e-01
       434 1.9448809e+00 1.0278473e+00 1.3603169e+00 3.7658969e-01
       435 1.9546608e+00 1.0296677e+00 1.3533761e+00 3.5827429e-02
       436 1.9596199e+00 1.0355098e+00 1.3600956e+00 4.4267722e-01
       437 1.9466698e+00 1.0257249e+00 1.3539893e+00 3.9145214e-01
       438 1.9565852e+00 1.0374416e+00 1.3673654e+00 4.4795144e-01
       439 1.9529288e+00 1.0259551e+00 1.3476231e+00 1.6776330e-01
       440 1.9507476e+00 1.0298684e+00 1.3580423e+00 6.2220974e-02
       441 1.9584240e+00 1.0280197e+00 1.3459242e+00 7.2925458e-02
       442 1.9536312e+00 1.0331007e+00 1.3615737e+00 1.5361758e-01
       443 1.9495059e+00 1.0299512e+00 1.3595687e+00 1.0655418e-01
       444 1.9473512e+00 1.0316387e+00 1.3654079e+00 1.0310545e-01
       445 1.9522386e+00 1.0242541e+00 1.3448859e+00 2.8409369e-01
       446 1.9602214e+00 1.0284173e+00 1.3448121e+00 1.6002263e-01
       447 1.9517310e+00 1.0338215e+00 1.3651287e+00 1.4449829e-01
       448 1.9587805e+00 1.0315050e+00 1.3527189e+00 2.7156555e-01
       449 1.9499359e+00 1.0250067e+00 1.3489382e+00 3.0726814e-01
       450 1.9550335e+00 1.0250909e+00 1.3435685e+00 1.3809097e-01
       451 1.9623715e+00 1.0256782e+00 1.3368860e+00 1.2191418e-01
       452 1.9603065e+00 1.0346194e+00 1.3575161e+00 4.4862498e-01
       453 1.9459986e+00 1.0141555e+00 1.3311272e+00 8.9080979e-01
       454 1.9625967e+00 1.0351504e+00 1.3561662e+00 5.4945258e-01
       455 1.9582022e+00 1.0265974e+00 1.3432403e+00 1.2434781e-02
       456 1.9501031e+00 1.0278094e+00 1.3545090e+00 1.8233559e-01
       457 1.9662236e+00 1.0328745e+00 1.3476027e+00 5.7077503e-01
       458 1.9455314e+00 1.0245399e+00 1.3528119e+00 4.6967291e-01
       459 1.9470913e+00 1.0248047e+00 1.3516395e+00 4.4585830e-01
       460 1.9658417e+00 1.0314654e+00 1.3450989e+00 4.6837079e-01
       461 1.9535447e+00 1.0302224e+00 1.3557285e+00 2.8083324e-02
       462 1.9526105e+00 1.0296878e+00 1.3556420e+00 2.0322550e-02
       463 1.9576632e+00 1.0296686e+00 1.3501357e+00 1.3526159e-01
       464 1.9450351e+00 1.0221170e+00 1.3483999e+00 5.7405160e-01
       465 1.9666033e+00 1.0316165e+00 1.3446034e+00 4.8297642e-01
       466 1.9530180e+00 1.0230296e+00 1.3415318e+00 3.3490856e-01
       467 1.9626677e+00 1.0284643e+00 1.3422930e+00 2.4731401e-01
       468 1.9588029e+00 1.0253308e+00 1.3399956e+00 3.0348110e-02
       469 1.9478331e+00 1.0262495e+00 1.3537888e+00 3.1413046e-01
       470 1.9615973e+00 1.0315518e+00 1.3497964e+00 3.1913878e-01
       471 1.9536809e+00 1.0278091e+00 1.3506141e+00 8.4787559e-02
       472 1.9551980e+00 1.0275351e+00 1.3484076e+00 7.2155141e-02
       473 1.9535064e+00 1.0272662e+00 1.3496879e+00 9.2838492e-02
       474 1.9554236e+00 1.0311205e+00 1.3555447e+00 1.3650380e-01
       475 1.9569659e+00 1.0293355e+00 1.3502013e+00 1.0604974e-01
       476 1.9546982e+00 1.0321843e+00 1.3585246e+00 1.5622527e-01
       477 1.9486742e+00 1.0226333e+00 1.3454581e+00 4.5475389e-01
       478 1.9621109e+00 1.0297035e+00 1.3454378e+00 2.5635576e-01
       479 1.9587104e+00 1.0274183e+00 1.3443801e+00 8.9896278e-02
       480 1.9634725e+00 1.0295056e+00 1.3435779e+00 3.1825596e-01
       481 1.9472056e+00 1.0240675e+00 1.3500035e+00 4.2805604e-01
       482 1.9611663e+00 1.0330100e+00 1.3532677e+00 4.3091470e-01
       483 1.9496207e+00 1.0236867e+00 1.3465782e+00 3.7461120e-01
       484 1.9509181e+00 1.0304285e+00 1.3590105e+00 5.5281456e-02
       485 1.9564584e+00 1.0323516e+00 1.3569669e+00 2.2570589e-01
       486 1.9576279e+00 1.0256094e+00 1.3418309e+00 4.3191379e-02
       487 1.9557030e+00 1.0238193e+00 1.3402391e+00 1.6534234e-01
       488 1.9560719e+00 1.0312073e+00 1.3550230e+00 1.6523201e-01
       489 1.9605264e+00 1.0239783e+00 1.3353747e+00 4.4502636e-02
       490 1.9553080e+00 1.0258437e+00 1.3448155e+00 1.0929130e-01
       491 1.9598730e+00 1.0345605e+00 1.3578590e+00 4.0888514e-01
       492 1.9485921e+00 1.0288026e+00 1.3582039e+00 2.1847223e-01
       493 1.9516149e+00 1.0250098e+00 1.3471133e+00 2.5811919e-01
       494 1.9538867e+00 1.0321042e+00 1.3592385e+00 1.2947823e-01
       495 1.9579770e+00 1.0291167e+00 1.3486617e+00 1.3157715e-01
       496 1.9456509e+00 1.0280159e+00 1.3598151e+00 3.0132199e-01
       497 1.9613609e+00 1.0313542e+00 1.3496414e+00 3.0078557e-01
       498 1.9617891e+00 1.0247337e+00 1.3355715e+00 5.8972041e-02
       499 1.9471213e+00 1.0221793e+00 1.3462324e+00 5.4640699e-01
       500 1.9539038e+00 1.0354053e+00 1.3660450e+00 2.6410015e-01
       501 1.9565293e+00 1.0273501e+00 1.3465889e+00 2.8202529e-02
       502 1.9538666e+00 1.0263471e+00 1.3474097e+00 1.3738559e-01
       503 1.9625177e+00 1.0380948e+00 1.3623549e+00 6.7690363e-01
       504 1.9434235e+00 1.0234589e+00 1.3529236e+00 5.5391404e-01
       505 1.9537126e+00 1.0296119e+00 1.3542889e+00 2.0282228e-02
       506 1.9544734e+00 1.0311165e+00 1.3565647e+00 9.3609903e-02
       507 1.9554629e+00 1.0365871e+00 1.3668053e+00 3.7379483e-01
       508 1.9486083e+00 1.0241544e+00 1.3486437e+00 3.8090604e-01
       509 1.9570459e+00 1.0241536e+00 1.3394740e+00 1.1596877e-01
       510 1.9491570e+00 1.0297348e+00 1.3595045e+00 1.1006255e-01
       511 1.9557137e+00 1.0259084e+00 1.3445095e+00 1.0860820e-01
       512 1.9565672e+00 1.0303907e+00 1.3528047e+00 1.3220192e-01
       513 1.9559458e+00 1.0331211e+00 1.3591099e+00 2.3689674e-01
       514 1.9477943e+00 1.0307304e+00 1.3630485e+00 1.1995669e-01
       515 1.9630782e+00 1.0260292e+00 1.3368522e+00 1.4623133e-01
       516 1.9577719e+00 1.0273212e+00 1.3451902e+00 2.8311449e-02
       517 1.9511480e+00 1.0241226e+00 1.3458039e+00 3.0599118e-01
       518 1.9599268e+00 1.0330671e+00 1.3547134e+00 3.4367655e-01
       519 1.9504014e+00 1.0229296e+00 1.3441763e+00 3.9992737e-01
       520 1.9561014e+00 1.0340655e+00 1.3608940e+00 2.6223556e-01
       521 1.9456116e+00 1.0292034e+00 1.3623014e+00 2.6982940e-01
       522 1.9618730e+00 1.0344048e+00 1.3553959e+00 4.6686723e-01
       523 1.9429595e+00 1.0245721e+00 1.3557167e+00 5.5757919e-01
       524 1.9615902e+00 1.0376112e+00 1.3623418e+00 6.1740398e-01
       525 1.9525705e+00 1.0252674e+00 1.3466017e+00 2.2463654e-01
       526 1.9570653e+00 1.0298720e+00 1.3511990e+00 1.6176193e-01
       527 1.9538185e+00 1.0282857e+00 1.3514448e+00 6.0566079e-02
       528 1.9580722e+00 1.0275149e+00 1.3452649e+00 4.5764925e-02
       529 1.9537808e+00 1.0224033e+00 1.3394229e+00 3.2011580e-01
       530 1.9506524e+00 1.0359825e+00 1.3707771e+00 1.8458309e-01
       531 1.9524756e+00 1.0273026e+00 1.3508823e+00 1.2900547e-01
       532 1.9562286e+00 1.0325233e+00 1.3575696e+00 1.9944664e-01
       533 1.9549063e+00 1.0231233e+00 1.3396762e+00 2.3678381e-01
       534 1.9612125e+00 1.0342279e+00 1.3557360e+00 4.5004937e-01
       535 1.9536420e+00 1.0267530e+00 1.3484866e+00 1.2493097e-01
       536 1.9515891e+00 1.0288498e+00 1.3550282e+00 7.9927897e-02
       537 1.9454376e+00 1.0238495e+00 1.3515012e+00 4.7748458e-01
       538 1.9695188e+00 1.0360766e+00 1.3507466e+00 7.7608376e-01
       539 1.9434711e+00 1.0227449e+00 1.3514101e+00 5.5837231e-01
       540 1.9582646e+00 1.0241927e+00 1.3382417e+00 8.8441214e-02
       541 1.9672673e+00 1.0293049e+00 1.3391368e+00 4.3672138e-01
       542 1.9443455e+00 1.0238083e+00 1.3526208e+00 5.4565640e-01
       543 1.9616982e+00 1.0308650e+00 1.3482721e+00 2.9422582e-01
       544 1.9645670e+00 1.0224542e+00 1.3279441e+00 3.7715194e-02
       545 1.9579186e+00 1.0284186e+00 1.3472882e+00 7.4848674e-02
       546 1.9503179e+00 1.0264499e+00 1.3514817e+00 2.2496549e-01
       547 1.9480544e+00 1.0302078e+00 1.3616863e+00 1.4618081e-01
       548 1.9536942e+00 1.0297308e+00 1.3545537e+00 1.7167249e-02
       549 1.9563930e+00 1.0331158e+00 1.3586161e+00 2.5999903e-01
       550 1.9450599e+00 1.0263064e+00 1.3569542e+00 4.0789947e-01
       551 1.9683351e+00 1.0325387e+00 1.3446759e+00 6.0079657e-01
       552 1.9480900e+00 1.0302845e+00 1.3618053e+00 1.3496269e-01
       553 1.9599926e+00 1.0275586e+00 1.3432920e+00 1.2569686e-01
       554 1.9577823e+00 1.0283396e+00 1.3472724e+00 7.4895647e-02
       555 1.9561071e+00 1.0237675e+00 1.3396964e+00 1.6829752e-01
       556 1.9566869e+00 1.0264974e+00 1.3446675e+00 3.5491692e-02
       557 1.9561845e+00 1.0290232e+00 1.3504017e+00 5.2595930e-02
       558 1.9546666e+00 1.0294645e+00 1.3529515e+00 5.0706969e-02
       559 1.9594255e+00 1.0280968e+00 1.3450067e+00 1.1375984e-01
       560 1.9515811e+00 1.0276257e+00 1.3525196e+00 1.4014014e-01
       561 1.9443645e+00 1.0262128e+00 1.3575289e+00 4.2466871e-01
       562 1.9652920e+00 1.0346140e+00 1.3521873e+00 5.6830499e-01
       563 1.9558478e+00 1.0276066e+00 1.3478519e+00 1.9730324e-02
       564 1.9481804e+00 1.0186772e+00 1.3379234e+00 6.5209150e-01
       565 1.9669610e+00 1.0350742e+00 1.3513708e+00 6.1235120e-01
       566 1.9416370e+00 1.0208578e+00 1.3495841e+00 7.3145784e-01
       567 1.9625005e+00 1.0376761e+00 1.3615041e+00 6.2995235e-01
       568 1.9502233e+00 1.0287331e+00 1.3562774e+00 1.2146703e-01
       569 1.9586426e+00 1.0314502e+00 1.3527541e+00 2.2462705e-01
       570 1.9431231e+00 1.0253075e+00 1.3570431e+00 4.9545789e-01
       571 1.9628926e+00 1.0320895e+00 1.3495229e+00 3.9451957e-01
       572 1.9484241e+00 1.0354028e+00 1.3720120e+00 1.3264645e-01
       573 1.9531906e+00 1.0274638e+00 1.3504367e+00 9.1798608e-02
       574 1.9471350e+00 1.0213471e+00 1.3445167e+00 5.5983084e-01
       575 1.9609884e+00 1.0308776e+00 1.3490571e+00 3.1328459e-01
       576 1.9619198e+00 1.0302935e+00 1.3468572e+00 2.8190605e-01
       577 1.9505611e+00 1.0271880e+00 1.3527322e+00 2.0698649e-01
       578 1.9513150e+00 1.0291808e+00 1.3560079e+00 8.6596338e-02
       579 1.9424948e+00 1.0302997e+00 1.3680004e+00 3.1864510e-01
       580 1.9701568e+00 1.0304229e+00 1.3383916e+00 5.6059164e-01
       581 1.9460907e+00 1.0204790e+00 1.3438919e+00 6.3790985e-01
       582 1.9609788e+00 1.0302140e+00 1.3476998e+00 2.8279694e-01
       583 1.9545640e+00 1.0287364e+00 1.3515640e+00 4.4518540e-02
       584 1.9626482e+00 1.0342047e+00 1.3541544e+00 4.8893570e-01
       585 1.9482879e+00 1.0209255e+00 1.3423913e+00 5.6820846e-01
       586 1.9588240e+00 1.0337153e+00 1.3572370e+00 3.4977775e-01
       587 1.9539984e+00 1.0308439e+00 1.3565175e+00 6.9948454e-02
       588 1.9569480e+00 1.0268177e+00 1.3450437e+00 6.9914667e-02
       589 1.9507159e+00 1.0267552e+00 1.3516743e+00 1.8633352e-01
       590 1.9515936e+00 1.0231630e+00 1.3433539e+00 3.3087968e-01
       591 1.9624026e+00 1.0245141e+00 1.3344661e+00 4.9051105e-02
       592 1.9622662e+00 1.0351156e+00 1.3564471e+00 5.1182001e-01
       593 1.9517667e+00 1.0229120e+00 1.3426518e+00 3.3954736e-01
       594 1.9540261e+00 1.0263416e+00 1.3472254e+00 1.3879990e-01
       595 1.9576496e+00 1.0355642e+00 1.3623262e+00 3.9826600e-01
       596 1.9517428e+00 1.0322671e+00 1.3619044e+00 6.8623969e-02
       597 1.9581813e+00 1.0262581e+00 1.3425664e+00 6.9819672e-03
       598 1.9471076e+00 1.0288610e+00 1.3599519e+00 2.1638107e-01
       599 1.9540098e+00 1.0249458e+00 1.3443799e+00 1.6837827e-01
       600 1.9602488e+00 1.0294553e+00 1.3469188e+00 1.9048165e-01
       601 1.9598556e+00 1.0294455e+00 1.3473202e+00 2.0713023e-01
       602 1.9524912e+00 1.0248472e+00 1.3458264e+00 2.2218610e-01
       603 1.9531422e+00 1.0253264e+00 1.3461017e+00 2.4409223e-01
       604 1.9619383e+00 1.0387611e+00 1.3643575e+00 6.6465521e-01
       605 1.9511954e+00 1.0244745e+00 1.3464733e+00 3.1456286e-01
       606 1.9592474e+00 1.0296008e+00 1.3482926e+00 1.6830490e-01
       607 1.9557325e+00 1.0232921e+00 1.3391278e+00 2.2770961e-01
       608 1.9529568e+00 1.0270294e+00 1.3497980e+00 1.4344775e-01
       609 1.9601631e+00 1.0361471e+00 1.3608333e+00 5.0570779e-01
       610 1.9459412e+00 1.0260413e+00 1.3554398e+00 3.7420767e-01
       611 1.9482614e+00 1.0273086e+00 1.3554942e+00 2.5774305e-01
       612 1.9537619e+00 1.0333977e+00 1.3620456e+00 1.9056558e-01
       613 1.9571774e+00 1.0313534e+00 1.3541316e+00 1.8199825e-01
       614 1.9574559e+00 1.0189530e+00 1.3284069e+00 3.5383225e-01
       615 1.9627262e+00 1.0291184e+00 1.3435764e+00 2.6721163e-01
       616 1.9582294e+00 1.0332261e+00 1.3568651e+00 3.1705144e-01
       617 1.9400013e+00 1.0218104e+00 1.3533465e+00 7.5830368e-01
       618 1.9635076e+00 1.0362623e+00 1.3574983e+00 5.9867307e-01
       619 1.9463947e+00 1.0261189e+00 1.3551002e+00 4.0057611e-01
       620 1.9584455e+00 1.0364550e+00 1.3633154e+00 4.4890735e-01
       621 1.9527601e+00 1.0241988e+00 1.3442055e+00 2.5401069e-01
       622 1.9566524e+00 1.0309365e+00 1.3538380e+00 1.4279829e-01
       623 1.9527448e+00 1.0324432e+00 1.3611780e+00 9.9875373e-02
       624 1.9433262e+00 1.0268514e+00 1.3599869e+00 4.1895779e-01
       625 1.9572988e+00 1.0274397e+00 1.3459431e+00 2.2589910e-02
       626 1.9591071e+00 1.0267929e+00 1.3426691e+00 6.7971022e-02
       627 1.9567306e+00 1.0197372e+00 1.3307873e+00 3.4117529e-01
       628 1.9575690e+00 1.0339278e+00 1.3590265e+00 3.0842599e-01
       629 1.9595971e+00 1.0313598e+00 1.3515425e+00 2.9036187e-01
       630 1.9539127e+00 1.0156855e+00 1.3255883e+00 6.1324420e-01
       631 1.9665301e+00 1.0339017e+00 1.3494011e+00 5.9666021e-01
       632 1.9580166e+00 1.0300687e+00 1.3505794e+00 1.6063951e-01
       633 1.9504386e+00 1.0226436e+00 1.3435505e+00 3.8885399e-01
       634 1.9560663e+00 1.0258483e+00 1.3440053e+00 7.6414923e-02
       635 1.9583292e+00 1.0321448e+00 1.3545245e+00 2.6209841e-01
       636 1.9426898e+00 1.0284504e+00 1.3639773e+00 3.6345633e-01
       637 1.9648152e+00 1.0281848e+00 1.3394316e+00 3.1849357e-01
       638 1.9571334e+00 1.0330999e+00 1.3577845e+00 2.5141129e-01
       639 1.9478045e+00 1.0226056e+00 1.3463545e+00 4.9755361e-01
       640 1.9707710e+00 1.0318366e+00 1.3406615e+00 6.3881240e-01
       641 1.9457317e+00 1.0204525e+00 1.3442328e+00 6.3777604e-01
       642 1.9510386e+00 1.0325887e+00 1.3633354e+00 5.7044563e-02
       643 1.9587107e+00 1.0311178e+00 1.3519952e+00 2.2737712e-01
       644 1.9523622e+00 1.0309987e+00 1.3586133e+00 2.9573144e-02
       645 1.9569349e+00 1.0263722e+00 1.3441431e+00 3.2368007e-02
       646 1.9563409e+00 1.0316780e+00 1.3557036e+00 1.6629551e-01
       647 1.9481091e+00 1.0260408e+00 1.3530581e+00 3.0707642e-01
       648 1.9548650e+00 1.0266141e+00 1.3468761e+00 8.0154256e-02
       649 1.9644075e+00 1.0328170e+00 1.3494120e+00 4.7855321e-01
       650 1.9405574e+00 1.0247438e+00 1.3587317e+00 6.2664683e-01
       651 1.9646722e+00 1.0279311e+00 1.3390620e+00 2.5919512e-01
       652 1.9524305e+00 1.0313180e+00 1.3591976e+00 5.0281694e-02
       653 1.9525687e+00 1.0306289e+00 1.3576265e+00 2.4509689e-02
       654 1.9558160e+00 1.0314752e+00 1.3558520e+00 1.5139304e-01
       655 1.9532886e+00 1.0350200e+00 1.3659148e+00 2.4129433e-01
       656 1.9463450e+00 1.0217297e+00 1.3461663e+00 5.6239808e-01
       657 1.9556831e+00 1.0298832e+00 1.3527139e+00 7.5572179e-02
       658 1.9595636e+00 1.0256594e+00 1.3398527e+00 4.1974436e-02
       659 1.9650253e+00 1.0287098e+00 1.3402883e+00 3.0447361e-01
       660 1.9474752e+00 1.0201269e+00 1.3416522e+00 6.2892034e-01
       661 1.9646371e+00 1.0288133e+00 1.3409137e+00 3.1521040e-01
       662 1.9558685e+00 1.0280608e+00 1.3487633e+00 3.4398448e-02
       663 1.9602116e+00 1.0265415e+00 1.3409680e+00 6.3977780e-02
       664 1.9615467e+00 1.0316131e+00 1.3499768e+00 3.5167222e-01
       665 1.9522173e+00 1.0194698e+00 1.3351313e+00 4.8679272e-01
       666 1.9612047e+00 1.0277562e+00 1.3423999e+00 1.8340530e-01
       667 1.9560899e+00 1.0306346e+00 1.3538228e+00 1.2789603e-01
       668 1.9521278e+00 1.0224910e+00 1.3413977e+00 3.9817431e-01
       669 1.9603680e+00 1.0324908e+00 1.3530501e+00 3.6537345e-01
       670 1.9587044e+00 1.0294526e+00 1.3485707e+00 1.8936307e-01
       671 1.9447000e+00 1.0218081e+00 1.3481380e+00 6.0741360e-01
       672 1.9672327e+00 1.0340946e+00 1.3490563e+00 6.1267790e-01
       673 1.9477132e+00 1.0346865e+00 1.3713084e+00 5.1345160e-02
       674 1.9460872e+00 1.0282562e+00 1.3598293e+00 2.7032044e-01
       675 1.9557581e+00 1.0251873e+00 1.3429825e+00 1.1221631e-01
       676 1.9631157e+00 1.0322046e+00 1.3495227e+00 4.0266108e-01
       677 1.9484145e+00 1.0254732e+00 1.3515589e+00 3.4240304e-01
       678 1.9565809e+00 1.0237179e+00 1.3390834e+00 1.5880810e-01
       679 1.9566314e+00 1.0349291e+00 1.3621088e+00 3.2205987e-01
       680 1.9519652e+00 1.0243396e+00 1.3453585e+00 2.7832492e-01
       681 1.9592300e+00 1.0236340e+00 1.3360602e+00 8.0060685e-02
       682 1.9541156e+00 1.0319199e+00 1.3586100e+00 1.3126372e-01
       683 1.9558797e+00 1.0226821e+00 1.3377208e+00 2.2215294e-01
       684 1.9518332e+00 1.0236638e+00 1.3441182e+00 3.0338471e-01
       685 1.9704293e+00 1.0295681e+00 1.3363442e+00 5.4943416e-01
       686 1.9537735e+00 1.0292839e+00 1.3535475e+00 3.4338311e-02
       687 1.9501096e+00 1.0230126e+00 1.3446645e+00 4.1750130e-01
       688 1.9671056e+00 1.0284741e+00 1.3375981e+00 3.8592832e-01
       689 1.9531415e+00 1.0255646e+00 1.3465908e+00 2.1297928e-01
       690 1.9645753e+00 1.0302333e+00 1.3439032e+00 3.6929385e-01
       691 1.9593241e+00 1.0325421e+00 1.3542757e+00 2.9440685e-01
       692 1.9497685e+00 1.0249200e+00 1.3489434e+00 3.1404577e-01
       693 1.9508700e+00 1.0241150e+00 1.3460914e+00 2.9923875e-01
       694 1.9641475e+00 1.0353083e+00 1.3548408e+00 5.8875044e-01
       695 1.9449249e+00 1.0280506e+00 1.3606862e+00 3.5216353e-01
       696 1.9560201e+00 1.0231693e+00 1.3385659e+00 2.1653305e-01
       697 1.9612367e+00 1.0346865e+00 1.3566590e+00 4.6140477e-01
       698 1.9418337e+00 1.0238841e+00 1.3555540e+00 6.1435928e-01
       699 1.9638515e+00 1.0370744e+00 1.3588159e+00 6.6360309e-01
       700 1.9460603e+00 1.0265985e+00 1.3564523e+00 3.5499868e-01
       701 1.9583040e+00 1.0323411e+00 1.3549568e+00 3.0569069e-01
       702 1.9470695e+00 1.0243360e+00 1.3507030e+00 4.1471300e-01
       703 1.9601247e+00 1.0282663e+00 1.3446053e+00 1.6583025e-01
       704 1.9540917e+00 1.0271924e+00 1.3489013e+00 9.4018345e-02
       705 1.9628224e+00 1.0281749e+00 1.3415327e+00 2.1788247e-01
       706 1.9441507e+00 1.0288754e+00 1.3632368e+00 2.9572542e-01
       707 1.9556785e+00 1.0290258e+00 1.3509536e+00 4.6391325e-02
       708 1.9577905e+00 1.0297880e+00 1.3502446e+00 1.4440326e-01
       709 1.9569853e+00 1.0252140e+00 1.3417126e+00 7.7166702e-02
       710 1.9614836e+00 1.0301793e+00 1.3470883e+00 2.8276879e-01
       711 1.9457333e+00 1.0270037e+00 1.3576442e+00 3.5223083e-01
       712 1.9583273e+00 1.0289785e+00 1.3480003e+00 1.1245848e-01
       713 1.9594285e+00 1.0331802e+00 1.3554816e+00 3.4926741e-01
       714 1.9386075e+00 1.0277885e+00 1.3671513e+00 5.1776607e-01
       715 1.9532718e+00 1.0276715e+00 1.3507753e+00 1.1573446e-01
       716 1.9546702e+00 1.0329400e+00 1.3601155e+00 1.7308424e-01
       717 1.9559714e+00 1.0314402e+00 1.3556120e+00 1.4285855e-01
       718 1.9520979e+00 1.0321807e+00 1.3613395e+00 7.8394869e-02
       719 1.9539373e+00 1.0252345e+00 1.3450503e+00 2.0171569e-01
       720 1.9520876e+00 1.0334900e+00 1.3640552e+00 1.2827213e-01
       721 1.9507035e+00 1.0251398e+00 1.3483732e+00 2.8082443e-01
       722 1.9619337e+00 1.0294357e+00 1.3450756e+00 2.5680938e-01
       723 1.9508381e+00 1.0244411e+00 1.3467942e+00 3.0759646e-01
       724 1.9625945e+00 1.0324404e+00 1.3505654e+00 4.2646401e-01
       725 1.9519536e+00 1.0228381e+00 1.3422972e+00 3.7418888e-01
       726 1.9545389e+00 1.0320669e+00 1.3584546e+00 1.3410332e-01
       727 1.9533158e+00 1.0280892e+00 1.3515862e+00 6.2712928e-02
       728 1.9524711e+00 1.0316356e+00 1.3598086e+00 7.7268523e-02
       729 1.9546374e+00 1.0268445e+00 1.3475955e+00 1.0697986e-01
       730 1.9565371e+00 1.0334908e+00 1.3592354e+00 3.3960816e-01
       731 1.9496314e+00 1.0258251e+00 1.3509492e+00 2.8023173e-01
       732 1.9635534e+00 1.0301790e+00 1.3448787e+00 3.1809709e-01
       733 1.9469931e+00 1.0269865e+00 1.3562239e+00 2.8854769e-01
       734 1.9596009e+00 1.0333564e+00 1.3556608e+00 3.5820712e-01
       735 1.9471032e+00 1.0246741e+00 1.3513587e+00 4.0961173e-01
       736 1.9544784e+00 1.0310305e+00 1.3563821e+00 9.4419331e-02
       737 1.9621501e+00 1.0281433e+00 1.3421851e+00 2.0318107e-01
       738 1.9512095e+00 1.0274624e+00 1.3525889e+00 1.5671458e-01
       739 1.9540195e+00 1.0349979e+00 1.3650761e+00 2.6219629e-01
       740 1.9497019e+00 1.0261775e+00 1.3515954e+00 2.6378941e-01
       741 1.9571295e+00 1.0303258e+00 1.3520646e+00 1.3774603e-01
       742 1.9591508e+00 1.0262135e+00 1.3414328e+00 5.3439515e-02
       743 1.9490429e+00 1.0246434e+00 1.3491697e+00 3.4254312e-01
       744 1.9610086e+00 1.0291694e+00 1.3455165e+00 2.1685217e-01
       745 1.9559077e+00 1.0254198e+00 1.3432976e+00 9.7328544e-02
       746 1.9572088e+00 1.0334568e+00 1.3584409e+00 2.9481253e-01
       747 1.9564725e+00 1.0316943e+00 1.3555952e+00 1.9280356e-01
       748 1.9493427e+00 1.0282701e+00 1.3562871e+00 2.1723297e-01
       749 1.9526716e+00 1.0261013e+00 1.3482024e+00 1.7250174e-01
       750 1.9530148e+00 1.0321631e+00 1.3603064e+00 9.9580420e-02
       751 1.9514789e+00 1.0287722e+00 1.3549885e+00 1.0332949e-01
       752 1.9493756e+00 1.0294305e+00 1.3586388e+00 1.3045020e-01
       753 1.9564821e+00 1.0297770e+00 1.3516323e+00 1.1881866e-01
       754 1.9530512e+00 1.0326258e+00 1.3612221e+00 1.2133145e-01
       755 1.9382211e+00 1.0241539e+00 1.3601244e+00 7.0966680e-01
       756 1.9664545e+00 1.0388497e+00 1.3597371e+00 7.9494448e-01
       757 1.9463142e+00 1.0263771e+00 1.3557187e+00 3.4574479e-01
       758 1.9560425e+00 1.0241941e+00 1.3406398e+00 1.8307498e-01
       759 1.9636941e+00 1.0269569e+00 1.3381006e+00 1.8765057e-01
       760 1.9590138e+00 1.0309308e+00 1.3512841e+00 2.2419332e-01
       761 1.9516722e+00 1.0271488e+00 1.3514406e+00 1.4998715e-01
       762 1.9531577e+00 1.0263187e+00 1.3481207e+00 1.7127448e-01
       763 1.9559607e+00 1.0301220e+00 1.3529060e+00 1.0015913e-01
       764 1.9521104e+00 1.0312202e+00 1.3593439e+00 2.8309724e-02
       765 1.9546613e+00 1.0251739e+00 1.3441415e+00 1.4559079e-01
       766 1.9562706e+00 1.0329722e+00 1.3584514e+00 2.3207538e-01
       767 1.9568939e+00 1.0328550e+00 1.3575368e+00 2.4957675e-01
       768 1.9508947e+00 1.0235228e+00 1.3448520e+00 3.5897024e-01
       769 1.9610349e+00 1.0309497e+00 1.3491560e+00 3.2236620e-01
       770 1.9509397e+00 1.0326738e+00 1.3636192e+00 5.9976774e-02
       771 1.9489170e+00 1.0251232e+00 1.3502909e+00 3.4548596e-01
       772 1.9533118e+00 1.0294089e+00 1.3543058e+00 2.7492779e-02
       773 1.9616992e+00 1.0309644e+00 1.3484760e+00 3.0991499e-01
       774 1.9485696e+00 1.0268342e+00 1.3541822e+00 2.9024850e-01
       775 1.9565138e+00 1.0299895e+00 1.3520357e+00 1.2883539e-01
       776 1.9618615e+00 1.0309707e+00 1.3483154e+00 3.2628456e-01
       777 1.9543465e+00 1.0246606e+00 1.3434304e+00 1.8539947e-01
       778 1.9562543e+00 1.0252086e+00 1.3424902e+00 9.6305515e-02
       779 1.9474682e+00 1.0282380e+00 1.3582745e+00 2.6193788e-01
       780 1.9589804e+00 1.0316904e+00 1.3528868e+00 2.6957149e-01
       781 1.9502995e+00 1.0278770e+00 1.3544334e+00 1.5660865e-01
       782 1.9617450e+00 1.0299250e+00 1.3462849e+00 3.1254560e-01
       783 1.9467805e+00 1.0227309e+00 1.3477347e+00 4.9398834e-01
       784 1.9696004e+00 1.0346375e+00 1.3476806e+00 7.2533949e-01
       785 1.9535405e+00 1.0193598e+00 1.3334695e+00 4.6150125e-01
       786 1.9604898e+00 1.0324720e+00 1.3528808e+00 3.5474575e-01
       787 1.9472266e+00 1.0162623e+00 1.3340554e+00 7.8176072e-01
       788 1.9627693e+00 1.0355289e+00 1.3567659e+00 5.5818082e-01
       789 1.9489797e+00 1.0254178e+00 1.3508264e+00 3.0426126e-01
       790 1.9558795e+00 1.0313490e+00 1.3555230e+00 1.5305069e-01
       791 1.9557600e+00 1.0253492e+00 1.3433125e+00 1.0841495e-01
       792 1.9584631e+00 1.0298598e+00 1.3496687e+00 1.7313069e-01
       793 1.9592618e+00 1.0276607e+00 1.3442861e+00 8.3808600e-02
       794 1.9502514e+00 1.0294463e+00 1.3577146e+00 1.3273021e-01
       795 1.9530273e+00 1.0262015e+00 1.3480216e+00 2.1690681e-01
       796 1.9677806e+00 1.0362580e+00 1.3529562e+00 7.3246017e-01
       797 1.9457299e+00 1.0243550e+00 1.3522147e+00 4.6442332e-01
       798 1.9470820e+00 1.0270415e+00 1.3562393e+00 3.1107138e-01
       799 1.9580401e+00 1.0332592e+00 1.3571372e+00 3.2054455e-01
       800 1.9512448e+00 1.0228835e+00 1.3431620e+00 3.4412756e-01
       801 1.9542008e+00 1.0351710e+00 1.3652380e+00 2.5909389e-01
       802 1.9611180e+00 1.0286506e+00 1.3443319e+00 1.8761784e-01
       803 1.9433209e+00 1.0250867e+00 1.3563718e+00 4.8546532e-01
       804 1.9602903e+00 1.0394385e+00 1.3675286e+00 6.3886121e-01
       805 1.9431156e+00 1.0271844e+00 1.3609037e+00 4.0964592e-01
       806 1.9541773e+00 1.0273243e+00 1.3490797e+00 9.4807581e-02
       807 1.9606082e+00 1.0292086e+00 1.3460259e+00 2.0838770e-01
       808 1.9538987e+00 1.0294703e+00 1.3537956e+00 3.5976201e-02
       809 1.9512144e+00 1.0245892e+00 1.3466875e+00 2.9832691e-01
       810 1.9680204e+00 1.0292616e+00 1.3382516e+00 4.1862230e-01
       811 1.9412483e+00 1.0257477e+00 1.3600232e+00 5.5251244e-01
       812 1.9643944e+00 1.0322095e+00 1.3481715e+00 4.1760424e-01
       813 1.9613684e+00 1.0225729e+00 1.3315975e+00 6.2366808e-02
       814 1.9583753e+00 1.0280389e+00 1.3460159e+00 1.0090955e-01
       815 1.9513234e+00 1.0275095e+00 1.3525616e+00 1.6790728e-01
       816 1.9598391e+00 1.0290675e+00 1.3465598e+00 1.5744463e-01
       817 1.9457944e+00 1.0293824e+00 1.3624687e+00 2.7014016e-01
       818 1.9588071e+00 1.0290693e+00 1.3476713e+00 1.3228523e-01
       819 1.9562377e+00 1.0298861e+00 1.3521210e+00 8.7146297e-02
       820 1.9529379e+00 1.0259587e+00 1.3476206e+00 1.6750516e-01
       821 1.9615181e+00 1.0313361e+00 1.3494361e+00 3.3867712e-01
       822 1.9576313e+00 1.0279653e+00 1.3466653e+00 7.4206887e-02
       823 1.9515813e+00 1.0169778e+00 1.3307488e+00 6.0864380e-01
       824 1.9647257e+00 1.0292208e+00 1.3416582e+00 3.1365434e-01
       825 1.9582070e+00 1.0241485e+00 1.3382131e+00 9.3698523e-02
       826 1.9626760e+00 1.0281122e+00 1.3415600e+00 2.2334812e-01
       827 1.9494235e+00 1.0332120e+00 1.3663864e+00 5.5520584e-02
       828 1.9530044e+00 1.0276877e+00 1.3510990e+00 1.5363791e-01
       829 1.9421878e+00 1.0204278e+00 1.3480959e+00 7.3418519e-01
       830 1.9788185e+00 1.0368899e+00 1.3427247e+00 1.1019918e+00
       831 1.9385430e+00 1.0254951e+00 1.3625143e+00 6.1552340e-01
       832 1.9566713e+00 1.0307476e+00 1.3534282e+00 1.4394137e-01
       833 1.9572873e+00 1.0320459e+00 1.3554421e+00 2.3751664e-01
       834 1.9437825e+00 1.0258349e+00 1.3573963e+00 4.7082089e-01
       835 1.9549000e+00 1.0325859e+00 1.3591353e+00 1.9768502e-01
       836 1.9629318e+00 1.0290850e+00 1.3432884e+00 2.8642492e-01
       837 1.9580709e+00 1.0229993e+00 1.3360071e+00 1.3532706e-01
       838 1.9570969e+00 1.0300321e+00 1.3514947e+00 1.2963651e-01
       839 1.9534679e+00 1.0271164e+00 1.3494218e+00 1.1559604e-01
       840 1.9564850e+00 1.0307677e+00 1.3536705e+00 1.5447682e-01
       841 1.9591338e+00 1.0227933e+00 1.3344430e+00 1.1933756e-01
       842 1.9499911e+00 1.0242594e+00 1.3473465e+00 3.3231646e-01
       843 1.9638104e+00 1.0300056e+00 1.3442478e+00 3.2040221e-01
       844 1.9507409e+00 1.0219579e+00 1.3418186e+00 4.1593569e-01
       845 1.9643701e+00 1.0401606e+00 1.3646750e+00 8.1572958e-01
       846 1.9461448e+00 1.0231764e+00 1.3493449e+00 4.8431738e-01
       847 1.9565651e+00 1.0288727e+00 1.3496811e+00 8.4536849e-02
       848 1.9605888e+00 1.0259415e+00 1.3393322e+00 1.0648523e-01
       849 1.9569307e+00 1.0283816e+00 1.3482765e+00 4.7528208e-02
       850 1.9561214e+00 1.0235846e+00 1.3393064e+00 1.6577104e-01
       851 1.9566087e+00 1.0233202e+00 1.3382392e+00 1.6570904e-01
       852 1.9588707e+00 1.0247361e+00 1.3387035e+00 4.3734909e-02
       853 1.9554534e+00 1.0317025e+00 1.3567128e+00 1.6038748e-01
       854 1.9542509e+00 1.0320947e+00 1.3588241e+00 1.3661079e-01
       855 1.9481524e+00 1.0280765e+00 1.3571920e+00 2.6422603e-01
       856 1.9584925e+00 1.0270658e+00 1.3438900e+00 3.8478183e-02
       857 1.9558434e+00 1.0327355e+00 1.3584240e+00 2.2677793e-01
       858 1.9510830e+00 1.0272305e+00 1.3522503e+00 1.7028124e-01
       859 1.9579921e+00 1.0332133e+00 1.3570940e+00 3.3443424e-01
       860 1.9604843e+00 1.0280512e+00 1.3437776e+00 1.5697729e-01
       861 1.9453520e+00 1.0249803e+00 1.3539121e+00 4.8431068e-01
       862 1.9502624e+00 1.0265544e+00 1.3517570e+00 2.9823509e-01
       863 1.9637617e+00 1.0278848e+00 1.3399353e+00 2.7078853e-01
       864 1.9491734e+00 1.0292275e+00 1.3584422e+00 1.4736645e-01
       865 1.9582269e+00 1.0346827e+00 1.3598799e+00 3.6279809e-01
       866 1.9453918e+00 1.0289821e+00 1.3620880e+00 2.8946112e-01
       867 1.9604172e+00 1.0297594e+00 1.3473645e+00 2.1701251e-01
       868 1.9632898e+00 1.0274934e+00 1.3396335e+00 2.3214048e-01
       869 1.9494581e+00 1.0235268e+00 1.3464286e+00 3.7293897e-01
       870 1.9555862e+00 1.0280686e+00 1.3490845e+00 2.9511338e-02
       871 1.9572296e+00 1.0311660e+00 1.3536887e+00 1.6833286e-01
       872 1.9576597e+00 1.0275248e+00 1.3457293e+00 4.1382288e-02
       873 1.9530619e+00 1.0253560e+00 1.3462495e+00 1.9106202e-01
       874 1.9604760e+00 1.0228735e+00 1.3331675e+00 7.9590352e-02
       875 1.9676813e+00 1.0242009e+00 1.3282180e+00 2.0381450e-01
       876 1.9484977e+00 1.0226355e+00 1.3456559e+00 4.5841214e-01
       877 1.9624479e+00 1.0362572e+00 1.3586175e+00 5.6554200e-01
       878 1.9503496e+00 1.0292188e+00 1.3571390e+00 1.0471798e-01
       879 1.9482450e+00 1.0317344e+00 1.3646252e+00 6.6279070e-02
       880 1.9570774e+00 1.0281600e+00 1.3476626e+00 4.2006148e-02
       881 1.9538596e+00 1.0328274e+00 1.3607614e+00 1.4980448e-01
       882 1.9494478e+00 1.0268431e+00 1.3532397e+00 2.4954242e-01
       883 1.9602559e+00 1.0307941e+00 1.3496695e+00 2.5108380e-01
       884 1.9513959e+00 1.0258724e+00 1.3491210e+00 2.3418662e-01
       885 1.9516854e+00 1.0319164e+00 1.3612428e+00 4.4660298e-02
       886 1.9589168e+00 1.0302270e+00 1.3499377e+00 1.7987470e-01
       887 1.9567070e+00 1.0266030e+00 1.3448626e+00 4.2619504e-02
       888 1.9517938e+00 1.0229523e+00 1.3427048e+00 3.3420448e-01
       889 1.9584222e+00 1.0318406e+00 1.3537966e+00 2.3545244e-01
       890 1.9457200e+00 1.0284790e+00 1.3606915e+00 2.7010995e-01
       891 1.9632840e+00 1.0334291e+00 1.3518727e+00 4.6399627e-01
       892 1.9457565e+00 1.0317721e+00 1.3674360e+00 1.2769937e-01
       893 1.9539441e+00 1.0279676e+00 1.3506546e+00 5.1117721e-02
       894 1.9547024e+00 1.0254358e+00 1.3446342e+00 1.3119581e-01
       895 1.9583094e+00 1.0324984e+00 1.3552757e+00 2.8001789e-01
       896 1.9480062e+00 1.0289817e+00 1.3592143e+00 2.1552262e-01
       897 1.9588296e+00 1.0335440e+00 1.3568767e+00 3.6013625e-01
       898 1.9390929e+00 1.0219638e+00 1.3546712e+00 7.5172756e-01
       899 1.9631430e+00 1.0293354e+00 1.3435787e+00 2.9317309e-01
       900 1.9558084e+00 1.0319639e+00 1.3568686e+00 1.6443316e-01
       901 1.9566558e+00 1.0277500e+00 1.3472743e+00 5.9114257e-02
       902 1.9516509e+00 1.0280303e+00 1.3532754e+00 1.2366273e-01
       903 1.9550651e+00 1.0279400e+00 1.3493836e+00 2.1602858e-02
       904 1.9483442e+00 1.0252668e+00 1.3512126e+00 3.6775234e-01
       905 1.9650473e+00 1.0353713e+00 1.3540148e+00 6.0155003e-01
       906 1.9493973e+00 1.0237438e+00 1.3469394e+00 3.8942671e-01
       907 1.9641675e+00 1.0301243e+00 1.3441123e+00 3.4450021e-01
       908 1.9480879e+00 1.0278637e+00 1.3568252e+00 2.5826006e-01
       909 1.9593247e+00 1.0366814e+00 1.3628402e+00 5.0030323e-01
       910 1.9456396e+00 1.0244002e+00 1.3524066e+00 5.0598082e-01
       911 1.9572374e+00 1.0228511e+00 1.3366014e+00 2.2250494e-01
       912 1.9659010e+00 1.0328900e+00 1.3479769e+00 5.4673025e-01
       913 1.9503062e+00 1.0239210e+00 1.3463093e+00 3.6534018e-01
       914 1.9600339e+00 1.0278176e+00 1.3437800e+00 1.1121672e-01
       915 1.9505116e+00 1.0315121e+00 1.3616882e+00 5.5864113e-03
       916 1.9561796e+00 1.0276165e+00 1.3475139e+00 1.2515961e-02
       917 1.9610465e+00 1.0362614e+00 1.3601240e+00 5.3353088e-01
       918 1.9487145e+00 1.0228197e+00 1.3457953e+00 4.6861192e-01
       919 1.9574457e+00 1.0260418e+00 1.3429143e+00 7.5148491e-02
       920 1.9539261e+00 1.0270259e+00 1.3487389e+00 1.3841639e-01
       921 1.9513015e+00 1.0305899e+00 1.3589250e+00 1.8291669e-02
       922 1.9560840e+00 1.0290174e+00 1.3504982e+00 5.1614356e-02
       923 1.9632996e+00 1.0292509e+00 1.3432378e+00 3.0782160e-01
       924 1.9522837e+00 1.0260700e+00 1.3485601e+00 2.0186175e-01
       925 1.9519411e+00 1.0320123e+00 1.3611623e+00 8.7767358e-02
       926 1.9476357e+00 1.0269481e+00 1.3554397e+00 2.7116957e-01
       927 1.9554985e+00 1.0314183e+00 1.3560778e+00 1.6825252e-01
       928 1.9573504e+00 1.0286760e+00 1.3484297e+00 6.9798593e-02
       929 1.9526569e+00 1.0331856e+00 1.3628072e+00 1.2869111e-01
       930 1.9529341e+00 1.0267314e+00 1.3492106e+00 1.3765434e-01
       931 1.9529692e+00 1.0284749e+00 1.3527558e+00 5.7909402e-02
       932 1.9591444e+00 1.0265691e+00 1.3421696e+00 3.9801297e-02
       933 1.9563167e+00 1.0315810e+00 1.3555296e+00 1.7780913e-01
       934 1.9447711e+00 1.0198190e+00 1.3439985e+00 6.7258927e-01
       935 1.9668127e+00 1.0318426e+00 1.3448481e+00 4.8668148e-01
       936 1.9500724e+00 1.0281752e+00 1.3552947e+00 1.6264156e-01
       937 1.9601516e+00 1.0402994e+00 1.3694676e+00 6.4609561e-01
       938 1.9397753e+00 1.0207281e+00 1.3513873e+00 8.1313836e-01
       939 1.9535176e+00 1.0366227e+00 1.3689866e+00 3.0513677e-01
       940 1.9507158e+00 1.0302900e+00 1.3589456e+00 4.5805573e-02
       941 1.9595038e+00 1.0320338e+00 1.3530334e+00 3.0364854e-01
       942 1.9495988e+00 1.0241385e+00 1.3475274e+00 3.6691194e-01
       943 1.9587543e+00 1.0331541e+00 1.3561519e+00 3.5732376e-01
       944 1.9517699e+00 1.0246088e+00 1.3461226e+00 2.6789811e-01
       945 1.9577662e+00 1.0248577e+00 1.3401407e+00 7.0448134e-02
       946 1.9612133e+00 1.0302449e+00 1.3475125e+00 2.8082729e-01
       947 1.9557058e+00 1.0332340e+00 1.3596026e+00 2.5464822e-01
       948 1.9493373e+00 1.0225862e+00 1.3446362e+00 4.0880399e-01
       949 1.9568037e+00 1.0337308e+00 1.3594440e+00 2.8225400e-01
       950 1.9436907e+00 1.0241909e+00 1.3541273e+00 5.3419565e-01
       951 1.9644190e+00 1.0317365e+00 1.3471690e+00 4.4511039e-01
       952 1.9553535e+00 1.0279347e+00 1.3490607e+00 4.9328746e-02
       953 1.9516541e+00 1.0259284e+00 1.3489546e+00 2.2608624e-01
       954 1.9493704e+00 1.0234053e+00 1.3462759e+00 3.9069787e-01
       955 1.9689971e+00 1.0363262e+00 1.3518135e+00 7.9952463e-01
       956 1.9477479e+00 1.0199010e+00 1.3408922e+00 5.9950213e-01
       957 1.9590464e+00 1.0308380e+00 1.3510576e+00 2.4501671e-01
       958 1.9588255e+00 1.0295829e+00 1.3487089e+00 1.4565231e-01
       959 1.9510601e+00 1.0266233e+00 1.3510280e+00 2.0956242e-01
       960 1.9531463e+00 1.0263638e+00 1.3482256e+00 1.4353225e-01
       961 1.9559686e+00 1.0279500e+00 1.3484272e+00 2.7154325e-02
       962 1.9640911e+00 1.0286337e+00 1.3411249e+00 3.0144548e-01
       963 1.9472446e+00 1.0212883e+00 1.3442763e+00 5.4370092e-01
       964 1.9637229e+00 1.0406361e+00 1.3663529e+00 8.0004476e-01
       965 1.9501424e+00 1.0242597e+00 1.3471817e+00 3.2495945e-01
       966 1.9541303e+00 1.0323785e+00 1.3595407e+00 1.8784324e-01
       967 1.9506807e+00 1.0261882e+00 1.3505487e+00 2.3367369e-01
       968 1.9541606e+00 1.0271961e+00 1.3488342e+00 1.0181356e-01
       969 1.9523520e+00 1.0293936e+00 1.3553173e+00 7.5920570e-02
       970 1.9520634e+00 1.0324816e+00 1.3619983e+00 9.1992612e-02
       971 1.9537036e+00 1.0314436e+00 1.3580739e+00 8.7962288e-02
       972 1.9528270e+00 1.0346362e+00 1.3656218e+00 2.2256988e-01
       973 1.9467964e+00 1.0302482e+00 1.3631500e+00 1.6245154e-01
       974 1.9530382e+00 1.0323578e+00 1.3606829e+00 1.1804444e-01
       975 1.9470190e+00 1.0237119e+00 1.3494802e+00 4.7362814e-01
       976 1.9631258e+00 1.0302535e+00 1.3454880e+00 3.2887362e-01
       977 1.9521987e+00 1.0275912e+00 1.3517764e+00 1.1818832e-01
       978 1.9576417e+00 1.0268461e+00 1.3443543e+00 1.5994122e-02
       979 1.9584329e+00 1.0253110e+00 1.3403526e+00 3.9709579e-02
       980 1.9520577e+00 1.0297601e+00 1.3563921e+00 3.5025541e-02
       981 1.9557627e+00 1.0304793e+00 1.3538563e+00 9.7600609e-02
       982 1.9553339e+00 1.0257616e+00 1.3446189e+00 1.0264792e-01
       983 1.9558600e+00 1.0326134e+00 1.3581539e+00 1.9678313e-01
       984 1.9485575e+00 1.0244541e+00 1.3493131e+00 3.6852306e-01
       985 1.9685887e+00 1.0353959e+00 1.3503168e+00 7.2921978e-01
       986 1.9512160e+00 1.0181649e+00 1.3335625e+00 5.6573248e-01
       987 1.9564116e+00 1.0284240e+00 1.3489236e+00 4.8465707e-02
       988 1.9599835e+00 1.0250468e+00 1.3381459e+00 7.9927029e-03
       989 1.9653738e+00 1.0272967e+00 1.3370128e+00 2.6544077e-01
       990 1.9513268e+00 1.0193366e+00 1.3358292e+00 5.1731974e-01
       991 1.9585578e+00 1.0314248e+00 1.3527928e+00 2.4932900e-01
       992 1.9591132e+00 1.0278572e+00 1.3448495e+00 9.0999377e-02
       993 1.9611092e+00 1.0289493e+00 1.3449559e+00 2.3481664e-01
       994 1.9535073e+00 1.0241542e+00 1.3433027e+00 2.2571201e-01
       995 1.9580056e+00 1.0282049e+00 1.3467551e+00 6.9682416e-02
       996 1.9633818e+00 1.0252866e+00 1.3350055e+00 1.4066140e-01
       997 1.9507680e+00 1.0295945e+00 1.3574559e+00 9.0955528e-02
       998 1.9485478e+00 1.0260409e+00 1.3525776e+00 3.3319079e-01
       999 1.9566874e+00 1.0270649e+00 1.3458324e+00 1.9245169e-02

Final Weights:         0.1375291234         0.0563433559         0.4380103626         0.0877909312 