# Initial Weights:         0.4352381171        0.5647611556        0.5414459850        0.4534917401
# Cycles, Avg Output L, Var Output L, Avg Output S, Var Output S, MSE, || MSE Gradient ||
         0  9.9999564e-01 -1.7763568e-15  9.9999636e-01 -4.6629367e-15  5.2894572e-13  2.0570622e-06
         1  9.9999385e-01 -4.8849813e-15  9.9999488e-01 -4.3298698e-15  1.0500227e-12  2.8982773e-06
         2  9.9999256e-01  4.1078252e-15  9.9999380e-01  4.7739590e-15  1.5381498e-12  3.5078335e-06
         3  9.9999177e-01 -1.2212453e-15  9.9999315e-01 -4.2188475e-15  1.8795175e-12  3.8775935e-06
         4  9.9999149e-01 -5.8841820e-15  9.9999291e-01  4.8849813e-15  2.0125239e-12  4.0124478e-06
         5  9.9999167e-01  5.5511151e-15  9.9999305e-01  3.4416914e-15  1.9294735e-12  3.9287864e-06
         6  9.9999225e-01  8.8817842e-16  9.9999354e-01 -2.6645353e-15  1.6676683e-12  3.6525340e-06
         7  9.9999318e-01 -4.3298698e-15  9.9999431e-01 -2.1094237e-15  1.2935786e-12  3.2168922e-06
         8  9.9999436e-01 -2.3314684e-15  9.9999530e-01  2.7755576e-15  8.8442070e-13  2.6599312e-06
         9  9.9999571e-01 -3.9968029e-15  9.9999643e-01 -1.5543122e-15  5.1115280e-13  2.0221683e-06
        10  9.9999715e-01  5.1070259e-15  9.9999762e-01 -3.8857806e-15  2.2588081e-13  1.3442580e-06
        11  9.9999859e-01 -2.7755576e-15  9.9999882e-01  3.7747583e-15  5.5261846e-14  6.6490057e-07
        12  9.9999996e-01  1.3322676e-15  9.9999997e-01  9.9920072e-16  4.5384588e-17  1.9054572e-08
        13  1.0000012e+00  1.7763568e-15  1.0000010e+00  4.6629367e-15  3.9689223e-14  5.6348479e-07
        14  1.0000022e+00  5.1070259e-15  1.0000019e+00  1.5543122e-15  1.4021173e-13  1.0591046e-06
        15  1.0000031e+00  3.9968029e-15  1.0000026e+00  3.7747583e-15  2.6316410e-13  1.4509772e-06
        16  1.0000037e+00 -4.2188475e-15  1.0000031e+00  4.2188475e-15  3.7378663e-13  1.7292571e-06
        17  1.0000040e+00  5.3290705e-15  1.0000033e+00 -5.1070259e-15  4.4693205e-13  1.8909006e-06
        18  1.0000041e+00  2.2204460e-15  1.0000034e+00  1.3322676e-15  4.7003335e-13  1.9391542e-06
        19  1.0000040e+00 -2.6645353e-15  1.0000033e+00  6.6613381e-16  4.4309739e-13  1.8827711e-06
        20  1.0000037e+00 -2.2204460e-16  1.0000031e+00  5.3290705e-15  3.7628229e-13  1.7350204e-06
        21  1.0000032e+00  5.1070259e-15  1.0000027e+00 -1.1102230e-15  2.8597752e-13  1.5125624e-06
        22  1.0000026e+00  1.7763568e-15  1.0000022e+00  5.1070259e-15  1.9042266e-13  1.2342588e-06
        23  1.0000020e+00  7.3274720e-15  1.0000016e+00  1.1102230e-15  1.0579615e-13  9.1998635e-07
        24  1.0000013e+00  2.4424907e-15  1.0000010e+00 -1.7763568e-15  4.3440670e-14  5.8951410e-07
        25  1.0000006e+00  2.8865799e-15  1.0000005e+00  1.3322676e-15  8.5475164e-15  2.6149622e-07
        26  9.9999990e-01  5.5511151e-15  9.9999992e-01 -8.8817842e-16  2.8060485e-16  4.7379727e-08
        27  9.9999931e-01 -4.6629367e-15  9.9999943e-01  3.3306691e-16  1.3045969e-14  3.2305965e-07
        28  9.9999882e-01 -4.1078252e-15  9.9999902e-01  1.3322676e-15  3.8446294e-14  5.5458923e-07
        29  9.9999844e-01  1.4432899e-15  9.9999870e-01 -1.1102230e-15  6.7413593e-14  7.3437460e-07
        30  9.9999818e-01 -2.4424907e-15  9.9999848e-01 -1.9984014e-15  9.2073476e-14  8.5824442e-07
        31  9.9999804e-01 -3.4416914e-15  9.9999836e-01  2.6645353e-15  1.0702998e-13  9.2532937e-07
        32  9.9999801e-01  2.8865799e-15  9.9999834e-01  5.4400928e-15  1.0993027e-13  9.3778278e-07
        33  9.9999809e-01 -4.3298698e-15  9.9999841e-01 -6.6613381e-16  1.0133448e-13  9.0037263e-07
        34  9.9999826e-01 -6.2172489e-15  9.9999855e-01  7.7715612e-16  8.4046025e-14  8.1997831e-07
        35  9.9999850e-01 -1.7763568e-15  9.9999875e-01 -4.8849813e-15  6.2133243e-14  7.0502735e-07
        36  9.9999880e-01 -3.1086245e-15  9.9999900e-01  5.1070259e-15  3.9890149e-14  5.6490705e-07
        37  9.9999913e-01  4.3298698e-15  9.9999928e-01  1.2212453e-15  2.0949481e-14  4.0938417e-07
        38  9.9999947e-01 -7.7715612e-16  9.9999956e-01 -2.7755576e-15  7.6918111e-15  2.4806127e-07
        39  9.9999981e-01  1.8873791e-15  9.9999984e-01  5.1070259e-15  1.0101406e-15  8.9895057e-08
        40  1.0000001e+00 -1.3322676e-15  1.0000001e+00  1.1102230e-15  4.0905113e-16  5.7204991e-08
        41  1.0000004e+00 -5.1070259e-15  1.0000003e+00 -3.9968029e-15  4.3563782e-15  1.8668444e-07
        42  1.0000006e+00  2.8865799e-15  1.0000005e+00  2.8865799e-15  1.0771520e-14  2.9355129e-07
        43  1.0000008e+00  3.7747583e-15  1.0000007e+00 -3.5527137e-15  1.7529549e-14  3.7448203e-07
        44  1.0000009e+00  2.8865799e-15  1.0000008e+00 -1.1102230e-15  2.2879811e-14  4.2783067e-07
        45  1.0000010e+00 -6.2172489e-15  1.0000008e+00  4.4408921e-16  2.5713328e-14  4.5354970e-07
        46  1.0000010e+00  0.0000000e+00  1.0000008e+00  4.4408921e-15  2.5655066e-14  4.5303557e-07
        47  1.0000009e+00 -4.6629367e-15  1.0000008e+00 -2.2204460e-15  2.2995872e-14  4.2891441e-07
        48  1.0000008e+00  1.7763568e-15  1.0000007e+00 -4.6629367e-15  1.8507319e-14  3.8478434e-07
        49  1.0000007e+00 -2.6645353e-15  1.0000006e+00 -5.1070259e-15  1.3197616e-14  3.2493260e-07
        50  1.0000005e+00 -1.1102230e-15  1.0000004e+00 -3.7747583e-15  8.0672933e-15  2.5404424e-07
        51  1.0000004e+00  3.7747583e-15  1.0000003e+00  4.6629367e-15  3.9125223e-15  1.7691869e-07
        52  1.0000002e+00 -2.6645353e-15  1.0000002e+00  2.4424907e-15  1.2055987e-15  9.8207933e-08
        53  1.0000000e+00  6.6613381e-16  1.0000000e+00 -1.9984014e-15  6.1538280e-17  2.2187979e-08
        54  9.9999990e-01  7.7715612e-16  9.9999992e-01 -2.1094237e-15  2.8117183e-16  4.7427570e-08
        55  9.9999977e-01  2.4424907e-15  9.9999981e-01  1.2212453e-15  1.4479361e-15  1.0762659e-07
        56  9.9999967e-01 -3.3306691e-16  9.9999972e-01 -2.9976022e-15  3.0493026e-15  1.5618706e-07
        57  9.9999959e-01 -1.7763568e-15  9.9999966e-01 -2.9976022e-15  4.5943744e-15  1.9171581e-07
        58  9.9999955e-01 -3.9968029e-15  9.9999962e-01 -3.5527137e-15  5.7052694e-15  2.1364011e-07
        59  9.9999953e-01  1.2212453e-15  9.9999961e-01 -3.3306691e-16  6.1692320e-15  2.2215713e-07
        60  9.9999954e-01  1.3322676e-15  9.9999961e-01  5.1070259e-15  5.9485767e-15  2.1814800e-07
        61  9.9999957e-01 -2.3314684e-15  9.9999964e-01 -3.3306691e-15  5.1544073e-15  2.0306454e-07
        62  9.9999962e-01 -1.6653345e-15  9.9999968e-01  2.2204460e-16  3.9960479e-15  1.7879695e-07
        63  9.9999969e-01  3.5527137e-15  9.9999974e-01 -3.2196468e-15  2.7207011e-15  1.4753166e-07
        64  9.9999976e-01 -3.9968029e-15  9.9999980e-01 -2.5535130e-15  1.5570247e-15  1.1160730e-07
        65  9.9999984e-01  2.1094237e-15  9.9999987e-01 -1.1102230e-16  6.7302328e-16  7.3377003e-08
        66  9.9999993e-01  3.1086245e-15  9.9999994e-01 -5.5511151e-16  1.5385314e-16  3.5083117e-08
        67  1.0000000e+00 -5.3290705e-15  1.0000000e+00  3.1086245e-15  1.9524428e-19  1.2497818e-09
        68  1.0000001e+00 -1.3322676e-15  1.0000001e+00 -7.7715612e-15  1.4365169e-16  3.3900059e-08
        69  1.0000001e+00  2.8865799e-15  1.0000001e+00 -5.3290705e-15  4.7293529e-16  6.1510038e-08
        70  1.0000002e+00  2.2204460e-16  1.0000001e+00  1.5543122e-15  8.6365208e-16  8.3121730e-08
        71  1.0000002e+00  2.2204460e-15  1.0000002e+00  4.4408921e-16  1.2051108e-15  9.8188059e-08
        72  1.0000002e+00 -1.1102230e-15  1.0000002e+00 -3.1086245e-15  1.4194177e-15  1.0656150e-07
        73  1.0000002e+00  3.3306691e-15  1.0000002e+00  3.7747583e-15  1.4705128e-15  1.0846250e-07
        74  1.0000002e+00  1.3322676e-15  1.0000002e+00 -6.4392935e-15  1.3632496e-15  1.0443183e-07
        75  1.0000002e+00  3.1086245e-15  1.0000002e+00  6.6613381e-16  1.1345587e-15  9.5270550e-08
        76  1.0000002e+00  3.9968029e-15  1.0000001e+00 -2.2204460e-15  8.3992639e-16  8.1972046e-08
        77  1.0000001e+00 -3.7747583e-15  1.0000001e+00 -1.3322676e-15  5.3875259e-16  6.5650770e-08
        78  1.0000001e+00 -4.4408921e-15  1.0000001e+00 -2.4424907e-15  2.8168977e-16  4.7471248e-08
        79  1.0000001e+00  4.8849813e-15  1.0000001e+00  6.6613381e-16  1.0211365e-16  2.8581629e-08
        80  1.0000000e+00  3.7747583e-15  1.0000000e+00 -1.7763568e-15  1.2636560e-17  1.0054477e-08
        81  9.9999998e-01 -2.2204460e-16  9.9999999e-01  4.5519144e-15  6.4129438e-18  7.1626502e-09
        82  9.9999995e-01  3.3306691e-15  9.9999996e-01  5.9952043e-15  6.2078750e-17  2.2285197e-08
        83  9.9999993e-01  3.3306691e-15  9.9999994e-01 -1.6653345e-15  1.5066002e-16  3.4717144e-08
        84  9.9999991e-01  7.7715612e-16  9.9999992e-01 -3.9968029e-15  2.4270611e-16  4.4064142e-08
        85  9.9999989e-01 -4.7739590e-15  9.9999991e-01 -3.3306691e-16  3.1418587e-16  5.0134684e-08
        86  9.9999989e-01  3.7747583e-15  9.9999991e-01  5.9952043e-15  3.5020334e-16  5.2930390e-08
        87  9.9999989e-01 -1.1102230e-15  9.9999991e-01 -3.6637360e-15  3.4619848e-16  5.2626869e-08
        88  9.9999989e-01  0.0000000e+00  9.9999991e-01  4.4408921e-15  3.0686759e-16  4.9547355e-08
        89  9.9999991e-01 -1.5543122e-15  9.9999992e-01 -1.7763568e-15  2.4344404e-16  4.4131079e-08
        90  9.9999992e-01  3.4416914e-15  9.9999993e-01 -5.6621374e-15  1.7018626e-16  3.6898374e-08
        91  9.9999994e-01  3.3306691e-16  9.9999995e-01 -1.4432899e-15  1.0092722e-16  2.8415098e-08
        92  9.9999996e-01  1.9984014e-15  9.9999997e-01 -1.5543122e-15  4.6358990e-17  1.9258036e-08
        93  9.9999998e-01  2.1094237e-15  9.9999998e-01 -3.5527137e-15  1.2457490e-17  9.9829820e-09
        94  1.0000000e+00  3.6637360e-15  1.0000000e+00  4.6629367e-15  1.5048893e-19  1.0972291e-09
        95  1.0000000e+00  6.6613381e-16  1.0000000e+00 -3.3306691e-15  6.0599317e-18  6.9627197e-09
        96  1.0000000e+00 -1.1102230e-15  1.0000000e+00  5.3290705e-15  2.3969479e-17  1.3847595e-08
        97  1.0000000e+00 -1.1102230e-15  1.0000000e+00 -1.3322676e-15  4.6587074e-17  1.9305355e-08
        98  1.0000000e+00  4.4408921e-16  1.0000000e+00  6.6613381e-16  6.7193994e-17  2.3185171e-08
        99  1.0000001e+00 -4.8849813e-15  1.0000000e+00  3.3306691e-15  8.0871048e-17  2.5435578e-08
       100  1.0000001e+00  3.1086245e-15  1.0000000e+00 -6.4392935e-15  8.5133916e-17  2.6097348e-08
       101  1.0000001e+00 -1.7763568e-15  1.0000000e+00 -1.3322676e-15  7.9963610e-17  2.5292472e-08
       102  1.0000000e+00 -5.1070259e-15  1.0000000e+00  3.7747583e-15  6.7334597e-17  2.3209416e-08
       103  1.0000000e+00  4.6629367e-15  1.0000000e+00 -3.5527137e-15  5.0434063e-17  2.0086628e-08
       104  1.0000000e+00 -1.3322676e-15  1.0000000e+00  3.9968029e-15  3.2784349e-17  1.6194903e-08
       105  1.0000000e+00 -4.8849813e-15  1.0000000e+00  1.5543122e-15  1.7462573e-17  1.1819502e-08
       106  1.0000000e+00  0.0000000e+00  1.0000000e+00 -2.2204460e-16  6.5586952e-18  7.2435886e-09
       107  1.0000000e+00 -1.5543122e-15  1.0000000e+00 -3.1086245e-15  9.3378662e-19  2.7331840e-09
       108  1.0000000e+00 -3.2196468e-15  1.0000000e+00  1.8873791e-15  2.7212608e-19  1.4754691e-09
       109  9.9999999e-01 -1.9984014e-15  9.9999999e-01 -1.7763568e-15  3.3614056e-18  5.1856773e-09
       110  9.9999998e-01  2.1094237e-15  9.9999999e-01  4.5519144e-15  8.5014840e-18  8.2469316e-09
       111  9.9999998e-01  4.1078252e-15  9.9999998e-01  4.3298698e-15  1.3935343e-17  1.0558540e-08
       112  9.9999997e-01  0.0000000e+00  9.9999998e-01 -5.5511151e-16  1.8210998e-17  1.2070129e-08
       113  9.9999997e-01  1.4432899e-15  9.9999998e-01  2.7755576e-15  2.0414146e-17  1.2779405e-08
       114  9.9999997e-01 -3.2196468e-15  9.9999998e-01  4.5519144e-15  2.0248874e-17  1.2727569e-08
       115  9.9999997e-01  2.3314684e-15  9.9999998e-01 -9.9920072e-16  1.7978595e-17  1.1992864e-08
       116  9.9999998e-01  1.2212453e-15  9.9999998e-01  1.6653345e-15  1.4264788e-17  1.0682617e-08
       117  9.9999998e-01 -3.2196468e-15  9.9999998e-01 -4.5519144e-15  9.9563162e-18  8.9247151e-09
       118  9.9999999e-01  4.5519144e-15  9.9999999e-01 -1.1102230e-16  5.8800391e-18  6.8585946e-09
       119  9.9999999e-01 -2.2204460e-16  9.9999999e-01 -1.7763568e-15  2.6756896e-18  4.6266100e-09
       120  9.9999999e-01  0.0000000e+00  1.0000000e+00  1.9984014e-15  6.9977048e-19  2.3660441e-09
       121  1.0000000e+00 -3.1086245e-15  1.0000000e+00 -4.6629367e-15  5.1113809e-21  2.0221537e-10
       122  1.0000000e+00  3.1086245e-15  1.0000000e+00 -3.1086245e-15  3.8596721e-19  1.7571962e-09
       123  1.0000000e+00 -1.9984014e-15  1.0000000e+00  3.3306691e-15  1.4673509e-18  3.4261946e-09
       124  1.0000000e+00  2.8865799e-15  1.0000000e+00  4.6629367e-15  2.8119748e-18  4.7429742e-09
       125  1.0000000e+00 -1.7763568e-15  1.0000000e+00  1.5543122e-15  4.0199972e-18  5.6709774e-09
       126  1.0000000e+00 -4.4408921e-16  1.0000000e+00 -2.2204460e-15  4.8023583e-18  6.1982962e-09
       127  1.0000000e+00 -2.2204460e-15  1.0000000e+00  4.8849813e-15  5.0181490e-18  6.3360241e-09
       128  1.0000000e+00  2.2204460e-15  1.0000000e+00 -4.4408921e-16  4.6744779e-18  6.1152132e-09
       129  1.0000000e+00 -5.7731597e-15  1.0000000e+00  8.8817842e-16  3.8968884e-18  5.5834680e-09
       130  1.0000000e+00  4.6629367e-15  1.0000000e+00 -1.5543122e-15  2.8805630e-18  4.8004697e-09
       131  1.0000000e+00 -3.3306691e-15  1.0000000e+00  2.2204460e-16  1.8372609e-18  3.8338089e-09
       132  1.0000000e+00  4.4408921e-15  1.0000000e+00 -1.5543122e-15  9.4826641e-19  2.7542935e-09
       133  1.0000000e+00 -2.2204460e-16  1.0000000e+00  4.8849813e-15  3.3292747e-19  1.6319989e-09
       134  1.0000000e+00  2.6645353e-15  1.0000000e+00 -2.8865799e-15  3.5419787e-20  5.3231415e-10
       135  1.0000000e+00  4.4408921e-15  1.0000000e+00 -2.4424907e-15  2.9642719e-20  4.8697207e-10
       136  1.0000000e+00  3.3306691e-16  1.0000000e+00 -4.4408921e-16  2.3742372e-19  1.3781836e-09
       137  1.0000000e+00  1.7763568e-15  1.0000000e+00  2.2204460e-16  5.5405597e-19  2.1053381e-09
       138  9.9999999e-01  4.9960036e-15  1.0000000e+00 -5.1070259e-15  8.7447990e-19  2.6449651e-09
       139  9.9999999e-01  2.8865799e-15  9.9999999e-01  2.1094237e-15  1.1146093e-18  2.9861139e-09
       140  9.9999999e-01  2.2204460e-16  9.9999999e-01  2.9976022e-15  1.2244757e-18  3.1298254e-09
       141  9.9999999e-01 -2.2204460e-16  9.9999999e-01  3.3306691e-15  1.1917991e-18  3.0877815e-09
       142  9.9999999e-01  3.2196468e-15  9.9999999e-01  4.7739590e-15  1.0372987e-18  2.8806929e-09
       143  9.9999999e-01  1.7763568e-15  1.0000000e+00  0.0000000e+00  8.0407794e-19  2.5362620e-09
       144  1.0000000e+00 -1.1102230e-16  1.0000000e+00 -4.6629367e-15  5.4442574e-19  2.0869611e-09
       145  1.0000000e+00 -4.6629367e-15  1.0000000e+00 -2.3314684e-15  3.0726196e-19  1.5678317e-09
       146  1.0000000e+00  2.7755576e-15  1.0000000e+00 -4.6629367e-15  1.2859614e-19  1.0142827e-09
       147  1.0000000e+00  2.2204460e-16  1.0000000e+00 -3.5527137e-15  2.6460947e-20  4.6009523e-10
       148  1.0000000e+00 -4.8849813e-15  1.0000000e+00 -1.9984014e-15  5.1555504e-22  6.4221812e-11
       149  1.0000000e+00  4.4408921e-16  1.0000000e+00  2.2204460e-15  3.5486263e-20  5.3281344e-10
       150  1.0000000e+00 -2.2204460e-15  1.0000000e+00 -2.2204460e-15  1.0705348e-19  9.2543394e-10
       151  1.0000000e+00 -4.8849813e-15  1.0000000e+00  5.3290705e-15  1.8850825e-19  1.2280335e-09
       152  1.0000000e+00  4.4408921e-16  1.0000000e+00  2.2204460e-15  2.5663083e-19  1.4328458e-09
       153  1.0000000e+00 -1.9984014e-15  1.0000000e+00  1.9984014e-15  2.9580116e-19  1.5383139e-09
       154  1.0000000e+00  1.5543122e-15  1.0000000e+00  3.3306691e-15  2.9970865e-19  1.5484410e-09
       155  1.0000000e+00 -3.3306691e-15  1.0000000e+00  0.0000000e+00  2.7090231e-19  1.4721477e-09
       156  1.0000000e+00 -6.6613381e-16  1.0000000e+00  1.5543122e-15  2.1852307e-19  1.3221894e-09
       157  1.0000000e+00  5.1070259e-15  1.0000000e+00 -2.2204460e-16  1.5515775e-19  1.1141195e-09
       158  1.0000000e+00  1.7763568e-15  1.0000000e+00  3.3306691e-15  9.3575065e-20  8.6521712e-10
       159  1.0000000e+00  5.1070259e-15  1.0000000e+00 -3.1086245e-15  4.3993291e-20  5.9325070e-10
       160  1.0000000e+00 -3.1086245e-15  1.0000000e+00 -6.6613381e-16  1.2447042e-20  3.1555721e-10
       161  1.0000000e+00 -3.1086245e-15  1.0000000e+00 -5.3290705e-15  2.8840998e-22  4.8034157e-11
       162  1.0000000e+00 -2.6645353e-15  1.0000000e+00 -3.3306691e-16  4.7782557e-21  1.9551484e-10
       163  1.0000000e+00  4.7739590e-15  1.0000000e+00  3.5527137e-15  2.0401098e-20  4.0399111e-10
       164  1.0000000e+00  2.7755576e-15  1.0000000e+00 -4.6629367e-15  4.0517256e-20  5.6933128e-10
       165  1.0000000e+00 -5.1070259e-15  1.0000000e+00  2.2204460e-15  5.8930278e-20  6.8661657e-10
       166  1.0000000e+00  3.3306691e-16  1.0000000e+00  6.6613381e-16  7.1095788e-20  7.5416604e-10
       167  1.0000000e+00  1.7763568e-15  1.0000000e+00 -4.4408921e-15  7.4715069e-20  7.7312396e-10
       168  1.0000000e+00  6.6613381e-16  1.0000000e+00 -1.1102230e-16  6.9798176e-20  7.4725198e-10
       169  1.0000000e+00 -5.1070259e-15  1.0000000e+00 -2.1094237e-15  5.8213679e-20  6.8242914e-10
       170  1.0000000e+00  0.0000000e+00  1.0000000e+00  3.5527137e-15  4.2942713e-20  5.8612436e-10
       171  1.0000000e+00  0.0000000e+00  1.0000000e+00 -1.8873791e-15  2.7239478e-20  4.6681460e-10
       172  1.0000000e+00 -2.3314684e-15  1.0000000e+00  2.5535130e-15  1.3893243e-20  3.3338562e-10
       173  1.0000000e+00  0.0000000e+00  1.0000000e+00 -2.1094237e-15  4.7384474e-21  1.9469871e-10
       174  1.0000000e+00  4.4408921e-16  1.0000000e+00  2.2204460e-16  4.3458777e-22  5.8963572e-11
       175  1.0000000e+00  2.2204460e-16  1.0000000e+00  1.5543122e-15  5.5375809e-22  6.6558738e-11
       176  1.0000000e+00 -3.3306691e-15  1.0000000e+00  4.6629367e-15  3.8662468e-21  1.7586921e-10
       177  1.0000000e+00 -4.6629367e-15  1.0000000e+00 -3.3306691e-15  8.7434722e-21  2.6447645e-10
       178  1.0000000e+00 -2.2204460e-16  1.0000000e+00  2.2204460e-15  1.3572180e-20  3.2951094e-10
       179  1.0000000e+00  2.2204460e-15  1.0000000e+00  3.7747583e-15  1.7081128e-20  3.6966072e-10
       180  1.0000000e+00  4.6629367e-15  1.0000000e+00 -1.9984014e-15  1.8543227e-20  3.8515691e-10
       181  1.0000000e+00  1.9984014e-15  1.0000000e+00  2.2204460e-16  1.7821684e-20  3.7758906e-10
       182  1.0000000e+00 -1.5543122e-15  1.0000000e+00 -2.6645353e-15  1.5282619e-20  3.4965837e-10
       183  1.0000000e+00 -3.1086245e-15  1.0000000e+00  3.1086245e-15  1.1623232e-20  3.0493585e-10
       184  1.0000000e+00 -4.2188475e-15  1.0000000e+00 -1.3322676e-15  7.6624698e-21  2.4758790e-10
       185  1.0000000e+00  2.2204460e-15  1.0000000e+00  1.5543122e-15  4.1441342e-21  1.8207987e-10
       186  1.0000000e+00 -2.2204460e-16  1.0000000e+00  3.1086245e-15  1.5932040e-21  1.1289657e-10
       187  1.0000000e+00 -2.2204460e-15  1.0000000e+00 -4.6629367e-15  2.4489933e-22  4.4262795e-11
       188  1.0000000e+00 -2.8865799e-15  1.0000000e+00 -4.4408921e-16  5.0129590e-23  2.0025903e-11
       189  1.0000000e+00 -4.7739590e-15  1.0000000e+00 -2.2204460e-16  7.3696902e-22  7.6783809e-11
       190  1.0000000e+00 -2.4424907e-15  1.0000000e+00  4.3298698e-15  1.9090049e-21  1.2358011e-10
       191  1.0000000e+00 -2.7755576e-15  1.0000000e+00  6.6613381e-16  3.1513236e-21  1.5877844e-10
       192  1.0000000e+00  4.4408921e-16  1.0000000e+00  1.1102230e-16  4.1203401e-21  1.8155640e-10
       193  1.0000000e+00  2.5535130e-15  1.0000000e+00 -2.2204460e-16  4.6005877e-21  1.9184553e-10
       194  1.0000000e+00 -2.3314684e-15  1.0000000e+00  4.9960036e-15  4.5265780e-21  1.9029617e-10
       195  1.0000000e+00 -3.3306691e-16  1.0000000e+00 -2.1094237e-15  3.9702653e-21  1.7821933e-10
       196  1.0000000e+00 -1.1102230e-16  1.0000000e+00  2.3314684e-15  3.0922455e-21  1.5728309e-10
       197  1.0000000e+00  3.3306691e-15  1.0000000e+00  7.7715612e-16  2.0987616e-21  1.2957660e-10
       198  1.0000000e+00 -3.2196468e-15  1.0000000e+00 -5.5511151e-16  1.1838974e-21  9.7319993e-11
       199  1.0000000e+00  1.7763568e-15  1.0000000e+00  1.9984014e-15  4.9270286e-22  6.2782351e-11
       200  1.0000000e+00 -4.7739590e-15  1.0000000e+00 -3.2196468e-15  9.8965756e-23  2.8137630e-11
       201  1.0000000e+00  4.6629367e-15  1.0000000e+00 -1.9984014e-15  2.6882139e-24  4.6374255e-12
       202  1.0000000e+00 -6.6613381e-16  1.0000000e+00  4.8849813e-15  1.4374860e-22  3.3911488e-11
       203  1.0000000e+00 -5.1070259e-15  1.0000000e+00  2.2204460e-15  4.2553955e-22  5.8346526e-11
       204  1.0000000e+00 -5.1070259e-15  1.0000000e+00  2.2204460e-16  7.4187179e-22  7.7038792e-11
       205  1.0000000e+00  0.0000000e+00  1.0000000e+00  1.9984014e-15  1.0015267e-21  8.9510980e-11
       206  1.0000000e+00 -4.8849813e-15  1.0000000e+00  2.2204460e-15  1.1444873e-21  9.5686468e-11
       207  1.0000000e+00  2.2204460e-15  1.0000000e+00 -3.3306691e-15  1.1471029e-21  9.5795747e-11
       208  1.0000000e+00 -4.4408921e-15  1.0000000e+00  1.5543122e-15  1.0238552e-21  9.0503279e-11
       209  1.0000000e+00 -3.3306691e-15  1.0000000e+00 -6.6613381e-16  8.1166045e-22  8.0580921e-11
       210  1.0000000e+00 -3.1086245e-15  1.0000000e+00 -2.2204460e-15  5.6243424e-22  6.7078125e-11
       211  1.0000000e+00  2.2204460e-16  1.0000000e+00  1.5543122e-15  3.2670913e-22  5.1124100e-11
       212  1.0000000e+00  0.0000000e+00  1.0000000e+00  0.0000000e+00  1.4317414e-22  3.3843660e-11
       213  1.0000000e+00 -2.6645353e-15  1.0000000e+00 -4.6629367e-15  3.3460255e-23  1.6360993e-11
       214  1.0000000e+00  3.5527137e-15  1.0000000e+00  2.2204460e-16  1.2080665e-26  3.1087834e-13
       215  1.0000000e+00  2.1094237e-15  1.0000000e+00 -4.4408921e-16  2.9298202e-23  1.5309659e-11
       216  1.0000000e+00 -4.4408921e-16  1.0000000e+00 -1.5543122e-15  9.7524193e-23  2.7931948e-11
       217  1.0000000e+00 -7.7715612e-16  1.0000000e+00  1.1102230e-16  1.7769196e-22  3.7703262e-11
       218  1.0000000e+00 -3.4416914e-15  1.0000000e+00 -4.9960036e-15  2.4611006e-22  4.4372073e-11
       219  1.0000000e+00 -7.7715612e-16  1.0000000e+00  1.1102230e-16  2.8599038e-22  4.7832243e-11
       220  1.0000000e+00 -2.1094237e-15  1.0000000e+00 -1.8873791e-15  2.9080568e-22  4.8233245e-11
       221  1.0000000e+00  4.6629367e-15  1.0000000e+00 -1.7763568e-15  2.6274358e-22  4.5847018e-11
       222  1.0000000e+00  1.1102230e-16  1.0000000e+00 -2.9976022e-15  2.1082223e-22  4.1067970e-11
       223  1.0000000e+00 -1.7763568e-15  1.0000000e+00  2.1094237e-15  1.4802618e-22  3.4412348e-11
       224  1.0000000e+00  4.7739590e-15  1.0000000e+00  0.0000000e+00  8.7623349e-23  2.6476158e-11
       225  1.0000000e+00 -1.7763568e-15  1.0000000e+00 -2.7755576e-15  3.9598628e-23  1.7798570e-11
       226  1.0000000e+00  3.2196468e-15  1.0000000e+00 -4.4408921e-15  1.0081430e-23  8.9806157e-12
       227  1.0000000e+00  4.6629367e-15  1.0000000e+00  1.4432899e-15  3.2950042e-26  5.1342029e-13
       228  1.0000000e+00  1.5543122e-15  1.0000000e+00 -3.3306691e-15  6.3525589e-24  7.1288485e-12
       229  1.0000000e+00  2.6645353e-15  1.0000000e+00 -5.5511151e-15  2.3146110e-23  1.3607679e-11
       230  1.0000000e+00 -3.1086245e-15  1.0000000e+00  1.9984014e-15  4.3601754e-23  1.8676566e-11
       231  1.0000000e+00  1.5543122e-15  1.0000000e+00  1.7763568e-15  6.1318688e-23  2.2148354e-11
       232  1.0000000e+00  2.2204460e-15  1.0000000e+00 -8.8817842e-16  7.1998832e-23  2.3999808e-11
       233  1.0000000e+00  2.2204460e-16  1.0000000e+00  2.2204460e-15  7.3899071e-23  2.4314454e-11
       234  1.0000000e+00 -6.6613381e-16  1.0000000e+00 -2.2204460e-16  6.7227194e-23  2.3190896e-11
       235  1.0000000e+00 -4.6629367e-15  1.0000000e+00  2.2204460e-15  5.4318441e-23  2.0845806e-11
       236  1.0000000e+00  2.6645353e-15  1.0000000e+00  2.2204460e-15  3.8419854e-23  1.7531654e-11
       237  1.0000000e+00 -3.3306691e-15  1.0000000e+00 -6.6613381e-16  2.2905312e-23  1.3536710e-11
       238  1.0000000e+00  0.0000000e+00  1.0000000e+00  0.0000000e+00  1.0498085e-23  9.1643166e-12
       239  1.0000000e+00 -4.6629367e-15  1.0000000e+00 -2.6645353e-15  2.7622569e-24  4.7008573e-12
       240  1.0000000e+00  8.8817842e-16  1.0000000e+00 -2.2204460e-16  2.0257997e-26  4.0257175e-13
       241  1.0000000e+00 -6.6613381e-16  1.0000000e+00  4.4408921e-15  1.5050295e-24  3.4699047e-12
       242  1.0000000e+00  3.2196468e-15  1.0000000e+00  0.0000000e+00  5.7491987e-24  6.7818580e-12
       243  1.0000000e+00  1.6653345e-15  1.0000000e+00  0.0000000e+00  1.0956225e-23  9.3621482e-12
       244  1.0000000e+00  1.1102230e-16  1.0000000e+00  2.2204460e-15  1.5503166e-23  1.1136667e-11
       245  1.0000000e+00  4.4408921e-15  1.0000000e+00  4.9960036e-15  1.8298626e-23  1.2099134e-11
       246  1.0000000e+00  4.6629367e-15  1.0000000e+00 -3.3306691e-15  1.8841147e-23  1.2277182e-11
       247  1.0000000e+00 -1.7763568e-15  1.0000000e+00  1.9984014e-15  1.7118643e-23  1.1702528e-11
       248  1.0000000e+00  0.0000000e+00  1.0000000e+00  0.0000000e+00  1.3862545e-23  1.0530925e-11
       249  1.0000000e+00 -3.2196468e-15  1.0000000e+00  0.0000000e+00  9.7986142e-24  8.8537523e-12
       250  1.0000000e+00 -1.1102230e-16  1.0000000e+00  7.7715612e-16  5.8379179e-24  6.8339851e-12
       251  1.0000000e+00  3.2196468e-15  1.0000000e+00  4.7739590e-15  2.6736713e-24  4.6248648e-12
       252  1.0000000e+00 -1.3322676e-15  1.0000000e+00 -2.7755576e-15  6.9889255e-25  2.3645595e-12
       253  1.0000000e+00  1.6653345e-15  1.0000000e+00  2.2204460e-16  4.8766518e-27  1.9751765e-13
       254  1.0000000e+00  0.0000000e+00  1.0000000e+00 -2.2204460e-15  3.9208359e-25  1.7710645e-12
       255  1.0000000e+00  6.6613381e-16  1.0000000e+00  5.1070259e-15  1.4833161e-24  3.4447832e-12
       256  1.0000000e+00 -3.3306691e-15  1.0000000e+00 -5.3290705e-15  2.8141639e-24  4.7448199e-12
       257  1.0000000e+00 -3.1086245e-15  1.0000000e+00  1.9984014e-15  3.9953835e-24  5.6535895e-12
       258  1.0000000e+00  3.1086245e-15  1.0000000e+00 -6.6613381e-16  4.6811763e-24  6.1195930e-12
       259  1.0000000e+00 -3.3306691e-15  1.0000000e+00  4.4408921e-15  4.8186087e-24  6.2087742e-12
       260  1.0000000e+00  0.0000000e+00  1.0000000e+00  2.2204460e-16  4.3629751e-24  5.9079445e-12
       261  1.0000000e+00  2.4424907e-15  1.0000000e+00  4.4408921e-15  3.5070959e-24  5.2968644e-12
       262  1.0000000e+00 -4.8849813e-15  1.0000000e+00  4.4408921e-16  2.4749143e-24  4.4496425e-12
       263  1.0000000e+00 -1.9984014e-15  1.0000000e+00 -1.5543122e-15  1.4585408e-24  3.4158935e-12
       264  1.0000000e+00 -4.6629367e-15  1.0000000e+00 -3.3306691e-15  6.5469223e-25  2.2885670e-12
       265  1.0000000e+00  3.1086245e-15  1.0000000e+00 -6.6613381e-16  1.6116744e-25  1.1354910e-12
       266  1.0000000e+00  6.6613381e-16  1.0000000e+00  8.8817842e-16  2.0194839e-28  4.0194371e-14
       267  1.0000000e+00 -3.3306691e-16  1.0000000e+00 -4.7739590e-15  1.1376168e-25  9.5398827e-13
       268  1.0000000e+00 -1.7763568e-15  1.0000000e+00  3.2196468e-15  3.9710489e-25  1.7823691e-12
       269  1.0000000e+00 -2.8865799e-15  1.0000000e+00  4.4408921e-15  7.4051854e-25  2.4339576e-12
       270  1.0000000e+00  4.9960036e-15  1.0000000e+00  2.1094237e-15  1.0400958e-24  2.8845742e-12
       271  1.0000000e+00  1.1102230e-16  1.0000000e+00 -4.7739590e-15  1.2176034e-24  3.1210301e-12
       272  1.0000000e+00  3.2196468e-15  1.0000000e+00  4.8849813e-15  1.2303775e-24  3.1373591e-12
       273  1.0000000e+00  4.6629367e-15  1.0000000e+00 -4.9960036e-15  1.1171059e-24  2.9894563e-12
       274  1.0000000e+00  2.7755576e-15  1.0000000e+00  4.6629367e-15  8.8114561e-25  2.6550266e-12
       275  1.0000000e+00 -4.7739590e-15  1.0000000e+00 -2.9976022e-15  6.1176194e-25  2.2122605e-12
       276  1.0000000e+00 -2.5535130e-15  1.0000000e+00 -4.4408921e-15  3.5530987e-25  1.6859655e-12
       277  1.0000000e+00 -2.8865799e-15  1.0000000e+00  2.2204460e-15  1.5082039e-25  1.0984368e-12
       278  1.0000000e+00 -2.2204460e-15  1.0000000e+00 -2.1094237e-15  3.4129278e-26  5.2252682e-13
       279  1.0000000e+00 -3.3306691e-15  1.0000000e+00 -6.6613381e-16  1.2325952e-28  3.1401852e-14
       280  1.0000000e+00  1.9984014e-15  1.0000000e+00  0.0000000e+00  3.4540718e-26  5.2566701e-13
       281  1.0000000e+00 -5.5511151e-15  1.0000000e+00  2.2204460e-16  1.1361194e-25  9.5336024e-13
       282  1.0000000e+00  4.6629367e-15  1.0000000e+00 -1.5543122e-15  1.9859815e-25  1.2604704e-12
       283  1.0000000e+00  5.1070259e-15  1.0000000e+00 -5.1070259e-15  2.7089168e-25  1.4721188e-12
       284  1.0000000e+00  3.1086245e-15  1.0000000e+00 -3.1086245e-15  3.1459162e-25  1.5864216e-12
       285  1.0000000e+00 -3.7747583e-15  1.0000000e+00 -4.4408921e-16  3.1884027e-25  1.5970982e-12
       286  1.0000000e+00 -2.2204460e-16  1.0000000e+00 -5.1070259e-15  2.8068637e-25  1.4984964e-12
       287  1.0000000e+00  2.8865799e-15  1.0000000e+00  2.2204460e-15  2.2221862e-25  1.3333226e-12
       288  1.0000000e+00 -5.3290705e-15  1.0000000e+00  2.2204460e-15  1.5394073e-25  1.1097415e-12
       289  1.0000000e+00  3.3306691e-15  1.0000000e+00  2.2204460e-16  8.3067251e-26  8.1519209e-13
       290  1.0000000e+00  1.9984014e-15  1.0000000e+00  1.5543122e-15  3.4211369e-26  5.2315486e-13
       291  1.0000000e+00 -2.2204460e-15  1.0000000e+00  6.6613381e-16  7.0447251e-27  2.3739800e-13
       292  1.0000000e+00 -2.9976022e-15  1.0000000e+00  1.1102230e-16  3.2748821e-28  5.1185019e-14
       293  1.0000000e+00  2.6645353e-15  1.0000000e+00 -1.3322676e-15  1.2474307e-26  3.1590263e-13
       294  1.0000000e+00  2.7755576e-15  1.0000000e+00 -1.1102230e-16  3.2950042e-26  5.1342029e-13
       295  1.0000000e+00  2.2204460e-16  1.0000000e+00 -3.6637360e-15  5.6764902e-26  6.7388375e-13
       296  1.0000000e+00 -3.3306691e-16  1.0000000e+00  4.4408921e-16  7.3263534e-26  7.6557716e-13
       297  1.0000000e+00  2.1094237e-15  1.0000000e+00  4.9960036e-15  8.2747577e-26  8.1362199e-13
       298  1.0000000e+00  3.2196468e-15  1.0000000e+00  5.2180482e-15  8.1221723e-26  8.0608555e-13
       299  1.0000000e+00  4.7739590e-15  1.0000000e+00  2.3314684e-15  7.0997481e-26  7.5364446e-13
       300  1.0000000e+00  5.1070259e-15  1.0000000e+00 -5.5511151e-16  5.6079247e-26  6.6980151e-13
       301  1.0000000e+00 -2.2204460e-16  1.0000000e+00  3.3306691e-15  3.5412767e-26  5.3226140e-13
       302  1.0000000e+00  4.6629367e-15  1.0000000e+00  2.3314684e-15  1.9197719e-26  3.9189512e-13
       303  1.0000000e+00  2.9976022e-15  1.0000000e+00  2.3314684e-15  6.8779920e-27  2.3457184e-13
       304  1.0000000e+00 -1.8873791e-15  1.0000000e+00 -1.1102230e-16  8.6558995e-28  8.3214909e-14
       305  1.0000000e+00  2.2204460e-16  1.0000000e+00 -3.3306691e-15  3.1554436e-28  5.0242964e-14
       306  1.0000000e+00 -5.1070259e-15  1.0000000e+00  6.6613381e-16  4.4078096e-27  1.8778308e-13
       307  1.0000000e+00 -5.1070259e-15  1.0000000e+00 -4.6629367e-15  9.8513443e-27  2.8073256e-13
       308  1.0000000e+00 -5.1070259e-15  1.0000000e+00 -2.2204460e-15  1.5516943e-26  3.5232878e-13
       309  1.0000000e+00  3.3306691e-15  1.0000000e+00  5.1070259e-15  2.0005956e-26  4.0005960e-13
       310  1.0000000e+00 -6.6613381e-16  1.0000000e+00 -5.1070259e-15  2.1411706e-26  4.1387641e-13
       311  1.0000000e+00  5.1070259e-15  1.0000000e+00  4.6629367e-15  2.0257997e-26  4.0257175e-13
       312  1.0000000e+00 -2.6645353e-15  1.0000000e+00  4.6629367e-15  1.8046426e-26  3.7996241e-13
       313  1.0000000e+00 -2.2204460e-16  1.0000000e+00 -2.2204460e-16  1.2874259e-26  3.2092693e-13
       314  1.0000000e+00 -2.2204460e-16  1.0000000e+00 -2.6645353e-15  7.9281014e-27  2.5184286e-13
       315  1.0000000e+00 -4.4408921e-16  1.0000000e+00  5.1070259e-15  4.4078096e-27  1.8778308e-13
       316  1.0000000e+00  2.4424907e-15  1.0000000e+00 -3.1086245e-15  1.0799506e-27  9.2949483e-14
       317  1.0000000e+00 -6.6613381e-16  1.0000000e+00  2.4424907e-15  1.6585801e-28  3.6426149e-14
       318  1.0000000e+00  3.1086245e-15  1.0000000e+00  4.7739590e-15  2.2464047e-28  4.2392501e-14
       319  1.0000000e+00  2.1094237e-15  1.0000000e+00 -1.7763568e-15  1.6421249e-27  1.1461676e-13
       320  1.0000000e+00 -1.1102230e-16  1.0000000e+00 -1.7763568e-15  3.1185767e-27  1.5795132e-13
       321  1.0000000e+00  0.0000000e+00  1.0000000e+00 -3.4416914e-15  4.5564606e-27  1.9092326e-13
       322  1.0000000e+00  1.7763568e-15  1.0000000e+00  2.7755576e-15  5.4344628e-27  2.0850830e-13
       323  1.0000000e+00  5.1070259e-15  1.0000000e+00 -2.8865799e-15  5.9708882e-27  2.1855689e-13
       324  1.0000000e+00 -2.2204460e-15  1.0000000e+00 -1.7763568e-15  5.0803135e-27  2.0159989e-13
       325  1.0000000e+00 -1.7763568e-15  1.0000000e+00  2.9976022e-15  3.8241142e-27  1.7490832e-13
       326  1.0000000e+00  7.7715612e-16  1.0000000e+00 -4.4408921e-16  3.1808844e-27  1.5952141e-13
       327  1.0000000e+00  4.7739590e-15  1.0000000e+00  2.6645353e-15  1.7705120e-27  1.1901302e-13
       328  1.0000000e+00  2.1094237e-15  1.0000000e+00  2.1094237e-15  8.0149501e-28  8.0074723e-14
       329  1.0000000e+00  1.8873791e-15  1.0000000e+00  1.7763568e-15  1.9259299e-28  3.9252315e-14
       330  1.0000000e+00  1.1102230e-16  1.0000000e+00  1.1102230e-16  0.0000000e+00  0.0000000e+00
       331  1.0000000e+00 -2.2204460e-16  1.0000000e+00  2.2204460e-15  1.7749370e-28  3.7682223e-14
       332  1.0000000e+00  4.6629367e-15  1.0000000e+00 -2.2204460e-15  3.8180868e-28  5.5267260e-14
       333  1.0000000e+00 -2.4424907e-15  1.0000000e+00 -4.6629367e-15  9.9416196e-28  8.9181261e-14
       334  1.0000000e+00  0.0000000e+00  1.0000000e+00  5.3290705e-15  1.4586038e-27  1.0802237e-13
       335  1.0000000e+00  0.0000000e+00  1.0000000e+00  4.6629367e-15  1.4927220e-27  1.0927845e-13
       336  1.0000000e+00 -2.2204460e-16  1.0000000e+00  3.1086245e-15  1.5272347e-27  1.1053452e-13
       337  1.0000000e+00  0.0000000e+00  1.0000000e+00  5.3290705e-15  1.4586038e-27  1.0802237e-13
       338  1.0000000e+00  8.8817842e-16  1.0000000e+00  2.2204460e-16  8.3323433e-28  8.1644816e-14
       339  1.0000000e+00 -2.8865799e-15  1.0000000e+00 -6.6613381e-16  6.2956031e-28  7.0968186e-14
       340  1.0000000e+00 -2.2204460e-15  1.0000000e+00  5.1070259e-15  5.2306408e-28  6.4687816e-14
       341  1.0000000e+00 -4.4408921e-15  1.0000000e+00 -1.7763568e-15  1.1837844e-28  3.0773815e-14
       342  1.0000000e+00 -4.8849813e-15  1.0000000e+00  2.2204460e-15  7.1194697e-29  2.3865408e-14
       343  1.0000000e+00 -4.9960036e-15  1.0000000e+00 -2.3314684e-15  1.1845240e-29  9.7345742e-15
       344  1.0000000e+00 -6.6613381e-16  1.0000000e+00 -4.6629367e-15  1.0207121e-28  2.8575686e-14
       345  1.0000000e+00 -2.2204460e-15  1.0000000e+00 -1.8873791e-15  2.0194839e-28  4.0194371e-14
       346  1.0000000e+00  2.1094237e-15  1.0000000e+00 -5.2180482e-15  5.1799812e-28  6.4373797e-14
       347  1.0000000e+00  4.6629367e-15  1.0000000e+00 -1.9984014e-15  5.3326997e-28  6.5315853e-14
       348  1.0000000e+00  2.7755576e-15  1.0000000e+00 -2.7755576e-15  4.6389952e-28  6.0919593e-14
       349  1.0000000e+00 -2.8865799e-15  1.0000000e+00  7.7715612e-16  3.1554436e-28  5.0242964e-14
       350  1.0000000e+00 -4.9960036e-15  1.0000000e+00 -2.2204460e-15  3.1161238e-28  4.9928945e-14
       351  1.0000000e+00 -2.2204460e-15  1.0000000e+00 -1.8873791e-15  2.0194839e-28  4.0194371e-14
       352  1.0000000e+00  2.1094237e-15  1.0000000e+00  0.0000000e+00  1.7162655e-28  3.7054186e-14
       353  1.0000000e+00 -4.4408921e-16  1.0000000e+00  4.3298698e-15  2.2790685e-29  1.3502796e-14
       354  1.0000000e+00  5.2180482e-15  1.0000000e+00 -2.3314684e-15  7.3080567e-29  2.4179426e-14
       355  1.0000000e+00  2.2204460e-15  1.0000000e+00  2.2204460e-15  1.9721523e-31  1.2560741e-15
       356  1.0000000e+00 -3.3306691e-15  1.0000000e+00  4.2188475e-15  4.1464501e-29  1.8213074e-14
       357  1.0000000e+00 -8.8817842e-16  1.0000000e+00  4.8849813e-15  9.5452170e-29  2.7633630e-14
       358  1.0000000e+00 -3.3306691e-15  1.0000000e+00  4.4408921e-16  1.1359597e-28  3.0145778e-14
       359  1.0000000e+00  1.7763568e-15  1.0000000e+00  5.5511151e-15  1.1837844e-28  3.0773815e-14
       360  1.0000000e+00  3.3306691e-15  1.0000000e+00 -4.6629367e-15  5.6995200e-29  2.1353260e-14
       361  1.0000000e+00  1.9984014e-15  1.0000000e+00 -5.3290705e-15  3.0814879e-29  1.5700926e-14
       362  1.0000000e+00 -2.2204460e-16  1.0000000e+00  3.1086245e-15  1.1837844e-28  3.0773815e-14
       363  1.0000000e+00 -5.1070259e-15  1.0000000e+00 -2.2204460e-16  9.5452170e-29  2.7633630e-14
       364  1.0000000e+00 -1.5543122e-15  1.0000000e+00  4.6629367e-15  8.2879699e-29  2.5749519e-14
       365  1.0000000e+00 -2.2204460e-16  1.0000000e+00 -3.3306691e-15  1.2621774e-29  1.0048593e-14
       366  1.0000000e+00  1.5543122e-15  1.0000000e+00  0.0000000e+00  7.8886091e-31  2.5121482e-15
       367  1.0000000e+00  4.2188475e-15  1.0000000e+00  2.6645353e-15  7.8886091e-31  2.5121482e-15
       368  1.0000000e+00 -4.4408921e-15  1.0000000e+00 -3.2196468e-15  4.4373426e-31  1.8841111e-15
       369  1.0000000e+00 -1.1102230e-16  1.0000000e+00  1.7763568e-15  7.8886091e-31  2.5121482e-15
       370  1.0000000e+00  4.7739590e-15  1.0000000e+00 -3.2196468e-15  4.0047017e-29  1.7899056e-14
       371  1.0000000e+00  1.1102230e-16  1.0000000e+00  3.4416914e-15  1.3422961e-29  1.0362611e-14
       372  1.0000000e+00 -1.7763568e-15  1.0000000e+00  2.1094237e-15  3.9936083e-30  5.6523334e-15
       373  1.0000000e+00 -2.8865799e-15  1.0000000e+00  3.3306691e-16  1.5099291e-29  1.0990648e-14
       374  1.0000000e+00 -2.8865799e-15  1.0000000e+00  3.3306691e-16  1.5099291e-29  1.0990648e-14
       375  1.0000000e+00 -1.7763568e-15  1.0000000e+00  2.1094237e-15  3.9936083e-30  5.6523334e-15
       376  1.0000000e+00  0.0000000e+00  1.0000000e+00  2.8865799e-15  1.1845240e-29  9.7345742e-15
       377  1.0000000e+00  3.3306691e-16  1.0000000e+00  4.7739590e-15  1.6874228e-29  1.1618685e-14
       378  1.0000000e+00  4.7739590e-15  1.0000000e+00 -3.2196468e-15  4.0047017e-29  1.7899056e-14
       379  1.0000000e+00 -1.6653345e-15  1.0000000e+00  4.4408921e-16  7.8886091e-31  2.5121482e-15
       380  1.0000000e+00  2.3314684e-15  1.0000000e+00  4.2188475e-15  1.1093356e-29  9.4205557e-15
       381  1.0000000e+00 -2.7755576e-15  1.0000000e+00 -2.3314684e-15  5.4357447e-30  6.5943890e-15
       382  1.0000000e+00  2.2204460e-15  1.0000000e+00  2.2204460e-15  1.9721523e-31  1.2560741e-15
       383  1.0000000e+00 -4.8849813e-15  1.0000000e+00  5.3290705e-15  2.8398993e-29  1.5072889e-14
       384  1.0000000e+00 -2.4424907e-15  1.0000000e+00 -4.2188475e-15  1.1093356e-29  9.4205557e-15
       385  1.0000000e+00 -4.4408921e-16  1.0000000e+00 -2.2204460e-15  1.2325952e-30  3.1401852e-15
       386  1.0000000e+00 -2.2204460e-16  1.0000000e+00 -1.9984014e-15  7.8886091e-31  2.5121482e-15
       387  1.0000000e+00  2.2204460e-16  1.0000000e+00 -4.4408921e-16  1.9721523e-31  1.2560741e-15
       388  1.0000000e+00  2.2204460e-16  1.0000000e+00 -4.4408921e-16  1.9721523e-31  1.2560741e-15
       389  1.0000000e+00  2.2204460e-16  1.0000000e+00 -4.4408921e-16  1.9721523e-31  1.2560741e-15
       390  1.0000000e+00  2.2204460e-16  1.0000000e+00 -4.4408921e-16  1.9721523e-31  1.2560741e-15
       391  1.0000000e+00  2.2204460e-16  1.0000000e+00 -4.4408921e-16  1.9721523e-31  1.2560741e-15
       392  1.0000000e+00  2.2204460e-16  1.0000000e+00 -4.4408921e-16  1.9721523e-31  1.2560741e-15
       393  1.0000000e+00  2.2204460e-16  1.0000000e+00 -4.4408921e-16  1.9721523e-31  1.2560741e-15
       394  1.0000000e+00 -2.2204460e-16  1.0000000e+00 -2.2204460e-16  4.4373426e-31  1.8841111e-15
       395  1.0000000e+00  0.0000000e+00  1.0000000e+00 -1.9984014e-15  1.2325952e-30  3.1401852e-15
       396  1.0000000e+00 -2.2204460e-16  1.0000000e+00 -2.4424907e-15  4.4373426e-31  1.8841111e-15
       397  1.0000000e+00 -2.4424907e-15  1.0000000e+00 -4.2188475e-15  1.1093356e-29  9.4205557e-15
       398  1.0000000e+00 -4.2188475e-15  1.0000000e+00  5.3290705e-15  2.8398993e-29  1.5072889e-14
       399  1.0000000e+00  4.2188475e-15  1.0000000e+00  2.6645353e-15  7.8886091e-31  2.5121482e-15
       400  1.0000000e+00  0.0000000e+00  1.0000000e+00  0.0000000e+00  0.0000000e+00  0.0000000e+00
       401  1.0000000e+00 -2.1094237e-15  1.0000000e+00 -1.4432899e-15  0.0000000e+00  0.0000000e+00
       402  1.0000000e+00 -4.4408921e-15  1.0000000e+00 -3.2196468e-15  4.4373426e-31  1.8841111e-15
       403  1.0000000e+00  4.2188475e-15  1.0000000e+00  4.9960036e-15  1.2325952e-32  3.1401852e-16
       404  1.0000000e+00  2.3314684e-15  1.0000000e+00  3.2196468e-15  6.5204284e-30  7.2224260e-15
       405  1.0000000e+00  4.4408921e-16  1.0000000e+00  2.9976022e-15  8.9856187e-30  8.4785001e-15
       406  1.0000000e+00  4.4408921e-16  1.0000000e+00  2.9976022e-15  8.9856187e-30  8.4785001e-15
       407  1.0000000e+00  2.3314684e-15  1.0000000e+00  3.2196468e-15  6.5204284e-30  7.2224260e-15
       408  1.0000000e+00  3.2196468e-15  1.0000000e+00  4.7739590e-15  7.8886091e-31  2.5121482e-15
       409  1.0000000e+00 -5.1070259e-15  1.0000000e+00 -4.4408921e-15  4.9303807e-32  6.2803705e-16
       410  1.0000000e+00 -2.4424907e-15  1.0000000e+00 -2.3314684e-15  6.5204284e-30  7.2224260e-15
       411  1.0000000e+00 -4.4408921e-16  1.0000000e+00 -4.4408921e-16  0.0000000e+00  0.0000000e+00
       412  1.0000000e+00 -2.2204460e-16  1.0000000e+00 -2.2204460e-16  0.0000000e+00  0.0000000e+00
       413  1.0000000e+00  2.2204460e-15  1.0000000e+00  2.2204460e-15  0.0000000e+00  0.0000000e+00
       414  1.0000000e+00  4.2188475e-15  1.0000000e+00  2.6645353e-15  7.8886091e-31  2.5121482e-15
       415  1.0000000e+00  5.3290705e-15  1.0000000e+00  4.2188475e-15  0.0000000e+00  0.0000000e+00
       416  1.0000000e+00 -4.8849813e-15  1.0000000e+00  5.3290705e-15  2.8398993e-29  1.5072889e-14
       417  1.0000000e+00 -5.1070259e-15  1.0000000e+00  4.8849813e-15  2.8398993e-29  1.5072889e-14
       418  1.0000000e+00  4.2188475e-15  1.0000000e+00  2.6645353e-15  7.8886091e-31  2.5121482e-15
       419  1.0000000e+00  2.2204460e-15  1.0000000e+00  2.2204460e-16  4.9303807e-32  6.2803705e-16
       420  1.0000000e+00  2.2204460e-16  1.0000000e+00  2.2204460e-16  0.0000000e+00  0.0000000e+00
       421  1.0000000e+00 -2.3314684e-15  1.0000000e+00 -2.1094237e-15  0.0000000e+00  0.0000000e+00
       422  1.0000000e+00 -4.4408921e-15  1.0000000e+00 -3.2196468e-15  4.4373426e-31  1.8841111e-15
       423  1.0000000e+00 -5.1070259e-15  1.0000000e+00 -4.4408921e-15  4.9303807e-32  6.2803705e-16
       424  1.0000000e+00  4.4408921e-15  1.0000000e+00 -5.1070259e-15  2.7228027e-29  1.4758871e-14
       425  1.0000000e+00 -5.1070259e-15  1.0000000e+00 -4.7739590e-15  4.9303807e-32  6.2803705e-16
       426  1.0000000e+00 -4.7739590e-15  1.0000000e+00 -3.5527137e-15  7.8886091e-31  2.5121482e-15
       427  1.0000000e+00 -4.4408921e-15  1.0000000e+00 -2.4424907e-15  4.4373426e-31  1.8841111e-15
       428  1.0000000e+00 -2.7755576e-15  1.0000000e+00 -2.3314684e-15  5.4357447e-30  6.5943890e-15
       429  1.0000000e+00 -1.4432899e-15  1.0000000e+00 -1.8873791e-15  1.1093356e-31  9.4205557e-16
       430  1.0000000e+00  2.2204460e-16  1.0000000e+00  2.2204460e-16  0.0000000e+00  0.0000000e+00
       431  1.0000000e+00  0.0000000e+00  1.0000000e+00  0.0000000e+00  0.0000000e+00  0.0000000e+00
       432  1.0000000e+00  2.2204460e-15  1.0000000e+00  2.2204460e-16  4.9303807e-32  6.2803705e-16
       433  1.0000000e+00  2.2204460e-15  1.0000000e+00  2.2204460e-15  0.0000000e+00  0.0000000e+00
       434  1.0000000e+00  4.2188475e-15  1.0000000e+00  2.6645353e-15  7.8886091e-31  2.5121482e-15
       435  1.0000000e+00  4.2188475e-15  1.0000000e+00  2.6645353e-15  7.8886091e-31  2.5121482e-15
       436  1.0000000e+00  4.2188475e-15  1.0000000e+00  2.6645353e-15  7.8886091e-31  2.5121482e-15
       437  1.0000000e+00  4.2188475e-15  1.0000000e+00  2.6645353e-15  7.8886091e-31  2.5121482e-15
       438  1.0000000e+00  4.2188475e-15  1.0000000e+00  2.6645353e-15  7.8886091e-31  2.5121482e-15
       439  1.0000000e+00  2.6645353e-15  1.0000000e+00  2.2204460e-15  5.9657606e-30  6.9084075e-15
       440  1.0000000e+00  2.2204460e-15  1.0000000e+00  2.2204460e-15  1.9721523e-31  1.2560741e-15
       441  1.0000000e+00  2.2204460e-16  1.0000000e+00  2.2204460e-16  0.0000000e+00  0.0000000e+00
       442  1.0000000e+00  0.0000000e+00  1.0000000e+00  0.0000000e+00  0.0000000e+00  0.0000000e+00
       443  1.0000000e+00  1.1102230e-16  1.0000000e+00  1.1102230e-16  0.0000000e+00  0.0000000e+00
       444  1.0000000e+00 -1.4432899e-15  1.0000000e+00 -1.8873791e-15  1.1093356e-31  9.4205557e-16
       445  1.0000000e+00 -2.3314684e-15  1.0000000e+00 -2.1094237e-15  0.0000000e+00  0.0000000e+00
       446  1.0000000e+00 -2.4424907e-15  1.0000000e+00 -2.3314684e-15  6.5204284e-30  7.2224260e-15
       447  1.0000000e+00 -2.4424907e-15  1.0000000e+00 -2.3314684e-15  6.5204284e-30  7.2224260e-15
       448  1.0000000e+00 -2.1094237e-15  1.0000000e+00 -1.4432899e-15  0.0000000e+00  0.0000000e+00
       449  1.0000000e+00 -4.4408921e-16  1.0000000e+00 -4.4408921e-16  0.0000000e+00  0.0000000e+00
       450  1.0000000e+00  2.2204460e-16  1.0000000e+00  2.2204460e-16  0.0000000e+00  0.0000000e+00
       451  1.0000000e+00  0.0000000e+00  1.0000000e+00  0.0000000e+00  0.0000000e+00  0.0000000e+00
       452  1.0000000e+00  2.2204460e-16  1.0000000e+00 -2.2204460e-16  0.0000000e+00  0.0000000e+00
       453  1.0000000e+00  2.2204460e-15  1.0000000e+00  2.2204460e-15  1.9721523e-31  1.2560741e-15
       454  1.0000000e+00  2.2204460e-15  1.0000000e+00  2.2204460e-15  1.9721523e-31  1.2560741e-15
       455  1.0000000e+00  2.2204460e-15  1.0000000e+00  2.2204460e-15  1.9721523e-31  1.2560741e-15
       456  1.0000000e+00  2.2204460e-15  1.0000000e+00  2.2204460e-15  1.9721523e-31  1.2560741e-15
       457  1.0000000e+00  2.2204460e-15  1.0000000e+00  2.2204460e-15  1.9721523e-31  1.2560741e-15
       458  1.0000000e+00  2.2204460e-15  1.0000000e+00  2.2204460e-15  1.9721523e-31  1.2560741e-15
       459  1.0000000e+00  2.2204460e-15  1.0000000e+00  2.2204460e-15  1.9721523e-31  1.2560741e-15
       460  1.0000000e+00  2.2204460e-15  1.0000000e+00  2.2204460e-16  4.9303807e-32  6.2803705e-16
       461  1.0000000e+00  2.2204460e-16  1.0000000e+00  2.2204460e-16  0.0000000e+00  0.0000000e+00
       462  1.0000000e+00  2.2204460e-16  1.0000000e+00 -2.2204460e-16  0.0000000e+00  0.0000000e+00
       463  1.0000000e+00 -2.2204460e-16  1.0000000e+00 -2.2204460e-16  0.0000000e+00  0.0000000e+00
       464  1.0000000e+00  0.0000000e+00  1.0000000e+00  0.0000000e+00  0.0000000e+00  0.0000000e+00
       465  1.0000000e+00  0.0000000e+00  1.0000000e+00  0.0000000e+00  0.0000000e+00  0.0000000e+00
       466  1.0000000e+00  0.0000000e+00  1.0000000e+00  0.0000000e+00  0.0000000e+00  0.0000000e+00
       467  1.0000000e+00  0.0000000e+00  1.0000000e+00  0.0000000e+00  0.0000000e+00  0.0000000e+00
       468  1.0000000e+00  0.0000000e+00  1.0000000e+00  0.0000000e+00  0.0000000e+00  0.0000000e+00
       469  1.0000000e+00  0.0000000e+00  1.0000000e+00  0.0000000e+00  0.0000000e+00  0.0000000e+00
       470  1.0000000e+00  0.0000000e+00  1.0000000e+00  0.0000000e+00  0.0000000e+00  0.0000000e+00
       471  1.0000000e+00  0.0000000e+00  1.0000000e+00  0.0000000e+00  0.0000000e+00  0.0000000e+00
       472  1.0000000e+00  0.0000000e+00  1.0000000e+00  0.0000000e+00  0.0000000e+00  0.0000000e+00
       473  1.0000000e+00  0.0000000e+00  1.0000000e+00  0.0000000e+00  0.0000000e+00  0.0000000e+00
       474  1.0000000e+00  0.0000000e+00  1.0000000e+00  0.0000000e+00  0.0000000e+00  0.0000000e+00
       475  1.0000000e+00  0.0000000e+00  1.0000000e+00  0.0000000e+00  0.0000000e+00  0.0000000e+00
       476  1.0000000e+00  0.0000000e+00  1.0000000e+00  0.0000000e+00  0.0000000e+00  0.0000000e+00
       477  1.0000000e+00  0.0000000e+00  1.0000000e+00  0.0000000e+00  0.0000000e+00  0.0000000e+00
       478  1.0000000e+00  0.0000000e+00  1.0000000e+00  0.0000000e+00  0.0000000e+00  0.0000000e+00
       479  1.0000000e+00  0.0000000e+00  1.0000000e+00  0.0000000e+00  0.0000000e+00  0.0000000e+00
       480  1.0000000e+00  0.0000000e+00  1.0000000e+00  0.0000000e+00  0.0000000e+00  0.0000000e+00
       481  1.0000000e+00  0.0000000e+00  1.0000000e+00  0.0000000e+00  0.0000000e+00  0.0000000e+00
       482  1.0000000e+00  0.0000000e+00  1.0000000e+00  0.0000000e+00  0.0000000e+00  0.0000000e+00
       483  1.0000000e+00  0.0000000e+00  1.0000000e+00  0.0000000e+00  0.0000000e+00  0.0000000e+00
       484  1.0000000e+00  0.0000000e+00  1.0000000e+00  0.0000000e+00  0.0000000e+00  0.0000000e+00
       485  1.0000000e+00  0.0000000e+00  1.0000000e+00  0.0000000e+00  0.0000000e+00  0.0000000e+00
       486  1.0000000e+00  0.0000000e+00  1.0000000e+00  0.0000000e+00  0.0000000e+00  0.0000000e+00
       487  1.0000000e+00  0.0000000e+00  1.0000000e+00  0.0000000e+00  0.0000000e+00  0.0000000e+00
       488  1.0000000e+00  0.0000000e+00  1.0000000e+00  0.0000000e+00  0.0000000e+00  0.0000000e+00
       489  1.0000000e+00  0.0000000e+00  1.0000000e+00  0.0000000e+00  0.0000000e+00  0.0000000e+00
       490  1.0000000e+00  0.0000000e+00  1.0000000e+00  0.0000000e+00  0.0000000e+00  0.0000000e+00
       491  1.0000000e+00  0.0000000e+00  1.0000000e+00  0.0000000e+00  0.0000000e+00  0.0000000e+00
       492  1.0000000e+00  0.0000000e+00  1.0000000e+00  0.0000000e+00  0.0000000e+00  0.0000000e+00
       493  1.0000000e+00  0.0000000e+00  1.0000000e+00  0.0000000e+00  0.0000000e+00  0.0000000e+00
       494  1.0000000e+00  0.0000000e+00  1.0000000e+00  0.0000000e+00  0.0000000e+00  0.0000000e+00
       495  1.0000000e+00  0.0000000e+00  1.0000000e+00  0.0000000e+00  0.0000000e+00  0.0000000e+00
       496  1.0000000e+00  0.0000000e+00  1.0000000e+00  0.0000000e+00  0.0000000e+00  0.0000000e+00
       497  1.0000000e+00  0.0000000e+00  1.0000000e+00  0.0000000e+00  0.0000000e+00  0.0000000e+00
       498  1.0000000e+00  0.0000000e+00  1.0000000e+00  0.0000000e+00  0.0000000e+00  0.0000000e+00
       499  1.0000000e+00  0.0000000e+00  1.0000000e+00  0.0000000e+00  0.0000000e+00  0.0000000e+00
       500  1.0000000e+00  0.0000000e+00  1.0000000e+00  0.0000000e+00  0.0000000e+00  0.0000000e+00
       501  1.0000000e+00  0.0000000e+00  1.0000000e+00  0.0000000e+00  0.0000000e+00  0.0000000e+00
       502  1.0000000e+00  0.0000000e+00  1.0000000e+00  0.0000000e+00  0.0000000e+00  0.0000000e+00
       503  1.0000000e+00  0.0000000e+00  1.0000000e+00  0.0000000e+00  0.0000000e+00  0.0000000e+00
       504  1.0000000e+00  0.0000000e+00  1.0000000e+00  0.0000000e+00  0.0000000e+00  0.0000000e+00
       505  1.0000000e+00  0.0000000e+00  1.0000000e+00  0.0000000e+00  0.0000000e+00  0.0000000e+00
       506  1.0000000e+00  0.0000000e+00  1.0000000e+00  0.0000000e+00  0.0000000e+00  0.0000000e+00
       507  1.0000000e+00  0.0000000e+00  1.0000000e+00  0.0000000e+00  0.0000000e+00  0.0000000e+00
       508  1.0000000e+00  0.0000000e+00  1.0000000e+00  0.0000000e+00  0.0000000e+00  0.0000000e+00
       509  1.0000000e+00  0.0000000e+00  1.0000000e+00  0.0000000e+00  0.0000000e+00  0.0000000e+00
       510  1.0000000e+00  0.0000000e+00  1.0000000e+00  0.0000000e+00  0.0000000e+00  0.0000000e+00
       511  1.0000000e+00  0.0000000e+00  1.0000000e+00  0.0000000e+00  0.0000000e+00  0.0000000e+00
       512  1.0000000e+00  0.0000000e+00  1.0000000e+00  0.0000000e+00  0.0000000e+00  0.0000000e+00
       513  1.0000000e+00  0.0000000e+00  1.0000000e+00  0.0000000e+00  0.0000000e+00  0.0000000e+00
       514  1.0000000e+00  0.0000000e+00  1.0000000e+00  0.0000000e+00  0.0000000e+00  0.0000000e+00
       515  1.0000000e+00  0.0000000e+00  1.0000000e+00  0.0000000e+00  0.0000000e+00  0.0000000e+00
       516  1.0000000e+00  0.0000000e+00  1.0000000e+00  0.0000000e+00  0.0000000e+00  0.0000000e+00
       517  1.0000000e+00  0.0000000e+00  1.0000000e+00  0.0000000e+00  0.0000000e+00  0.0000000e+00
       518  1.0000000e+00  0.0000000e+00  1.0000000e+00  0.0000000e+00  0.0000000e+00  0.0000000e+00
       519  1.0000000e+00  0.0000000e+00  1.0000000e+00  0.0000000e+00  0.0000000e+00  0.0000000e+00
       520  1.0000000e+00  0.0000000e+00  1.0000000e+00  0.0000000e+00  0.0000000e+00  0.0000000e+00
       521  1.0000000e+00  0.0000000e+00  1.0000000e+00  0.0000000e+00  0.0000000e+00  0.0000000e+00
       522  1.0000000e+00  0.0000000e+00  1.0000000e+00  0.0000000e+00  0.0000000e+00  0.0000000e+00
       523  1.0000000e+00  0.0000000e+00  1.0000000e+00  0.0000000e+00  0.0000000e+00  0.0000000e+00
       524  1.0000000e+00  0.0000000e+00  1.0000000e+00  0.0000000e+00  0.0000000e+00  0.0000000e+00
       525  1.0000000e+00  0.0000000e+00  1.0000000e+00  0.0000000e+00  0.0000000e+00  0.0000000e+00
       526  1.0000000e+00  0.0000000e+00  1.0000000e+00  0.0000000e+00  0.0000000e+00  0.0000000e+00
       527  1.0000000e+00  0.0000000e+00  1.0000000e+00  0.0000000e+00  0.0000000e+00  0.0000000e+00
       528  1.0000000e+00  0.0000000e+00  1.0000000e+00  0.0000000e+00  0.0000000e+00  0.0000000e+00
       529  1.0000000e+00  0.0000000e+00  1.0000000e+00  0.0000000e+00  0.0000000e+00  0.0000000e+00
       530  1.0000000e+00  0.0000000e+00  1.0000000e+00  0.0000000e+00  0.0000000e+00  0.0000000e+00
       531  1.0000000e+00  0.0000000e+00  1.0000000e+00  0.0000000e+00  0.0000000e+00  0.0000000e+00
       532  1.0000000e+00  0.0000000e+00  1.0000000e+00  0.0000000e+00  0.0000000e+00  0.0000000e+00
       533  1.0000000e+00  0.0000000e+00  1.0000000e+00  0.0000000e+00  0.0000000e+00  0.0000000e+00
       534  1.0000000e+00  0.0000000e+00  1.0000000e+00  0.0000000e+00  0.0000000e+00  0.0000000e+00
       535  1.0000000e+00  0.0000000e+00  1.0000000e+00  0.0000000e+00  0.0000000e+00  0.0000000e+00
       536  1.0000000e+00  0.0000000e+00  1.0000000e+00  0.0000000e+00  0.0000000e+00  0.0000000e+00
       537  1.0000000e+00  0.0000000e+00  1.0000000e+00  0.0000000e+00  0.0000000e+00  0.0000000e+00
       538  1.0000000e+00  0.0000000e+00  1.0000000e+00  0.0000000e+00  0.0000000e+00  0.0000000e+00
       539  1.0000000e+00  0.0000000e+00  1.0000000e+00  0.0000000e+00  0.0000000e+00  0.0000000e+00
       540  1.0000000e+00  0.0000000e+00  1.0000000e+00  0.0000000e+00  0.0000000e+00  0.0000000e+00
       541  1.0000000e+00  0.0000000e+00  1.0000000e+00  0.0000000e+00  0.0000000e+00  0.0000000e+00
       542  1.0000000e+00  0.0000000e+00  1.0000000e+00  0.0000000e+00  0.0000000e+00  0.0000000e+00
       543  1.0000000e+00  0.0000000e+00  1.0000000e+00  0.0000000e+00  0.0000000e+00  0.0000000e+00
       544  1.0000000e+00  0.0000000e+00  1.0000000e+00  0.0000000e+00  0.0000000e+00  0.0000000e+00
       545  1.0000000e+00  0.0000000e+00  1.0000000e+00  0.0000000e+00  0.0000000e+00  0.0000000e+00
       546  1.0000000e+00  0.0000000e+00  1.0000000e+00  0.0000000e+00  0.0000000e+00  0.0000000e+00
       547  1.0000000e+00  0.0000000e+00  1.0000000e+00  0.0000000e+00  0.0000000e+00  0.0000000e+00
       548  1.0000000e+00  0.0000000e+00  1.0000000e+00  0.0000000e+00  0.0000000e+00  0.0000000e+00
       549  1.0000000e+00  0.0000000e+00  1.0000000e+00  0.0000000e+00  0.0000000e+00  0.0000000e+00
       550  1.0000000e+00  0.0000000e+00  1.0000000e+00  0.0000000e+00  0.0000000e+00  0.0000000e+00
       551  1.0000000e+00  0.0000000e+00  1.0000000e+00  0.0000000e+00  0.0000000e+00  0.0000000e+00
       552  1.0000000e+00  0.0000000e+00  1.0000000e+00  0.0000000e+00  0.0000000e+00  0.0000000e+00
       553  1.0000000e+00  0.0000000e+00  1.0000000e+00  0.0000000e+00  0.0000000e+00  0.0000000e+00
       554  1.0000000e+00  0.0000000e+00  1.0000000e+00  0.0000000e+00  0.0000000e+00  0.0000000e+00
       555  1.0000000e+00  0.0000000e+00  1.0000000e+00  0.0000000e+00  0.0000000e+00  0.0000000e+00
       556  1.0000000e+00  0.0000000e+00  1.0000000e+00  0.0000000e+00  0.0000000e+00  0.0000000e+00
       557  1.0000000e+00  0.0000000e+00  1.0000000e+00  0.0000000e+00  0.0000000e+00  0.0000000e+00
       558  1.0000000e+00  0.0000000e+00  1.0000000e+00  0.0000000e+00  0.0000000e+00  0.0000000e+00
       559  1.0000000e+00  0.0000000e+00  1.0000000e+00  0.0000000e+00  0.0000000e+00  0.0000000e+00
       560  1.0000000e+00  0.0000000e+00  1.0000000e+00  0.0000000e+00  0.0000000e+00  0.0000000e+00
       561  1.0000000e+00  0.0000000e+00  1.0000000e+00  0.0000000e+00  0.0000000e+00  0.0000000e+00
       562  1.0000000e+00  0.0000000e+00  1.0000000e+00  0.0000000e+00  0.0000000e+00  0.0000000e+00
       563  1.0000000e+00  0.0000000e+00  1.0000000e+00  0.0000000e+00  0.0000000e+00  0.0000000e+00
       564  1.0000000e+00  0.0000000e+00  1.0000000e+00  0.0000000e+00  0.0000000e+00  0.0000000e+00
       565  1.0000000e+00  0.0000000e+00  1.0000000e+00  0.0000000e+00  0.0000000e+00  0.