# Cycles, Average Predicted Temperature, Stddev Predicted Temperature, Mean Squared Error, || MSE Gradient ||
         0 3.4030713e-04 1.1726852e-04 4.7038887e+00 5.6844619e-02
         1 3.4701459e-04 1.1790517e-04 4.7038596e+00 5.8164072e-02
         2 3.5562721e-04 1.1964126e-04 4.7038222e+00 5.9882054e-02
         3 3.6411009e-04 1.2174978e-04 4.7037854e+00 6.1515357e-02
         4 3.7281598e-04 1.2351215e-04 4.7037477e+00 6.3224440e-02
         5 3.8272213e-04 1.2533475e-04 4.7037047e+00 6.5025003e-02
         6 3.9122397e-04 1.2657228e-04 4.7036678e+00 6.6761331e-02
         7 4.0227209e-04 1.2869504e-04 4.7036199e+00 6.8849810e-02
         8 4.1399047e-04 1.3066623e-04 4.7035691e+00 7.1146659e-02
         9 4.2522608e-04 1.3350007e-04 4.7035203e+00 7.3285223e-02
        10 4.3735457e-04 1.3390077e-04 4.7034677e+00 7.5526127e-02
        11 4.5189222e-04 1.3726647e-04 4.7034047e+00 7.8194185e-02
        12 4.6639865e-04 1.3865819e-04 4.7033418e+00 8.0968274e-02
        13 4.8269108e-04 1.4162020e-04 4.7032711e+00 8.3858047e-02
        14 4.9692302e-04 1.4301233e-04 4.7032094e+00 8.6656270e-02
        15 5.1560118e-04 1.4670234e-04 4.7031283e+00 8.9957939e-02
        16 5.3455901e-04 1.4886014e-04 4.7030461e+00 9.3576718e-02
        17 5.5468214e-04 1.5198100e-04 4.7029588e+00 9.7302754e-02
        18 5.7806741e-04 1.5513984e-04 4.7028574e+00 1.0136909e-01
        19 6.0075131e-04 1.5805799e-04 4.7027590e+00 1.0542727e-01
        20 6.2878565e-04 1.6214547e-04 4.7026374e+00 1.1029199e-01
        21 6.5736362e-04 1.6505437e-04 4.7025135e+00 1.1516519e-01
        22 6.8749667e-04 1.6890667e-04 4.7023828e+00 1.2043027e-01
        23 7.2212524e-04 1.7394012e-04 4.7022326e+00 1.2633286e-01
        24 7.5938899e-04 1.7802493e-04 4.7020710e+00 1.3269067e-01
        25 8.0124274e-04 1.8357026e-04 4.7018895e+00 1.3960960e-01
        26 8.4876209e-04 1.8985375e-04 4.7016834e+00 1.4733016e-01
        27 8.9947049e-04 1.9586300e-04 4.7014635e+00 1.5582201e-01
        28 9.5561831e-04 2.0277912e-04 4.7012201e+00 1.6496853e-01
        29 1.0209761e-03 2.1058300e-04 4.7009366e+00 1.7560187e-01
        30 1.0954873e-03 2.2122178e-04 4.7006135e+00 1.8734351e-01
        31 1.1760773e-03 2.3032953e-04 4.7002641e+00 2.0033712e-01
        32 1.2759243e-03 2.4550253e-04 4.6998312e+00 2.1584783e-01
        33 1.3873605e-03 2.6149264e-04 4.6993480e+00 2.3318262e-01
        34 1.5152830e-03 2.8015440e-04 4.6987934e+00 2.5311693e-01
        35 1.6702415e-03 3.0621776e-04 4.6981217e+00 2.7651326e-01
        36 1.8554533e-03 3.3948009e-04 4.6973188e+00 3.0392371e-01
        37 2.0815421e-03 3.8522702e-04 4.6963389e+00 3.3754216e-01
        38 2.3581083e-03 4.4456973e-04 4.6951403e+00 3.7736487e-01
        39 2.7116154e-03 5.2769364e-04 4.6936086e+00 4.2755964e-01
        40 3.1603604e-03 6.4368776e-04 4.6916645e+00 4.8967209e-01
        41 3.7639350e-03 8.1340298e-04 4.6890504e+00 5.7130036e-01
        42 4.5879279e-03 1.0680711e-03 4.6854830e+00 6.8186582e-01
        43 5.7740526e-03 1.4672979e-03 4.6803504e+00 8.3332972e-01
        44 7.5887110e-03 2.1312911e-03 4.6725044e+00 1.0554419e+00
        45 1.0579507e-02 3.3225629e-03 4.6595901e+00 1.4059333e+00
        46 1.6119842e-02 5.6950965e-03 4.6357234e+00 2.0093400e+00
        47 2.8133316e-02 1.1384852e-02 4.5842333e+00 3.1992838e+00
        48 6.2479943e-02 2.9410324e-02 4.4390725e+00 6.1204919e+00
        49 2.2695801e-01 1.2685302e-01 3.7883386e+00 1.6071812e+01
        50 2.6924504e+00 1.8230620e+00 3.5973614e+00 1.2503419e+02
        51 7.5536328e-06 1.3212539e-05 4.7053322e+00 1.7691867e-03
        52 7.6327778e-06 1.3230332e-05 4.7053318e+00 1.7904160e-03
        53 7.6278098e-06 1.3412877e-05 4.7053318e+00 1.7859772e-03
        54 7.6737705e-06 1.3243045e-05 4.7053316e+00 1.7997668e-03
        55 7.6951908e-06 1.3389823e-05 4.7053315e+00 1.8014445e-03
        56 7.6067627e-06 1.3275547e-05 4.7053319e+00 1.7779090e-03
        57 7.6396403e-06 1.3316281e-05 4.7053318e+00 1.7905255e-03
        58 7.6867378e-06 1.3419286e-05 4.7053316e+00 1.7950198e-03
        59 7.6390987e-06 1.3289363e-05 4.7053318e+00 1.7875593e-03
        60 7.6546992e-06 1.3243795e-05 4.7053317e+00 1.7953885e-03
        61 7.7281825e-06 1.3368295e-05 4.7053314e+00 1.8081284e-03
        62 7.6493414e-06 1.3356167e-05 4.7053317e+00 1.7886454e-03
        63 7.6623144e-06 1.3348916e-05 4.7053317e+00 1.7970681e-03
        64 7.6915509e-06 1.3287371e-05 4.7053316e+00 1.8015270e-03
        65 7.6326551e-06 1.3344821e-05 4.7053318e+00 1.7833202e-03
        66 7.6730873e-06 1.3412775e-05 4.7053316e+00 1.7952239e-03
        67 7.6752958e-06 1.3449895e-05 4.7053316e+00 1.7948969e-03
        68 7.7872494e-06 1.3427036e-05 4.7053311e+00 1.8160677e-03
        69 7.6810411e-06 1.3492690e-05 4.7053316e+00 1.7893914e-03
        70 7.7923843e-06 1.3423621e-05 4.7053311e+00 1.8166649e-03
        71 7.5718168e-06 1.3235728e-05 4.7053321e+00 1.7665122e-03
        72 7.7363666e-06 1.3494434e-05 4.7053314e+00 1.8075175e-03
        73 7.7235220e-06 1.3383588e-05 4.7053314e+00 1.8023530e-03
        74 7.7083269e-06 1.3533505e-05 4.7053315e+00 1.8010455e-03
        75 7.7073699e-06 1.3357119e-05 4.7053315e+00 1.8033857e-03
        76 7.8206456e-06 1.3580174e-05 4.7053310e+00 1.8240481e-03
        77 7.7119146e-06 1.3370974e-05 4.7053315e+00 1.8034361e-03
        78 7.7578423e-06 1.3578741e-05 4.7053313e+00 1.8044866e-03
        79 7.8198824e-06 1.3553499e-05 4.7053310e+00 1.8247229e-03
        80 7.9287790e-06 1.3600752e-05 4.7053305e+00 1.8460102e-03
        81 7.7876583e-06 1.3534104e-05 4.7053311e+00 1.8131059e-03
        82 7.7465649e-06 1.3500464e-05 4.7053313e+00 1.8038219e-03
        83 7.8249881e-06 1.3653989e-05 4.7053310e+00 1.8225534e-03
        84 7.8250585e-06 1.3729082e-05 4.7053310e+00 1.8197314e-03
        85 7.8426707e-06 1.3660647e-05 4.7053309e+00 1.8265347e-03
        86 7.8172854e-06 1.3574908e-05 4.7053310e+00 1.8172382e-03
        87 7.8355872e-06 1.3646900e-05 4.7053309e+00 1.8276611e-03
        88 7.9023427e-06 1.3730382e-05 4.7053306e+00 1.8404125e-03
        89 7.9437024e-06 1.3797805e-05 4.7053305e+00 1.8422239e-03
        90 7.8565629e-06 1.3715075e-05 4.7053308e+00 1.8291813e-03
        91 7.8182217e-06 1.3569677e-05 4.7053310e+00 1.8203244e-03
        92 7.9374246e-06 1.3853431e-05 4.7053305e+00 1.8484250e-03
        93 7.7964009e-06 1.3613858e-05 4.7053311e+00 1.8130639e-03
        94 8.0295515e-06 1.3910989e-05 4.7053301e+00 1.8649914e-03
        95 7.9134349e-06 1.3722651e-05 4.7053306e+00 1.8407754e-03
        96 7.9808466e-06 1.3891492e-05 4.7053303e+00 1.8527508e-03
        97 7.9541043e-06 1.3846930e-05 4.7053304e+00 1.8499968e-03
        98 7.9517435e-06 1.3767669e-05 4.7053304e+00 1.8481590e-03
        99 7.8663125e-06 1.3719870e-05 4.7053308e+00 1.8299599e-03
       100 7.9932941e-06 1.3946719e-05 4.7053302e+00 1.8562741e-03
       101 7.9311309e-06 1.3841019e-05 4.7053305e+00 1.8410462e-03
       102 7.9240088e-06 1.3784544e-05 4.7053306e+00 1.8432407e-03
       103 8.0754617e-06 1.4036467e-05 4.7053299e+00 1.8769120e-03
       104 8.0461402e-06 1.3986657e-05 4.7053300e+00 1.8697990e-03
       105 8.0056946e-06 1.3919529e-05 4.7053302e+00 1.8552448e-03
       106 8.0533988e-06 1.3902931e-05 4.7053300e+00 1.8712857e-03
       107 8.1309601e-06 1.4188103e-05 4.7053297e+00 1.8817762e-03
       108 8.1833964e-06 1.4205851e-05 4.7053294e+00 1.8958494e-03
       109 8.0572555e-06 1.3955180e-05 4.7053300e+00 1.8709798e-03
       110 8.0334321e-06 1.3885628e-05 4.7053301e+00 1.8619581e-03
       111 8.0248931e-06 1.3993472e-05 4.7053301e+00 1.8641215e-03
       112 8.0797043e-06 1.4157228e-05 4.7053299e+00 1.8746195e-03
       113 8.0271288e-06 1.3959028e-05 4.7053301e+00 1.8635585e-03
       114 8.1154850e-06 1.4158149e-05 4.7053297e+00 1.8795196e-03
       115 8.1208327e-06 1.4154621e-05 4.7053297e+00 1.8833081e-03
       116 8.0978943e-06 1.4119165e-05 4.7053298e+00 1.8765980e-03
       117 8.0984252e-06 1.4054459e-05 4.7053298e+00 1.8751810e-03
       118 8.1518660e-06 1.4181184e-05 4.7053296e+00 1.8835914e-03
       119 8.1915291e-06 1.4178116e-05 4.7053294e+00 1.8964246e-03
       120 8.0637641e-06 1.4108655e-05 4.7053299e+00 1.8685334e-03
       121 8.1684960e-06 1.4181644e-05 4.7053295e+00 1.8894281e-03
       122 8.1086584e-06 1.4116512e-05 4.7053297e+00 1.8757683e-03
       123 8.0912299e-06 1.4100461e-05 4.7053298e+00 1.8693583e-03
       124 8.1629486e-06 1.4256315e-05 4.7053295e+00 1.8895927e-03
       125 8.1478335e-06 1.4202509e-05 4.7053296e+00 1.8842581e-03
       126 8.0490034e-06 1.4036549e-05 4.7053300e+00 1.8587741e-03
       127 8.2251140e-06 1.4261901e-05 4.7053292e+00 1.8972842e-03
       128 8.2267615e-06 1.4171076e-05 4.7053292e+00 1.9021108e-03
       129 8.2481343e-06 1.4313119e-05 4.7053291e+00 1.9010324e-03
       130 8.2089276e-06 1.4224610e-05 4.7053293e+00 1.8967804e-03
       131 8.2660015e-06 1.4224673e-05 4.7053291e+00 1.9152674e-03
       132 8.1906180e-06 1.4231118e-05 4.7053294e+00 1.8898990e-03
       133 8.2322860e-06 1.4207192e-05 4.7053292e+00 1.8991651e-03
       134 8.2411872e-06 1.4342676e-05 4.7053292e+00 1.8968530e-03
       135 8.2400854e-06 1.4301113e-05 4.7053292e+00 1.9012216e-03
       136 8.1964527e-06 1.4282414e-05 4.7053294e+00 1.8935069e-03
       137 8.2152268e-06 1.4285527e-05 4.7053293e+00 1.8985057e-03
       138 8.2602506e-06 1.4339888e-05 4.7053291e+00 1.9052781e-03
       139 8.2931995e-06 1.4488644e-05 4.7053289e+00 1.9098045e-03
       140 8.2601773e-06 1.4332385e-05 4.7053291e+00 1.9093618e-03
       141 8.3183380e-06 1.4324743e-05 4.7053288e+00 1.9159065e-03
       142 8.3729072e-06 1.4479291e-05 4.7053286e+00 1.9289901e-03
       143 8.2757615e-06 1.4522101e-05 4.7053290e+00 1.9070948e-03
       144 8.4244549e-06 1.4565306e-05 4.7053284e+00 1.9400131e-03
       145 8.3187507e-06 1.4395547e-05 4.7053288e+00 1.9169808e-03
       146 8.4221083e-06 1.4607745e-05 4.7053284e+00 1.9363978e-03
       147 8.2747305e-06 1.4469402e-05 4.7053290e+00 1.9020253e-03
       148 8.4507750e-06 1.4701225e-05 4.7053283e+00 1.9465063e-03
       149 8.3985007e-06 1.4657793e-05 4.7053285e+00 1.9301737e-03
       150 8.4320348e-06 1.4671399e-05 4.7053283e+00 1.9399366e-03
       151 8.3682913e-06 1.4566295e-05 4.7053286e+00 1.9215349e-03
       152 8.4295679e-06 1.4609528e-05 4.7053284e+00 1.9369524e-03
       153 8.5231102e-06 1.4725871e-05 4.7053280e+00 1.9616690e-03
       154 8.4587519e-06 1.4717985e-05 4.7053282e+00 1.9442355e-03
       155 8.4420276e-06 1.4642737e-05 4.7053283e+00 1.9410151e-03
       156 8.2804207e-06 1.4372665e-05 4.7053290e+00 1.9095789e-03
       157 8.4811719e-06 1.4645357e-05 4.7053281e+00 1.9476604e-03
       158 8.5168121e-06 1.4772770e-05 4.7053280e+00 1.9524533e-03
       159 8.4826243e-06 1.4651675e-05 4.7053281e+00 1.9425130e-03
       160 8.5561777e-06 1.4771330e-05 4.7053278e+00 1.9640405e-03
       161 8.4320556e-06 1.4502191e-05 4.7053283e+00 1.9330456e-03
       162 8.5352293e-06 1.4854405e-05 4.7053279e+00 1.9559808e-03
       163 8.4845831e-06 1.4675926e-05 4.7053281e+00 1.9379781e-03
       164 8.4986065e-06 1.4622535e-05 4.7053281e+00 1.9444125e-03
       165 8.4564831e-06 1.4613695e-05 4.7053282e+00 1.9293233e-03
       166 8.4813406e-06 1.4569952e-05 4.7053281e+00 1.9410772e-03
       167 8.4406563e-06 1.4731927e-05 4.7053283e+00 1.9317446e-03
       168 8.6327996e-06 1.4970456e-05 4.7053275e+00 1.9697431e-03
       169 8.4510991e-06 1.4608016e-05 4.7053283e+00 1.9316438e-03
       170 8.7215125e-06 1.5013178e-05 4.7053271e+00 1.9907041e-03
       171 8.5555797e-06 1.4832754e-05 4.7053278e+00 1.9553221e-03
       172 8.5499821e-06 1.4827448e-05 4.7053278e+00 1.9465894e-03
       173 8.5866465e-06 1.4879133e-05 4.7053277e+00 1.9595253e-03
       174 8.5801972e-06 1.4923924e-05 4.7053277e+00 1.9594210e-03
       175 8.5172221e-06 1.4772881e-05 4.7053280e+00 1.9473270e-03
       176 8.5159225e-06 1.4815464e-05 4.7053280e+00 1.9404883e-03
       177 8.4890192e-06 1.4786469e-05 4.7053281e+00 1.9387321e-03
       178 8.7500994e-06 1.5122814e-05 4.7053270e+00 1.9914244e-03
       179 8.5523037e-06 1.4911257e-05 4.7053278e+00 1.9543647e-03
       180 8.6732331e-06 1.5011364e-05 4.7053273e+00 1.9790502e-03
       181 8.7053713e-06 1.4999229e-05 4.7053272e+00 1.9815710e-03
       182 8.6520511e-06 1.4845834e-05 4.7053274e+00 1.9691264e-03
       183 8.7029382e-06 1.5109358e-05 4.7053272e+00 1.9820529e-03
       184 8.6544142e-06 1.5143248e-05 4.7053274e+00 1.9691975e-03
       185 8.7069605e-06 1.5015944e-05 4.7053272e+00 1.9832963e-03
       186 8.6621702e-06 1.4978623e-05 4.7053273e+00 1.9765667e-03
       187 8.7185242e-06 1.5068359e-05 4.7053271e+00 1.9816637e-03
       188 8.7807946e-06 1.5233569e-05 4.7053268e+00 1.9920768e-03
       189 8.7194107e-06 1.5092651e-05 4.7053271e+00 1.9829187e-03
       190 8.8099767e-06 1.5208719e-05 4.7053267e+00 2.0055164e-03
       191 8.7287252e-06 1.5173965e-05 4.7053271e+00 1.9811246e-03
       192 8.7805754e-06 1.5196131e-05 4.7053268e+00 1.9939373e-03
       193 8.8167148e-06 1.5259953e-05 4.7053267e+00 2.0070095e-03
       194 8.9071775e-06 1.5291597e-05 4.7053263e+00 2.0231431e-03
       195 8.7720757e-06 1.5211358e-05 4.7053269e+00 1.9900681e-03
       196 8.8191822e-06 1.5296346e-05 4.7053267e+00 2.0073674e-03
       197 8.7469812e-06 1.5187128e-05 4.7053270e+00 1.9869429e-03
       198 8.7572731e-06 1.5091281e-05 4.7053269e+00 1.9845194e-03
       199 8.7665346e-06 1.5149353e-05 4.7053269e+00 1.9884001e-03
       200 8.8326211e-06 1.5274782e-05 4.7053266e+00 2.0061893e-03
       201 8.7758397e-06 1.5173397e-05 4.7053269e+00 1.9932155e-03
       202 8.8222465e-06 1.5280971e-05 4.7053267e+00 2.0032983e-03
       203 8.8597165e-06 1.5341373e-05 4.7053265e+00 2.0066422e-03
       204 8.9640316e-06 1.5408526e-05 4.7053260e+00 2.0412096e-03
       205 8.8506922e-06 1.5380296e-05 4.7053265e+00 2.0019087e-03
       206 8.9281371e-06 1.5464429e-05 4.7053262e+00 2.0331349e-03
       207 8.8609186e-06 1.5318019e-05 4.7053265e+00 2.0077022e-03
       208 8.8839634e-06 1.5415183e-05 4.7053264e+00 2.0180990e-03
       209 8.9257849e-06 1.5401567e-05 4.7053262e+00 2.0259415e-03
       210 8.8216667e-06 1.5372512e-05 4.7053267e+00 1.9976077e-03
       211 8.9606974e-06 1.5488902e-05 4.7053261e+00 2.0308956e-03
       212 8.9468296e-06 1.5541084e-05 4.7053261e+00 2.0279724e-03
       213 8.9250586e-06 1.5486363e-05 4.7053262e+00 2.0212921e-03
       214 8.9786329e-06 1.5653859e-05 4.7053260e+00 2.0305031e-03
       215 9.0034134e-06 1.5666233e-05 4.7053259e+00 2.0434412e-03
       216 8.9729863e-06 1.5516120e-05 4.7053260e+00 2.0302675e-03
       217 9.0663637e-06 1.5743164e-05 4.7053256e+00 2.0450581e-03
       218 8.9888608e-06 1.5509938e-05 4.7053259e+00 2.0357485e-03
       219 9.0559855e-06 1.5593773e-05 4.7053256e+00 2.0456626e-03
       220 9.0746595e-06 1.5605458e-05 4.7053256e+00 2.0528643e-03
       221 9.0687640e-06 1.5627937e-05 4.7053256e+00 2.0511970e-03
       222 9.0041704e-06 1.5650022e-05 4.7053259e+00 2.0273154e-03
       223 8.9197403e-06 1.5486869e-05 4.7053262e+00 2.0182983e-03
       224 9.1149695e-06 1.5735553e-05 4.7053254e+00 2.0592793e-03
       225 9.0369571e-06 1.5588930e-05 4.7053257e+00 2.0412533e-03
       226 9.0418686e-06 1.5619048e-05 4.7053257e+00 2.0451232e-03
       227 9.0403366e-06 1.5663524e-05 4.7053257e+00 2.0434779e-03
       228 9.0279201e-06 1.5644885e-05 4.7053258e+00 2.0372754e-03
       229 9.1750414e-06 1.5790656e-05 4.7053251e+00 2.0730899e-03
       230 9.0920437e-06 1.5740929e-05 4.7053255e+00 2.0521521e-03
       231 9.0816308e-06 1.5734280e-05 4.7053255e+00 2.0554509e-03
       232 9.1227829e-06 1.5857032e-05 4.7053253e+00 2.0587573e-03
       233 9.1450835e-06 1.5857413e-05 4.7053253e+00 2.0695465e-03
       234 9.2098649e-06 1.5843360e-05 4.7053250e+00 2.0784358e-03
       235 9.1437240e-06 1.5882821e-05 4.7053253e+00 2.0650800e-03
       236 9.1237640e-06 1.5829631e-05 4.7053253e+00 2.0570549e-03
       237 9.1870081e-06 1.5930752e-05 4.7053251e+00 2.0682534e-03
       238 9.2535758e-06 1.5980099e-05 4.7053248e+00 2.0873552e-03
       239 9.1863482e-06 1.5831069e-05 4.7053251e+00 2.0653870e-03
       240 9.1289769e-06 1.5793101e-05 4.7053253e+00 2.0601876e-03
       241 9.2116185e-06 1.6008685e-05 4.7053250e+00 2.0837856e-03
       242 9.2380334e-06 1.5902895e-05 4.7053248e+00 2.0819525e-03
       243 9.1743100e-06 1.5939615e-05 4.7053251e+00 2.0645552e-03
       244 9.2097096e-06 1.5829472e-05 4.7053250e+00 2.0765384e-03
       245 9.3001887e-06 1.6028296e-05 4.7053246e+00 2.0913946e-03
       246 9.2400950e-06 1.6021361e-05 4.7053248e+00 2.0803012e-03
       247 9.3437885e-06 1.6171269e-05 4.7053244e+00 2.1001766e-03
       248 9.2963146e-06 1.5899251e-05 4.7053246e+00 2.0924964e-03
       249 9.2498149e-06 1.6109511e-05 4.7053248e+00 2.0813460e-03
       250 9.2511924e-06 1.6049831e-05 4.7053248e+00 2.0812456e-03
       251 9.3206872e-06 1.6177765e-05 4.7053245e+00 2.0969645e-03
       252 9.3142337e-06 1.6189059e-05 4.7053245e+00 2.0940660e-03
       253 9.3895813e-06 1.6126123e-05 4.7053242e+00 2.1106016e-03
       254 9.3703544e-06 1.6103143e-05 4.7053243e+00 2.1015036e-03
       255 9.4807257e-06 1.6235526e-05 4.7053238e+00 2.1259547e-03
       256 9.3720347e-06 1.6156180e-05 4.7053243e+00 2.1066271e-03
       257 9.3010199e-06 1.6062962e-05 4.7053246e+00 2.0927754e-03
       258 9.5464676e-06 1.6320122e-05 4.7053235e+00 2.1430507e-03
       259 9.4002193e-06 1.6207471e-05 4.7053241e+00 2.1137062e-03
       260 9.2999621e-06 1.6157646e-05 4.7053246e+00 2.0883991e-03
       261 9.4245440e-06 1.6275788e-05 4.7053240e+00 2.1155742e-03
       262 9.4513665e-06 1.6296185e-05 4.7053239e+00 2.1253147e-03
       263 9.3299379e-06 1.6029162e-05 4.7053245e+00 2.0962728e-03
       264 9.4181328e-06 1.6279405e-05 4.7053241e+00 2.1133630e-03
       265 9.3180606e-06 1.6156901e-05 4.7053245e+00 2.0917459e-03
       266 9.4146562e-06 1.6287381e-05 4.7053241e+00 2.1151067e-03
       267 9.3554699e-06 1.6055964e-05 4.7053243e+00 2.1012464e-03
       268 9.5348557e-06 1.6480567e-05 4.7053236e+00 2.1348377e-03
       269 9.3732237e-06 1.6183473e-05 4.7053243e+00 2.1025151e-03
       270 9.4223041e-06 1.6388925e-05 4.7053241e+00 2.1152481e-03
       271 9.5453704e-06 1.6564578e-05 4.7053235e+00 2.1398147e-03
       272 9.6506233e-06 1.6719992e-05 4.7053231e+00 2.1659246e-03
       273 9.4965165e-06 1.6388235e-05 4.7053237e+00 2.1308661e-03
       274 9.4889849e-06 1.6472443e-05 4.7053238e+00 2.1290732e-03
       275 9.6085655e-06 1.6521971e-05 4.7053232e+00 2.1508176e-03
       276 9.5885780e-06 1.6693600e-05 4.7053233e+00 2.1476685e-03
       277 9.5901679e-06 1.6616424e-05 4.7053233e+00 2.1467903e-03
       278 9.6035269e-06 1.6460345e-05 4.7053233e+00 2.1479097e-03
       279 9.7226706e-06 1.6736219e-05 4.7053227e+00 2.1766624e-03
       280 9.6535460e-06 1.6612683e-05 4.7053230e+00 2.1556416e-03
       281 9.5495848e-06 1.6493232e-05 4.7053235e+00 2.1290546e-03
       282 9.5753714e-06 1.6526931e-05 4.7053234e+00 2.1471630e-03
       283 9.5823715e-06 1.6599680e-05 4.7053234e+00 2.1433040e-03
       284 9.5113569e-06 1.6418250e-05 4.7053237e+00 2.1282584e-03
       285 9.7450511e-06 1.6879192e-05 4.7053227e+00 2.1754262e-03
       286 9.7759430e-06 1.6896413e-05 4.7053225e+00 2.1855351e-03
       287 9.6752636e-06 1.6620187e-05 4.7053230e+00 2.1650180e-03
       288 9.7419801e-06 1.6789157e-05 4.7053227e+00 2.1794876e-03
       289 9.7533019e-06 1.6704287e-05 4.7053226e+00 2.1710147e-03
       290 9.7163200e-06 1.6722656e-05 4.7053228e+00 2.1724652e-03
       291 9.5978742e-06 1.6649446e-05 4.7053233e+00 2.1416575e-03
       292 9.5742735e-06 1.6691303e-05 4.7053234e+00 2.1404887e-03
       293 9.8514133e-06 1.6957435e-05 4.7053222e+00 2.1967011e-03
       294 9.8429815e-06 1.6881079e-05 4.7053222e+00 2.2032064e-03
       295 9.7920388e-06 1.6847505e-05 4.7053224e+00 2.1827236e-03
       296 9.7620969e-06 1.6878896e-05 4.7053226e+00 2.1805732e-03
       297 9.7963752e-06 1.6899988e-05 4.7053224e+00 2.1835747e-03
       298 9.7271364e-06 1.6854544e-05 4.7053227e+00 2.1712844e-03
       299 9.7074097e-06 1.6847747e-05 4.7053228e+00 2.1679289e-03
       300 9.8196225e-06 1.6907862e-05 4.7053223e+00 2.1936105e-03
       301 9.9489869e-06 1.7166989e-05 4.7053218e+00 2.2155445e-03
       302 9.7786106e-06 1.6946049e-05 4.7053225e+00 2.1765975e-03
       303 9.8992010e-06 1.7006944e-05 4.7053220e+00 2.1993988e-03
       304 9.8840847e-06 1.7148036e-05 4.7053220e+00 2.2005410e-03
       305 9.8073047e-06 1.6874099e-05 4.7053224e+00 2.1847128e-03
       306 9.8539389e-06 1.7100907e-05 4.7053222e+00 2.1961590e-03
       307 9.7745540e-06 1.6978562e-05 4.7053225e+00 2.1745258e-03
       308 9.9930543e-06 1.7219563e-05 4.7053216e+00 2.2254183e-03
       309 9.9033521e-06 1.7122765e-05 4.7053220e+00 2.2020916e-03
       310 9.8823738e-06 1.7025527e-05 4.7053221e+00 2.2018654e-03
       311 9.9343632e-06 1.7068707e-05 4.7053218e+00 2.2137566e-03
       312 9.9253715e-06 1.7082056e-05 4.7053219e+00 2.2069156e-03
       313 1.0010121e-05 1.7293059e-05 4.7053215e+00 2.2260168e-03
       314 9.9080642e-06 1.7142103e-05 4.7053219e+00 2.2007283e-03
       315 9.9699247e-06 1.7211081e-05 4.7053217e+00 2.2159039e-03
       316 9.9514597e-06 1.7138770e-05 4.7053218e+00 2.2121880e-03
       317 9.9488919e-06 1.7198559e-05 4.7053218e+00 2.2123836e-03
       318 1.0140961e-05 1.7512103e-05 4.7053209e+00 2.2464249e-03
       319 1.0102482e-05 1.7531161e-05 4.7053211e+00 2.2460121e-03
       320 1.0179046e-05 1.7427091e-05 4.7053208e+00 2.2577065e-03
       321 9.9060231e-06 1.7196668e-05 4.7053220e+00 2.1987028e-03
       322 1.0110172e-05 1.7474972e-05 4.7053211e+00 2.2476225e-03
       323 1.0016908e-05 1.7221032e-05 4.7053215e+00 2.2241609e-03
       324 1.0069643e-05 1.7349116e-05 4.7053212e+00 2.2326476e-03
       325 1.0157557e-05 1.7346931e-05 4.7053209e+00 2.2540386e-03
       326 1.0075751e-05 1.7425618e-05 4.7053212e+00 2.2336829e-03
       327 1.0106324e-05 1.7424415e-05 4.7053211e+00 2.2377047e-03
       328 1.0184035e-05 1.7701755e-05 4.7053207e+00 2.2606934e-03
       329 1.0206605e-05 1.7558356e-05 4.7053206e+00 2.2609908e-03
       330 1.0291985e-05 1.7547789e-05 4.7053203e+00 2.2810582e-03
       331 1.0156059e-05 1.7501745e-05 4.7053209e+00 2.2561861e-03
       332 1.0228444e-05 1.7603977e-05 4.7053206e+00 2.2645373e-03
       333 1.0247433e-05 1.7670313e-05 4.7053205e+00 2.2684727e-03
       334 1.0215183e-05 1.7695289e-05 4.7053206e+00 2.2625283e-03
       335 1.0292373e-05 1.7726356e-05 4.7053203e+00 2.2760947e-03
       336 1.0166552e-05 1.7598901e-05 4.7053208e+00 2.2511373e-03
       337 1.0309134e-05 1.7655994e-05 4.7053202e+00 2.2789810e-03
       338 1.0272545e-05 1.7675004e-05 4.7053204e+00 2.2730156e-03
       339 1.0423384e-05 1.7908589e-05 4.7053197e+00 2.3085827e-03
       340 1.0356863e-05 1.7656833e-05 4.7053200e+00 2.2867866e-03
       341 1.0203674e-05 1.7553909e-05 4.7053207e+00 2.2514748e-03
       342 1.0219311e-05 1.7579596e-05 4.7053206e+00 2.2635334e-03
       343 1.0303124e-05 1.7733098e-05 4.7053202e+00 2.2775706e-03
       344 1.0331750e-05 1.7825066e-05 4.7053201e+00 2.2829237e-03
       345 1.0424502e-05 1.7945250e-05 4.7053197e+00 2.3099822e-03
       346 1.0360921e-05 1.7811871e-05 4.7053200e+00 2.2876402e-03
       347 1.0491329e-05 1.8025632e-05 4.7053194e+00 2.3182005e-03
       348 1.0433106e-05 1.7986145e-05 4.7053197e+00 2.3006491e-03
       349 1.0429648e-05 1.8034653e-05 4.7053197e+00 2.3019188e-03
       350 1.0346746e-05 1.7797356e-05 4.7053200e+00 2.2822942e-03
       351 1.0430850e-05 1.7866548e-05 4.7053197e+00 2.3047811e-03
       352 1.0391604e-05 1.7901664e-05 4.7053198e+00 2.3004665e-03
       353 1.0500102e-05 1.7965327e-05 4.7053194e+00 2.3154314e-03
       354 1.0386015e-05 1.7892514e-05 4.7053199e+00 2.2865891e-03
       355 1.0392638e-05 1.7879970e-05 4.7053198e+00 2.2914256e-03
       356 1.0485732e-05 1.8051137e-05 4.7053194e+00 2.3196199e-03
       357 1.0520795e-05 1.8158512e-05 4.7053193e+00 2.3150276e-03
       358 1.0488894e-05 1.7960390e-05 4.7053194e+00 2.3168631e-03
       359 1.0656356e-05 1.8271264e-05 4.7053187e+00 2.3419817e-03
       360 1.0398058e-05 1.7848665e-05 4.7053198e+00 2.2864001e-03
       361 1.0692005e-05 1.8220877e-05 4.7053185e+00 2.3523703e-03
       362 1.0608838e-05 1.8088094e-05 4.7053189e+00 2.3341460e-03
       363 1.0441935e-05 1.8066083e-05 4.7053196e+00 2.3038642e-03
       364 1.0572152e-05 1.8273184e-05 4.7053191e+00 2.3216001e-03
       365 1.0646942e-05 1.8440521e-05 4.7053187e+00 2.3429655e-03
       366 1.0436517e-05 1.8154402e-05 4.7053197e+00 2.2914661e-03
       367 1.0621162e-05 1.8450030e-05 4.7053188e+00 2.3375261e-03
       368 1.0559985e-05 1.8189238e-05 4.7053191e+00 2.3232847e-03
       369 1.0679669e-05 1.8392269e-05 4.7053186e+00 2.3473268e-03
       370 1.0689903e-05 1.8483247e-05 4.7053186e+00 2.3425051e-03
       371 1.0643733e-05 1.8402109e-05 4.7053188e+00 2.3401616e-03
       372 1.0718640e-05 1.8361358e-05 4.7053184e+00 2.3503698e-03
       373 1.0715166e-05 1.8345057e-05 4.7053184e+00 2.3513200e-03
       374 1.0688106e-05 1.8450220e-05 4.7053186e+00 2.3466771e-03
       375 1.0809784e-05 1.8526947e-05 4.7053180e+00 2.3735297e-03
       376 1.0782721e-05 1.8515815e-05 4.7053181e+00 2.3665832e-03
       377 1.0746718e-05 1.8536621e-05 4.7053183e+00 2.3613371e-03
       378 1.0651530e-05 1.8281470e-05 4.7053187e+00 2.3451327e-03
       379 1.0754347e-05 1.8570591e-05 4.7053183e+00 2.3550298e-03
       380 1.0716972e-05 1.8477896e-05 4.7053184e+00 2.3519924e-03
       381 1.0698176e-05 1.8468116e-05 4.7053185e+00 2.3422923e-03
       382 1.0845272e-05 1.8462985e-05 4.7053179e+00 2.3770801e-03
       383 1.0762119e-05 1.8416876e-05 4.7053182e+00 2.3565833e-03
       384 1.0857656e-05 1.8545028e-05 4.7053178e+00 2.3732609e-03
       385 1.0879747e-05 1.8681052e-05 4.7053177e+00 2.3745558e-03
       386 1.0785356e-05 1.8618634e-05 4.7053181e+00 2.3560264e-03
       387 1.0867444e-05 1.8694196e-05 4.7053178e+00 2.3749759e-03
       388 1.0924529e-05 1.8616191e-05 4.7053175e+00 2.3842812e-03
       389 1.0910777e-05 1.8715706e-05 4.7053176e+00 2.3813809e-03
       390 1.0867099e-05 1.8670089e-05 4.7053178e+00 2.3693393e-03
       391 1.0955588e-05 1.8757453e-05 4.7053174e+00 2.3911124e-03
       392 1.0951727e-05 1.8935269e-05 4.7053174e+00 2.3909294e-03
       393 1.0934325e-05 1.8748405e-05 4.7053175e+00 2.3820530e-03
       394 1.0923106e-05 1.8829194e-05 4.7053175e+00 2.3787128e-03
       395 1.0875715e-05 1.8716372e-05 4.7053177e+00 2.3686180e-03
       396 1.1024475e-05 1.8876974e-05 4.7053171e+00 2.4032206e-03
       397 1.0926658e-05 1.8722935e-05 4.7053175e+00 2.3851312e-03
       398 1.1076147e-05 1.9035993e-05 4.7053169e+00 2.4084247e-03
       399 1.1042858e-05 1.9010781e-05 4.7053170e+00 2.3989381e-03
       400 1.0903157e-05 1.8743145e-05 4.7053176e+00 2.3756293e-03
       401 1.0949653e-05 1.8858640e-05 4.7053174e+00 2.3911127e-03
       402 1.1119263e-05 1.8991645e-05 4.7053167e+00 2.4195250e-03
       403 1.1049298e-05 1.9028350e-05 4.7053170e+00 2.4025711e-03
       404 1.1108259e-05 1.9184101e-05 4.7053167e+00 2.4181892e-03
       405 1.1108178e-05 1.9032682e-05 4.7053167e+00 2.4115454e-03
       406 1.1034293e-05 1.9057417e-05 4.7053171e+00 2.3982249e-03
       407 1.1161568e-05 1.9218386e-05 4.7053165e+00 2.4252819e-03
       408 1.1175462e-05 1.9222141e-05 4.7053164e+00 2.4335757e-03
       409 1.0990901e-05 1.8980240e-05 4.7053172e+00 2.3898531e-03
       410 1.1160202e-05 1.9119004e-05 4.7053165e+00 2.4300830e-03
       411 1.1145994e-05 1.9174741e-05 4.7053166e+00 2.4191066e-03
       412 1.1319311e-05 1.9457147e-05 4.7053158e+00 2.4537954e-03
       413 1.1136782e-05 1.9165507e-05 4.7053166e+00 2.4155323e-03
       414 1.1142680e-05 1.9172814e-05 4.7053166e+00 2.4214496e-03
       415 1.1286406e-05 1.9392852e-05 4.7053160e+00 2.4509103e-03
       416 1.1334856e-05 1.9309967e-05 4.7053158e+00 2.4652468e-03
       417 1.1267299e-05 1.9325133e-05 4.7053160e+00 2.4488290e-03
       418 1.1327480e-05 1.9463898e-05 4.7053158e+00 2.4563612e-03
       419 1.1350169e-05 1.9465747e-05 4.7053157e+00 2.4613760e-03
       420 1.1262220e-05 1.9421627e-05 4.7053161e+00 2.4388475e-03
       421 1.1137137e-05 1.9293487e-05 4.7053166e+00 2.4095530e-03
       422 1.1158149e-05 1.9148772e-05 4.7053165e+00 2.4196656e-03
       423 1.1325447e-05 1.9402674e-05 4.7053158e+00 2.4597063e-03
       424 1.1294713e-05 1.9449256e-05 4.7053159e+00 2.4425139e-03
       425 1.1452134e-05 1.9698140e-05 4.7053152e+00 2.4788248e-03
       426 1.1373976e-05 1.9629289e-05 4.7053156e+00 2.4655053e-03
       427 1.1407114e-05 1.9534625e-05 4.7053154e+00 2.4692594e-03
       428 1.1484608e-05 1.9686273e-05 4.7053151e+00 2.4835086e-03
       429 1.1541134e-05 1.9679943e-05 4.7053149e+00 2.4985980e-03
       430 1.1624489e-05 1.9695196e-05 4.7053145e+00 2.5127769e-03
       431 1.1406745e-05 1.9544808e-05 4.7053154e+00 2.4656645e-03
       432 1.1504129e-05 1.9859312e-05 4.7053150e+00 2.4814581e-03
       433 1.1546658e-05 1.9691405e-05 4.7053148e+00 2.4982067e-03
       434 1.1591001e-05 1.9854632e-05 4.7053146e+00 2.5073842e-03
       435 1.1477562e-05 1.9560069e-05 4.7053151e+00 2.4843800e-03
       436 1.1408230e-05 1.9533863e-05 4.7053154e+00 2.4673711e-03
       437 1.1386591e-05 1.9536801e-05 4.7053155e+00 2.4610529e-03
       438 1.1430712e-05 1.9591112e-05 4.7053153e+00 2.4671629e-03
       439 1.1476173e-05 1.9751707e-05 4.7053151e+00 2.4848662e-03
       440 1.1481399e-05 1.9665086e-05 4.7053151e+00 2.4874896e-03
       441 1.1581091e-05 1.9823624e-05 4.7053147e+00 2.4962081e-03
       442 1.1517773e-05 1.9900697e-05 4.7053150e+00 2.4792339e-03
       443 1.1720144e-05 1.9943560e-05 4.7053141e+00 2.5280070e-03
       444 1.1620864e-05 1.9968304e-05 4.7053145e+00 2.5030016e-03
       445 1.1617468e-05 1.9992224e-05 4.7053145e+00 2.5047382e-03
       446 1.1648874e-05 2.0062577e-05 4.7053144e+00 2.5046814e-03
       447 1.1570629e-05 1.9891872e-05 4.7053147e+00 2.4890159e-03
       448 1.1530325e-05 1.9870342e-05 4.7053149e+00 2.4838956e-03
       449 1.1613777e-05 1.9773592e-05 4.7053145e+00 2.4995129e-03
       450 1.1683671e-05 2.0023155e-05 4.7053142e+00 2.5160595e-03
       451 1.1800518e-05 2.0230270e-05 4.7053137e+00 2.5407241e-03
       452 1.1815641e-05 2.0196979e-05 4.7053137e+00 2.5456849e-03
       453 1.1800608e-05 2.0142316e-05 4.7053137e+00 2.5377892e-03
       454 1.1707126e-05 2.0008050e-05 4.7053141e+00 2.5231828e-03
       455 1.1663085e-05 1.9904030e-05 4.7053143e+00 2.5103209e-03
       456 1.1783621e-05 2.0177620e-05 4.7053138e+00 2.5278078e-03
       457 1.1775639e-05 2.0191134e-05 4.7053138e+00 2.5346456e-03
       458 1.1895966e-05 2.0279590e-05 4.7053133e+00 2.5546353e-03
       459 1.1850150e-05 2.0363134e-05 4.7053135e+00 2.5479464e-03
       460 1.1920106e-05 2.0419130e-05 4.7053132e+00 2.5599869e-03
       461 1.1744526e-05 2.0111202e-05 4.7053140e+00 2.5258290e-03
       462 1.1969873e-05 2.0380341e-05 4.7053130e+00 2.5688882e-03
       463 1.1827314e-05 2.0349483e-05 4.7053136e+00 2.5358757e-03
       464 1.2073587e-05 2.0559467e-05 4.7053125e+00 2.5906328e-03
       465 1.1904873e-05 2.0463680e-05 4.7053133e+00 2.5540572e-03
       466 1.2031108e-05 2.0525427e-05 4.7053127e+00 2.5821368e-03
       467 1.1883222e-05 2.0406087e-05 4.7053134e+00 2.5553123e-03
       468 1.1914756e-05 2.0416703e-05 4.7053132e+00 2.5579315e-03
       469 1.1887267e-05 2.0341341e-05 4.7053134e+00 2.5527647e-03
       470 1.2011810e-05 2.0620773e-05 4.7053128e+00 2.5717509e-03
       471 1.2033575e-05 2.0597339e-05 4.7053127e+00 2.5813469e-03
       472 1.2024964e-05 2.0691481e-05 4.7053128e+00 2.5759920e-03
       473 1.2065690e-05 2.0834054e-05 4.7053126e+00 2.5854651e-03
       474 1.2208503e-05 2.0734183e-05 4.7053120e+00 2.6091870e-03
       475 1.2201296e-05 2.0827540e-05 4.7053120e+00 2.6078052e-03
       476 1.2062921e-05 2.0760728e-05 4.7053126e+00 2.5823684e-03
       477 1.2312084e-05 2.1061423e-05 4.7053115e+00 2.6269618e-03
       478 1.2042000e-05 2.0696703e-05 4.7053127e+00 2.5732133e-03
       479 1.2162681e-05 2.0878285e-05 4.7053122e+00 2.6016760e-03
       480 1.2239145e-05 2.0852826e-05 4.7053118e+00 2.6144050e-03
       481 1.2282310e-05 2.1043048e-05 4.7053116e+00 2.6218167e-03
       482 1.2253936e-05 2.1088042e-05 4.7053118e+00 2.6178715e-03
       483 1.2211316e-05 2.0863167e-05 4.7053120e+00 2.6123597e-03
       484 1.2231653e-05 2.1008585e-05 4.7053119e+00 2.6153935e-03
       485 1.2244967e-05 2.0946643e-05 4.7053118e+00 2.6182137e-03
       486 1.2437741e-05 2.1118375e-05 4.7053110e+00 2.6515094e-03
       487 1.2223578e-05 2.0937667e-05 4.7053119e+00 2.6046503e-03
       488 1.2343330e-05 2.1060148e-05 4.7053114e+00 2.6291419e-03
       489 1.2458318e-05 2.1198167e-05 4.7053109e+00 2.6579647e-03
       490 1.2382542e-05 2.1380651e-05 4.7053112e+00 2.6314859e-03
       491 1.2494926e-05 2.1263682e-05 4.7053107e+00 2.6564153e-03
       492 1.2303228e-05 2.1215489e-05 4.7053116e+00 2.6217182e-03
       493 1.2376429e-05 2.1146309e-05 4.7053112e+00 2.6329187e-03
       494 1.2427274e-05 2.1297171e-05 4.7053110e+00 2.6391400e-03
       495 1.2456714e-05 2.1283603e-05 4.7053109e+00 2.6523398e-03
       496 1.2364977e-05 2.1142140e-05 4.7053113e+00 2.6345974e-03
       497 1.2529163e-05 2.1337643e-05 4.7053106e+00 2.6681070e-03
       498 1.2410533e-05 2.1278871e-05 4.7053111e+00 2.6447374e-03
       499 1.2611113e-05 2.1500402e-05 4.7053102e+00 2.6787102e-03
       500 1.2548034e-05 2.1407128e-05 4.7053105e+00 2.6664700e-03
       501 1.2610236e-05 2.1676087e-05 4.7053102e+00 2.6768645e-03
       502 1.2416835e-05 2.1302150e-05 4.7053111e+00 2.6386431e-03
       503 1.2440322e-05 2.1278596e-05 4.7053110e+00 2.6430273e-03
       504 1.2639042e-05 2.1588049e-05 4.7053101e+00 2.6867434e-03
       505 1.2491815e-05 2.1411299e-05 4.7053107e+00 2.6514297e-03
       506 1.2593306e-05 2.1539272e-05 4.7053103e+00 2.6740532e-03
       507 1.2773810e-05 2.1698429e-05 4.7053095e+00 2.7097902e-03
       508 1.2529458e-05 2.1554258e-05 4.7053106e+00 2.6577527e-03
       509 1.2663606e-05 2.1822614e-05 4.7053100e+00 2.6861944e-03
       510 1.2650629e-05 2.1563937e-05 4.7053100e+00 2.6827619e-03
       511 1.2732590e-05 2.1718075e-05 4.7053097e+00 2.7031855e-03
       512 1.2736438e-05 2.1815096e-05 4.7053097e+00 2.6986198e-03
       513 1.2807312e-05 2.1800362e-05 4.7053094e+00 2.7198009e-03
       514 1.2850244e-05 2.1965574e-05 4.7053092e+00 2.7246363e-03
       515 1.2611911e-05 2.1549220e-05 4.7053102e+00 2.6725310e-03
       516 1.2912104e-05 2.1881204e-05 4.7053089e+00 2.7338235e-03
       517 1.2777764e-05 2.1937959e-05 4.7053095e+00 2.7040372e-03
       518 1.2689318e-05 2.1699615e-05 4.7053099e+00 2.6871988e-03
       519 1.2818753e-05 2.1724476e-05 4.7053093e+00 2.7166766e-03
       520 1.2919482e-05 2.2165974e-05 4.7053089e+00 2.7318626e-03
       521 1.2872152e-05 2.2004153e-05 4.7053091e+00 2.7204638e-03
       522 1.2962790e-05 2.2069544e-05 4.7053087e+00 2.7422858e-03
       523 1.2802564e-05 2.1915435e-05 4.7053094e+00 2.7078191e-03
       524 1.2866508e-05 2.2040801e-05 4.7053091e+00 2.7269303e-03
       525 1.3022240e-05 2.2107467e-05 4.7053084e+00 2.7412057e-03
       526 1.2942195e-05 2.2250505e-05 4.7053088e+00 2.7351369e-03
       527 1.2819535e-05 2.1910174e-05 4.7053093e+00 2.7025837e-03
       528 1.3087824e-05 2.2330524e-05 4.7053081e+00 2.7626510e-03
       529 1.3030427e-05 2.2367367e-05 4.7053084e+00 2.7519734e-03
       530 1.3095161e-05 2.2530400e-05 4.7053081e+00 2.7534785e-03
       531 1.2971009e-05 2.2202335e-05 4.7053087e+00 2.7410212e-03
       532 1.3000242e-05 2.2155764e-05 4.7053085e+00 2.7496460e-03
       533 1.3015065e-05 2.2246707e-05 4.7053085e+00 2.7484422e-03
       534 1.3322744e-05 2.2767132e-05 4.7053071e+00 2.8156288e-03
       535 1.3209225e-05 2.2614643e-05 4.7053076e+00 2.7828148e-03
       536 1.3120724e-05 2.2420369e-05 4.7053080e+00 2.7720641e-03
       537 1.3469097e-05 2.2892216e-05 4.7053065e+00 2.8403291e-03
       538 1.3034901e-05 2.2163547e-05 4.7053084e+00 2.7504267e-03
       539 1.3337648e-05 2.2743034e-05 4.7053071e+00 2.8089013e-03
       540 1.3023764e-05 2.2362502e-05 4.7053084e+00 2.7397439e-03
       541 1.3161697e-05 2.2429688e-05 4.7053078e+00 2.7712281e-03
       542 1.3162261e-05 2.2480467e-05 4.7053078e+00 2.7738550e-03
       543 1.3372607e-05 2.2695093e-05 4.7053069e+00 2.8164268e-03
       544 1.3434536e-05 2.2708570e-05 4.7053066e+00 2.8275711e-03
       545 1.3303684e-05 2.2860285e-05 4.7053072e+00 2.8029543e-03
       546 1.3279624e-05 2.2563936e-05 4.7053073e+00 2.7902387e-03
       547 1.3269666e-05 2.2600488e-05 4.7053074e+00 2.7922080e-03
       548 1.3263112e-05 2.2587163e-05 4.7053074e+00 2.7892659e-03
       549 1.3585191e-05 2.3048643e-05 4.7053060e+00 2.8494471e-03
       550 1.3252299e-05 2.2696720e-05 4.7053074e+00 2.7849559e-03
       551 1.3386127e-05 2.2717261e-05 4.7053069e+00 2.8076845e-03
       552 1.3377909e-05 2.2839636e-05 4.7053069e+00 2.8073479e-03
       553 1.3597170e-05 2.3065231e-05 4.7053059e+00 2.8565061e-03
       554 1.3457248e-05 2.2903081e-05 4.7053065e+00 2.8208598e-03
       555 1.3478271e-05 2.2962605e-05 4.7053065e+00 2.8309476e-03
       556 1.3487032e-05 2.2862583e-05 4.7053064e+00 2.8295227e-03
       557 1.3467891e-05 2.2954638e-05 4.7053065e+00 2.8339496e-03
       558 1.3447272e-05 2.2960137e-05 4.7053066e+00 2.8212817e-03
       559 1.3612347e-05 2.3217250e-05 4.7053059e+00 2.8517474e-03
       560 1.3653991e-05 2.3393483e-05 4.7053057e+00 2.8548086e-03
       561 1.3482848e-05 2.3143587e-05 4.7053064e+00 2.8265426e-03
       562 1.3574711e-05 2.3150306e-05 4.7053060e+00 2.8500629e-03
       563 1.3694341e-05 2.3334481e-05 4.7053055e+00 2.8682123e-03
       564 1.3568997e-05 2.3138637e-05 4.7053061e+00 2.8383922e-03
       565 1.3505144e-05 2.3150269e-05 4.7053063e+00 2.8357805e-03
       566 1.3721349e-05 2.3303993e-05 4.7053054e+00 2.8685872e-03
       567 1.3620589e-05 2.3300562e-05 4.7053058e+00 2.8432487e-03
       568 1.3786272e-05 2.3662703e-05 4.7053051e+00 2.8836251e-03
       569 1.3770645e-05 2.3240204e-05 4.7053052e+00 2.8814346e-03
       570 1.3681867e-05 2.3242465e-05 4.7053056e+00 2.8604685e-03
       571 1.3767498e-05 2.3359461e-05 4.7053052e+00 2.8767993e-03
       572 1.3872993e-05 2.3499295e-05 4.7053047e+00 2.8997224e-03
       573 1.3869410e-05 2.3604387e-05 4.7053048e+00 2.8962676e-03
       574 1.3905886e-05 2.3797845e-05 4.7053046e+00 2.9019848e-03
       575 1.3764150e-05 2.3386620e-05 4.7053052e+00 2.8724310e-03
       576 1.3965254e-05 2.3614594e-05 4.7053043e+00 2.9155730e-03
       577 1.4063016e-05 2.3919317e-05 4.7053039e+00 2.9370110e-03
       578 1.3925905e-05 2.3855173e-05 4.7053045e+00 2.9092066e-03
       579 1.3916378e-05 2.3807017e-05 4.7053046e+00 2.9081101e-03
       580 1.3772554e-05 2.3482998e-05 4.7053052e+00 2.8807660e-03
       581 1.4068473e-05 2.3887062e-05 4.7053039e+00 2.9274279e-03
       582 1.4103212e-05 2.3882281e-05 4.7053037e+00 2.9391026e-03
       583 1.4086328e-05 2.3946840e-05 4.7053038e+00 2.9383893e-03
       584 1.4208927e-05 2.4034033e-05 4.7053033e+00 2.9629409e-03
       585 1.4012546e-05 2.3942969e-05 4.7053041e+00 2.9214454e-03
       586 1.4171981e-05 2.4089561e-05 4.7053034e+00 2.9593865e-03
       587 1.4126586e-05 2.3973809e-05 4.7053036e+00 2.9459635e-03
       588 1.3996714e-05 2.3805517e-05 4.7053042e+00 2.9188611e-03
       589 1.4149222e-05 2.4200310e-05 4.7053035e+00 2.9418060e-03
       590 1.4164235e-05 2.4161160e-05 4.7053035e+00 2.9508240e-03
       591 1.4247217e-05 2.4068820e-05 4.7053031e+00 2.9590455e-03
       592 1.4284969e-05 2.4003255e-05 4.7053030e+00 2.9747578e-03
       593 1.4166779e-05 2.4282830e-05 4.7053035e+00 2.9425767e-03
       594 1.4338400e-05 2.4367319e-05 4.7053027e+00 2.9777212e-03
       595 1.4103857e-05 2.4063792e-05 4.7053037e+00 2.9333269e-03
       596 1.4350521e-05 2.4210938e-05 4.7053027e+00 2.9791553e-03
       597 1.4304390e-05 2.4267512e-05 4.7053029e+00 2.9697395e-03
       598 1.4313594e-05 2.4246951e-05 4.7053028e+00 2.9775144e-03
       599 1.4420433e-05 2.4575023e-05 4.7053024e+00 2.9931357e-03
       600 1.4489603e-05 2.4615311e-05 4.7053021e+00 3.0022795e-03
       601 1.4323158e-05 2.4433579e-05 4.7053028e+00 2.9758414e-03
       602 1.4411854e-05 2.4448730e-05 4.7053024e+00 2.9866000e-03
       603 1.4175207e-05 2.4011182e-05 4.7053034e+00 2.9402774e-03
       604 1.4408880e-05 2.4578311e-05 4.7053024e+00 2.9840767e-03
       605 1.4337048e-05 2.4527351e-05 4.7053027e+00 2.9683901e-03
       606 1.4484648e-05 2.4514205e-05 4.7053021e+00 3.0045804e-03
       607 1.4273350e-05 2.4285009e-05 4.7053030e+00 2.9552343e-03
       608 1.4470654e-05 2.4594171e-05 4.7053021e+00 3.0029970e-03
       609 1.4471203e-05 2.4752880e-05 4.7053021e+00 2.9972303e-03
       610 1.4552487e-05 2.4643187e-05 4.7053018e+00 3.0037738e-03
       611 1.4538632e-05 2.4658353e-05 4.7053019e+00 3.0039088e-03
       612 1.4601989e-05 2.4650855e-05 4.7053016e+00 3.0285171e-03
       613 1.4631102e-05 2.4647819e-05 4.7053015e+00 3.0260356e-03
       614 1.4597475e-05 2.4877373e-05 4.7053016e+00 3.0181138e-03
       615 1.4589339e-05 2.4843906e-05 4.7053016e+00 3.0162385e-03
       616 1.4673155e-05 2.4836424e-05 4.7053013e+00 3.0256473e-03
       617 1.4754418e-05 2.5069062e-05 4.7053009e+00 3.0461104e-03
       618 1.4922381e-05 2.5248712e-05 4.7053002e+00 3.0768625e-03
       619 1.4547772e-05 2.4766905e-05 4.7053018e+00 3.0007513e-03
       620 1.4763850e-05 2.5099295e-05 4.7053009e+00 3.0406991e-03
       621 1.4957951e-05 2.5409190e-05 4.7053000e+00 3.0853416e-03
       622 1.4672621e-05 2.5027214e-05 4.7053013e+00 3.0233770e-03
       623 1.4794223e-05 2.5276885e-05 4.7053007e+00 3.0477723e-03
       624 1.4777562e-05 2.5175227e-05 4.7053008e+00 3.0496145e-03
       625 1.4834333e-05 2.5200505e-05 4.7053006e+00 3.0501494e-03
       626 1.4912942e-05 2.5220165e-05 4.7053002e+00 3.0725906e-03
       627 1.4998664e-05 2.5415465e-05 4.7052999e+00 3.0947822e-03
       628 1.4948383e-05 2.5478496e-05 4.7053001e+00 3.0847151e-03
       629 1.5016697e-05 2.5317375e-05 4.7052998e+00 3.0966260e-03
       630 1.4851644e-05 2.5304229e-05 4.7053005e+00 3.0565661e-03
       631 1.5122170e-05 2.5756839e-05 4.7052993e+00 3.1122026e-03
       632 1.5049158e-05 2.5372058e-05 4.7052996e+00 3.1035805e-03
       633 1.4979498e-05 2.5663178e-05 4.7052999e+00 3.0848203e-03
       634 1.5135031e-05 2.5749543e-05 4.7052993e+00 3.1116543e-03
       635 1.4967527e-05 2.5429713e-05 4.7053000e+00 3.0784570e-03
       636 1.5178695e-05 2.5682399e-05 4.7052991e+00 3.1200049e-03
       637 1.5039048e-05 2.5768376e-05 4.7052997e+00 3.0929356e-03
       638 1.5073975e-05 2.5592561e-05 4.7052995e+00 3.0991155e-03
       639 1.5195654e-05 2.5880913e-05 4.7052990e+00 3.1233414e-03
       640 1.5237388e-05 2.5901997e-05 4.7052988e+00 3.1342966e-03
       641 1.5382930e-05 2.6127354e-05 4.7052982e+00 3.1627255e-03
       642 1.5178288e-05 2.5814283e-05 4.7052991e+00 3.1140077e-03
       643 1.5374022e-05 2.6042703e-05 4.7052982e+00 3.1481214e-03
       644 1.5236176e-05 2.5954678e-05 4.7052988e+00 3.1326781e-03
       645 1.4992843e-05 2.5399592e-05 4.7052999e+00 3.0778480e-03
       646 1.5258078e-05 2.5838753e-05 4.7052987e+00 3.1350526e-03
       647 1.5463717e-05 2.6171420e-05 4.7052978e+00 3.1741793e-03
       648 1.5235969e-05 2.5948644e-05 4.7052988e+00 3.1194900e-03
       649 1.5274755e-05 2.5921025e-05 4.7052987e+00 3.1345453e-03
       650 1.5018596e-05 2.5707665e-05 4.7052998e+00 3.0879639e-03
       651 1.5435578e-05 2.6298612e-05 4.7052980e+00 3.1575981e-03
       652 1.5510822e-05 2.6445141e-05 4.7052976e+00 3.1798708e-03
       653 1.5673659e-05 2.6592139e-05 4.7052969e+00 3.2178355e-03
       654 1.5464916e-05 2.6433370e-05 4.7052978e+00 3.1634642e-03
       655 1.5473038e-05 2.6224225e-05 4.7052978e+00 3.1575475e-03
       656 1.5737506e-05 2.6336780e-05 4.7052967e+00 3.2162858e-03
       657 1.5554383e-05 2.6279792e-05 4.7052974e+00 3.1734637e-03
       658 1.5592170e-05 2.6350882e-05 4.7052973e+00 3.1864015e-03
       659 1.5664268e-05 2.6664811e-05 4.7052970e+00 3.2015077e-03
       660 1.5499733e-05 2.6482791e-05 4.7052977e+00 3.1645643e-03
       661 1.5808916e-05 2.6754052e-05 4.7052963e+00 3.2330726e-03
       662 1.5826144e-05 2.6727233e-05 4.7052963e+00 3.2361875e-03
       663 1.5654440e-05 2.6761393e-05 4.7052970e+00 3.2004350e-03
       664 1.5603298e-05 2.6521709e-05 4.7052972e+00 3.1844819e-03
       665 1.5718420e-05 2.6509511e-05 4.7052967e+00 3.2025105e-03
       666 1.5665922e-05 2.6764539e-05 4.7052970e+00 3.1918867e-03
       667 1.5974631e-05 2.6944727e-05 4.7052956e+00 3.2563507e-03
       668 1.5790095e-05 2.6674650e-05 4.7052964e+00 3.2205401e-03
       669 1.5932309e-05 2.6990308e-05 4.7052958e+00 3.2479158e-03
       670 1.5850064e-05 2.6712771e-05 4.7052962e+00 3.2280703e-03
       671 1.6033589e-05 2.7123879e-05 4.7052954e+00 3.2670180e-03
       672 1.6086944e-05 2.7221752e-05 4.7052951e+00 3.2672432e-03
       673 1.6043357e-05 2.7126769e-05 4.7052953e+00 3.2616039e-03
       674 1.6210612e-05 2.7409657e-05 4.7052946e+00 3.3032418e-03
       675 1.6222446e-05 2.7432705e-05 4.7052945e+00 3.2978932e-03
       676 1.6039692e-05 2.7200092e-05 4.7052953e+00 3.2652951e-03
       677 1.6093188e-05 2.7280129e-05 4.7052951e+00 3.2819641e-03
       678 1.6107094e-05 2.7283980e-05 4.7052950e+00 3.2808109e-03
       679 1.6126010e-05 2.7393329e-05 4.7052950e+00 3.2742305e-03
       680 1.6021263e-05 2.7127583e-05 4.7052954e+00 3.2548719e-03
       681 1.6055499e-05 2.7034061e-05 4.7052953e+00 3.2656222e-03
       682 1.6184593e-05 2.7332318e-05 4.7052947e+00 3.2838717e-03
       683 1.6306788e-05 2.7586394e-05 4.7052942e+00 3.3116043e-03
       684 1.6308072e-05 2.7378426e-05 4.7052942e+00 3.3062897e-03
       685 1.6298445e-05 2.7455570e-05 4.7052942e+00 3.3081318e-03
       686 1.6373713e-05 2.7679009e-05 4.7052939e+00 3.3230546e-03
       687 1.6467776e-05 2.7856250e-05 4.7052935e+00 3.3368807e-03
       688 1.6435916e-05 2.7791111e-05 4.7052936e+00 3.3283032e-03
       689 1.6366430e-05 2.7683913e-05 4.7052939e+00 3.3192980e-03
       690 1.6443051e-05 2.7808697e-05 4.7052936e+00 3.3326897e-03
       691 1.6485279e-05 2.7984238e-05 4.7052934e+00 3.3365552e-03
       692 1.6381110e-05 2.7760903e-05 4.7052939e+00 3.3188266e-03
       693 1.6527867e-05 2.7997421e-05 4.7052932e+00 3.3448394e-03
       694 1.6611418e-05 2.8008391e-05 4.7052929e+00 3.3635244e-03
       695 1.6513864e-05 2.7891024e-05 4.7052933e+00 3.3437088e-03
       696 1.6557442e-05 2.7976979e-05 4.7052931e+00 3.3449260e-03
       697 1.6647213e-05 2.8093099e-05 4.7052927e+00 3.3701210e-03
       698 1.6522471e-05 2.7989896e-05 4.7052932e+00 3.3402585e-03
       699 1.6819698e-05 2.8310772e-05 4.7052920e+00 3.3984909e-03
       700 1.6552458e-05 2.7946491e-05 4.7052931e+00 3.3511004e-03
       701 1.6459505e-05 2.8078736e-05 4.7052935e+00 3.3241683e-03
       702 1.6819976e-05 2.8461231e-05 4.7052920e+00 3.3975872e-03
       703 1.6783914e-05 2.8217881e-05 4.7052921e+00 3.3944021e-03
       704 1.6778293e-05 2.8418227e-05 4.7052921e+00 3.3873127e-03
       705 1.6755292e-05 2.8319510e-05 4.7052922e+00 3.3833100e-03
       706 1.6686390e-05 2.8098982e-05 4.7052925e+00 3.3658184e-03
       707 1.6768679e-05 2.8403381e-05 4.7052922e+00 3.3789900e-03
       708 1.6844278e-05 2.8391578e-05 4.7052919e+00 3.3933783e-03
       709 1.6773999e-05 2.8415006e-05 4.7052922e+00 3.3805747e-03
       710 1.6965388e-05 2.8669431e-05 4.7052913e+00 3.4122950e-03
       711 1.6678802e-05 2.8323035e-05 4.7052926e+00 3.3552452e-03
       712 1.7021173e-05 2.8632032e-05 4.7052911e+00 3.4286996e-03
       713 1.7018574e-05 2.8850124e-05 4.7052911e+00 3.4327460e-03
       714 1.7090479e-05 2.8756195e-05 4.7052908e+00 3.4421615e-03
       715 1.7033811e-05 2.8914508e-05 4.7052910e+00 3.4274382e-03
       716 1.7427807e-05 2.9308648e-05 4.7052893e+00 3.5021970e-03
       717 1.7139817e-05 2.9025926e-05 4.7052906e+00 3.4495447e-03
       718 1.7237108e-05 2.9117211e-05 4.7052901e+00 3.4647565e-03
       719 1.7105695e-05 2.8977632e-05 4.7052907e+00 3.4400925e-03
       720 1.7151223e-05 2.8987159e-05 4.7052905e+00 3.4470843e-03
       721 1.7527006e-05 2.9610591e-05 4.7052889e+00 3.5177253e-03
       722 1.7131620e-05 2.8879196e-05 4.7052906e+00 3.4418994e-03
       723 1.7151457e-05 2.8996464e-05 4.7052905e+00 3.4405492e-03
       724 1.7609703e-05 2.9486213e-05 4.7052885e+00 3.5414190e-03
       725 1.7280850e-05 2.9150263e-05 4.7052900e+00 3.4671377e-03
       726 1.7341059e-05 2.9192834e-05 4.7052897e+00 3.4781371e-03
       727 1.7272374e-05 2.9106667e-05 4.7052900e+00 3.4614252e-03
       728 1.7364050e-05 2.9493048e-05 4.7052896e+00 3.4826362e-03
       729 1.7522454e-05 2.9596964e-05 4.7052889e+00 3.5173502e-03
       730 1.7460640e-05 2.9423646e-05 4.7052892e+00 3.4984754e-03
       731 1.7596782e-05 2.9768446e-05 4.7052886e+00 3.5250115e-03
       732 1.7633109e-05 2.9617866e-05 4.7052884e+00 3.5254164e-03
       733 1.7574083e-05 2.9806849e-05 4.7052887e+00 3.5177506e-03
       734 1.7667230e-05 2.9672948e-05 4.7052883e+00 3.5341956e-03
       735 1.7507502e-05 2.9738208e-05 4.7052890e+00 3.5083285e-03
       736 1.7742803e-05 3.0030965e-05 4.7052880e+00 3.5496856e-03
       737 1.7796974e-05 2.9921065e-05 4.7052877e+00 3.5586215e-03
       738 1.7501722e-05 2.9577912e-05 4.7052890e+00 3.4906930e-03
       739 1.7663426e-05 2.9834008e-05 4.7052883e+00 3.5229747e-03
       740 1.7642102e-05 2.9712849e-05 4.7052884e+00 3.5213533e-03
       741 1.7548297e-05 2.9649814e-05 4.7052888e+00 3.5080006e-03
       742 1.7936706e-05 3.0174001e-05 4.7052871e+00 3.5750311e-03
       743 1.7988313e-05 3.0310882e-05 4.7052869e+00 3.5936942e-03
       744 1.7939512e-05 3.0352375e-05 4.7052871e+00 3.5768067e-03
       745 1.7788519e-05 3.0050299e-05 4.7052878e+00 3.5555097e-03
       746 1.7974432e-05 3.0218709e-05 4.7052869e+00 3.5848640e-03
       747 1.8105869e-05 3.0408520e-05 4.7052864e+00 3.6027684e-03
       748 1.8050475e-05 3.0561697e-05 4.7052866e+00 3.5915208e-03
       749 1.8087450e-05 3.0702946e-05 4.7052865e+00 3.6001969e-03
       750 1.8169922e-05 3.0721002e-05 4.7052861e+00 3.6117534e-03
       751 1.8022321e-05 3.0419742e-05 4.7052867e+00 3.5872767e-03
       752 1.8247941e-05 3.0752303e-05 4.7052858e+00 3.6228592e-03
       753 1.8123156e-05 3.0808409e-05 4.7052863e+00 3.6086325e-03
       754 1.8100459e-05 3.0665300e-05 4.7052864e+00 3.6060270e-03
       755 1.8178229e-05 3.0721498e-05 4.7052861e+00 3.6116184e-03
       756 1.8063966e-05 3.0644012e-05 4.7052866e+00 3.5893200e-03
       757 1.8048014e-05 3.0455830e-05 4.7052866e+00 3.5889381e-03
       758 1.8021245e-05 3.0465927e-05 4.7052867e+00 3.5782896e-03
       759 1.8149903e-05 3.0419593e-05 4.7052862e+00 3.6093589e-03
       760 1.8462863e-05 3.0990981e-05 4.7052848e+00 3.6595266e-03
       761 1.8395845e-05 3.1157038e-05 4.7052851e+00 3.6569348e-03
       762 1.8603586e-05 3.1253597e-05 4.7052842e+00 3.6814109e-03
       763 1.8618704e-05 3.1318989e-05 4.7052842e+00 3.6939440e-03
       764 1.8474273e-05 3.1269074e-05 4.7052848e+00 3.6688823e-03
       765 1.8425095e-05 3.1055280e-05 4.7052850e+00 3.6543079e-03
       766 1.8355724e-05 3.0918373e-05 4.7052853e+00 3.6354689e-03
       767 1.8341746e-05 3.0930685e-05 4.7052854e+00 3.6302794e-03
       768 1.8570913e-05 3.1288572e-05 4.7052844e+00 3.6779755e-03
       769 1.8682222e-05 3.1485271e-05 4.7052839e+00 3.7088507e-03
       770 1.8611729e-05 3.1360453e-05 4.7052842e+00 3.6809757e-03
       771 1.8770920e-05 3.1544354e-05 4.7052835e+00 3.7135870e-03
       772 1.8603313e-05 3.1314964e-05 4.7052842e+00 3.6819997e-03
       773 1.8668235e-05 3.1578118e-05 4.7052839e+00 3.6909697e-03
       774 1.9187505e-05 3.2204005e-05 4.7052817e+00 3.7888030e-03
       775 1.8825169e-05 3.1420635e-05 4.7052833e+00 3.7171286e-03
       776 1.8809573e-05 3.1680150e-05 4.7052833e+00 3.7168119e-03
       777 1.8797917e-05 3.1612534e-05 4.7052834e+00 3.7123780e-03
       778 1.9042580e-05 3.1831571e-05 4.7052823e+00 3.7646390e-03
       779 1.8876566e-05 3.1821383e-05 4.7052830e+00 3.7308466e-03
       780 1.9114350e-05 3.2041273e-05 4.7052820e+00 3.7710648e-03
       781 1.8936398e-05 3.1860166e-05 4.7052828e+00 3.7344831e-03
       782 1.9174886e-05 3.2040836e-05 4.7052817e+00 3.7750029e-03
       783 1.9092589e-05 3.2098555e-05 4.7052821e+00 3.7614683e-03
       784 1.9086360e-05 3.2263093e-05 4.7052821e+00 3.7638751e-03
       785 1.9354420e-05 3.2609904e-05 4.7052810e+00 3.8044494e-03
       786 1.9132905e-05 3.2287165e-05 4.7052819e+00 3.7784200e-03
       787 1.9306658e-05 3.2244693e-05 4.7052812e+00 3.8061680e-03
       788 1.9202619e-05 3.2199936e-05 4.7052816e+00 3.7901872e-03
       789 1.9260684e-05 3.2523992e-05 4.7052814e+00 3.7844945e-03
       790 1.9618139e-05 3.2982812e-05 4.7052798e+00 3.8583030e-03
       791 1.9264128e-05 3.2366343e-05 4.7052814e+00 3.7883209e-03
       792 1.9204012e-05 3.2397755e-05 4.7052816e+00 3.7717287e-03
       793 1.9234577e-05 3.2427538e-05 4.7052815e+00 3.7785277e-03
       794 1.9478811e-05 3.2863480e-05 4.7052804e+00 3.8223686e-03
       795 1.9539227e-05 3.2913088e-05 4.7052802e+00 3.8268022e-03
       796 1.9474670e-05 3.2714203e-05 4.7052804e+00 3.8216367e-03
       797 1.9445027e-05 3.2650398e-05 4.7052806e+00 3.8094007e-03
       798 1.9645081e-05 3.2913008e-05 4.7052797e+00 3.8482167e-03
       799 1.9514276e-05 3.3015062e-05 4.7052803e+00 3.8194783e-03
       800 1.9648312e-05 3.3204129e-05 4.7052797e+00 3.8450525e-03
       801 1.9436639e-05 3.2586709e-05 4.7052806e+00 3.8075038e-03
       802 1.9537431e-05 3.3130348e-05 4.7052802e+00 3.8285827e-03
       803 1.9672547e-05 3.3109514e-05 4.7052796e+00 3.8473524e-03
       804 1.9510388e-05 3.3140083e-05 4.7052803e+00 3.8253245e-03
       805 1.9768944e-05 3.3195921e-05 4.7052792e+00 3.8776017e-03
       806 1.9934271e-05 3.3590707e-05 4.7052784e+00 3.9055070e-03
       807 1.9803249e-05 3.3345299e-05 4.7052790e+00 3.8785287e-03
       808 2.0216143e-05 3.3616305e-05 4.7052772e+00 3.9522279e-03
       809 2.0062240e-05 3.3793073e-05 4.7052779e+00 3.9194642e-03
       810 2.0067648e-05 3.3553884e-05 4.7052779e+00 3.9199164e-03
       811 1.9969731e-05 3.3627619e-05 4.7052783e+00 3.9110950e-03
       812 2.0048654e-05 3.3909719e-05 4.7052780e+00 3.9123087e-03
       813 1.9964267e-05 3.3449616e-05 4.7052783e+00 3.8966429e-03
       814 1.9954578e-05 3.3692817e-05 4.7052784e+00 3.8956909e-03
       815 2.0213866e-05 3.4006669e-05 4.7052772e+00 3.9459663e-03
       816 2.0241766e-05 3.4157720e-05 4.7052771e+00 3.9473661e-03
       817 2.0218924e-05 3.4145777e-05 4.7052772e+00 3.9446218e-03
       818 2.0341731e-05 3.4321038e-05 4.7052767e+00 3.9722004e-03
       819 2.0243967e-05 3.4077412e-05 4.7052771e+00 3.9438232e-03
       820 2.0367716e-05 3.4265447e-05 4.7052766e+00 3.9687098e-03
       821 2.0439060e-05 3.4352479e-05 4.7052763e+00 3.9782262e-03
       822 2.0521072e-05 3.4481965e-05 4.7052759e+00 3.9903121e-03
       823 2.0512939e-05 3.4471124e-05 4.7052759e+00 3.9960048e-03
       824 2.0463376e-05 3.4358663e-05 4.7052762e+00 3.9778122e-03
       825 2.0449409e-05 3.4149786e-05 4.7052762e+00 3.9821087e-03
       826 2.0604996e-05 3.4523766e-05 4.7052755e+00 4.0118782e-03
       827 2.0735097e-05 3.4717900e-05 4.7052750e+00 4.0263273e-03
       828 2.0677034e-05 3.4887863e-05 4.7052752e+00 4.0140397e-03
       829 2.0631645e-05 3.4608559e-05 4.7052754e+00 4.0128761e-03
       830 2.0741087e-05 3.4752898e-05 4.7052749e+00 4.0304089e-03
       831 2.0722236e-05 3.5004645e-05 4.7052750e+00 4.0181595e-03
       832 2.0902249e-05 3.4970567e-05 4.7052742e+00 4.0610098e-03
       833 2.0754422e-05 3.4811371e-05 4.7052749e+00 4.0312745e-03
       834 2.1082268e-05 3.5279901e-05 4.7052735e+00 4.0885746e-03
       835 2.0903450e-05 3.4920284e-05 4.7052742e+00 4.0484996e-03
       836 2.0939690e-05 3.5264535e-05 4.7052741e+00 4.0533298e-03
       837 2.0920883e-05 3.5221765e-05 4.7052742e+00 4.0441968e-03
       838 2.0951358e-05 3.5205050e-05 4.7052740e+00 4.0586041e-03
       839 2.1013946e-05 3.5007639e-05 4.7052738e+00 4.0652256e-03
       840 2.1040418e-05 3.5422730e-05 4.7052736e+00 4.0703897e-03
       841 2.1249898e-05 3.5501358e-05 4.7052727e+00 4.0964954e-03
       842 2.1120837e-05 3.5234991e-05 4.7052733e+00 4.0878201e-03
       843 2.1309370e-05 3.5932969e-05 4.7052725e+00 4.1157688e-03
       844 2.1083433e-05 3.5246266e-05 4.7052735e+00 4.0774857e-03
       845 2.1454853e-05 3.6010529e-05 4.7052719e+00 4.1405478e-03
       846 2.1390135e-05 3.5778544e-05 4.7052721e+00 4.1254447e-03
       847 2.1701011e-05 3.6042109e-05 4.7052708e+00 4.1828827e-03
       848 2.1382117e-05 3.5653769e-05 4.7052722e+00 4.1292083e-03
       849 2.1539448e-05 3.6169345e-05 4.7052715e+00 4.1526257e-03
       850 2.1369181e-05 3.5799447e-05 4.7052722e+00 4.1242481e-03
       851 2.1410191e-05 3.5894433e-05 4.7052720e+00 4.1207640e-03
       852 2.1447211e-05 3.6107865e-05 4.7052719e+00 4.1234943e-03
       853 2.1828445e-05 3.6307629e-05 4.7052702e+00 4.1982321e-03
       854 2.153