# Cycles, Average Predicted Temperature, Stddev Predicted Temperature, Mean Squared Error, || MSE Gradient ||
         0 1.3696507e-01 1.1258505e-02 4.5464899e+00 9.4174618e+00
         1 1.4042489e-01 1.1414629e-02 4.5317513e+00 9.5827554e+00
         2 1.4395439e-01 1.1605398e-02 4.5167412e+00 9.7478768e+00
         3 1.4760078e-01 1.1751901e-02 4.5012590e+00 9.9146487e+00
         4 1.5130705e-01 1.1932068e-02 4.4855507e+00 1.0079275e+01
         5 1.5514330e-01 1.2056724e-02 4.4693190e+00 1.0250201e+01
         6 1.5923474e-01 1.2073334e-02 4.4520372e+00 1.0420644e+01
         7 1.6307272e-01 1.2239775e-02 4.4358601e+00 1.0597254e+01
         8 1.6717312e-01 1.2409495e-02 4.4186093e+00 1.0769742e+01
         9 1.7128832e-01 1.2547250e-02 4.4013292e+00 1.0951309e+01
        10 1.7539983e-01 1.2866634e-02 4.3841032e+00 1.1122926e+01
        11 1.7964250e-01 1.3000055e-02 4.3663582e+00 1.1304344e+01
        12 1.8404686e-01 1.3093667e-02 4.3479738e+00 1.1480750e+01
        13 1.8852609e-01 1.3303639e-02 4.3293198e+00 1.1671863e+01
        14 1.9310383e-01 1.3603229e-02 4.3102994e+00 1.1849727e+01
        15 1.9779167e-01 1.3735513e-02 4.2908603e+00 1.2034227e+01
        16 2.0256197e-01 1.4025061e-02 4.2711287e+00 1.2220392e+01
        17 2.0747950e-01 1.4183428e-02 4.2508320e+00 1.2415825e+01
        18 2.1249087e-01 1.4283938e-02 4.2301961e+00 1.2609101e+01
        19 2.1748866e-01 1.4601736e-02 4.2096724e+00 1.2801914e+01
        20 2.2282682e-01 1.4792359e-02 4.1878019e+00 1.2998479e+01
        21 2.2801414e-01 1.5112077e-02 4.1666081e+00 1.3185707e+01
        22 2.3358381e-01 1.5270030e-02 4.1439067e+00 1.3392237e+01
        23 2.3904010e-01 1.5481272e-02 4.1217293e+00 1.3598353e+01
        24 2.4474239e-01 1.5807487e-02 4.0986190e+00 1.3787080e+01
        25 2.5056620e-01 1.6029098e-02 4.0750801e+00 1.3994038e+01
        26 2.5650410e-01 1.6235055e-02 4.0511493e+00 1.4197663e+01
        27 2.6257695e-01 1.6465428e-02 4.0267482e+00 1.4405902e+01
        28 2.6881934e-01 1.6739953e-02 4.0017443e+00 1.4621460e+01
        29 2.7519614e-01 1.7033648e-02 3.9762830e+00 1.4825643e+01
        30 2.8160489e-01 1.7320840e-02 3.9507759e+00 1.5035036e+01
        31 2.8807329e-01 1.7791646e-02 3.9251214e+00 1.5243572e+01
        32 2.9510745e-01 1.7923992e-02 3.8973047e+00 1.5465103e+01
        33 3.0206841e-01 1.8225049e-02 3.8698811e+00 1.5679183e+01
        34 3.0911625e-01 1.8594370e-02 3.8422165e+00 1.5894956e+01
        35 3.1643621e-01 1.8785814e-02 3.8135820e+00 1.6112718e+01
        36 3.2386207e-01 1.9173447e-02 3.7846502e+00 1.6336383e+01
        37 3.3137281e-01 1.9539172e-02 3.7554991e+00 1.6550878e+01
        38 3.3916759e-01 1.9913527e-02 3.7253650e+00 1.6773640e+01
        39 3.4702024e-01 2.0448872e-02 3.6951367e+00 1.6995990e+01
        40 3.5522677e-01 2.0540742e-02 3.6636592e+00 1.7228837e+01
        41 3.6332197e-01 2.1074780e-02 3.6327592e+00 1.7437577e+01
        42 3.7173416e-01 2.1572919e-02 3.6007863e+00 1.7658362e+01
        43 3.8076154e-01 2.1579546e-02 3.5666100e+00 1.7886794e+01
        44 3.8954707e-01 2.2098070e-02 3.5335283e+00 1.8113575e+01
        45 3.9842791e-01 2.2662529e-02 3.5002468e+00 1.8332719e+01
        46 4.0786839e-01 2.2733370e-02 3.4650175e+00 1.8562013e+01
        47 4.1709994e-01 2.3320921e-02 3.4307641e+00 1.8784778e+01
        48 4.2683586e-01 2.3808848e-02 3.3948184e+00 1.9008217e+01
        49 4.3657421e-01 2.4325179e-02 3.3590552e+00 1.9226075e+01
        50 4.4652191e-01 2.4790220e-02 3.3227165e+00 1.9448220e+01
        51 4.5709816e-01 2.5256245e-02 3.2842977e+00 1.9677801e+01
        52 4.6758678e-01 2.5509872e-02 3.2464080e+00 1.9896796e+01
        53 4.7826960e-01 2.6092776e-02 3.2080599e+00 2.0122090e+01
        54 4.8937179e-01 2.6598033e-02 3.1684436e+00 2.0337357e+01
        55 5.0053827e-01 2.7087766e-02 3.1288461e+00 2.0554612e+01
        56 5.1197486e-01 2.7579518e-02 3.0885492e+00 2.0768195e+01
        57 5.2361361e-01 2.8222830e-02 3.0478171e+00 2.0987511e+01
        58 5.3519954e-01 2.8652292e-02 3.0075276e+00 2.1184298e+01
        59 5.4764600e-01 2.9131568e-02 2.9645463e+00 2.1387822e+01
        60 5.5997158e-01 2.9629291e-02 2.9222895e+00 2.1595548e+01
        61 5.7266100e-01 3.0116294e-02 2.8791017e+00 2.1807755e+01
        62 5.8561013e-01 3.0648459e-02 2.8353647e+00 2.1997856e+01
        63 5.9862436e-01 3.1448303e-02 2.7917629e+00 2.2196045e+01
        64 6.1216160e-01 3.2101627e-02 2.7467581e+00 2.2383684e+01
        65 6.2548908e-01 3.2878706e-02 2.7028183e+00 2.2568629e+01
        66 6.3941203e-01 3.3722511e-02 2.6572982e+00 2.2741651e+01
        67 6.5367120e-01 3.3870207e-02 2.6110330e+00 2.2915330e+01
        68 6.6795106e-01 3.4706143e-02 2.5651557e+00 2.3086562e+01
        69 6.8303718e-01 3.5108801e-02 2.5170985e+00 2.3251233e+01
        70 6.9798359e-01 3.5740127e-02 2.4699522e+00 2.3416138e+01
        71 7.1360333e-01 3.6691003e-02 2.4211815e+00 2.3575577e+01
        72 7.2878662e-01 3.7671735e-02 2.3742473e+00 2.3702981e+01
        73 7.4462531e-01 3.8088734e-02 2.3257340e+00 2.3830415e+01
        74 7.6052892e-01 3.9093125e-02 2.2775724e+00 2.3962223e+01
        75 7.7726834e-01 3.9333189e-02 2.2273634e+00 2.4094593e+01
        76 7.9393078e-01 4.0139156e-02 2.1779871e+00 2.4198965e+01
        77 8.1103657e-01 4.0933250e-02 2.1278733e+00 2.4298350e+01
        78 8.2807791e-01 4.1812706e-02 2.0785389e+00 2.4397824e+01
        79 8.4546787e-01 4.2732889e-02 2.0287975e+00 2.4478913e+01
        80 8.6302632e-01 4.3664097e-02 1.9791897e+00 2.4537534e+01
        81 8.8168248e-01 4.4160169e-02 1.9271142e+00 2.4616691e+01
        82 9.0004674e-01 4.4976621e-02 1.8765633e+00 2.4658382e+01
        83 9.1853221e-01 4.6285686e-02 1.8264062e+00 2.4700669e+01
        84 9.3791331e-01 4.6553090e-02 1.7744523e+00 2.4737018e+01
        85 9.5633437e-01 4.8115074e-02 1.7258927e+00 2.4747477e+01
        86 9.7644334e-01 4.8511550e-02 1.6735352e+00 2.4747044e+01
        87 9.9554731e-01 4.9479436e-02 1.6246020e+00 2.4730691e+01
        88 1.0160382e+00 5.0276471e-02 1.5729055e+00 2.4704111e+01
        89 1.0366805e+00 5.0768617e-02 1.5216455e+00 2.4677130e+01
        90 1.0572185e+00 5.1922712e-02 1.4715595e+00 2.4618494e+01
        91 1.0779502e+00 5.3431307e-02 1.4218959e+00 2.4564549e+01
        92 1.0990928e+00 5.3931398e-02 1.3720251e+00 2.4473003e+01
        93 1.1203553e+00 5.4603789e-02 1.3227919e+00 2.4373841e+01
        94 1.1413881e+00 5.6367722e-02 1.2751040e+00 2.4258794e+01
        95 1.1634742e+00 5.7188500e-02 1.2258675e+00 2.4130850e+01
        96 1.1853340e+00 5.8495879e-02 1.1781554e+00 2.3973042e+01
        97 1.2079763e+00 5.8617810e-02 1.1296006e+00 2.3817329e+01
        98 1.2301875e+00 6.0269965e-02 1.0831488e+00 2.3643123e+01
        99 1.2528580e+00 6.0787686e-02 1.0366164e+00 2.3438326e+01
       100 1.2755417e+00 6.2225133e-02 9.9119957e-01 2.3225768e+01
       101 1.2989104e+00 6.2566112e-02 9.4534795e-01 2.2989104e+01
       102 1.3212821e+00 6.4501628e-02 9.0268105e-01 2.2745319e+01
       103 1.3449964e+00 6.5301719e-02 8.5838955e-01 2.2474206e+01
       104 1.3682646e+00 6.6418357e-02 8.1606960e-01 2.2196418e+01
       105 1.3921892e+00 6.7664566e-02 7.7370061e-01 2.1889442e+01
       106 1.4158592e+00 6.8464148e-02 7.3285283e-01 2.1557201e+01
       107 1.4390964e+00 6.9561781e-02 6.9388644e-01 2.1234786e+01
       108 1.4630882e+00 7.0778918e-02 6.5480214e-01 2.0871176e+01
       109 1.4873445e+00 7.1585023e-02 6.1639954e-01 2.0492751e+01
       110 1.5110793e+00 7.2934668e-02 5.8004414e-01 2.0109842e+01
       111 1.5354117e+00 7.4677009e-02 5.4400037e-01 1.9688393e+01
       112 1.5591190e+00 7.5035892e-02 5.0982455e-01 1.9285160e+01
       113 1.5826970e+00 7.6991950e-02 4.7719391e-01 1.8845648e+01
       114 1.6062771e+00 7.7417003e-02 4.4544070e-01 1.8402276e+01
       115 1.6300930e+00 7.8731958e-02 4.1463768e-01 1.7942030e+01
       116 1.6544348e+00 7.9247755e-02 3.8419838e-01 1.7444126e+01
       117 1.6775736e+00 8.0765890e-02 3.5652757e-01 1.6960704e+01
       118 1.7021599e+00 8.1015898e-02 3.2808136e-01 1.6431372e+01
       119 1.7248529e+00 8.2608844e-02 3.0312197e-01 1.5930583e+01
       120 1.7485362e+00 8.3031502e-02 2.7796976e-01 1.5397473e+01
       121 1.7705393e+00 8.5207940e-02 2.5590822e-01 1.4876183e+01
       122 1.7931520e+00 8.4967432e-02 2.3382723e-01 1.4346893e+01
       123 1.8161079e+00 8.6560988e-02 2.1277197e-01 1.3776002e+01
       124 1.8382993e+00 8.7275158e-02 1.9327968e-01 1.3221755e+01
       125 1.8603174e+00 8.8590078e-02 1.7502113e-01 1.2655676e+01
       126 1.8817055e+00 8.9286083e-02 1.5811259e-01 1.2097139e+01
       127 1.9022144e+00 9.1419960e-02 1.4302523e-01 1.1548480e+01
       128 1.9232431e+00 9.1027743e-02 1.2796209e-01 1.0974440e+01
       129 1.9448977e+00 9.1563715e-02 1.1354637e-01 1.0377732e+01
       130 1.9635581e+00 9.3036131e-02 1.0206369e-01 9.8473941e+00
       131 1.9827100e+00 9.4276568e-02 9.0956189e-02 9.2902960e+00
       132 2.0009166e+00 9.4527534e-02 8.0903583e-02 8.7592745e+00
       133 2.0199597e+00 9.5391824e-02 7.1212997e-02 8.1959473e+00
       134 2.0382784e+00 9.5794511e-02 6.2494580e-02 7.6427491e+00
       135 2.0553785e+00 9.6337284e-02 5.4994240e-02 7.1234637e+00
       136 2.0707834e+00 9.7967983e-02 4.8961026e-02 6.6383580e+00
       137 2.0881273e+00 9.7498149e-02 4.2287901e-02 6.0966694e+00
       138 2.1033864e+00 9.8855447e-02 3.7261688e-02 5.6110213e+00
       139 2.1166541e+00 1.0047395e-01 3.3360799e-02 5.1807711e+00
       140 2.1321860e+00 9.9948207e-02 2.8758448e-02 4.6796078e+00
       141 2.1450771e+00 1.0119048e-01 2.5642362e-02 4.2546022e+00
       142 2.1581699e+00 1.0106928e-01 2.2539431e-02 3.8218168e+00
       143 2.1700725e+00 1.0190238e-01 2.0207442e-02 3.4220084e+00
       144 2.1817955e+00 1.0247832e-01 1.8138790e-02 3.0268523e+00
       145 2.1931814e+00 1.0186735e-01 1.6153555e-02 2.6402977e+00
       146 2.2034986e+00 1.0342356e-01 1.5011176e-02 2.2855316e+00
       147 2.2130798e+00 1.0337038e-01 1.3833265e-02 1.9536560e+00
       148 2.2226405e+00 1.0351019e-01 1.2880774e-02 1.6266793e+00
       149 2.2308867e+00 1.0387033e-01 1.2255831e-02 1.3377845e+00
       150 2.2387446e+00 1.0420953e-01 1.1786265e-02 1.0645246e+00
       151 2.2463105e+00 1.0416044e-01 1.1372653e-02 8.0320805e-01
       152 2.2521047e+00 1.0515120e-01 1.1348521e-02 6.0338719e-01
       153 2.2585315e+00 1.0546852e-01 1.1237114e-02 3.9022364e-01
       154 2.2645555e+00 1.0523764e-01 1.1096397e-02 2.2349485e-01
       155 2.2694130e+00 1.0481150e-01 1.0985503e-02 1.8528099e-01
       156 2.2744621e+00 1.0421631e-01 1.0888884e-02 2.8756268e-01
       157 2.2788609e+00 1.0496571e-01 1.1111418e-02 4.2617290e-01
       158 2.2817275e+00 1.0548414e-01 1.1284211e-02 5.2371227e-01
       159 2.2833190e+00 1.0590452e-01 1.1415530e-02 5.7954748e-01
       160 2.2874161e+00 1.0597269e-01 1.1562571e-02 7.2363362e-01
       161 2.2889621e+00 1.0622849e-01 1.1675614e-02 7.7900353e-01
       162 2.2909625e+00 1.0655116e-01 1.1827398e-02 8.5134726e-01
       163 2.2941268e+00 1.0555634e-01 1.1764217e-02 9.6308451e-01
       164 2.2942784e+00 1.0607748e-01 1.1882094e-02 9.6872831e-01
       165 2.2951687e+00 1.0575211e-01 1.1858643e-02 1.0035274e+00
       166 2.2963711e+00 1.0549871e-01 1.1869048e-02 1.0454711e+00
       167 2.2968098e+00 1.0445496e-01 1.1673951e-02 1.0598859e+00
       168 2.2974593e+00 1.0479895e-01 1.1782237e-02 1.0837954e+00
       169 2.2964499e+00 1.0514652e-01 1.1799148e-02 1.0487511e+00
       170 2.2963566e+00 1.0549494e-01 1.1867460e-02 1.0481518e+00
       171 2.2960960e+00 1.0513376e-01 1.1777291e-02 1.0371339e+00
       172 2.2946599e+00 1.0607956e-01 1.1901829e-02 9.8871669e-01
       173 2.2937948e+00 1.0540504e-01 1.1715850e-02 9.5707094e-01
       174 2.2939672e+00 1.0433412e-01 1.1499750e-02 9.6070294e-01
       175 2.2921285e+00 1.0397495e-01 1.1337178e-02 8.9476427e-01
       176 2.2911394e+00 1.0451659e-01 1.1405700e-02 8.6146755e-01
       177 2.2906075e+00 1.0336969e-01 1.1144201e-02 8.4270431e-01
       178 2.2881379e+00 1.0351638e-01 1.1074842e-02 7.5237309e-01
       179 2.2880706e+00 1.0377187e-01 1.1125257e-02 7.5071263e-01
       180 2.2865695e+00 1.0342356e-01 1.0998643e-02 6.9770293e-01
       181 2.2853422e+00 1.0330563e-01 1.0933100e-02 6.5344376e-01
       182 2.2840172e+00 1.0304174e-01 1.0837585e-02 6.0942308e-01
       183 2.2831360e+00 1.0281119e-01 1.0764762e-02 5.7777754e-01
       184 2.2811664e+00 1.0318878e-01 1.0791471e-02 5.1007260e-01
       185 2.2800587e+00 1.0285661e-01 1.0697711e-02 4.7298973e-01
       186 2.2784468e+00 1.0268013e-01 1.0628984e-02 4.1909610e-01
       187 2.2769759e+00 1.0305641e-01 1.0681317e-02 3.7001116e-01
       188 2.2769885e+00 1.0323377e-01 1.0718101e-02 3.7074366e-01
       189 2.2748588e+00 1.0308997e-01 1.0659730e-02 3.0289844e-01
       190 2.2749260e+00 1.0182172e-01 1.0400618e-02 3.0096286e-01
       191 2.2722203e+00 1.0255739e-01 1.0527229e-02 2.2283660e-01
       192 2.2725612e+00 1.0220828e-01 1.0457930e-02 2.3138025e-01
       193 2.2713791e+00 1.0250741e-01 1.0512581e-02 2.0056672e-01
       194 2.2699285e+00 1.0234965e-01 1.0476004e-02 1.6712804e-01
       195 2.2688154e+00 1.0244476e-01 1.0495065e-02 1.4811286e-01
       196 2.2690137e+00 1.0113897e-01 1.0229122e-02 1.4852856e-01
       197 2.2679745e+00 1.0131707e-01 1.0266615e-02 1.3910179e-01
       198 2.2674260e+00 1.0135512e-01 1.0275955e-02 1.3793744e-01
       199 2.2678186e+00 1.0044450e-01 1.0090965e-02 1.3458486e-01
       200 2.2644079e+00 1.0197223e-01 1.0421158e-02 1.7371280e-01
       201 2.2663086e+00 1.0043810e-01 1.0096087e-02 1.3831373e-01
       202 2.2647770e+00 1.0098683e-01 1.0217773e-02 1.6084168e-01
       203 2.2636803e+00 1.0130419e-01 1.0292843e-02 1.8528299e-01
       204 2.2646130e+00 1.0050867e-01 1.0122899e-02 1.6435351e-01
       205 2.2645275e+00 1.0038569e-01 1.0098983e-02 1.6849958e-01
       206 2.2635238e+00 1.0048797e-01 1.0129884e-02 1.8431995e-01
       207 2.2625228e+00 1.0108161e-01 1.0261882e-02 2.1051818e-01
       208 2.2628686e+00 1.0030530e-01 1.0101055e-02 2.0174530e-01
       209 2.2626170e+00 1.0041283e-01 1.0125879e-02 2.0794563e-01
       210 2.2630019e+00 1.0046734e-01 1.0131920e-02 2.0167998e-01
       211 2.2613774e+00 1.0023650e-01 1.0108319e-02 2.4351084e-01
       212 2.2618058e+00 1.0020382e-01 1.0095263e-02 2.3185690e-01
       213 2.2620955e+00 9.9598087e-02 9.9700451e-03 2.1835985e-01
       214 2.2625697e+00 9.9260710e-02 9.8964552e-03 2.0596989e-01
       215 2.2628980e+00 9.9546608e-02 9.9490578e-03 1.9516806e-01
       216 2.2617722e+00 1.0025369e-01 1.0105758e-02 2.2779557e-01
       217 2.2614205e+00 9.9844814e-02 1.0029279e-02 2.3869254e-01
       218 2.2616498e+00 9.9671180e-02 9.9911282e-03 2.3172708e-01
       219 2.2618920e+00 1.0031850e-01 1.0116993e-02 2.2050448e-01
       220 2.2615000e+00 1.0040406e-01 1.0140040e-02 2.2978007e-01
       221 2.2619244e+00 1.0015562e-01 1.0083870e-02 2.1706597e-01
       222 2.2621412e+00 9.9598151e-02 9.9694115e-03 2.1196436e-01
       223 2.2627573e+00 1.0009886e-01 1.0061101e-02 1.9156694e-01
       224 2.2625434e+00 9.9055544e-02 9.8561155e-03 1.9955627e-01
       225 2.2625984e+00 9.9182839e-02 9.8806231e-03 1.9400527e-01
       226 2.2619602e+00 9.9858318e-02 1.0023886e-02 2.1022853e-01
       227 2.2619595e+00 9.9651669e-02 9.9826669e-03 2.0987547e-01
       228 2.2623895e+00 9.9379262e-02 9.9224211e-03 1.9895743e-01
       229 2.2630485e+00 9.9068763e-02 9.8522806e-03 1.7888698e-01
       230 2.2635077e+00 9.9518836e-02 9.9362345e-03 1.6441034e-01
       231 2.2639835e+00 9.9094036e-02 9.8466871e-03 1.5377690e-01
       232 2.2631932e+00 9.9237360e-02 9.8839588e-03 1.6937654e-01
       233 2.2631239e+00 9.8713937e-02 9.7811824e-03 1.7400224e-01
       234 2.2623738e+00 9.9541033e-02 9.9548141e-03 1.9188857e-01
       235 2.2628183e+00 9.9269876e-02 9.8950477e-03 1.7673620e-01
       236 2.2634022e+00 9.9113904e-02 9.8570104e-03 1.6336361e-01
       237 2.2638521e+00 9.8565472e-02 9.7435959e-03 1.4905789e-01
       238 2.2638677e+00 9.8982451e-02 9.8258025e-03 1.4774581e-01
       239 2.2646489e+00 9.8517428e-02 9.7262628e-03 1.2880384e-01
       240 2.2643677e+00 9.8662065e-02 9.7574127e-03 1.3257534e-01
       241 2.2641299e+00 9.8908685e-02 9.8084852e-03 1.3668655e-01
       242 2.2647892e+00 9.8590788e-02 9.7394694e-03 1.2509372e-01
       243 2.2645088e+00 9.8577331e-02 9.7393598e-03 1.2833441e-01
       244 2.2637629e+00 9.9047308e-02 9.8397714e-03 1.4329281e-01
       245 2.2642689e+00 9.8772072e-02 9.7800931e-03 1.3045716e-01
       246 2.2644273e+00 9.8358973e-02 9.6971267e-03 1.2423216e-01
       247 2.2659743e+00 9.7732898e-02 9.5620302e-03 1.0445279e-01
       248 2.2639877e+00 9.8563956e-02 9.7418690e-03 1.3374836e-01
       249 2.2650577e+00 9.8677803e-02 9.7543461e-03 1.1279087e-01
       250 2.2665603e+00 9.7244290e-02 9.4633428e-03 9.8285272e-02
       251 2.2654928e+00 9.8656842e-02 9.7468072e-03 1.0449169e-01
       252 2.2643677e+00 9.8693575e-02 9.7636315e-03 1.2491485e-01
       253 2.2646850e+00 9.7795532e-02 9.5842188e-03 1.1416081e-01
       254 2.2649018e+00 9.8146840e-02 9.6511510e-03 1.1228867e-01
       255 2.2648336e+00 9.8435831e-02 9.7085504e-03 1.1026146e-01
       256 2.2646576e+00 9.8608636e-02 9.7441636e-03 1.1089283e-01
       257 2.2658702e+00 9.7459260e-02 9.5092971e-03 9.2665148e-02
       258 2.2652719e+00 9.8357566e-02 9.6895252e-03 1.0443450e-01
       259 2.2651812e+00 9.7924791e-02 9.6052979e-03 1.0254570e-01
       260 2.2646634e+00 9.8010221e-02 9.6264513e-03 1.0971780e-01
       261 2.2652429e+00 9.7991448e-02 9.6178665e-03 9.9700516e-02
       262 2.2657029e+00 9.7963201e-02 9.6089161e-03 9.4460957e-02
       263 2.2653033e+00 9.7853901e-02 9.5904559e-03 9.5508813e-02
       264 2.2651888e+00 9.8183807e-02 9.6560317e-03 9.8159940e-02
       265 2.2652915e+00 9.7354883e-02 9.4931347e-03 9.4263475e-02
       266 2.2647411e+00 9.7586992e-02 9.5429720e-03 1.0403396e-01
       267 2.2652093e+00 9.7508400e-02 9.5236964e-03 9.4126908e-02
       268 2.2650113e+00 9.7025546e-02 9.4313787e-03 9.8572229e-02
       269 2.2652609e+00 9.8146698e-02 9.6481753e-03 9.2453270e-02
       270 2.2642630e+00 9.8201499e-02 9.6677639e-03 1.1317315e-01
       271 2.2648045e+00 9.7860185e-02 9.5958074e-03 9.8397548e-02
       272 2.2661055e+00 9.7318863e-02 9.4804464e-03 8.1112560e-02
       273 2.2655729e+00 9.7406541e-02 9.5010840e-03 8.7426309e-02
       274 2.2664147e+00 9.7007412e-02 9.4181140e-03 8.0295847e-02
       275 2.2651565e+00 9.6920763e-02 9.4098654e-03 8.9080160e-02
       276 2.2634523e+00 9.7339349e-02 9.5078164e-03 1.2695379e-01
       277 2.2657386e+00 9.6845611e-02 9.3909519e-03 8.2330171e-02
       278 2.2651222e+00 9.6729914e-02 9.3731851e-03 8.7673141e-02
       279 2.2648235e+00 9.7706907e-02 9.5656648e-03 9.3112509e-02
       280 2.2647421e+00 9.6813495e-02 9.3925950e-03 9.4373114e-02
       281 2.2646845e+00 9.6726516e-02 9.3762759e-03 9.6139968e-02
       282 2.2654882e+00 9.6559036e-02 9.3373162e-03 8.1795059e-02
       283 2.2639413e+00 9.7911102e-02 9.6140838e-03 1.0953195e-01
       284 2.2663053e+00 9.6436441e-02 9.3082816e-03 7.5793804e-02
       285 2.2649959e+00 9.6998628e-02 9.4262849e-03 8.5232300e-02
       286 2.2645764e+00 9.6919581e-02 9.4146469e-03 9.4727873e-02
       287 2.2644572e+00 9.7182297e-02 9.4667543e-03 9.8881712e-02
       288 2.2651198e+00 9.6830688e-02 9.3927103e-03 8.4708878e-02
       289 2.2639926e+00 9.7852200e-02 9.6020172e-03 1.0586163e-01
       290 2.2642675e+00 9.7341912e-02 9.4996332e-03 1.0064643e-01
       291 2.2643591e+00 9.6895522e-02 9.4120350e-03 9.6595710e-02
       292 2.2640411e+00 9.7024002e-02 9.4401198e-03 1.0553420e-01
       293 2.2648938e+00 9.6301746e-02 9.2924434e-03 8.4134031e-02
       294 2.2644021e+00 9.7191956e-02 9.4691558e-03 9.3673034e-02
       295 2.2649455e+00 9.6709490e-02 9.3707011e-03 8.3244916e-02
       296 2.2645643e+00 9.6449216e-02 9.3238046e-03 9.1817642e-02
       297 2.2640971e+00 9.7385124e-02 9.5097526e-03 1.0064524e-01
       298 2.2654737e+00 9.6889490e-02 9.4013496e-03 7.4223363e-02
       299 2.2664771e+00 9.6146295e-02 9.2514443e-03 7.1135410e-02
       300 2.2648801e+00 9.6451921e-02 9.3215075e-03 8.2387112e-02
       301 2.2644841e+00 9.6779240e-02 9.3883224e-03 8.8479264e-02
       302 2.2642902e+00 9.6894731e-02 9.4125510e-03 9.5115879e-02
       303 2.2656098e+00 9.5656477e-02 9.1629462e-03 7.0936707e-02
       304 2.2650239e+00 9.6626030e-02 9.3539066e-03 7.8073188e-02
       305 2.2652279e+00 9.6458412e-02 9.3198866e-03 7.3910418e-02
       306 2.2652082e+00 9.6120696e-02 9.2550058e-03 7.4477644e-02
       307 2.2649719e+00 9.6549965e-02 9.3396483e-03 7.7891574e-02
       308 2.2654646e+00 9.6774741e-02 9.3791941e-03 7.0625947e-02
       309 2.2643856e+00 9.6793343e-02 9.3919881e-03 8.5969906e-02
       310 2.2642357e+00 9.7057283e-02 9.4446151e-03 9.0575572e-02
       311 2.2655344e+00 9.5917309e-02 9.2134592e-03 6.7894081e-02
       312 2.2645063e+00 9.6833323e-02 9.3985860e-03 8.2002322e-02
       313 2.2642244e+00 9.6143063e-02 9.2680991e-03 8.9987116e-02
       314 2.2650816e+00 9.6322267e-02 9.2948196e-03 7.0534824e-02
       315 2.2648186e+00 9.5863375e-02 9.2088550e-03 7.5871255e-02
       316 2.2649999e+00 9.6476950e-02 9.3253193e-03 7.2126840e-02
       317 2.2652312e+00 9.6389617e-02 9.3065933e-03 6.7777300e-02
       318 2.2654689e+00 9.6235516e-02 9.2750865e-03 6.7128511e-02
       319 2.2649259e+00 9.6221612e-02 9.2767413e-03 7.0300802e-02
       320 2.2652727e+00 9.6128311e-02 9.2559609e-03 6.6323840e-02
       321 2.2643504e+00 9.6152552e-02 9.2686891e-03 8.4924315e-02
       322 2.2647958e+00 9.6525620e-02 9.3364633e-03 7.5646072e-02
       323 2.2661529e+00 9.5915921e-02 9.2090596e-03 6.2974407e-02
       324 2.2642412e+00 9.6304875e-02 9.2990737e-03 8.4699351e-02
       325 2.2648606e+00 9.6688507e-02 9.3673707e-03 6.9984608e-02
       326 2.2659907e+00 9.5748809e-02 9.1780398e-03 6.2277259e-02
       327 2.2654518e+00 9.5492435e-02 9.1327440e-03 6.3193231e-02
       328 2.2648692e+00 9.6065826e-02 9.2472720e-03 7.1292956e-02
       329 2.2638194e+00 9.6294531e-02 9.3014296e-03 8.8845002e-02
       330 2.2646034e+00 9.5463586e-02 9.1342901e-03 7.2032889e-02
       331 2.2642910e+00 9.6081602e-02 9.2556280e-03 8.0298787e-02
       332 2.2652142e+00 9.6402831e-02 9.3092753e-03 6.4643133e-02
       333 2.2652184e+00 9.5224843e-02 9.0835073e-03 6.3888538e-02
       334 2.2657954e+00 9.5532166e-02 9.1378859e-03 5.8481654e-02
       335 2.2653306e+00 9.5660874e-02 9.1658618e-03 6.0293462e-02
       336 2.2636721e+00 9.6001025e-02 9.2465919e-03 9.2641338e-02
       337 2.2656266e+00 9.5214077e-02 9.0783848e-03 5.7215814e-02
       338 2.2650725e+00 9.5811796e-02 9.1968151e-03 6.2560731e-02
       339 2.2665358e+00 9.5059535e-02 9.0433352e-03 6.3870443e-02
       340 2.2659094e+00 9.5537186e-02 9.1380857e-03 5.9410721e-02
       341 2.2653487e+00 9.5196034e-02 9.0770040e-03 5.9833519e-02
       342 2.2646795e+00 9.5787647e-02 9.1955753e-03 6.7943336e-02
       343 2.2647862e+00 9.5741040e-02 9.1856991e-03 6.5535222e-02
       344 2.2646311e+00 9.5737776e-02 9.1864622e-03 6.9304337e-02
       345 2.2644301e+00 9.6060087e-02 9.2501520e-03 7.0828318e-02
       346 2.2649674e+00 9.5353432e-02 9.1100676e-03 6.1378424e-02
       347 2.2643662e+00 9.5888478e-02 9.2178243e-03 7.1341103e-02
       348 2.2652034e+00 9.5405953e-02 9.1181515e-03 5.9106343e-02
       349 2.2646842e+00 9.6125419e-02 9.2603559e-03 6.6056332e-02
       350 2.2657597e+00 9.4656317e-02 8.9715534e-03 5.5749186e-02
       351 2.2649148e+00 9.5483030e-02 9.1352458e-03 6.1154857e-02
       352 2.2653394e+00 9.5382776e-02 9.1126648e-03 5.7692602e-02
       353 2.2644123e+00 9.5950109e-02 9.2292052e-03 7.0210633e-02
       354 2.2658463e+00 9.5369180e-02 9.1064294e-03 5.6522969e-02
       355 2.2649714e+00 9.5408362e-02 9.1205126e-03 6.0453137e-02
       356 2.2662329e+00 9.4601602e-02 8.9581798e-03 5.7915227e-02
       357 2.2659007e+00 9.5055473e-02 9.0463316e-03 5.6310437e-02
       358 2.2650747e+00 9.4943484e-02 9.0311622e-03 5.7257946e-02
       359 2.2652959e+00 9.5380633e-02 9.1125924e-03 5.5946461e-02
       360 2.2648186e+00 9.5204868e-02 9.0830348e-03 6.3849433e-02
       361 2.2651763e+00 9.5737969e-02 9.1818306e-03 5.6855986e-02
       362 2.2654420e+00 9.5031517e-02 9.0450018e-03 5.5857220e-02
       363 2.2655652e+00 9.4568839e-02 8.9563703e-03 5.5058708e-02
       364 2.2631718e+00 9.5808322e-02 9.2153972e-03 1.0079017e-01
       365 2.2641031e+00 9.5217080e-02 9.0921218e-03 7.3609397e-02
       366 2.2649946e+00 9.5159874e-02 9.0729636e-03 5.6931821e-02
       367 2.2659992e+00 9.4719549e-02 8.9819445e-03 5.5365975e-02
       368 2.2649890e+00 9.4726984e-02 8.9908104e-03 5.8135358e-02
       369 2.2642805e+00 9.5893888e-02 9.2196945e-03 6.9997740e-02
       370 2.2635980e+00 9.5928488e-02 9.2334929e-03 8.6210887e-02
       371 2.2643849e+00 9.5936165e-02 9.2267919e-03 6.8833506e-02
       372 2.2647186e+00 9.4874689e-02 9.0211586e-03 6.0715747e-02
       373 2.2651860e+00 9.5155312e-02 9.0705283e-03 5.5826807e-02
       374 2.2656006e+00 9.4747476e-02 8.9899346e-03 5.3029316e-02
       375 2.2651380e+00 9.4752772e-02 8.9944682e-03 5.4054984e-02
       376 2.2644545e+00 9.5161458e-02 9.0780836e-03 6.4164701e-02
       377 2.2650581e+00 9.5567731e-02 9.1502252e-03 5.5245084e-02
       378 2.2654877e+00 9.5190761e-02 9.0749536e-03 5.2706904e-02
       379 2.2657674e+00 9.5270022e-02 9.0880593e-03 5.4465849e-02
       380 2.2647848e+00 9.5554453e-02 9.1500180e-03 5.8617837e-02
       381 2.2653022e+00 9.5082515e-02 9.0557629e-03 5.3116154e-02
       382 2.2649185e+00 9.5203713e-02 9.0819529e-03 5.5942346e-02
       383 2.2656318e+00 9.4561906e-02 8.9545818e-03 5.1793934e-02
       384 2.2653062e+00 9.4428692e-02 8.9318254e-03 5.1767690e-02
       385 2.2659811e+00 9.3745718e-02 8.7985267e-03 5.3393325e-02
       386 2.2657717e+00 9.4164840e-02 8.8786701e-03 5.2138979e-02
       387 2.2645936e+00 9.5550143e-02 9.1509135e-03 6.0322064e-02
       388 2.2652402e+00 9.4897762e-02 9.0211494e-03 5.2243390e-02
       389 2.2648627e+00 9.5763030e-02 9.1892427e-03 5.5779067e-02
       390 2.2648578e+00 9.5114341e-02 9.0654655e-03 5.6563031e-02
       391 2.2653631e+00 9.5243657e-02 9.0859638e-03 5.1602403e-02
       392 2.2648025e+00 9.5641389e-02 9.1664846e-03 5.6595371e-02
       393 2.2659806e+00 9.3881617e-02 8.8240280e-03 5.3583899e-02
       394 2.2644232e+00 9.4705176e-02 8.9917476e-03 6.2435919e-02
       395 2.2648742e+00 9.5174991e-02 9.0768643e-03 5.5313722e-02
       396 2.2656793e+00 9.4726193e-02 8.9853438e-03 5.2181454e-02
       397 2.2642115e+00 9.4722229e-02 8.9970394e-03 6.5932791e-02
       398 2.2648560e+00 9.4509260e-02 8.9507435e-03 5.4726278e-02
       399 2.2652926e+00 9.4761045e-02 8.9948088e-03 5.0684069e-02
       400 2.2645309e+00 9.5692220e-02 9.1786644e-03 5.9529021e-02
       401 2.2651340e+00 9.5142734e-02 9.0685527e-03 5.2371939e-02
       402 2.2657501e+00 9.4085035e-02 8.8637945e-03 5.2212065e-02
       403 2.2646251e+00 9.4439622e-02 8.9396378e-03 5.7179626e-02
       404 2.2645328e+00 9.5205259e-02 9.0856869e-03 5.9596878e-02
       405 2.2650692e+00 9.5195069e-02 9.0790433e-03 5.2866315e-02
       406 2.2648988e+00 9.4921693e-02 9.0285016e-03 5.3298489e-02
       407 2.2655043e+00 9.3943485e-02 8.8389281e-03 5.0028713e-02
       408 2.2665030e+00 9.4279770e-02 8.8958699e-03 6.4307222e-02
       409 2.2653211e+00 9.4656904e-02 8.9748613e-03 5.0874042e-02
       410 2.2655330e+00 9.4379199e-02 8.9207729e-03 5.1341129e-02
       411 2.2650996e+00 9.3800746e-02 8.8152732e-03 5.1824217e-02
       412 2.2648752e+00 9.5163864e-02 9.0747382e-03 5.4033923e-02
       413 2.2654367e+00 9.4824629e-02 9.0057626e-03 5.1359342e-02
       414 2.2641569e+00 9.5609667e-02 9.1664932e-03 6.3318020e-02
       415 2.2649489e+00 9.4865124e-02 9.0173393e-03 5.2846701e-02
       416 2.2652609e+00 9.4282596e-02 8.9046088e-03 5.0328597e-02
       417 2.2657865e+00 9.4726066e-02 8.9845799e-03 5.3884931e-02
       418 2.2644685e+00 9.5125635e-02 9.0711343e-03 5.9800157e-02
       419 2.2645781e+00 9.4432083e-02 8.9386443e-03 5.8259189e-02
       420 2.2662967e+00 9.3579697e-02 8.7655041e-03 5.9674258e-02
       421 2.2652844e+00 9.4452586e-02 8.9365082e-03 5.0210440e-02
       422 2.2653764e+00 9.4286596e-02 8.9044699e-03 5.0425564e-02
       423 2.2658893e+00 9.3700549e-02 8.7906564e-03 5.2790656e-02
       424 2.2656487e+00 9.3944662e-02 8.8381074e-03 5.1507856e-02
       425 2.2654991e+00 9.4758108e-02 8.9926872e-03 5.1627159e-02
       426 2.2643120e+00 9.4479440e-02 8.9501135e-03 6.1929413e-02
       427 2.2658477e+00 9.3683812e-02 8.7877962e-03 5.2629216e-02
       428 2.2651613e+00 9.4387624e-02 8.9252161e-03 5.0235748e-02
       429 2.2655090e+00 9.3883455e-02 8.8276186e-03 5.0094558e-02
       430 2.2650473e+00 9.4235453e-02 8.8974439e-03 5.1303399e-02
       431 2.2657461e+00 9.3678107e-02 8.7874156e-03 5.1209033e-02
       432 2.2651982e+00 9.3863610e-02 8.8262741e-03 4.9436140e-02
       433 2.2645694e+00 9.3708141e-02 8.8025227e-03 5.6422214e-02
       434 2.2647913e+00 9.4491126e-02 8.9478801e-03 5.2450256e-02
       435 2.2656112e+00 9.3699388e-02 8.7923495e-03 5.0621400e-02
       436 2.2655798e+00 9.3625259e-02 8.7786889e-03 5.0312895e-02
       437 2.2651827e+00 9.4148910e-02 8.8800382e-03 5.0622482e-02
       438 2.2647893e+00 9.3359019e-02 8.7352310e-03 5.1795333e-02
       439 2.2642863e+00 9.4633037e-02 8.9794118e-03 6.0905872e-02
       440 2.2648373e+00 9.4012336e-02 8.8572246e-03 5.2091909e-02
       441 2.2651623e+00 9.4229412e-02 8.8953667e-03 4.9784033e-02
       442 2.2648273e+00 9.4533766e-02 8.9556256e-03 5.1757755e-02
       443 2.2650863e+00 9.4102053e-02 8.8719983e-03 5.0298814e-02
       444 2.2657608e+00 9.3727293e-02 8.7965325e-03 5.2588449e-02
       445 2.2637605e+00 9.4405347e-02 8.9417981e-03 7.1036030e-02
       446 2.2644019e+00 9.4291040e-02 8.9136817e-03 5.9258120e-02
       447 2.2656115e+00 9.3407878e-02 8.7378035e-03 4.9925094e-02
       448 2.2659578e+00 9.2975561e-02 8.6548719e-03 5.3974685e-02
       449 2.2655867e+00 9.3660993e-02 8.7853315e-03 5.0798429e-02
       450 2.2644957e+00 9.4437405e-02 8.9404158e-03 5.7001289e-02
       451 2.2645116e+00 9.4066983e-02 8.8704405e-03 5.6661065e-02
       452 2.2646871e+00 9.3814695e-02 8.8214307e-03 5.4071718e-02
       453 2.2654977e+00 9.3670422e-02 8.7877465e-03 5.0221422e-02
       454 2.2660025e+00 9.3111059e-02 8.6797997e-03 5.4574342e-02
       455 2.2660420e+00 9.3427318e-02 8.7385441e-03 5.5344647e-02
       456 2.2656869e+00 9.4304547e-02 8.9055864e-03 5.3420381e-02
       457 2.2655006e+00 9.3975298e-02 8.8449335e-03 5.0696846e-02
       458 2.2646748e+00 9.4176454e-02 8.8895496e-03 5.3065960e-02
       459 2.2660139e+00 9.3547203e-02 8.7611368e-03 5.5889460e-02
       460 2.2657223e+00 9.3304302e-02 8.7176853e-03 5.1505660e-02
       461 2.2655183e+00 9.3573000e-02 8.7693529e-03 4.9894399e-02
       462 2.2655058e+00 9.3783141e-02 8.8088168e-03 5.0882820e-02
       463 2.2652436e+00 9.3551693e-02 8.7674566e-03 4.9265804e-02
       464 2.2647067e+00 9.4552334e-02 8.9602017e-03 5.2942970e-02
       465 2.2646026e+00 9.4178454e-02 8.8905821e-03 5.4590019e-02
       466 2.2658519e+00 9.2815910e-02 8.6259045e-03 5.2429615e-02
       467 2.2647952e+00 9.4221413e-02 8.8969475e-03 5.1981188e-02
       468 2.2649568e+00 9.4187616e-02 8.8891871e-03 5.1320242e-02
       469 2.2649433e+00 9.3401377e-02 8.7418123e-03 4.9883513e-02
       470 2.2654296e+00 9.3016366e-02 8.6661499e-03 4.8233051e-02
       471 2.2653999e+00 9.2770920e-02 8.6207732e-03 4.7961564e-02
       472 2.2656160e+00 9.3072721e-02 8.6752713e-03 5.0258864e-02
       473 2.2654203e+00 9.3941876e-02 8.8392514e-03 5.0697998e-02
       474 2.2662167e+00 9.3243701e-02 8.7032003e-03 6.0932792e-02
       475 2.2649477e+00 9.3561023e-02 8.7716221e-03 4.9890260e-02
       476 2.2656149e+00 9.2725217e-02 8.6107137e-03 5.0162962e-02
       477 2.2648204e+00 9.4097593e-02 8.8734092e-03 5.0917244e-02
       478 2.2640335e+00 9.3816279e-02 8.8280351e-03 6.4644766e-02
       479 2.2657821e+00 9.3273073e-02 8.7114478e-03 5.2847755e-02
       480 2.2655465e+00 9.3554248e-02 8.7656380e-03 5.0881404e-02
       481 2.2663201e+00 9.3250831e-02 8.7039268e-03 6.3486422e-02
       482 2.2649140e+00 9.2651839e-02 8.6026074e-03 5.0040843e-02
       483 2.2653633e+00 9.3068168e-02 8.6762915e-03 4.8973235e-02
       484 2.2642444e+00 9.3570158e-02 8.7797872e-03 6.0420559e-02
       485 2.2645113e+00 9.3705233e-02 8.8025174e-03 5.5551610e-02
       486 2.2652261e+00 9.3133195e-02 8.6894672e-03 4.9045275e-02
       487 2.2648243e+00 9.2733183e-02 8.6184615e-03 5.0505629e-02
       488 2.2651918e+00 9.2875744e-02 8.6418520e-03 4.9083113e-02
       489 2.2654890e+00 9.2718261e-02 8.6103387e-03 4.9065402e-02
       490 2.2632621e+00 9.4389268e-02 8.9444190e-03 8.2504282e-02
       491 2.2657382e+00 9.3045640e-02 8.6693740e-03 5.2436499e-02
       492 2.2662303e+00 9.2870628e-02 8.6336858e-03 5.9667630e-02
       493 2.2650266e+00 9.3764132e-02 8.8090073e-03 5.0055029e-02
       494 2.2654254e+00 9.2910144e-02 8.6464314e-03 4.8761204e-02
       495 2.2658250e+00 9.2591702e-02 8.5845149e-03 5.2077856e-02
       496 2.2649512e+00 9.3264100e-02 8.7161205e-03 5.0211773e-02
       497 2.2650740e+00 9.3240175e-02 8.7106331e-03 4.9490452e-02
       498 2.2644667e+00 9.3886417e-02 8.8369246e-03 5.5265779e-02
       499 2.2642083e+00 9.3865123e-02 8.8354322e-03 6.0972099e-02
       500 2.2654917e+00 9.2911266e-02 8.6461458e-03 4.9339481e-02
       501 2.2656402e+00 9.3553019e-02 8.7647351e-03 5.2106343e-02
       502 2.2644455e+00 9.3628437e-02 8.7887502e-03 5.6863017e-02
       503 2.2648155e+00 9.3157428e-02 8.6974013e-03 5.1206219e-02
       504 2.2652844e+00 9.2732393e-02 8.6145136e-03 4.8572953e-02
       505 2.2652040e+00 9.2492324e-02 8.5706808e-03 4.8198473e-02
       506 2.2641711e+00 9.3499918e-02 8.7673768e-03 6.0674135e-02
       507 2.2651920e+00 9.3312169e-02 8.7231076e-03 4.9415528e-02
       508 2.2641832e+00 9.3667101e-02 8.7985466e-03 6.0467360e-02
       509 2.2653823e+00 9.3028246e-02 8.6687176e-03 4.9596654e-02
       510 2.2656446e+00 9.2689635e-02 8.6039054e-03 5.1336932e-02
       511 2.2650105e+00 9.3419793e-02 8.7446870e-03 4.9759421e-02
       512 2.2659470e+00 9.2717929e-02 8.6071011e-03 5.4637044e-02
       513 2.2651960e+00 9.3216060e-02 8.7051487e-03 4.8965838e-02
       514 2.2655306e+00 9.2625006e-02 8.5927486e-03 4.9628390e-02
       515 2.2654616e+00 9.2952974e-02 8.6541214e-03 4.9643507e-02
       516 2.2658154e+00 9.2495823e-02 8.5668336e-03 5.1619773e-02
       517 2.2650874e+00 9.3917350e-02 8.8372618e-03 4.9997922e-02
       518 2.2648262e+00 9.3110722e-02 8.6886084e-03 5.0916979e-02
       519 2.2655981e+00 9.2826893e-02 8.6297003e-03 5.0590609e-02
       520 2.2653055e+00 9.2917251e-02 8.6486686e-03 4.9257869e-02
       521 2.2658213e+00 9.2433170e-02 8.5552072e-03 5.2097021e-02
       522 2.2656607e+00 9.2984012e-02 8.6584495e-03 5.1566901e-02
       523 2.2645608e+00 9.3592973e-02 8.7810307e-03 5.3923421e-02
       524 2.2661946e+00 9.2547482e-02 8.5739808e-03 5.9936016e-02
       525 2.2667881e+00 9.2299685e-02 8.5249784e-03 7.2676764e-02
       526 2.2646897e+00 9.3177032e-02 8.7021695e-03 5.2096899e-02
       527 2.2657067e+00 9.3011573e-02 8.6632532e-03 5.3448017e-02
       528 2.2667785e+00 9.1954777e-02 8.4614736e-03 7.2462685e-02
       529 2.2647885e+00 9.2862406e-02 8.6427583e-03 5.0864583e-02
       530 2.2647350e+00 9.3399086e-02 8.7431949e-03 5.1919948e-02
       531 2.2658776e+00 9.2224224e-02 8.5162485e-03 5.3400756e-02
       532 2.2658120e+00 9.2499101e-02 8.5674627e-03 5.3447898e-02
       533 2.2649638e+00 9.3301180e-02 8.7229315e-03 4.9673230e-02
       534 2.2659892e+00 9.2484950e-02 8.5636810e-03 5.5902325e-02
       535 2.2652106e+00 9.2267150e-02 8.5290256e-03 4.8168040e-02
       536 2.2657288e+00 9.1788167e-02 8.4370151e-03 5.0465230e-02
       537 2.2653098e+00 9.2687703e-02 8.6060302e-03 4.9186279e-02
       538 2.2646297e+00 9.2951575e-02 8.6607492e-03 5.2773309e-02
       539 2.2646762e+00 9.3201051e-02 8.7067680e-03 5.2704094e-02
       540 2.2648073e+00 9.2969702e-02 8.6625326e-03 5.0734879e-02
       541 2.2648591e+00 9.2183818e-02 8.5165722e-03 4.9926211e-02
       542 2.2654801e+00 9.2471891e-02 8.5647795e-03 4.9651079e-02
       543 2.2649037e+00 9.2947998e-02 8.6576624e-03 5.0438979e-02
       544 2.2636932e+00 9.3079556e-02 8.6939673e-03 7.2079307e-02
       545 2.2642651e+00 9.2889422e-02 8.6526536e-03 5.8738820e-02
       546 2.2659086e+00 9.1987149e-02 8.4723725e-03 5.3340358e-02
       547 2.2652533e+00 9.2692372e-02 8.6073361e-03 4.8907061e-02
       548 2.2651441e+00 9.2494320e-02 8.5715305e-03 4.8804457e-02
       549 2.2668386e+00 9.1908397e-02 8.4526602e-03 7.3988693e-02
       550 2.2658030e+00 9.2462638e-02 8.5607793e-03 5.3677902e-02
       551 2.2645453e+00 9.2787641e-02 8.6310759e-03 5.3709426e-02
       552 2.2649073e+00 9.2586019e-02 8.5904720e-03 4.9572423e-02
       553 2.2658617e+00 9.2205679e-02 8.5129337e-03 5.2527118e-02
       554 2.2645434e+00 9.3671787e-02 8.7959510e-03 5.5107543e-02
       555 2.2649730e+00 9.3384351e-02 8.7383808e-03 4.9491390e-02
       556 2.2651255e+00 9.2918528e-02 8.6503346e-03 4.9142190e-02
       557 2.2652464e+00 9.2317367e-02 8.5380111e-03 4.8182979e-02
       558 2.2641816e+00 9.3323303e-02 8.7342760e-03 6.0251894e-02
       559 2.2664382e+00 9.1526737e-02 8.3846900e-03 6.2963236e-02
       560 2.2656206e+00 9.2237861e-02 8.5205299e-03 5.0664615e-02
       561 2.2659494e+00 9.2174664e-02 8.5066398e-03 5.5468304e-02
       562 2.2655702e+00 9.1717186e-02 8.4251114e-03 4.9235223e-02
       563 2.2656330e+00 9.2024652e-02 8.4811555e-03 5.0332233e-02
       564 2.2651037e+00 9.2301550e-02 8.5362360e-03 4.9367928e-02
       565 2.2650377e+00 9.2648668e-02 8.6009783e-03 4.9401206e-02
       566 2.2655524e+00 9.2046059e-02 8.4856748e-03 4.9573683e-02
       567 2.2656371e+00 9.2027902e-02 8.4817245e-03 5.0942608e-02
       568 2.2650498e+00 9.2015504e-02 8.4839558e-03 4.8571309e-02
       569 2.2654599e+00 9.1766866e-02 8.4350362e-03 4.8906952e-02
       570 2.2658669e+00 9.1245737e-02 8.3367964e-03 5.2586589e-02
       571 2.2643972e+00 9.1614010e-02 8.4160529e-03 5.6616205e-02
       572 2.2650393e+00 9.3073984e-02 8.6799557e-03 4.9464712e-02
       573 2.2655220e+00 9.1988021e-02 8.4752156e-03 4.9726547e-02
       574 2.2660901e+00 9.1490375e-02 8.3800689e-03 5.6170029e-02
       575 2.2645096e+00 9.2571736e-02 8.5913888e-03 5.3863616e-02
       576 2.2655837e+00 9.2047671e-02 8.4857453e-03 5.0154117e-02
       577 2.2652620e+00 9.2042881e-02 8.4872840e-03 4.8510478e-02
       578 2.2667245e+00 9.1403498e-02 8.3606550e-03 7.1281038e-02
       579 2.2651785e+00 9.1888060e-02 8.4594698e-03 4.8144263e-02
       580 2.2646050e+00 9.2191433e-02 8.5202395e-03 5.3415341e-02
       581 2.2655357e+00 9.1196969e-02 8.3302071e-03 4.8253123e-02
       582 2.2661058e+00 9.1344340e-02 8.3532717e-03 5.6487639e-02
       583 2.2651985e+00 9.1813137e-02 8.4455466e-03 4.8190265e-02
       584 2.2653139e+00 9.2648389e-02 8.5987121e-03 4.9388882e-02
       585 2.2650489e+00 9.2005265e-02 8.4820791e-03 4.8789837e-02
       586 2.2647919e+00 9.1595818e-02 8.4090960e-03 5.0443144e-02
       587 2.2650883e+00 9.2029256e-02 8.4861694e-03 4.8599982e-02
       588 2.2651316e+00 9.1596631e-02 8.4063752e-03 4.7705115e-02
       589 2.2647128e+00 9.2413906e-02 8.5603332e-03 5.1657267e-02
       590 2.2650550e+00 9.1978814e-02 8.4771620e-03 4.8838803e-02
       591 2.2643843e+00 9.2168968e-02 8.5181689e-03 5.7572681e-02
       592 2.2650667e+00 9.1963629e-02 8.4742718e-03 4.8102747e-02
       593 2.2650821e+00 9.2027098e-02 8.4858236e-03 4.8588157e-02
       594 2.2652180e+00 9.1576194e-02 8.4019391e-03 4.7714306e-02
       595 2.2651627e+00 9.2424840e-02 8.5585323e-03 5.0070972e-02
       596 2.2656907e+00 9.1309510e-02 8.3496392e-03 5.0233393e-02
       597 2.2666738e+00 9.1176146e-02 8.3193973e-03 6.9697833e-02
       598 2.2661128e+00 9.1375347e-02 8.3588945e-03 5.7198497e-02
       599 2.2653122e+00 9.1948159e-02 8.4694652e-03 4.8587484e-02
       600 2.2647759e+00 9.2031142e-02 8.4891736e-03 5.0649226e-02
       601 2.2649135e+00 9.1769314e-02 8.4398554e-03 4.9283404e-02
       602 2.2652976e+00 9.1608037e-02 8.4071468e-03 4.8703812e-02
       603 2.2645219e+00 9.1926937e-02 8.4723095e-03 5.3403752e-02
       604 2.2659969e+00 9.1559870e-02 8.3933759e-03 5.4874838e-02
       605 2.2659177e+00 9.1074868e-02 8.3053090e-03 5.3163056e-02
       606 2.2656113e+00 9.1301290e-02 8.3486990e-03 4.9199234e-02
       607 2.2651236e+00 9.2038012e-02 8.4874934e-03 4.8736486e-02
       608 2.2648207e+00 9.2032729e-02 8.4890732e-03 5.0203459e-02
       609 2.2642895e+00 9.1573515e-02 8.4096772e-03 5.8532615e-02
       610 2.2664652e+00 9.0782658e-02 8.2488901e-03 6.4078545e-02
       611 2.2650113e+00 9.1928531e-02 8.4682769e-03 4.8763475e-02
       612 2.2660368e+00 9.0541142e-02 8.2076116e-03 5.4260346e-02
       613 2.2652094e+00 9.1515352e-02 8.3908673e-03 4.8075808e-02
       614 2.2661325e+00 9.0778446e-02 8.2500462e-03 5.5974674e-02
       615 2.2650977e+00 9.1701165e-02 8.4258122e-03 4.8078014e-02
       616 2.2666660e+00 9.0408770e-02 8.1800928e-03 6.7329192e-02
       617 2.2656439e+00 9.1240143e-02 8.3373052e-03 4.9941844e-02
       618 2.2658596e+00 9.0724299e-02 8.2419592e-03 5.0746328e-02
       619 2.2643997e+00 9.1504391e-02 8.3959555e-03 5.7008493e-02
       620 2.2651290e+00 9.1465170e-02 8.3823311e-03 4.7933860e-02
       621 2.2654704e+00 9.1076361e-02 8.3087044e-03 4.7884751e-02
       622 2.2649435e+00 9.1648385e-02 8.4174196e-03 4.8688489e-02
       623 2.2652738e+00 9.0853479e-02 8.2696546e-03 4.8177180e-02
       624 2.2650914e+00 9.0977709e-02 8.2937040e-03 4.8038773e-02
       625 2.2650408e+00 9.0698757e-02 8.2434415e-03 4.7327139e-02
       626 2.2658364e+00 9.1174054e-02 8.3239231e-03 5.3376317e-02
       627 2.2642454e+00 9.2043897e-02 8.4964816e-03 5.8675040e-02
       628 2.2662312e+00 9.0930476e-02 8.2770783e-03 5.8384048e-02
       629 2.2645423e+00 9.1988807e-02 8.4834979e-03 5.3217256e-02
       630 2.2656261e+00 9.0277420e-02 8.1626806e-03 4.8673063e-02
       631 2.2653022e+00 9.1565117e-02 8.3992490e-03 4.7662112e-02
       632 2.2658010e+00 9.1056395e-02 8.3027209e-03 5.1041249e-02
       633 2.2647940e+00 9.1601808e-02 8.4101744e-03 5.0507330e-02
       634 2.2660456e+00 9.1217554e-02 8.3304999e-03 5.5629497e-02
       635 2.2654954e+00 9.0838010e-02 8.2651592e-03 4.8566374e-02
       636 2.2657390e+00 9.0418217e-02 8.1873313e-03 4.9155183e-02
       637 2.2649669e+00 9.1472149e-02 8.3849491e-03 4.9202834e-02
       638 2.2657768e+00 9.1471372e-02 8.3786297e-03 5.1443992e-02
       639 2.2659609e+00 9.0794336e-02 8.2540082e-03 5.4391251e-02
       640 2.2645254e+00 9.1166607e-02 8.3330652e-03 5.4136874e-02
       641 2.2650152e+00 9.1616562e-02 8.4109842e-03 4.8575836e-02
       642 2.2649153e+00 9.0928745e-02 8.2862695e-03 4.9381119e-02
       643 2.2666004e+00 9.0100884e-02 8.1248510e-03 6.5388985e-02
       644 2.2657729e+00 9.0797507e-02 8.2558321e-03 5.0677799e-02
       645 2.2657993e+00 9.1015172e-02 8.2952265e-03 5.1732604e-02
       646 2.2653430e+00 9.0940160e-02 8.2848761e-03 4.7665284e-02
       647 2.2654744e+00 9.0623212e-02 8.2263370e-03 4.6972736e-02
       648 2.2652548e+00 9.0620821e-02 8.2275821e-03 4.7644142e-02
       649 2.2650700e+00 9.0932046e-02 8.2855728e-03 4.8029906e-02
       650 2.2649452e+00 9.1086035e-02 8.3146446e-03 4.8830215e-02
       651 2.2654154e+00 9.1084914e-02 8.3106736e-03 4.7983721e-02
       652 2.2651847e+00 9.1337868e-02 8.3586107e-03 4.7666879e-02
       653 2.2659826e+00 9.0629430e-02 8.2239508e-03 5.3114314e-02
       654 2.2651471e+00 9.1394415e-02 8.3692460e-03 4.8572715e-02
       655 2.2652617e+00 9.0979593e-02 8.2926811e-03 4.7872474e-02
       656 2.2653578e+00 9.0364256e-02 8.1803483e-03 4.6808193e-02
       657 2.2651041e+00 9.1009169e-02 8.2993253e-03 4.8076669e-02
       658 2.2660803e+00 9.1036986e-02 8.2973739e-03 5.7516020e-02
       659 2.2655194e+00 9.0267517e-02 8.1616635e-03 4.7168985e-02
       660 2.2651214e+00 9.0560263e-02 8.2176767e-03 4.7269258e-02
       661 2.2658657e+00 9.0560294e-02 8.2121869e-03 5.0829945e-02
       662 2.2654289e+00 9.0179234e-02 8.1464047e-03 4.6610836e-02
       663 2.2657306e+00 9.0404021e-02 8.1848217e-03 4.8975410e-02
       664 2.2650851e+00 9.0652576e-02 8.2347016e-03 4.7300757e-02
       665 2.2658028e+00 9.0204063e-02 8.1482143e-03 5.0904672e-02
       666 2.2651675e+00 9.0569229e-02 8.2189280e-03 4.6867952e-02
       667 2.2654924e+00 9.0804044e-02 8.2590123e-03 4.8583278e-02
       668 2.2651546e+00 9.0565703e-02 8.2183931e-03 4.6839624e-02
       669 2.2652630e+00 9.0760204e-02 8.2527991e-03 4.7935831e-02
       670 2.2652022e+00 9.0572223e-02 8.2191924e-03 4.7457638e-02
       671 2.2648941e+00 9.0433715e-02 8.1966712e-03 4.9174636e-02
       672 2.2646883e+00 9.0758222e-02 8.2572783e-03 5.1949869e-02
       673 2.2646832e+00 9.0174522e-02 8.1517132e-03 5.2020506e-02
       674 2.2650204e+00 9.0413720e-02 8.1919870e-03 4.8042690e-02
       675 2.2651257e+00 9.0491290e-02 8.2051536e-03 4.7482753e-02
       676 2.2646263e+00 9.0875609e-02 8.2791609e-03 5.2317832e-02
       677 2.2651579e+00 9.0356073e-02 8.1804401e-03 4.6875172e-02
       678 2.2663621e+00 8.9739211e-02 8.0610967e-03 5.8753524e-02
       679 2.2654614e+00 9.0418849e-02 8.1894358e-03 4.7556883e-02
       680 2.2659563e+00 9.1012000e-02 8.2936104e-03 5.4591918e-02
       681 2.2665314e+00 8.9793315e-02 8.0698829e-03 6.3317589e-02
       682 2.2652930e+00 9.0671626e-02 8.2364936e-03 4.7109752e-02
       683 2.2655351e+00 9.0034428e-02 8.1195219e-03 4.7773021e-02
       684 2.2653741e+00 9.0445469e-02 8.1949080e-03 4.7224349e-02
       685 2.2662559e+00 9.0307617e-02 8.1640475e-03 5.8908881e-02
       686 2.2652127e+00 8.9873733e-02 8.0930699e-03 4.6455606e-02
       687 2.2640610e+00 9.1770512e-02 8.4480855e-03 6.3384949e-02
       688 2.2651671e+00 9.0544967e-02 8.2145370e-03 4.6959808e-02
       689 2.2648883e+00 9.0835957e-02 8.2696355e-03 4.9358529e-02
       690 2.2662975e+00 9.0158917e-02 8.1369699e-03 6.0238363e-02
       691 2.2657728e+00 9.0210001e-02 8.1494893e-03 5.0542191e-02
       692 2.2656153e+00 9.0219354e-02 8.1522771e-03 4.8726379e-02
       693 2.2656021e+00 9.0157206e-02 8.1411611e-03 4.7535896e-02
       694 2.2651720e+00 9.0192456e-02 8.1507855e-03 4.7085954e-02
       695 2.2656089e+00 9.0756498e-02 8.2495326e-03 4.9971487e-02
       696 2.2663137e+00 8.9581134e-02 8.0330258e-03 5.8353285e-02
       697 2.2649649e+00 9.0769849e-02 8.2569774e-03 4.8662243e-02
       698 2.2661647e+00 8.9362057e-02 7.9947015e-03 5.4088585e-02
       699 2.2659261e+00 8.9818309e-02 8.0779511e-03 5.1144664e-02
       700 2.2655678e+00 9.0219367e-02 8.1526202e-03 4.7737696e-02
       701 2.2665063e+00 8.9141135e-02 7.9533190e-03 6.0168300e-02
       702 2.2648514e+00 9.0516744e-02 8.2120636e-03 4.9426576e-02
       703 2.2643623e+00 9.0150123e-02 8.1503059e-03 5.7215400e-02
       704 2.2661248e+00 8.9421050e-02 8.0054912e-03 5.4309335e-02
       705 2.2644045e+00 9.0169790e-02 8.1534468e-03 5.6689769e-02
       706 2.2650380e+00 8.9597283e-02 8.0448731e-03 4.7067788e-02
       707 2.2656302e+00 8.9815542e-02 8.0794707e-03 4.7964126e-02
       708 2.2663788e+00 8.8918388e-02 7.9143565e-03 5.8406360e-02
       709 2.2649209e+00 8.9536855e-02 8.0350334e-03 4.9285282e-02
       710 2.2653837e+00 8.9233591e-02 7.9770862e-03 4.5555156e-02
       711 2.2652968e+00 8.9542163e-02 8.0329191e-03 4.6238387e-02
       712 2.2652000e+00 8.9683698e-02 8.0590482e-03 4.6882322e-02
       713 2.2643871e+00 9.0278750e-02 8.1732754e-03 5.7303081e-02
       714 2.2657500e+00 8.9976819e-02 8.1076294e-03 4.9390836e-02
       715 2.2653355e+00 8.9489857e-02 8.0232555e-03 4.5523414e-02
       716 2.2658217e+00 8.9904885e-02 8.0942020e-03 5.0587878e-02
       717 2.2652688e+00 9.0484251e-02 8.2027391e-03 4.6977572e-02
       718 2.2655040e+00 8.9550490e-02 8.0328425e-03 4.6674413e-02
       719 2.2664055e+00 8.9552019e-02 8.0272918e-03 6.0739644e-02
       720 2.2654649e+00 8.9834295e-02 8.0840420e-03 4.6077098e-02
       721 2.2647859e+00 8.9374831e-02 8.0072157e-03 5.0408288e-02
       722 2.2654125e+00 8.9361834e-02 7.9997713e-03 4.6203314e-02
       723 2.2654287e+00 8.9866762e-02 8.0901472e-03 4.6410052e-02
       724 2.2659564e+00 8.9108189e-02 7.9506953e-03 5.0456365e-02
       725 2.2641987e+00 9.0450097e-02 8.2060860e-03 6.0378525e-02
       726 2.2660365e+00 8.8858647e-02 7.9057740e-03 5.1418958e-02
       727 2.2646358e+00 8.9693933e-02 8.0656993e-03 5.2606011e-02
       728 2.2642193e+00 9.0100563e-02 8.1427728e-03 6.0220512e-02
       729 2.2659173e+00 8.9679921e-02 8.0531680e-03 5.0416674e-02
       730 2.2653650e+00 8.9227536e-02 7.9761480e-03 4.5396080e-02
       731 2.2653988e+00 8.9834561e-02 8.0845861e-03 4.6702011e-02
       732 2.2650553e+00 8.9335033e-02 7.9978048e-03 4.7396789e-02
       733 2.2662839e+00 8.9107433e-02 7.9485530e-03 5.6074685e-02
       734 2.2661274e+00 8.9372566e-02 7.9968065e-03 5.5284575e-02
       735 2.2658311e+00 8.9419573e-02 8.0071111e-03 4.9625913e-02
       736 2.2667256e+00 8.9388652e-02 7.9963812e-03 6.7567851e-02
       737 2.2653885e+00 8.9392331e-02 8.0054045e-03 4.6579264e-02
       738 2.2653929e+00 8.9565171e-02 8.0363023e-03 4.6531825e-02
       739 2.2655104e+00 8.9271293e-02 7.9828685e-03 4.6013920e-02
       740 2.2657734e+00 8.9201709e-02 7.9685858e-03 4.8321643e-02
       741 2.2647975e+00 8.9534864e-02 8.0357450e-03 5.0267658e-02
       742 2.2653153e+00 8.9556007e-02 8.0352554e-03 4.6479031e-02
       743 2.2657941e+00 8.9439419e-02 8.0109103e-03 4.9061451e-02
       744 2.2651982e+00 8.9890558e-02 8.0962096e-03 4.6595563e-02
       745 2.2652745e+00 8.9132293e-02 7.9598600e-03 4.5557867e-02
       746 2.2647610e+00 8.9511033e-02 8.0317994e-03 5.0742545e-02
       747 2.2651781e+00 8.9299584e-02 7.9904738e-03 4.6901440e-02
       748 2.2647855e+00 8.9623422e-02 8.0517164e-03 5.0305580e-02
       749 2.2657934e+00 8.9814720e-02 8.0781890e-03 4.9701273e-02
       750 2.2650792e+00 8.9228145e-02 7.9785219e-03 4.7103185e-02
       751 2.2657586e+00 8.9548124e-02 8.0306087e-03 4.8144901e-02
       752 2.2662558e+00 8.8303891e-02 7.8061591e-03 5.3441934e-02
       753 2.2654772e+00 8.8920138e-02 7.9205414e-03 4.5352769e-02
       754 2.2647791e+00 9.0277185e-02 8.1693846e-03 5.0215761e-02
       755 2.2656344e+00 8.9409119e-02 8.0065995e-03 4.6820928e-02
       756 2.2656498e+00 8.8978050e-02 7.9295934e-03 4.8150026e-02
       757 2.2652506e+00 8.9454507e-02 8.0175908e-03 4.6619002e-02
       758 2.2653861e+00 8.9511463e-02 8.0267363e-03 4.6381146e-02
       759 2.2654513e+00 8.8726570e-02 7.8863470e-03 4.5513600e-02
       760 2.2646849e+00 8.9366026e-02 8.0065406e-03 5.1799945e-02
       761 2.2661893e+00 8.8625173e-02 7.8633975e-03 5.4009581e-02
       762 2.2657391e+00 8.9229999e-02 7.9738693e-03 4.7507529e-02
       763 2.2649545e+00 8.8930024e-02 7.9264489e-03 4.7881039e-02
       764 2.2638744e+00 8.9338767e-02 8.0096210e-03 7.0176893e-02
       765 2.2645869e+00 8.9191284e-02 7.9762304e-03 5.3604666e-02
       766 2.2644570e+00 8.9459489e-02 8.0253570e-03 5.5981457e-02
       767 2.2666196e+00 8.8589461e-02 7.8546755e-03 6.3840163e-02
       768 2.2658346e+00 8.9149068e-02 7.9587835e-03 5.0351087e-02
       769 2.2654683e+00 8.9574491e-02 8.0374058e-03 4.6419038e-02
       770 2.2665705e+00 8.8101558e-02 7.7687217e-03 6.0792479e-02
       771 2.2663822e+00 8.8331126e-02 7.8102454e-03 5.5850007e-02
       772 2.2653869e+00 8.9233840e-02 7.9771063e-03 4.5611509e-02
       773 2.2667477e+00 8.7688465e-02 7.6952088e-03 6.4797288e-02
       774 2.2653888e+00 8.9180668e-02 7.9676050e-03 4.6094551e-02
       775 2.2654649e+00 8.9200869e-02 7.9706368e-03 4.5689001e-02
       776 2.2653520e+00 8.9305667e-02 7.9901961e-03 4.6781655e-02
       777 2.2665272e+00 8.8137650e-02 7.7753108e-03 6.0069039e-02
       778 2.2654571e+00 8.9041640e-02 7.9423129e-03 4.6582740e-02
       779 2.2648521e+00 8.8629595e-02 7.8739820e-03 4.9778094e-02
       780 2.2662817e+00 8.8824098e-02 7.8981514e-03 5.4546794e-02
       781 2.2649593e+00 8.8985008e-02 7.9361907e-03 4.8582915e-02
       782 2.2656774e+00 8.9083323e-02 7.9481439e-03 4.7965815e-02
       783 2.2655217e+00 8.8290187e-02 7.8085791e-03 4.5164587e-02
       784 2.2658860e+00 8.8123509e-02 7.7766384e-03 4.7385719e-02
       785 2.2665685e+00 8.7723614e-02 7.7022803e-03 5.8253517e-02
       786 2.2657609e+00 8.8472783e-02 7.8391601e-03 4.7694760e-02
       787 2.2653332e+00 8.8440304e-02 7.8365263e-03 4.5151541e-02
       788 2.2653597e+00 8.8504326e-02 7.8476508e-03 4.5243718e-02
       789 2.2658115e+00 8.8287743e-02 7.8061082e-03 4.6937053e-02
       790 2.2669247e+00 8.7283153e-02 7.6234592e-03 6.7530893e-02
       791 2.2655760e+00 8.8844606e-02 7.9063910e-03 4.6100996e-02
       792 2.2652101e+00 8.8157297e-02 7.7875116e-03 4.5957475e-02
       793 2.2652146e+00 8.9087662e-02 7.9523783e-03 4.6402276e-02
       794 2.2657072e+00 8.8019293e-02 7.7594935e-03 4.5748121e-02
       795 2.2653133e+00 8.7981329e-02 7.7557070e-03 4.5362164e-02
       796 2.2656300e+00 8.8286208e-02 7.8070951e-03 4.6181307e-02
       797 2.2656546e+00 8.7601537e-02 7.6864949e-03 4.5375421e-02
       798 2.2647875e+00 8.8616385e-02 7.8722047e-03 5.0613318e-02
       799 2.2658253e+00 8.7827603e-02 7.7249773e-03 4.6785213e-02
       800 2.2648163e+00 8.8212966e-02 7.8006158e-03 5.0591521e-02
       801 2.2652389e+00 8.8721633e-02 7.8871024e-03 4.5661226e-02
       802 2.2651507e+00 8.8335188e-02 7.8193834e-03 4.6432738e-02
       803 2.2651466e+00 8.9332722e-02 7.9966463e-03 4.6855878e-02
       804 2.2648824e+00 8.8281351e-02 7.8121121e-03 4.9293484e-02
       805 2.2668496e+00 8.7201809e-02 7.6096108e-03 6.4708010e-02
       806 2.2650683e+00 8.8447451e-02 7.8399017e-03 4.6395038e-02
       807 2.2656798e+00 8.7735523e-02 7.7098104e-03 4.5141469e-02
       808 2.2647793e+00 8.8678486e-02 7.8832870e-03 5.0684316e-02
       809 2.2653229e+00 8.8031938e-02 7.7645406e-03 4.4691183e-02
       810 2.2654370e+00 8.8008315e-02 7.7595136e-03 4.4960638e-02
       811 2.2651627e+00 8.8674346e-02 7.8793214e-03 4.6506538e-02
       812 2.2659197e+00 8.8097185e-02 7.7717780e-03 4.8764579e-02
       813 2.2655305e+00 8.7849646e-02 7.7309184e-03 4.4793720e-02
       814 2.2655788e+00 8.7987933e-02 7.7548835e-03 4.5212705e-02
       815 2.2658940e+00 8.7975173e-02 7.7504638e-03 4.8158405e-02
       816 2.2659079e+00 8.7585463e-02 7.6819545e-03 4.7673342e-02
       817 2.2660771e+00 8.7387830e-02 7.6462939e-03 4.8759570e-02
       818 2.2653466e+00 8.7856470e-02 7.7334953e-03 4.5016539e-02
       819 2.2655680e+00 8.7516981e-02 7.6723069e-03 4.4273918e-02
       820 2.2645334e+00 8.8148575e-02 7.7918117e-03 5.5354713e-02
       821 2.2647961e+00 8.8957239e-02 7.9326556e-03 5.0373051e-02
       822 2.2661396e+00 8.7985653e-02 7.7507518e-03 5.1531099e-02
       823 2.2657220e+00 8.8172791e-02 7.7864353e-03 4.6665202e-02
       824 2.2663245e+00 8.7831293e-02 7.7225203e-03 5.5463745e-02
       825 2.2652627e+00 8.7381145e-02 7.6508517e-03 4.5070871e-02
       826 2.2658761e+00 8.7585424e-02 7.6821573e-03 4.7763071e-02
       827 2.2651953e+00 8.8007656e-02 7.7612677e-03 4.5770893e-02
       828 2.2663005e+00 8.7016750e-02 7.5802371e-03 5.2353115e-02
       829 2.2655298e+00 8.7718214e-02 7.7078482e-03 4.5787039e-02
       830 2.2655237e+00 8.7816058e-02 7.7250674e-03 4.4556029e-02
       831 2.2660574e+00 8.6954523e-02 7.5708729e-03 4.9478584e-02
       832 2.2655825e+00 8.8068479e-02 7.7690374e-03 4.5235468e-02
       833 2.2652330e+00 8.7957274e-02 7.7521028e-03 4.5393879e-02
       834 2.2650524e+00 8.7521065e-02 7.6770177e-03 4.7086460e-02
       835 2.2661848e+00 8.7235925e-02 7.6191096e-03 5.0536034e-02
       836 2.2654448e+00 8.7580488e-02 7.6843334e-03 4.4199206e-02
       837 2.2663937e+00 8.7225926e-02 7.6161551e-03 5.4411831e-02
       838 2.2650871e+00 8.8051740e-02 7.7699042e-03 4.6776421e-02
       839 2.2664287e+00 8.7149695e-02 7.6026682e-03 5.6046544e-02
       840 2.2660984e+00 8.7584512e-02 7.6805759e-03 5.0080600e-02
       841 2.2651103e+00 8.7616898e-02 7.6933264e-03 4.6372943e-02
       842 2.2657345e+00 8.7259258e-02 7.6260861e-03 4.5902381e-02
       843 2.2658896e+00 8.7541664e-02 7.6744048e-03 4.7085888e-02
       844 2.2659961e+00 8.7200755e-02 7.6141428e-03 4.7265472e-02
       845 2.2662000e+00 8.6696996e-02 7.5252814e-03 4.9844646e-02
       846 2.2659373e+00 8.7082841e-02 7.5939707e-03 4.6909191e-02
       847 2.2645925e+00 8.7795798e-02 7.7291962e-03 5.4182409e-02
       848 2.2657649e+00 8.7423518e-02 7.6545707e-03 4.5498013e-02
       849 2.2652576e+00 8.7031227e-02 7.5898614e-03 4.5186599e-02
       850 2.2656260e+00 8.7274159e-02 7.6294473e-03 4.3904176e-02
       851 2.2658815e+00 8.6701201e-02 7.5280132e-03 4.5650941e-02
       852 2.2652668e+00 8.7338839e-02 7.6434277e-03 4.5217845e-02
       853 2.2660724e+00 8.7191034e-02 7.6119663e-03 4.8641833e-02
       854 2.2658803e+00 8.7163667e-02 7.6084277e-03 4.6714312e-02
       855 2.2650051e+00 8.6819600e-02 7.5551175e-03 4.8093439e-02
       856 2.2654724e+00 8.7432672e-02 7.6582581e-03 4.4339361e-02
       857 2.2661171e+00 8.6896056e-02 7.5603384e-03 5.0181047e-02
       858 2.2656776e+00 8.6796142e-02 7.5458745e-03 4.4317251e-02
       859 2.2652596e+00 8.6786989e-02 7.5473929e-03 4.4147077e-02
       860 2.2653451e+00 8.7368934e-02 7.6480780e-03 4.4183983e-02
       861 2.2657669e+00 8.7615804e-02 7.6882145e-03 4.6653270e-02
       862 2.2655255e+00 8.7171932e-02 7.6123400e-03 4.4636982e-02
       863 2.2660844e+00 8.6482416e-02 7.4888242e-03 4.7964654e-02
       864 2.2646057e+00 8.7313950e-02 7.6446984e-03 5.4850623e-02
       865 2.2652223e+00 8.7287029e-02 7.6347311e-03 4.5289873e-02
       866 2.2655558e+00 8.6368522e-02 7.4726951e-03 4.3354582e-02
       867 2.2647973e+00 8.6763355e-02 7.5471347e-03 5.0394823e-02
       868 2.2662565e+00 8.6661504e-02 7.5187943e-03 5.0252839e-02
       869 2.2657038e+00 8.7162584e-02 7.6094371e-03 4.5114031e-02
       870 2.2661546e+00 8.6783040e-02 7.5404814e-03 4.9769639e-02
       871 2.2653807e+00 8.6816358e-02 7.5515550e-03 4.4466239e-02
       872 2.2643306e+00 8.7700657e-02 7.7149731e-03 6.1170240e-02
       873 2.2652672e+00 8.6842824e-02 7.5570278e-03 4.4973861e-02
       874 2.2650464e+00 8.7009322e-02 7.5877524e-03 4.7123595e-02
       875 2.2654779e+00 8.7195563e-02 7.6168114e-03 4.4491503e-02
       876 2.2659422e+00 8.6424146e-02 7.4796510e-03 4.7401298e-02
       877 2.2653673e+00 8.6862191e-02 7.5596174e-03 4.4351838e-02
       878 2.2660710e+00 8.6052727e-02 7.4147707e-03 4.7863076e-02
       879 2.2658252e+00 8.6479211e-02 7.4899446e-03 4.4528619e-02
       880 2.2651070e+00 8.6857739e-02 7.5608997e-03 4.6331234e-02
       881 2.2668965e+00 8.6631388e-02 7.5102362e-03 6.6318951e-02
       882 2.2669049e+00 8.6269206e-02 7.4475762e-03 6.4993427e-02
       883 2.2658405e+00 8.6547353e-02 7.5016324e-03 4.5588168e-02
       884 2.2657229e+00 8.6648027e-02 7.5198691e-03 4.4458976e-02
       885 2.2655328e+00 8.6041706e-02 7.4165156e-03 4.2516099e-02
       886 2.2656375e+00 8.6494765e-02 7.4939314e-03 4.3353441e-02
       887 2.2659936e+00 8.5989783e-02 7.4044296e-03 4.5349931e-02
       888 2.2659414e+00 8.6664536e-02 7.5212648e-03 4.7607226e-02
       889 2.2650294e+00 8.7162137e-02 7.6145096e-03 4.7253059e-02
       890 2.2662536e+00 8.6587883e-02 7.5060563e-03 5.0059613e-02
       891 2.2655980e+00 8.6422922e-02 7.4817903e-03 4.3328278e-02
       892 2.2649526e+00 8.6629286e-02 7.5225487e-03 4.9025776e-02
       893 2.2658287e+00 8.6107174e-02 7.4257122e-03 4.4499439e-02
       894 2.2651938e+00 8.6771004e-02 7.5451392e-03 4.5487469e-02
       895 2.2656435e+00 8.6833083e-02 7.5525285e-03 4.3627938e-02
       896 2.2649413e+00 8.7146210e-02 7.6124740e-03 4.9451795e-02
       897 2.2656940e+00 8.6389387e-02 7.4753155e-03 4.4203564e-02
       898 2.2658162e+00 8.6638408e-02 7.5175648e-03 4.4919301e-02
       899 2.2656573e+00 8.6212907e-02 7.4451120e-03 4.3511577e-02
       900 2.2662127e+00 8.6099238e-02 7.4219152e-03 4.9854849e-02
       901 2.2652743e+00 8.6194748e-02 7.4448304e-03 4.4444935e-02
       902 2.2653828e+00 8.6207966e-02 7.4462729e-03 4.4095651e-02
       903 2.2653446e+00 8.6530348e-02 7.5022525e-03 4.3994782e-02
       904 2.2652330e+00 8.6625722e-02 7.5196363e-03 4.5094077e-02
       905 2.2660458e+00 8.6243850e-02 7.4478583e-03 4.7622559e-02
       906 2.2655482e+00 8.6601992e-02 7.5131338e-03 4.3803545e-02
       907 2.2648613e+00 8.6639097e-02 7.5250301e-03 4.9375728e-02
       908 2.2653663e+00 8.6282890e-02 7.4593220e-03 4.3732594e-02
       909 2.2649914e+00 8.6606568e-02 7.5182864e-03 4.8054865e-02
       910 2.2657522e+00 8.6082433e-02 7.4219718e-03 4.3506482e-02
       911 2.2649361e+00 8.6867998e-02 7.5641046e-03 4.8482102e-02
       912 2.2668572e+00 8.5931286e-02 7.3896058e-03 6.3473976e-02
       913 2.2649490e+00 8.5716977e-02 7.3653462e-03 4.8599142e-02
       914 2.2663046e+00 8.5424464e-02 7.3056376e-03 4.9751495e-02
       915 2.2649138e+00 8.7007356e-02 7.5885262e-03 4.8617309e-02
       916 2.2661166e+00 8.5801534e-02 7.3713199e-03 4.7770777e-02
       917 2.2660334e+00 8.5775971e-02 7.3674517e-03 4.7045661e-02
       918 2.2663058e+00 8.5845484e-02 7.3777388e-03 5.0422148e-02
       919 2.2653269e+00 8.6319494e-02 7.4659421e-03 4.4620196e-02
       920 2.2653632e+00 8.6447332e-02 7.4877495e-03 4.4168201e-02
       921 2.2660915e+00 8.5912822e-02 7.3905848e-03 4.7143216e-02
       922 2.2660349e+00 8.5467856e-02 7.3146797e-03 4.5055011e-02
       923 2.2664707e+00 8.5561812e-02 7.3281926e-03 5.4672595e-02
       924 2.2664621e+00 8.4963270e-02 7.2261732e-03 5.1058644e-02
       925 2.2665916e+00 8.5514586e-02 7.3194717e-03 5.5720905e-02
       926 2.2660031e+00 8.5481432e-02 7.3172018e-03 4.5797946e-02
       927 2.2661644e+00 8.6081750e-02 7.4191936e-03 4.8746250e-02
       928 2.2661804e+00 8.5588265e-02 7.3343807e-03 4.7022046e-02
       929 2.2657121e+00 8.5651309e-02 7.3482099e-03 4.2813720e-02
       930 2.2660755e+00 8.5022767e-02 7.2385421e-03 4.4682865e-02
       931 2.2655022e+00 8.5807797e-02 7.3765432e-03 4.3390815e-02
       932 2.2658595e+00 8.4860034e-02 7.2122865e-03 4.2736604e-02
       933 2.2655527e+00 8.5320557e-02 7.2927934e-03 4.2571750e-02
       934 2.2660704e+00 8.4981437e-02 7.2315474e-03 4.4769182e-02
       935 2.2663219e+00 8.4872282e-02 7.2115036e-03 4.8684892e-02
       936 2.2642619e+00 8.6285170e-02 7.4693703e-03 6.3450727e-02
       937 2.2649496e+00 8.5750482e-02 7.3710863e-03 4.9117153e-02
       938 2.2670337e+00 8.4852987e-02 7.2046589e-03 6.4783097e-02
       939 2.2647607e+00 8.6236894e-02 7.4563790e-03 5.1692987e-02
       940 2.2651050e+00 8.6093266e-02 7.4286997e-03 4.6052241e-02
       941 2.2640775e+00 8.6178754e-02 7.4528676e-03 6.8288233e-02
       942 2.2648886e+00 8.6322889e-02 7.4701034e-03 4.9722057e-02
       943 2.2650491e+00 8.5486353e-02 7.3250245e-03 4.6672055e-02
       944 2.2659019e+00 8.5821305e-02 7.3760775e-03 4.5986484e-02
       945 2.2648795e+00 8.5743992e-02 7.3705722e-03 5.0354422e-02
       946 2.2656633e+00 8.5466663e-02 7.3169551e-03 4.3062464e-02
       947 2.2667624e+00 8.5576464e-02 7.3292017e-03 6.1592359e-02
       948 2.2659156e+00 8.5170666e-02 7.2647334e-03 4.3644396e-02
       949 2.2664951e+00 8.5524191e-02 7.3216244e-03 5.3267860e-02
       950 2.2665749e+00 8.5529342e-02 7.3220829e-03 5.5138937e-02
       951 2.2654476e+00 8.5357523e-02 7.2998775e-03 4.2873316e-02
       952 2.2657651e+00 8.5193050e-02 7.2695537e-03 4.2272111e-02
       953 2.2658613e+00 8.5542305e-02 7.3285347e-03 4.3479014e-02
       954 2.2654983e+00 8.5622369e-02 7.3447840e-03 4.2969985e-02
       955 2.2652764e+00 8.6010028e-02 7.4130047e-03 4.4609210e-02
       956 2.2662611e+00 8.5403371e-02 7.3022866e-03 4.8338427e-02
       957 2.2660347e+00 8.5105490e-02 7.2528709e-03 4.5651567e-02
       958 2.2660836e+00 8.5147602e-02 7.2597351e-03 4.4728171e-02
       959 2.2660250e+00 8.5497870e-02 7.3198737e-03 4.6514479e-02
       960 2.2657773e+00 8.5046416e-02 7.2445071e-03 4.3061206e-02
       961 2.2650286e+00 8.5999734e-02 7.4132329e-03 4.7127234e-02
       962 2.2659509e+00 8.4955926e-02 7.2279708e-03 4.4183267e-02
       963 2.2667566e+00 8.4552054e-02 7.1549483e-03 5.7778202e-02
       964 2.2654750e+00 8.4992266e-02 7.2374517e-03 4.2579867e-02
       965 2.2665794e+00 8.4712048e-02 7.1829220e-03 5.4628533e-02
       966 2.2648708e+00 8.5317585e-02 7.2977050e-03 5.0322866e-02
       967 2.2656906e+00 8.5376711e-02 7.3013957e-03 4.3002769e-02
       968 2.2649047e+00 8.5647324e-02 7.3537874e-03 4.9359052e-02
       969 2.2643559e+00 8.6059079e-02 7.4294884e-03 6.1532089e-02
       970 2.2657787e+00 8.4953886e-02 7.2287676e-03 4.2766654e-02
       971 2.2659403e+00 8.4319714e-02 7.1203442e-03 4.3223314e-02
       972 2.2658528e+00 8.4733374e-02 7.1908501e-03 4.2182755e-02
       973 2.2659651e+00 8.4736801e-02 7.1906950e-03 4.3816169e-02
       974 2.2658981e+00 8.4811699e-02 7.2038302e-03 4.2981216e-02
       975 2.2660276e+00 8.4696887e-02 7.1835339e-03 4.4178893e-02
       976 2.2662549e+00 8.4346596e-02 7.1229354e-03 4.6638830e-02
       977 2.2654452e+00 8.4615159e-02 7.1737140e-03 4.2590422e-02
       978 2.2659522e+00 8.4727976e-02 7.1892830e-03 4.3399840e-02
       979 2.2663783e+00 8.4299404e-02 7.1142686e-03 4.8416251e-02
       980 2.2659620e+00 8.4302614e-02 7.1173207e-03 4.2908456e-02
       981 2.2650342e+00 8.4589223e-02 7.1725681e-03 4.7319476e-02
       982 2.2651318e+00 8.5023462e-02 7.2454200e-03 4.6594694e-02
       983 2.2659420e+00 8.4832909e-02 7.2071416e-03 4.3369588e-02
       984 2.2652232e+00 8.5144242e-02 7.2652403e-03 4.4882058e-02
       985 2.2665455e+00 8.4112787e-02 7.0819293e-03 5.2393377e-02
       986 2.2659697e+00 8.4836046e-02 7.2074948e-03 4.4223914e-02
       987 2.2660117e+00 8.4673238e-02 7.1796292e-03 4.5824529e-02
       988 2.2653824e+00 8.4535178e-02 7.1606586e-03 4.3117075e-02
       989 2.2655664e+00 8.4691026e-02 7.1856662e-03 4.2464584e-02
       990 2.2656977e+00 8.4665232e-02 7.1803651e-03 4.2282968e-02
       991 2.2664401e+00 8.3447185e-02 6.9709687e-03 4.8109772e-02
       992 2.2658610e+00 8.4680231e-02 7.1817922e-03 4.2939823e-02
       993 2.2658753e+00 8.4909558e-02 7.2205888e-03 4.4020342e-02
       994 2.2649152e+00 8.5077322e-02 7.2563844e-03 5.0610687e-02
       995 2.2665472e+00 8.4981291e-02 7.2287794e-03 5.3098712e-02
       996 2.2653567e+00 8.5077346e-02 7.2528133e-03 4.3639445e-02
       997 2.2647554e+00 8.4759067e-02 7.2037236e-03 5.2227059e-02
       998 2.2649681e+00 8.5161527e-02 7.2702703e-03 4.8598520e-02
       999 2.2647759e+00 8.4478830e-02 7.1561154e-03 5.1634802e-02
      1000 2.2665955e+00 8.4018595e-02 7.0658316e-03 5.4136046e-02

Final Weights:        -0.4304960661        -0.1907301055         0.5080268925         0.1166739529 