# Cycles, Average Predicted Temperature, Stddev Predicted Temperature, Mean Squared Error, || MSE Gradient ||
         0 4.8197497e-02 2.6139174e-02 5.9929287e+00 4.1393507e+00
         1 5.1825078e-02 2.8229034e-02 5.9752956e+00 4.3366052e+00
         2 5.5859356e-02 3.0564209e-02 5.9557273e+00 4.5564506e+00
         3 6.0204312e-02 3.3200607e-02 5.9347088e+00 4.7763543e+00
         4 6.5310449e-02 3.5993760e-02 5.9100521e+00 5.0370020e+00
         5 7.0500713e-02 3.9113961e-02 5.8850805e+00 5.2787489e+00
         6 7.6273979e-02 4.2638569e-02 5.8573946e+00 5.5436465e+00
         7 8.3151662e-02 4.6502205e-02 5.8245007e+00 5.8581459e+00
         8 9.0437573e-02 5.0682733e-02 5.7897990e+00 6.1663671e+00
         9 9.8830547e-02 5.5689128e-02 5.7500205e+00 6.5175643e+00
        10 1.0783434e-01 6.1165019e-02 5.7075724e+00 6.8699460e+00
        11 1.1813507e-01 6.7304220e-02 5.6592654e+00 7.2590053e+00
        12 1.2999684e-01 7.4023024e-02 5.6039418e+00 7.6936727e+00
        13 1.4307869e-01 8.1667737e-02 5.5433970e+00 8.1404057e+00
        14 1.5799336e-01 9.0304006e-02 5.4749155e+00 8.6254604e+00
        15 1.7450113e-01 1.0020979e-01 5.3998812e+00 9.1250523e+00
        16 1.9363977e-01 1.1137110e-01 5.3137443e+00 9.6735050e+00
        17 2.1574501e-01 1.2440826e-01 5.2155138e+00 1.0273436e+01
        18 2.4045287e-01 1.3807407e-01 5.1070258e+00 1.0913071e+01
        19 2.6945698e-01 1.5397260e-01 4.9816638e+00 1.1584273e+01
        20 3.0176841e-01 1.7257538e-01 4.8448903e+00 1.2246286e+01
        21 3.3830417e-01 1.9335247e-01 4.6934846e+00 1.2938475e+01
        22 3.8100707e-01 2.1720517e-01 4.5208125e+00 1.3645414e+01
        23 4.2996859e-01 2.4447655e-01 4.3286837e+00 1.4339473e+01
        24 4.8376412e-01 2.7412050e-01 4.1246532e+00 1.4958249e+01
        25 5.4750103e-01 3.0736597e-01 3.8915268e+00 1.5582963e+01
        26 6.1851142e-01 3.4421195e-01 3.6438352e+00 1.6078530e+01
        27 6.9833645e-01 3.8602420e-01 3.3809823e+00 1.6435388e+01
        28 7.8613265e-01 4.3001769e-01 3.1089167e+00 1.6615160e+01
        29 8.8341294e-01 4.7690322e-01 2.8282086e+00 1.6600746e+01
        30 9.8525484e-01 5.2784180e-01 2.5612817e+00 1.6284407e+01
        31 1.0932251e+00 5.7551362e-01 2.2992846e+00 1.5760731e+01
        32 1.2048317e+00 6.2276999e-01 2.0552261e+00 1.4988890e+01
        33 1.3181465e+00 6.7011835e-01 1.8366421e+00 1.3944619e+01
        34 1.4246462e+00 7.1126506e-01 1.6539194e+00 1.2792118e+01
        35 1.5299409e+00 7.4899501e-01 1.4944644e+00 1.1551828e+01
        36 1.6236609e+00 7.8074521e-01 1.3707199e+00 1.0372899e+01
        37 1.7058714e+00 8.0226988e-01 1.2681043e+00 9.3488726e+00
        38 1.7815431e+00 8.2002178e-01 1.1830328e+00 8.4334122e+00
        39 1.8450191e+00 8.3209126e-01 1.1162872e+00 7.7130192e+00
        40 1.8978657e+00 8.3626143e-01 1.0572220e+00 7.1849032e+00
        41 1.9418776e+00 8.3787234e-01 1.0091968e+00 6.7737259e+00
        42 1.9839236e+00 8.3856955e-01 9.6552746e-01 6.4167209e+00
        43 2.0101102e+00 8.3184677e-01 9.2815885e-01 6.2107478e+00
        44 2.0384427e+00 8.2498061e-01 8.9004671e-01 5.9931847e+00
        45 2.0644202e+00 8.1214471e-01 8.4592983e-01 5.7650504e+00
        46 2.0800620e+00 8.0461997e-01 8.2050413e-01 5.6460740e+00
        47 2.1022217e+00 7.9357581e-01 7.8490575e-01 5.4601277e+00
        48 2.1180956e+00 7.8166852e-01 7.5389590e-01 5.3095227e+00
        49 2.1327988e+00 7.7527135e-01 7.3303623e-01 5.2240954e+00
        50 2.1491607e+00 7.6205769e-01 7.0110147e-01 5.0700003e+00
        51 2.1591059e+00 7.4831220e-01 6.7353876e-01 4.9252781e+00
        52 2.1663910e+00 7.3962726e-01 6.5575902e-01 4.8623097e+00
        53 2.1795857e+00 7.2865829e-01 6.3112661e-01 4.7444253e+00
        54 2.1865894e+00 7.1803037e-01 6.1136678e-01 4.6367691e+00
        55 2.1983802e+00 7.0791450e-01 5.8978230e-01 4.5334350e+00
        56 2.2071923e+00 6.9576567e-01 5.6755977e-01 4.4212656e+00
        57 2.2142079e+00 6.8510929e-01 5.4884010e-01 4.3238787e+00
        58 2.2214335e+00 6.7549758e-01 5.3174080e-01 4.2408873e+00
        59 2.2321975e+00 6.6527908e-01 5.1224283e-01 4.1276924e+00
        60 2.2359356e+00 6.5341949e-01 4.9464455e-01 4.0314167e+00
        61 2.2445790e+00 6.4336032e-01 4.7717724e-01 3.9325176e+00
        62 2.2547923e+00 6.3508478e-01 4.6156393e-01 3.8505983e+00
        63 2.2554422e+00 6.2565704e-01 4.4936478e-01 3.7707632e+00
        64 2.2655681e+00 6.1601436e-01 4.3262043e-01 3.6884098e+00
        65 2.2718447e+00 6.0929377e-01 4.2153106e-01 3.6172405e+00
        66 2.2752403e+00 5.9703813e-01 4.0523524e-01 3.5185825e+00
        67 2.2830717e+00 5.9099235e-01 3.9465467e-01 3.4522484e+00
        68 2.2863787e+00 5.8312082e-01 3.8401452e-01 3.4011577e+00
        69 2.2921084e+00 5.7704547e-01 3.7459563e-01 3.3391264e+00
        70 2.2973167e+00 5.6804207e-01 3.6218812e-01 3.2681690e+00
        71 2.2992998e+00 5.5831378e-01 3.5044611e-01 3.1891864e+00
        72 2.3088520e+00 5.5317802e-01 3.4106918e-01 3.1267590e+00
        73 2.3119537e+00 5.4415881e-01 3.3002008e-01 3.0613416e+00
        74 2.3174567e+00 5.3938844e-01 3.2285468e-01 3.0128764e+00
        75 2.3195285e+00 5.3018903e-01 3.1227927e-01 2.9277012e+00
        76 2.3266621e+00 5.2340381e-01 3.0266206e-01 2.8771599e+00
        77 2.3223398e+00 5.1521472e-01 2.9564016e-01 2.8361840e+00
        78 2.3306344e+00 5.1233088e-01 2.8986307e-01 2.7935564e+00
        79 2.3332336e+00 5.0426521e-01 2.8081012e-01 2.7302404e+00
        80 2.3398755e+00 4.9798817e-01 2.7239951e-01 2.6688911e+00
        81 2.3445025e+00 4.9267630e-01 2.6571290e-01 2.6361244e+00
        82 2.3444031e+00 4.8409107e-01 2.5735729e-01 2.5595600e+00
        83 2.3483132e+00 4.7853511e-01 2.5083793e-01 2.5152733e+00
        84 2.3514019e+00 4.7255335e-01 2.4424533e-01 2.4649124e+00
        85 2.3539933e+00 4.6913368e-01 2.4028181e-01 2.4338454e+00
        86 2.3581797e+00 4.6245810e-01 2.3289058e-01 2.3847796e+00
        87 2.3595435e+00 4.5891491e-01 2.2925163e-01 2.3541078e+00
        88 2.3613706e+00 4.5309418e-01 2.2344738e-01 2.3135086e+00
        89 2.3653761e+00 4.4797591e-01 2.1777217e-01 2.2674310e+00
        90 2.3704123e+00 4.4509693e-01 2.1390963e-01 2.2414009e+00
        91 2.3710374e+00 4.3739502e-01 2.0695601e-01 2.1907691e+00
        92 2.3709278e+00 4.3142037e-01 2.0179257e-01 2.1469655e+00
        93 2.3757863e+00 4.2998430e-01 1.9936281e-01 2.1247459e+00
        94 2.3765941e+00 4.2409578e-01 1.9413982e-01 2.0821313e+00
        95 2.3771524e+00 4.1840371e-01 1.8921110e-01 2.0375764e+00
        96 2.3849133e+00 4.1426761e-01 1.8398099e-01 2.0020327e+00
        97 2.3850369e+00 4.1125907e-01 1.8146989e-01 1.9836882e+00
        98 2.3812747e+00 4.0566860e-01 1.7775275e-01 1.9404978e+00
        99 2.3887709e+00 4.0307628e-01 1.7399085e-01 1.9189413e+00
       100 2.3889010e+00 3.9659375e-01 1.6877906e-01 1.8705095e+00
       101 2.3907906e+00 3.9555344e-01 1.6755339e-01 1.8576237e+00
       102 2.3951270e+00 3.9089521e-01 1.6299538e-01 1.8233848e+00
       103 2.3944705e+00 3.8618294e-01 1.5946660e-01 1.7860553e+00
       104 2.3952314e+00 3.8252891e-01 1.5650362e-01 1.7621343e+00
       105 2.3964937e+00 3.7915531e-01 1.5368092e-01 1.7302949e+00
       106 2.4003642e+00 3.7586776e-01 1.5044265e-01 1.6993242e+00
       107 2.4006359e+00 3.7312333e-01 1.4833515e-01 1.6756919e+00
       108 2.4058242e+00 3.6922028e-01 1.4447404e-01 1.6563268e+00
       109 2.4032429e+00 3.6561384e-01 1.4229664e-01 1.6207357e+00
       110 2.4051385e+00 3.6199412e-01 1.3931443e-01 1.5899123e+00
       111 2.4074019e+00 3.5903950e-01 1.3677739e-01 1.5737805e+00
       112 2.4109610e+00 3.5661953e-01 1.3442679e-01 1.5561901e+00
       113 2.4100439e+00 3.5434610e-01 1.3296747e-01 1.5331591e+00
       114 2.4110667e+00 3.5013677e-01 1.2982707e-01 1.5001803e+00
       115 2.4119932e+00 3.4744855e-01 1.2779509e-01 1.4837852e+00
       116 2.4117208e+00 3.4580586e-01 1.2670219e-01 1.4636867e+00
       117 2.4154726e+00 3.4128058e-01 1.2297383e-01 1.4377610e+00
       118 2.4131508e+00 3.3818213e-01 1.2124837e-01 1.4153359e+00
       119 2.4159618e+00 3.3644455e-01 1.1961768e-01 1.3985509e+00
       120 2.4177368e+00 3.3378315e-01 1.1755259e-01 1.3760972e+00
       121 2.4212602e+00 3.3083679e-01 1.1505455e-01 1.3599543e+00
       122 2.4193628e+00 3.2680237e-01 1.1268898e-01 1.3270612e+00
       123 2.4211736e+00 3.2762388e-01 1.1295195e-01 1.3233718e+00
       124 2.4212426e+00 3.2487635e-01 1.1114884e-01 1.3014106e+00
       125 2.4230841e+00 3.2193642e-01 1.0897494e-01 1.2824977e+00
       126 2.4239000e+00 3.1857740e-01 1.0670496e-01 1.2571074e+00
       127 2.4252439e+00 3.1723752e-01 1.0566077e-01 1.2459867e+00
       128 2.4258257e+00 3.1595826e-01 1.0476864e-01 1.2273035e+00
       129 2.4266667e+00 3.1295056e-01 1.0275957e-01 1.2056841e+00
       130 2.4275572e+00 3.1011941e-01 1.0087268e-01 1.1872641e+00
       131 2.4282986e+00 3.0915887e-01 1.0017675e-01 1.1759446e+00
       132 2.4297856e+00 3.0716558e-01 9.8748807e-02 1.1566182e+00
       133 2.4333992e+00 3.0556621e-01 9.7302574e-02 1.1492934e+00
       134 2.4302673e+00 3.0233214e-01 9.5739173e-02 1.1231780e+00
       135 2.4314750e+00 3.0044340e-01 9.4443125e-02 1.1091054e+00
       136 2.4328985e+00 2.9773365e-01 9.2640245e-02 1.0918096e+00
       137 2.4331357e+00 2.9673984e-01 9.2019526e-02 1.0773595e+00
       138 2.4341787e+00 2.9513963e-01 9.0942119e-02 1.0664896e+00
       139 2.4332758e+00 2.9299019e-01 8.9790619e-02 1.0529431e+00
       140 2.4366259e+00 2.8992359e-01 8.7593320e-02 1.0319317e+00
       141 2.4348224e+00 2.8936996e-01 8.7490397e-02 1.0187075e+00
       142 2.4361213e+00 2.8952885e-01 8.7424858e-02 1.0162425e+00
       143 2.4363134e+00 2.8667460e-01 8.5757219e-02 9.9297000e-01
       144 2.4386520e+00 2.8494858e-01 8.4496413e-02 9.8117975e-01
       145 2.4411382e+00 2.8263484e-01 8.2903678e-02 9.6861839e-01
       146 2.4389919e+00 2.8184247e-01 8.2696951e-02 9.5540065e-01
       147 2.4400982e+00 2.8032297e-01 8.1717596e-02 9.4459509e-01
       148 2.4403966e+00 2.7964585e-01 8.1305098e-02 9.3152885e-01
       149 2.4404281e+00 2.7737987e-01 8.0039379e-02 9.1786115e-01
       150 2.4417169e+00 2.7739968e-01 7.9908528e-02 9.1043076e-01
       151 2.4442207e+00 2.7566998e-01 7.8685800e-02 9.0420654e-01
       152 2.4426169e+00 2.7329862e-01 7.7552993e-02 8.8195618e-01
       153 2.4437509e+00 2.7237782e-01 7.6930513e-02 8.7668353e-01
       154 2.4435191e+00 2.7079492e-01 7.6095047e-02 8.5827877e-01
       155 2.4426295e+00 2.6838753e-01 7.4891366e-02 8.4830367e-01
       156 2.4459331e+00 2.6734690e-01 7.3991469e-02 8.3412213e-01
       157 2.4447876e+00 2.6719814e-01 7.4028198e-02 8.3058471e-01
       158 2.4484656e+00 2.6535987e-01 7.2685263e-02 8.2118987e-01
       159 2.4477942e+00 2.6488865e-01 7.2499825e-02 8.1199223e-01
       160 2.4451228e+00 2.6330825e-01 7.1930300e-02 8.0231871e-01
       161 2.4484755e+00 2.6214168e-01 7.0986722e-02 7.8682692e-01
       162 2.4492673e+00 2.6190006e-01 7.0785309e-02 7.8819377e-01
       163 2.4484398e+00 2.6025679e-01 7.0005455e-02 7.7120037e-01
       164 2.4480687e+00 2.5648343e-01 6.8091123e-02 7.5512295e-01
       165 2.4507735e+00 2.5751704e-01 6.8369870e-02 7.5434576e-01
       166 2.4473996e+00 2.5605691e-01 6.7937241e-02 7.4242727e-01
       167 2.4499076e+00 2.5555583e-01 6.7442877e-02 7.3129866e-01
       168 2.4509078e+00 2.5437581e-01 6.6749737e-02 7.2277376e-01
       169 2.4517150e+00 2.5441341e-01 6.6696553e-02 7.2284919e-01
       170 2.4525097e+00 2.5305067e-01 6.5935092e-02 7.1302432e-01
       171 2.4520250e+00 2.5237261e-01 6.5634880e-02 7.0534173e-01
       172 2.4519868e+00 2.5127135e-01 6.5083606e-02 6.9387679e-01
       173 2.4515061e+00 2.5097718e-01 6.4978504e-02 6.8508858e-01
       174 2.4544211e+00 2.4842225e-01 6.3451062e-02 6.7746213e-01
       175 2.4505186e+00 2.4804096e-01 6.3602338e-02 6.7058137e-01
       176 2.4532316e+00 2.4739974e-01 6.3044667e-02 6.6084805e-01
       177 2.4531627e+00 2.4591622e-01 6.2318728e-02 6.5116847e-01
       178 2.4539207e+00 2.4603542e-01 6.2312846e-02 6.4621302e-01
       179 2.4561799e+00 2.4663314e-01 6.2421829e-02 6.4677815e-01
       180 2.4545443e+00 2.4532171e-01 6.1909941e-02 6.3366710e-01
       181 2.4539224e+00 2.4352125e-01 6.1081874e-02 6.2412886e-01
       182 2.4565465e+00 2.4358106e-01 6.0896518e-02 6.1868394e-01
       183 2.4529807e+00 2.4277104e-01 6.0797382e-02 6.1104767e-01
       184 2.4577872e+00 2.4255813e-01 6.0302612e-02 6.1260303e-01
       185 2.4564068e+00 2.4092710e-01 5.9621720e-02 5.9340032e-01
       186 2.4580246e+00 2.3990907e-01 5.9006395e-02 5.9278880e-01
       187 2.4564665e+00 2.4075453e-01 5.9533862e-02 5.8772193e-01
       188 2.4552099e+00 2.3867878e-01 5.8639871e-02 5.7282862e-01
       189 2.4582328e+00 2.3843019e-01 5.8283171e-02 5.7458306e-01
       190 2.4572600e+00 2.3822927e-01 5.8262029e-02 5.6599791e-01
       191 2.4586646e+00 2.3649794e-01 5.7332975e-02 5.5438926e-01
       192 2.4584167e+00 2.3681172e-01 5.7500115e-02 5.5449457e-01
       193 2.4566613e+00 2.3631248e-01 5.7399302e-02 5.4767647e-01
       194 2.4593244e+00 2.3648676e-01 5.7278716e-02 5.4401535e-01
       195 2.4584490e+00 2.3379787e-01 5.6079328e-02 5.2863010e-01
       196 2.4618257e+00 2.3340103e-01 5.5651029e-02 5.3244917e-01
       197 2.4568442e+00 2.3522642e-01 5.6872791e-02 5.3046450e-01
       198 2.4607552e+00 2.3332804e-01 5.5691502e-02 5.1878008e-01
       199 2.4609754e+00 2.3356561e-01 5.5786905e-02 5.1529394e-01
       200 2.4597760e+00 2.3235847e-01 5.5310171e-02 5.0669769e-01
       201 2.4636066e+00 2.2994014e-01 5.3928539e-02 5.0499820e-01
       202 2.4570387e+00 2.3218579e-01 5.5436325e-02 5.0434218e-01
       203 2.4617012e+00 2.3021442e-01 5.4182222e-02 4.9422937e-01
       204 2.4612405e+00 2.2966176e-01 5.3959975e-02 4.8558101e-01
       205 2.4632797e+00 2.3096570e-01 5.4422581e-02 4.8844212e-01
       206 2.4600420e+00 2.2877102e-01 5.3636640e-02 4.7935689e-01
       207 2.4622394e+00 2.2876403e-01 5.3479783e-02 4.7344277e-01
       208 2.4613615e+00 2.2769297e-01 5.3051118e-02 4.6786342e-01
       209 2.4586997e+00 2.2760054e-01 5.3201073e-02 4.6923600e-01
       210 2.4646146e+00 2.2687938e-01 5.2465826e-02 4.6325904e-01
       211 2.4639193e+00 2.2729920e-01 5.2700773e-02 4.5501617e-01
       212 2.4639434e+00 2.2478858e-01 5.1564196e-02 4.4797823e-01
       213 2.4636681e+00 2.2570773e-01 5.1996054e-02 4.4661837e-01
       214 2.4621450e+00 2.2581302e-01 5.2144725e-02 4.4222502e-01
       215 2.4663822e+00 2.2471584e-01 5.1380581e-02 4.4518730e-01
       216 2.4606159e+00 2.2455908e-01 5.1686174e-02 4.3914710e-01
       217 2.4594825e+00 2.2511304e-01 5.2017002e-02 4.4098434e-01
       218 2.4642771e+00 2.2389133e-01 5.1140266e-02 4.1825440e-01
       219 2.4661533e+00 2.2406778e-01 5.1103406e-02 4.2230538e-01
       220 2.4635196e+00 2.2401842e-01 5.1245989e-02 4.1690648e-01
       221 2.4633394e+00 2.2312717e-01 5.0859242e-02 4.1200869e-01
       222 2.4645708e+00 2.2349891e-01 5.0946097e-02 4.0976363e-01
       223 2.4655565e+00 2.2211091e-01 5.0266396e-02 4.0347702e-01
       224 2.4641971e+00 2.2283060e-01 5.0671514e-02 4.0497008e-01
       225 2.4661664e+00 2.2130011e-01 4.9869987e-02 3.9704563e-01
       226 2.4661066e+00 2.2057326e-01 4.9552397e-02 3.9326308e-01
       227 2.4659577e+00 2.2017300e-01 4.9384943e-02 3.8925685e-01
       228 2.4650626e+00 2.2057465e-01 4.9616735e-02 3.8441515e-01
       229 2.4655632e+00 2.2042096e-01 4.9518129e-02 3.8192378e-01
       230 2.4650901e+00 2.2118294e-01 4.9883745e-02 3.7882446e-01
       231 2.4638537e+00 2.2029640e-01 4.9570576e-02 3.8290147e-01
       232 2.4659487e+00 2.1906536e-01 4.8898962e-02 3.7013821e-01
       233 2.4683660e+00 2.1944831e-01 4.8926952e-02 3.7301769e-01
       234 2.4643115e+00 2.1798414e-01 4.8527838e-02 3.6532944e-01
       235 2.4649267e+00 2.1946776e-01 4.9138113e-02 3.6577501e-01
       236 2.4676736e+00 2.1863722e-01 4.8610514e-02 3.5727766e-01
       237 2.4695717e+00 2.1738149e-01 4.7958665e-02 3.5775266e-01
       238 2.4661108e+00 2.1765655e-01 4.8273953e-02 3.5173463e-01
       239 2.4679771e+00 2.1657052e-01 4.7693905e-02 3.4469849e-01
       240 2.4674425e+00 2.1683428e-01 4.7838578e-02 3.4417564e-01
       241 2.4672506e+00 2.1718809e-01 4.8003179e-02 3.4419632e-01
       242 2.4672338e+00 2.1829726e-01 4.8487172e-02 3.4117205e-01
       243 2.4664947e+00 2.1636619e-01 4.7691033e-02 3.4137655e-01
       244 2.4700404e+00 2.1568393e-01 4.7198863e-02 3.3935403e-01
       245 2.4674112e+00 2.1608441e-01 4.7515738e-02 3.3356176e-01
       246 2.4688194e+00 2.1439770e-01 4.6710813e-02 3.2912727e-01
       247 2.4670390e+00 2.1590199e-01 4.7458434e-02 3.2606896e-01
       248 2.4668481e+00 2.1648731e-01 4.7722654e-02 3.3085465e-01
       249 2.4689617e+00 2.1561433e-01 4.7226232e-02 3.2656352e-01
       250 2.4695815e+00 2.1412095e-01 4.6551215e-02 3.2021801e-01
       251 2.4677181e+00 2.1490256e-01 4.6988861e-02 3.1919858e-01
       252 2.4688500e+00 2.1426684e-01 4.6653053e-02 3.1044426e-01
       253 2.4686360e+00 2.1433257e-01 4.6692931e-02 3.1512384e-01
       254 2.4696407e+00 2.1351332e-01 4.6288238e-02 3.1062502e-01
       255 2.4677152e+00 2.1401437e-01 4.6608067e-02 3.0805838e-01
       256 2.4662822e+00 2.1488766e-01 4.7066036e-02 3.1373922e-01
       257 2.4683655e+00 2.1512005e-01 4.7046053e-02 3.0291849e-01
       258 2.4734344e+00 2.1271927e-01 4.5763392e-02 3.1492330e-01
       259 2.4689421e+00 2.1315760e-01 4.6173921e-02 2.9569392e-01
       260 2.4711269e+00 2.1123645e-01 4.5244686e-02 2.9529815e-01
       261 2.4671516e+00 2.1310237e-01 4.6250852e-02 2.9861210e-01
       262 2.4701260e+00 2.1131140e-01 4.5327354e-02 2.9028301e-01
       263 2.4693011e+00 2.1228902e-01 4.5785019e-02 2.8831571e-01
       264 2.4705906e+00 2.1147903e-01 4.5374308e-02 2.8668426e-01
       265 2.4694991e+00 2.1130093e-01 4.5355893e-02 2.8348483e-01
       266 2.4684669e+00 2.1199214e-01 4.5704465e-02 2.8617581e-01
       267 2.4702605e+00 2.1123187e-01 4.5286783e-02 2.8203585e-01
       268 2.4711362e+00 2.1144285e-01 4.5331459e-02 2.7884039e-01
       269 2.4703812e+00 2.1158506e-01 4.5429894e-02 2.7803073e-01
       270 2.4696343e+00 2.1166427e-01 4.5502402e-02 2.7624138e-01
       271 2.4713812e+00 2.1117237e-01 4.5204981e-02 2.7400941e-01
       272 2.4717447e+00 2.1091504e-01 4.5078520e-02 2.7791644e-01
       273 2.4686249e+00 2.1128996e-01 4.5398541e-02 2.7266135e-01
       274 2.4712666e+00 2.0996199e-01 4.4700928e-02 2.6754463e-01
       275 2.4728897e+00 2.0909578e-01 4.4259942e-02 2.7484429e-01
       276 2.4706374e+00 2.1044596e-01 4.4936041e-02 2.6316225e-01
       277 2.4697040e+00 2.1039316e-01 4.4962235e-02 2.6688503e-01
       278 2.4699887e+00 2.0949099e-01 4.4568475e-02 2.6499955e-01
       279 2.4697506e+00 2.0951401e-01 4.4590613e-02 2.6228708e-01
       280 2.4710387e+00 2.0850478e-01 4.4102505e-02 2.5808699e-01
       281 2.4723046e+00 2.0804709e-01 4.3849994e-02 2.5349225e-01
       282 2.4700297e+00 2.0840868e-01 4.4114039e-02 2.5387470e-01
       283 2.4730027e+00 2.0920294e-01 4.4299534e-02 2.5852803e-01
       284 2.4734738e+00 2.0872046e-01 4.4076348e-02 2.5519075e-01
       285 2.4712183e+00 2.0890931e-01 4.4262392e-02 2.5319133e-01
       286 2.4697779e+00 2.0888898e-01 4.4327658e-02 2.5215223e-01
       287 2.4730915e+00 2.0720283e-01 4.3462580e-02 2.4580199e-01
       288 2.4721931e+00 2.0985802e-01 4.4612111e-02 2.5069451e-01
       289 2.4695819e+00 2.0822137e-01 4.4059556e-02 2.5086186e-01
       290 2.4721882e+00 2.0896584e-01 4.4238683e-02 2.4200497e-01
       291 2.4728310e+00 2.0716276e-01 4.3458035e-02 2.4295007e-01
       292 2.4720790e+00 2.0765981e-01 4.3699787e-02 2.4076151e-01
       293 2.4725200e+00 2.0690420e-01 4.3365548e-02 2.3852759e-01
       294 2.4731402e+00 2.0680605e-01 4.3296072e-02 2.4134102e-01
       295 2.4710604e+00 2.0701471e-01 4.3482266e-02 2.3602626e-01
       296 2.4733479e+00 2.0775901e-01 4.3681641e-02 2.3567220e-01
       297 2.4717231e+00 2.0711665e-01 4.3491726e-02 2.3385782e-01
       298 2.4741741e+00 2.0625827e-01 4.3023386e-02 2.3469051e-01
       299 2.4735366e+00 2.0538235e-01 4.2691192e-02 2.2678050e-01
       300 2.4729120e+00 2.0703867e-01 4.3402873e-02 2.3210179e-01
       301 2.4725912e+00 2.0547003e-01 4.2770779e-02 2.2859488e-01
       302 2.4731122e+00 2.0596599e-01 4.2950608e-02 2.2413295e-01
       303 2.4746423e+00 2.0617407e-01 4.2968347e-02 2.2688457e-01
       304 2.4739438e+00 2.0608315e-01 4.2961333e-02 2.2830871e-01
       305 2.4724466e+00 2.0628596e-01 4.3113562e-02 2.2606580e-01
       306 2.4721130e+00 2.0389903e-01 4.2150377e-02 2.2084759e-01
       307 2.4710514e+00 2.0499959e-01 4.2652454e-02 2.2903526e-01
       308 2.4739218e+00 2.0556034e-01 4.2747096e-02 2.2081067e-01
       309 2.4719454e+00 2.0621283e-01 4.3107362e-02 2.2168239e-01
       310 2.4729308e+00 2.0622939e-01 4.3067551e-02 2.1910750e-01
       311 2.4748757e+00 2.0366863e-01 4.1931547e-02 2.1550507e-01
       312 2.4726781e+00 2.0457015e-01 4.2397708e-02 2.1493408e-01
       313 2.4714204e+00 2.0500182e-01 4.2635020e-02 2.2092936e-01
       314 2.4742563e+00 2.0413163e-01 4.2147039e-02 2.1595182e-01
       315 2.4736137e+00 2.0461776e-01 4.2374235e-02 2.1123435e-01
       316 2.4754913e+00 2.0487935e-01 4.2400424e-02 2.1434627e-01
       317 2.4717479e+00 2.0405104e-01 4.2230039e-02 2.1617908e-01
       318 2.4740406e+00 2.0473796e-01 4.2404421e-02 2.1058256e-01
       319 2.4759156e+00 2.0242799e-01 4.1384656e-02 2.0809228e-01
       320 2.4731984e+00 2.0511237e-01 4.2595743e-02 2.1035196e-01
       321 2.4747006e+00 2.0432251e-01 4.2205786e-02 2.0999465e-01
       322 2.4741272e+00 2.0316186e-01 4.1757714e-02 2.0473010e-01
       323 2.4713991e+00 2.0484834e-01 4.2573167e-02 2.1610895e-01
       324 2.4721482e+00 2.0436893e-01 4.2340535e-02 2.0865493e-01
       325 2.4772443e+00 2.0316462e-01 4.1631544e-02 2.2071867e-01
       326 2.4738709e+00 2.0324328e-01 4.1802136e-02 2.0443308e-01
       327 2.4736534e+00 2.0441127e-01 4.2287992e-02 2.0205782e-01
       328 2.4745728e+00 2.0182095e-01 4.1195280e-02 1.9768382e-01
       329 2.4737112e+00 2.0416180e-01 4.2183473e-02 1.9848549e-01
       330 2.4750634e+00 2.0417448e-01 4.2129919e-02 2.0009514e-01
       331 2.4743646e+00 2.0310189e-01 4.1722969e-02 2.0015445e-01
       332 2.4742439e+00 2.0324043e-01 4.1784531e-02 1.9795589e-01
       333 2.4732831e+00 2.0322737e-01 4.1822152e-02 2.0212775e-01
       334 2.4753482e+00 2.0270793e-01 4.1521301e-02 1.9559691e-01
       335 2.4759052e+00 2.0195811e-01 4.1195064e-02 1.9617441e-01
       336 2.4735096e+00 2.0322215e-01 4.1809741e-02 1.9723254e-01
       337 2.4735835e+00 2.0398734e-01 4.2118000e-02 1.9916135e-01
       338 2.4776109e+00 2.0096255e-01 4.0727933e-02 2.0300820e-01
       339 2.4727214e+00 2.0275008e-01 4.1654331e-02 1.9990473e-01
       340 2.4735825e+00 2.0362005e-01 4.1968334e-02 1.9893982e-01
       341 2.4752047e+00 2.0277747e-01 4.1555479e-02 1.9284345e-01
       342 2.4744064e+00 2.0312366e-01 4.1729999e-02 1.9054021e-01
       343 2.4763745e+00 2.0206177e-01 4.1218204e-02 1.9416247e-01
       344 2.4736534e+00 2.0186722e-01 4.1254396e-02 1.9377396e-01
       345 2.4764051e+00 2.0208902e-01 4.1228013e-02 1.9722767e-01
       346 2.4751570e+00 2.0206660e-01 4.1269683e-02 1.9103086e-01
       347 2.4755838e+00 2.0041601e-01 4.0587648e-02 1.8719688e-01
       348 2.4760101e+00 2.0138514e-01 4.0959735e-02 1.8783167e-01
       349 2.4754676e+00 2.0154116e-01 4.1044696e-02 1.8886278e-01
       350 2.4731253e+00 2.0228544e-01 4.1447414e-02 1.9252937e-01
       351 2.4764369e+00 2.0191729e-01 4.1157381e-02 1.9075034e-01
       352 2.4763720e+00 2.0160357e-01 4.1033345e-02 1.8717881e-01
       353 2.4747531e+00 2.0203625e-01 4.1274503e-02 1.8520927e-01
       354 2.4737249e+00 2.0121205e-01 4.0987105e-02 1.8945343e-01
       355 2.4751776e+00 2.0014749e-01 4.0496923e-02 1.8072378e-01
       356 2.4728201e+00 2.0144213e-01 4.1121065e-02 1.9470837e-01
       357 2.4756966e+00 2.0178489e-01 4.1133599e-02 1.8593774e-01
       358 2.4749436e+00 2.0207125e-01 4.1280544e-02 1.8415410e-01
       359 2.4753915e+00 2.0130079e-01 4.0951010e-02 1.8245402e-01
       360 2.4735330e+00 2.0239747e-01 4.1474179e-02 1.9043080e-01
       361 2.4770018e+00 2.0168327e-01 4.1041028e-02 1.8842895e-01
       362 2.4772143e+00 2.0102442e-01 4.0767631e-02 1.8541905e-01
       363 2.4763843e+00 1.9970579e-01 4.0271265e-02 1.8011559e-01
       364 2.4763842e+00 2.0019400e-01 4.0466501e-02 1.8197733e-01
       365 2.4760177e+00 2.0089105e-01 4.0760667e-02 1.7986440e-01
       366 2.4744766e+00 1.9916406e-01 4.0134059e-02 1.8081995e-01
       367 2.4754528e+00 2.0007171e-01 4.0455157e-02 1.8049510e-01
       368 2.4773679e+00 2.0011363e-01 4.0396500e-02 1.8088639e-01
       369 2.4751186e+00 2.0038936e-01 4.0596273e-02 1.7908865e-01
       370 2.4779552e+00 1.9821666e-01 3.9619219e-02 1.7862074e-01
       371 2.4735736e+00 2.0029067e-01 4.0623961e-02 1.8783561e-01
       372 2.4770455e+00 1.9905206e-01 3.9984943e-02 1.7576800e-01
       373 2.4768172e+00 2.0018283e-01 4.0445142e-02 1.7690340e-01
       374 2.4768625e+00 1.9900688e-01 3.9973967e-02 1.7661091e-01
       375 2.4763055e+00 1.9988132e-01 4.0344515e-02 1.7645616e-01
       376 2.4755029e+00 1.9961656e-01 4.0271171e-02 1.7537597e-01
       377 2.4768252e+00 1.9973400e-01 4.0265336e-02 1.7692698e-01
       378 2.4744206e+00 2.0120790e-01 4.0954782e-02 1.8197964e-01
       379 2.4755812e+00 2.0033199e-01 4.0554086e-02 1.7540703e-01
       380 2.4770682e+00 1.9921958e-01 4.0050796e-02 1.7223105e-01
       381 2.4738014e+00 2.0016819e-01 4.0564703e-02 1.8449375e-01
       382 2.4772706e+00 1.9858095e-01 3.9789086e-02 1.7476782e-01
       383 2.4755293e+00 1.9997218e-01 4.0412185e-02 1.7594553e-01
       384 2.4762373e+00 1.9861971e-01 3.9844469e-02 1.7091385e-01
       385 2.4784688e+00 1.9907791e-01 3.9943009e-02 1.8147572e-01
       386 2.4758835e+00 1.9847325e-01 3.9800493e-02 1.6994615e-01
       387 2.4753428e+00 1.9965030e-01 4.0291265e-02 1.7430737e-01
       388 2.4764581e+00 1.9936541e-01 4.0132519e-02 1.7144635e-01
       389 2.4773988e+00 1.9972420e-01 4.0239636e-02 1.7455088e-01
       390 2.4761560e+00 1.9889063e-01 3.9955398e-02 1.7142555e-01
       391 2.4747489e+00 1.9896961e-01 4.0044939e-02 1.7501443e-01
       392 2.4781422e+00 1.9833216e-01 3.9658266e-02 1.7488554e-01
       393 2.4744841e+00 1.9965919e-01 4.0331205e-02 1.7806847e-01
       394 2.4772808e+00 1.9747627e-01 3.9351187e-02 1.6927646e-01
       395 2.4764154e+00 1.9771907e-01 3.9480467e-02 1.6960206e-01
       396 2.4772981e+00 1.9844697e-01 3.9734856e-02 1.6837946e-01
       397 2.4765796e+00 1.9875644e-01 3.9885319e-02 1.6813610e-01
       398 2.4758385e+00 1.9950837e-01 4.0214272e-02 1.7184966e-01
       399 2.4773233e+00 1.9702417e-01 3.9171232e-02 1.6700883e-01
       400 2.4793297e+00 1.9717745e-01 3.9160320e-02 1.7700756e-01
       401 2.4750904e+00 1.9937952e-01 4.0193758e-02 1.7504223e-01
       402 2.4762363e+00 1.9739037e-01 3.9357674e-02 1.6775800e-01
       403 2.4763378e+00 1.9705607e-01 3.9221793e-02 1.6710697e-01
       404 2.4782945e+00 1.9763115e-01 3.9375245e-02 1.7113494e-01
       405 2.4775629e+00 1.9644969e-01 3.8936245e-02 1.6819911e-01
       406 2.4756864e+00 1.9821090e-01 3.9704432e-02 1.7094440e-01
       407 2.4772801e+00 1.9740370e-01 3.9322556e-02 1.6514948e-01
       408 2.4780820e+00 1.9669484e-01 3.9013649e-02 1.6621178e-01
       409 2.4752077e+00 1.9684022e-01 3.9182724e-02 1.7283883e-01
       410 2.4783834e+00 1.9670835e-01 3.9008190e-02 1.6867153e-01
       411 2.4786214e+00 1.9565490e-01 3.8586479e-02 1.6673040e-01
       412 2.4764891e+00 1.9767781e-01 3.9461256e-02 1.6832609e-01
       413 2.4765645e+00 1.9720413e-01 3.9271258e-02 1.6515354e-01
       414 2.4784007e+00 1.9632522e-01 3.8856991e-02 1.6421259e-01
       415 2.4775491e+00 1.9607934e-01 3.8791389e-02 1.6531581e-01
       416 2.4764952e+00 1.9733870e-01 3.9327064e-02 1.6562400e-01
       417 2.4762295e+00 1.9547635e-01 3.8605993e-02 1.6647015e-01
       418 2.4755535e+00 1.9749136e-01 3.9425157e-02 1.6982444e-01
       419 2.4757982e+00 1.9661232e-01 3.9068722e-02 1.6764715e-01
       420 2.4795124e+00 1.9523846e-01 3.8393331e-02 1.7047271e-01
       421 2.4758570e+00 1.9732065e-01 3.9345373e-02 1.6884110e-01
       422 2.4782153e+00 1.9624225e-01 3.8831023e-02 1.6360170e-01
       423 2.4794240e+00 1.9600319e-01 3.8695468e-02 1.6994262e-01
       424 2.4740033e+00 1.9638741e-01 3.9056449e-02 1.8326814e-01
       425 2.4786530e+00 1.9716786e-01 3.9179697e-02 1.6849726e-01
       426 2.4792168e+00 1.9585497e-01 3.8644343e-02 1.6984045e-01
       427 2.4781391e+00 1.9674019e-01 3.9029434e-02 1.6431352e-01
       428 2.4777330e+00 1.9544681e-01 3.8536942e-02 1.6062610e-01
       429 2.4771528e+00 1.9548062e-01 3.8571814e-02 1.6140750e-01
       430 2.4772546e+00 1.9519010e-01 3.8454469e-02 1.6237160e-01
       431 2.4759854e+00 1.9585953e-01 3.8765704e-02 1.6687321e-01
       432 2.4778850e+00 1.9371212e-01 3.7856314e-02 1.5982193e-01
       433 2.4782190e+00 1.9532213e-01 3.8470601e-02 1.6237744e-01
       434 2.4765996e+00 1.9511656e-01 3.8450888e-02 1.6336606e-01
       435 2.4751470e+00 1.9607783e-01 3.8885705e-02 1.7251349e-01
       436 2.4785276e+00 1.9392348e-01 3.7915242e-02 1.5933510e-01
       437 2.4781572e+00 1.9450810e-01 3.8155483e-02 1.6102213e-01
       438 2.4774831e+00 1.9394920e-01 3.7963026e-02 1.5846531e-01
       439 2.4794789e+00 1.9485832e-01 3.8246153e-02 1.6566363e-01
       440 2.4787577e+00 1.9504735e-01 3.8344356e-02 1.6173886e-01
       441 2.4761201e+00 1.9442294e-01 3.8199630e-02 1.6476625e-01
       442 2.4796651e+00 1.9350267e-01 3.7713516e-02 1.6334635e-01
       443 2.4755594e+00 1.9559660e-01 3.8680106e-02 1.6966267e-01
       444 2.4801207e+00 1.9571495e-01 3.8559802e-02 1.6951640e-01
       445 2.4756303e+00 1.9540860e-01 3.8603684e-02 1.6791603e-01
       446 2.4778977e+00 1.9572471e-01 3.8639627e-02 1.5944722e-01
       447 2.4790643e+00 1.9431128e-01 3.8047220e-02 1.6115716e-01
       448 2.4776006e+00 1.9488866e-01 3.8323962e-02 1.5903852e-01
       449 2.4755693e+00 1.9578236e-01 3.8752402e-02 1.6959201e-01
       450 2.4765277e+00 1.9572250e-01 3.8690520e-02 1.6148537e-01
       451 2.4782334e+00 1.9391728e-01 3.7923265e-02 1.5899395e-01
       452 2.4771739e+00 1.9404414e-01 3.8011471e-02 1.5831261e-01
       453 2.4789978e+00 1.9383421e-01 3.7864318e-02 1.5890342e-01
       454 2.4784206e+00 1.9380834e-01 3.7874370e-02 1.5956579e-01
       455 2.4790168e+00 1.9349681e-01 3.7732982e-02 1.5807167e-01
       456 2.4783643e+00 1.9494986e-01 3.8320141e-02 1.5811523e-01
       457 2.4761895e+00 1.9524212e-01 3.8516067e-02 1.6442814e-01
       458 2.4788040e+00 1.9336282e-01 3.7688465e-02 1.5850998e-01
       459 2.4788529e+00 1.9357822e-01 3.7770120e-02 1.5879729e-01
       460 2.4771986e+00 1.9423244e-01 3.8083651e-02 1.5846533e-01
       461 2.4786275e+00 1.9477350e-01 3.8242139e-02 1.6181846e-01
       462 2.4778784e+00 1.9353243e-01 3.7786970e-02 1.5698510e-01
       463 2.4779356e+00 1.9347154e-01 3.7761322e-02 1.5621386e-01
       464 2.4777731e+00 1.9343597e-01 3.7753493e-02 1.5640647e-01
       465 2.4800374e+00 1.9333699e-01 3.7637322e-02 1.6201702e-01
       466 2.4781020e+00 1.9314966e-01 3.7630858e-02 1.5572805e-01
       467 2.4743929e+00 1.9410731e-01 3.8149010e-02 1.8207060e-01
       468 2.4793723e+00 1.9364517e-01 3.7778397e-02 1.6085594e-01
       469 2.4774619e+00 1.9314076e-01 3.7650877e-02 1.5625581e-01
       470 2.4820954e+00 1.9226927e-01 3.7163707e-02 1.7676927e-01
       471 2.4756645e+00 1.9319235e-01 3.7741051e-02 1.6800277e-01
       472 2.4799625e+00 1.9271581e-01 3.7399925e-02 1.6181291e-01
       473 2.4769702e+00 1.9392183e-01 3.7971772e-02 1.5927083e-01
       474 2.4778870e+00 1.9329575e-01 3.7695100e-02 1.5671632e-01
       475 2.4811079e+00 1.9232742e-01 3.7214714e-02 1.6882198e-01
       476 2.4770157e+00 1.9295236e-01 3.7594970e-02 1.5834418e-01
       477 2.4782530e+00 1.9114456e-01 3.6854897e-02 1.5379715e-01
       478 2.4766799e+00 1.9419515e-01 3.8089045e-02 1.6146580e-01
       479 2.4788088e+00 1.9287007e-01 3.7497980e-02 1.5499447e-01
       480 2.4783986e+00 1.9270395e-01 3.7448291e-02 1.5390628e-01
       481 2.4784526e+00 1.9380678e-01 3.7872632e-02 1.5741713e-01
       482 2.4793885e+00 1.9285299e-01 3.7471679e-02 1.5614801e-01
       483 2.4781953e+00 1.9215920e-01 3.7245874e-02 1.5422882e-01
       484 2.4765086e+00 1.9386496e-01 3.7967596e-02 1.6267152e-01
       485 2.4795134e+00 1.9279420e-01 3.7444845e-02 1.5580003e-01
       486 2.4785407e+00 1.9252626e-01 3.7374823e-02 1.5398781e-01
       487 2.4778484e+00 1.9258379e-01 3.7421776e-02 1.5516001e-01
       488 2.4793946e+00 1.9255244e-01 3.7355641e-02 1.5587677e-01
       489 2.4780757e+00 1.9340499e-01 3.7730502e-02 1.5642175e-01
       490 2.4792247e+00 1.9130596e-01 3.6882877e-02 1.5187680e-01
       491 2.4783176e+00 1.9243081e-01 3.7345966e-02 1.5407028e-01
       492 2.4792606e+00 1.9217614e-01 3.7215363e-02 1.5422960e-01
       493 2.4784280e+00 1.9209217e-01 3.7211837e-02 1.5265483e-01
       494 2.4775775e+00 1.9228247e-01 3.7315772e-02 1.5594755e-01
       495 2.4778171e+00 1.9254261e-01 3.7407064e-02 1.5453450e-01
       496 2.4770125e+00 1.9092064e-01 3.6815171e-02 1.5825888e-01
       497 2.4772626e+00 1.9270182e-01 3.7488982e-02 1.5857117e-01
       498 2.4784120e+00 1.9201405e-01 3.7182399e-02 1.5403824e-01
       499 2.4790892e+00 1.9233942e-01 3.7283949e-02 1.5360727e-01
       500 2.4801814e+00 1.9134675e-01 3.6867104e-02 1.5674490e-01
       501 2.4785792e+00 1.9161717e-01 3.7024254e-02 1.5289220e-01
       502 2.4793926e+00 1.9138758e-01 3.6908469e-02 1.5347015e-01
       503 2.4779196e+00 1.9209289e-01 3.7230346e-02 1.5485361e-01
       504 2.4795132e+00 1.9186924e-01 3.7089055e-02 1.5375633e-01
       505 2.4784334e+00 1.9184126e-01 3.7115316e-02 1.5342102e-01
       506 2.4791624e+00 1.9103019e-01 3.6779548e-02 1.5126199e-01
       507 2.4769645e+00 1.9163860e-01 3.7091667e-02 1.5912670e-01
       508 2.4793377e+00 1.9180387e-01 3.7069830e-02 1.5430244e-01
       509 2.4790043e+00 1.9119372e-01 3.6847431e-02 1.5189807e-01
       510 2.4794750e+00 1.9058873e-01 3.6600584e-02 1.5303069e-01
       511 2.4794697e+00 1.9007969e-01 3.6406985e-02 1.5052052e-01
       512 2.4789396e+00 1.8955412e-01 3.6225377e-02 1.4898414e-01
       513 2.4779389e+00 1.9145827e-01 3.6986235e-02 1.5453012e-01
       514 2.4796206e+00 1.9038997e-01 3.6520040e-02 1.5174217e-01
       515 2.4782008e+00 1.9194829e-01 3.7164667e-02 1.5455550e-01
       516 2.4783901e+00 1.9012021e-01 3.6459468e-02 1.5207884e-01
       517 2.4787562e+00 1.9115747e-01 3.6842117e-02 1.5173807e-01
       518 2.4795795e+00 1.8975210e-01 3.6278911e-02 1.4969571e-01
       519 2.4792853e+00 1.9078105e-01 3.6680271e-02 1.5316937e-01
       520 2.4771835e+00 1.9128437e-01 3.6947689e-02 1.5682690e-01
       521 2.4787951e+00 1.9089480e-01 3.6740416e-02 1.5220008e-01
       522 2.4794171e+00 1.9034726e-01 3.6510525e-02 1.5314573e-01
       523 2.4780348e+00 1.8938720e-01 3.6194004e-02 1.5196808e-01
       524 2.4785699e+00 1.8977178e-01 3.6320768e-02 1.5072874e-01
       525 2.4799779e+00 1.9075740e-01 3.6648429e-02 1.5337706e-01
       526 2.4780859e+00 1.9145514e-01 3.6979717e-02 1.5484651e-01
       527 2.4803948e+00 1.8949102e-01 3.6153620e-02 1.5344146e-01
       528 2.4811125e+00 1.8990397e-01 3.6288259e-02 1.5881460e-01
       529 2.4776672e+00 1.9023248e-01 3.6528305e-02 1.5510490e-01
       530 2.4783716e+00 1.8988713e-01 3.6371556e-02 1.5179807e-01
       531 2.4809605e+00 1.8897184e-01 3.5939676e-02 1.5459970e-01
       532 2.4799337e+00 1.9020219e-01 3.6438348e-02 1.5439435e-01
       533 2.4801016e+00 1.8915525e-01 3.6035778e-02 1.5072823e-01
       534 2.4790535e+00 1.8827811e-01 3.5739361e-02 1.4890220e-01
       535 2.4804250e+00 1.9002738e-01 3.6356228e-02 1.5252603e-01
       536 2.4774783e+00 1.8940514e-01 3.6221218e-02 1.5677065e-01
       537 2.4799108e+00 1.8878296e-01 3.5901221e-02 1.4915902e-01
       538 2.4779378e+00 1.8893444e-01 3.6026229e-02 1.5277792e-01
       539 2.4788321e+00 1.8846468e-01 3.5817249e-02 1.5033498e-01
       540 2.4791007e+00 1.8803737e-01 3.5647158e-02 1.4812710e-01
       541 2.4787052e+00 1.8810392e-01 3.5685800e-02 1.4957125e-01
       542 2.4810350e+00 1.8877590e-01 3.5863411e-02 1.5421249e-01
       543 2.4790173e+00 1.8951979e-01 3.6209700e-02 1.5149618e-01
       544 2.4798676e+00 1.8911136e-01 3.6026722e-02 1.5165007e-01
       545 2.4794093e+00 1.8792738e-01 3.5595406e-02 1.4698113e-01
       546 2.4772393e+00 1.8965030e-01 3.6323109e-02 1.5783574e-01
       547 2.4793280e+00 1.8984951e-01 3.6324265e-02 1.5066437e-01
       548 2.4785086e+00 1.8944414e-01 3.6198673e-02 1.5033644e-01
       549 2.4813260e+00 1.8703764e-01 3.5201466e-02 1.5142948e-01
       550 2.4809931e+00 1.8685794e-01 3.5144224e-02 1.4956313e-01
       551 2.4765174e+00 1.8881897e-01 3.6036235e-02 1.6499687e-01
       552 2.4820017e+00 1.8682907e-01 3.5103971e-02 1.5665369e-01
       553 2.4782469e+00 1.8768427e-01 3.5544256e-02 1.5175365e-01
       554 2.4796377e+00 1.8719705e-01 3.5313869e-02 1.4684520e-01
       555 2.4791674e+00 1.8762875e-01 3.5491393e-02 1.4799176e-01
       556 2.4804412e+00 1.8741266e-01 3.5368824e-02 1.4942550e-01
       557 2.4786491e+00 1.8819966e-01 3.5723780e-02 1.4843032e-01
       558 2.4792680e+00 1.8844921e-01 3.5796551e-02 1.4789281e-01
       559 2.4811855e+00 1.8770315e-01 3.5455030e-02 1.5510249e-01
       560 2.4800223e+00 1.8738366e-01 3.5371251e-02 1.4727229e-01
       561 2.4796352e+00 1.8719708e-01 3.5313964e-02 1.4653936e-01
       562 2.4776167e+00 1.8780573e-01 3.5612764e-02 1.5524648e-01
       563 2.4786543e+00 1.8809007e-01 3.5682362e-02 1.5008762e-01
       564 2.4789743e+00 1.8739342e-01 3.5409715e-02 1.4870365e-01
       565 2.4791558e+00 1.8897201e-01 3.5997657e-02 1.5014619e-01
       566 2.4815008e+00 1.8702299e-01 3.5190848e-02 1.5356843e-01
       567 2.4781689e+00 1.8754724e-01 3.5495628e-02 1.5123311e-01
       568 2.4796702e+00 1.8744851e-01 3.5407011e-02 1.4715745e-01
       569 2.4775388e+00 1.8829483e-01 3.5799604e-02 1.5496782e-01
       570 2.4788738e+00 1.8703748e-01 3.5279894e-02 1.4781320e-01
       571 2.4802727e+00 1.8690742e-01 3.5185009e-02 1.4734288e-01
       572 2.4802920e+00 1.8659543e-01 3.5067869e-02 1.4569495e-01
       573 2.4801571e+00 1.8637168e-01 3.4988700e-02 1.4686744e-01
       574 2.4792050e+00 1.8653780e-01 3.5081924e-02 1.4546591e-01
       575 2.4803444e+00 1.8678768e-01 3.5137998e-02 1.4821584e-01
       576 2.4813989e+00 1.8738117e-01 3.5327938e-02 1.5219424e-01
       577 2.4798363e+00 1.8606785e-01 3.4885881e-02 1.4546287e-01
       578 2.4796342e+00 1.8555246e-01 3.4700962e-02 1.4474648e-01
       579 2.4789348e+00 1.8757108e-01 3.5477688e-02 1.4798442e-01
       580 2.4820168e+00 1.8653254e-01 3.4992833e-02 1.5414162e-01
       581 2.4812245e+00 1.8616629e-01 3.4879281e-02 1.4893890e-01
       582 2.4798380e+00 1.8537389e-01 3.4628055e-02 1.4516879e-01
       583 2.4785366e+00 1.8672691e-01 3.5175548e-02 1.4873081e-01
       584 2.4805792e+00 1.8607846e-01 3.4866206e-02 1.4852669e-01
       585 2.4773055e+00 1.8652127e-01 3.5143564e-02 1.5968202e-01
       586 2.4798380e+00 1.8625691e-01 3.4956215e-02 1.4489778e-01
       587 2.4790085e+00 1.8696405e-01 3.5247807e-02 1.4713089e-01
       588 2.4787530e+00 1.8597866e-01 3.4889111e-02 1.4765665e-01
       589 2.4793370e+00 1.8684128e-01 3.5190792e-02 1.4742059e-01
       590 2.4809890e+00 1.8660781e-01 3.5050933e-02 1.5067041e-01
       591 2.4790251e+00 1.8693549e-01 3.5236559e-02 1.4808156e-01
       592 2.4799153e+00 1.8626406e-01 3.4956371e-02 1.4572281e-01
       593 2.4787233e+00 1.8538397e-01 3.4669303e-02 1.4753516e-01
       594 2.4803492e+00 1.8624960e-01 3.4937124e-02 1.4690919e-01
       595 2.4796652e+00 1.8614005e-01 3.4918348e-02 1.4449245e-01
       596 2.4800717e+00 1.8611021e-01 3.4894041e-02 1.4595150e-01
       597 2.4822323e+00 1.8632082e-01 3.4907869e-02 1.5966261e-01
       598 2.4801575e+00 1.8643645e-01 3.5012837e-02 1.4581103e-01
       599 2.4797510e+00 1.8577631e-01 3.4780251e-02 1.4554076e-01
       600 2.4789769e+00 1.8604899e-01 3.4907556e-02 1.4801124e-01
       601 2.4772753e+00 1.8702477e-01 3.5332779e-02 1.5874551e-01
       602 2.4808535e+00 1.8543410e-01 3.4618376e-02 1.4749035e-01
       603 2.4796494e+00 1.8455161e-01 3.4330047e-02 1.4384502e-01
       604 2.4808169e+00 1.8560467e-01 3.4682784e-02 1.4600921e-01
       605 2.4800648e+00 1.8481446e-01 3.4413636e-02 1.4479825e-01
       606 2.4805847e+00 1.8524036e-01 3.4554834e-02 1.4588694e-01
       607 2.4793448e+00 1.8500659e-01 3.4508303e-02 1.4519444e-01
       608 2.4790554e+00 1.8611875e-01 3.4930839e-02 1.4776174e-01
       609 2.4795199e+00 1.8597140e-01 3.4860388e-02 1.4674872e-01
       610 2.4793048e+00 1.8578114e-01 3.4796841e-02 1.4773146e-01
       611 2.4804618e+00 1.8400278e-01 3.4101696e-02 1.4245429e-01
       612 2.4808081e+00 1.8458467e-01 3.4305459e-02 1.4649829e-01
       613 2.4790261e+00 1.8451926e-01 3.4339006e-02 1.4590237e-01
       614 2.4818288e+00 1.8501894e-01 3.4435788e-02 1.5103723e-01
       615 2.4785517e+00 1.8572991e-01 3.4803677e-02 1.4997504e-01
       616 2.4797966e+00 1.8497242e-01 3.4480721e-02 1.4526869e-01
       617 2.4805852e+00 1.8407894e-01 3.4125881e-02 1.4292257e-01
       618 2.4790921e+00 1.8522415e-01 3.4597385e-02 1.4624447e-01
       619 2.4797690e+00 1.8464625e-01 3.4361063e-02 1.4387039e-01
       620 2.4807487e+00 1.8445327e-01 3.4258789e-02 1.4488567e-01
       621 2.4797638e+00 1.8524164e-01 3.4581463e-02 1.4548323e-01
       622 2.4798294e+00 1.8525777e-01 3.4585299e-02 1.4394900e-01
       623 2.4785130e+00 1.8438070e-01 3.4305679e-02 1.4872867e-01
       624 2.4823487e+00 1.8462958e-01 3.4277285e-02 1.5477345e-01
       625 2.4768123e+00 1.8532675e-01 3.4718167e-02 1.6536853e-01
       626 2.4800521e+00 1.8499118e-01 3.4479395e-02 1.4469959e-01
       627 2.4808370e+00 1.8484699e-01 3.4401488e-02 1.4614099e-01
       628 2.4803049e+00 1.8367472e-01 3.3986010e-02 1.4257034e-01
       629 2.4812701e+00 1.8249429e-01 3.3524206e-02 1.4243401e-01
       630 2.4787592e+00 1.8479984e-01 3.4451818e-02 1.4730710e-01
       631 2.4804227e+00 1.8513495e-01 3.4520847e-02 1.4647515e-01
       632 2.4803645e+00 1.8454910e-01 3.4306098e-02 1.4455686e-01
       633 2.4813821e+00 1.8312348e-01 3.3750936e-02 1.4461732e-01
       634 2.4797559e+00 1.8475241e-01 3.4400710e-02 1.4478588e-01
       635 2.4802810e+00 1.8332326e-01 3.3857779e-02 1.4253009e-01
       636 2.4816554e+00 1.8340075e-01 3.3844592e-02 1.4613804e-01
       637 2.4798689e+00 1.8405908e-01 3.4141319e-02 1.4337793e-01
       638 2.4774640e+00 1.8470227e-01 3.4462374e-02 1.5762316e-01
       639 2.4830541e+00 1.8347522e-01 3.3833452e-02 1.5785358e-01
       640 2.4801664e+00 1.8413765e-01 3.4160679e-02 1.4468214e-01
       641 2.4805541e+00 1.8415077e-01 3.4153302e-02 1.4433301e-01
       642 2.4806954e+00 1.8332460e-01 3.3845329e-02 1.4299073e-01
       643 2.4806501e+00 1.8285417e-01 3.3674465e-02 1.4305268e-01
       644 2.4802805e+00 1.8275368e-01 3.3649285e-02 1.4250831e-01
       645 2.4790313e+00 1.8437389e-01 3.4285201e-02 1.4837569e-01
       646 2.4817358e+00 1.8194251e-01 3.3309518e-02 1.4397657e-01
       647 2.4801867e+00 1.8261699e-01 3.3602320e-02 1.4216939e-01
       648 2.4804688e+00 1.8371518e-01 3.3995722e-02 1.4486784e-01
       649 2.4790714e+00 1.8343059e-01 3.3936887e-02 1.4536491e-01
       650 2.4810699e+00 1.8265023e-01 3.3587125e-02 1.4375145e-01
       651 2.4796967e+00 1.8307268e-01 3.3784800e-02 1.4423972e-01
       652 2.4793048e+00 1.8332894e-01 3.3891709e-02 1.4455127e-01
       653 2.4804944e+00 1.8337429e-01 3.3869784e-02 1.4294137e-01
       654 2.4802099e+00 1.8323020e-01 3.3825926e-02 1.4338405e-01
       655 2.4815656e+00 1.8180299e-01 3.3263687e-02 1.4287637e-01
       656 2.4795524e+00 1.8337231e-01 3.3899354e-02 1.4332965e-01
       657 2.4806039e+00 1.8226917e-01 3.3462296e-02 1.4136927e-01
       658 2.4813665e+00 1.8280929e-01 3.3636426e-02 1.4435423e-01
       659 2.4810682e+00 1.8184386e-01 3.3293261e-02 1.4159622e-01
       660 2.4809584e+00 1.8286760e-01 3.3669946e-02 1.4260191e-01
       661 2.4796867e+00 1.8292732e-01 3.3731927e-02 1.4391304e-01
       662 2.4794975e+00 1.8174532e-01 3.3307132e-02 1.4454745e-01
       663 2.4799990e+00 1.8159802e-01 3.3237206e-02 1.4161970e-01
       664 2.4812597e+00 1.8133177e-01 3.3101561e-02 1.4086911e-01
       665 2.4804212e+00 1.8323886e-01 3.3822427e-02 1.4375633e-01
       666 2.4804780e+00 1.8354758e-01 3.3933883e-02 1.4306544e-01
       667 2.4799597e+00 1.8248398e-01 3.3561035e-02 1.4280351e-01
       668 2.4832297e+00 1.8109918e-01 3.2962656e-02 1.5409821e-01
       669 2.4782018e+00 1.8173767e-01 3.3349064e-02 1.5264423e-01
       670 2.4793979e+00 1.8290657e-01 3.3733901e-02 1.4448890e-01
       671 2.4806489e+00 1.8189196e-01 3.3323540e-02 1.4103519e-01
       672 2.4806104e+00 1.8086369e-01 3.2951722e-02 1.4108206e-01
       673 2.4811997e+00 1.8096102e-01 3.2969025e-02 1.4226996e-01
       674 2.4806727e+00 1.8092341e-01 3.2971401e-02 1.3899057e-01
       675 2.4789855e+00 1.8297268e-01 3.3772039e-02 1.4771019e-01
       676 2.4820169e+00 1.8118080e-01 3.3024927e-02 1.4426318e-01
       677 2.4819321e+00 1.8168757e-01 3.3211211e-02 1.4561581e-01
       678 2.4805220e+00 1.8100676e-01 3.3006241e-02 1.3969447e-01
       679 2.4788284e+00 1.8126816e-01 3.3156588e-02 1.4712770e-01
       680 2.4804009e+00 1.8108698e-01 3.3039078e-02 1.4052878e-01
       681 2.4824428e+00 1.8108599e-01 3.2978761e-02 1.4712751e-01
       682 2.4804123e+00 1.8191817e-01 3.3340447e-02 1.4182061e-01
       683 2.4801055e+00 1.8085623e-01 3.2964924e-02 1.4053371e-01
       684 2.4799459e+00 1.8232134e-01 3.3502152e-02 1.4196049e-01
       685 2.4789394e+00 1.8076639e-01 3.2971108e-02 1.4735264e-01
       686 2.4800321e+00 1.8259779e-01 3.3600252e-02 1.4244795e-01
       687 2.4792551e+00 1.8219101e-01 3.3477443e-02 1.4640716e-01
       688 2.4823130e+00 1.8009168e-01 3.2623201e-02 1.4454247e-01
       689 2.4815216e+00 1.7955929e-01 3.2454180e-02 1.3878697e-01
       690 2.4793857e+00 1.8166149e-01 3.3280394e-02 1.4409182e-01
       691 2.4818050e+00 1.7980883e-01 3.2535672e-02 1.4044361e-01
       692 2.4800478e+00 1.8140749e-01 3.3166475e-02 1.4325551e-01
       693 2.4824203e+00 1.8037928e-01 3.2723924e-02 1.4749513e-01
       694 2.4775025e+00 1.8198697e-01 3.3465269e-02 1.6060241e-01
       695 2.4817982e+00 1.8045301e-01 3.2767941e-02 1.4353259e-01
       696 2.4825189e+00 1.8032497e-01 3.2701646e-02 1.4584141e-01
       697 2.4793289e+00 1.8040490e-01 3.2827326e-02 1.4420339e-01
       698 2.4820627e+00 1.8011905e-01 3.2640027e-02 1.4273891e-01
       699 2.4817873e+00 1.8054057e-01 3.2799860e-02 1.4235835e-01
       700 2.4769508e+00 1.8257724e-01 3.3701288e-02 1.6665529e-01
       701 2.4825058e+00 1.8004377e-01 3.2600668e-02 1.4522788e-01
       702 2.4824179e+00 1.7968006e-01 3.2472229e-02 1.4396534e-01
       703 2.4802417e+00 1.8018919e-01 3.2719752e-02 1.4036365e-01
       704 2.4807490e+00 1.7891005e-01 3.2244577e-02 1.3785263e-01
       705 2.4791366e+00 1.8036862e-01 3.2820728e-02 1.4518591e-01
       706 2.4806917e+00 1.7955936e-01 3.2479100e-02 1.3812546e-01
       707 2.4797690e+00 1.7990389e-01 3.2632234e-02 1.4304842e-01
       708 2.4806952e+00 1.7970610e-01 3.2531709e-02 1.3925079e-01
       709 2.4808457e+00 1.8002016e-01 3.2640068e-02 1.3995243e-01
       710 2.4819955e+00 1.7978401e-01 3.2521336e-02 1.4252707e-01
       711 2.4799737e+00 1.8041743e-01 3.2810631e-02 1.4180190e-01
       712 2.4810247e+00 1.8090747e-01 3.2954895e-02 1.4021722e-01
       713 2.4828213e+00 1.7976482e-01 3.2491814e-02 1.4766302e-01
       714 2.4806625e+00 1.7972291e-01 3.2538760e-02 1.3949133e-01
       715 2.4809956e+00 1.8027330e-01 3.2726723e-02 1.4060280e-01
       716 2.4795996e+00 1.8019410e-01 3.2742302e-02 1.4319735e-01
       717 2.4797634e+00 1.8009836e-01 3.2702430e-02 1.4202315e-01
       718 2.4809619e+00 1.8007422e-01 3.2656004e-02 1.3829030e-01
       719 2.4818610e+00 1.7943942e-01 3.2401363e-02 1.4131030e-01
       720 2.4794059e+00 1.7950060e-01 3.2499287e-02 1.4385367e-01
       721 2.4812227e+00 1.7952146e-01 3.2449405e-02 1.3968127e-01
       722 2.4834026e+00 1.7845843e-01 3.2008733e-02 1.5063798e-01
       723 2.4817562e+00 1.7782754e-01 3.1828487e-02 1.3722493e-01
       724 2.4800341e+00 1.7899157e-01 3.2296221e-02 1.3979756e-01
       725 2.4832081e+00 1.7755521e-01 3.1692152e-02 1.4489384e-01
       726 2.4798423e+00 1.7980344e-01 3.2593716e-02 1.4104686e-01
       727 2.4828013e+00 1.7890320e-01 3.2183314e-02 1.4462278e-01
       728 2.4803737e+00 1.7843698e-01 3.2087196e-02 1.3849669e-01
       729 2.4809391e+00 1.7876393e-01 3.2186511e-02 1.3804255e-01
       730 2.4823857e+00 1.7874613e-01 3.2138367e-02 1.4086721e-01
       731 2.4795069e+00 1.7960802e-01 3.2534499e-02 1.4400805e-01
       732 2.4815033e+00 1.7847162e-01 3.2065294e-02 1.3795726e-01
       733 2.4808215e+00 1.7939362e-01 3.2415621e-02 1.3862355e-01
       734 2.4792983e+00 1.7926829e-01 3.2419546e-02 1.4558704e-01
       735 2.4819261e+00 1.7826828e-01 3.1980587e-02 1.3943980e-01
       736 2.4803829e+00 1.7949090e-01 3.2464131e-02 1.4021796e-01
       737 2.4822863e+00 1.7886991e-01 3.2185370e-02 1.4113416e-01
       738 2.4795738e+00 1.7876557e-01 3.2230373e-02 1.4349515e-01
       739 2.4789328e+00 1.7970916e-01 3.2590228e-02 1.4666191e-01
       740 2.4806850e+00 1.7892500e-01 3.2251898e-02 1.3915199e-01
       741 2.4808153e+00 1.7858282e-01 3.2125565e-02 1.3765750e-01
       742 2.4822620e+00 1.7878115e-01 3.2154295e-02 1.4245920e-01
       743 2.4820500e+00 1.7675221e-01 3.1438855e-02 1.3614654e-01
       744 2.4812058e+00 1.7772114e-01 3.1806754e-02 1.3710858e-01
       745 2.4806925e+00 1.7813193e-01 3.1968493e-02 1.3843501e-01
       746 2.4814581e+00 1.7660145e-01 3.1402571e-02 1.3650078e-01
       747 2.4811861e+00 1.7640052e-01 3.1339684e-02 1.3549381e-01
       748 2.4795042e+00 1.7830972e-01 3.2069905e-02 1.4306634e-01
       749 2.4817830e+00 1.7679484e-01 3.1461504e-02 1.3666137e-01
       750 2.4810091e+00 1.7810375e-01 3.1948796e-02 1.3701960e-01
       751 2.4802288e+00 1.7791250e-01 3.1904873e-02 1.3934683e-01
       752 2.4805930e+00 1.7833151e-01 3.2042717e-02 1.3826654e-01
       753 2.4813840e+00 1.7727663e-01 3.1643677e-02 1.3707785e-01
       754 2.4820251e+00 1.7773555e-01 3.1788137e-02 1.3768068e-01
       755 2.4817051e+00 1.7549878e-01 3.1007146e-02 1.3438594e-01
       756 2.4809418e+00 1.7747506e-01 3.1727285e-02 1.3666479e-01
       757 2.4820783e+00 1.7628362e-01 3.1272630e-02 1.3733947e-01
       758 2.4803496e+00 1.7767560e-01 3.1816814e-02 1.3864618e-01
       759 2.4833975e+00 1.7595571e-01 3.1121863e-02 1.4422528e-01
       760 2.4800312e+00 1.7781748e-01 3.1877385e-02 1.4057833e-01
       761 2.4810813e+00 1.7648697e-01 3.1373326e-02 1.3602095e-01
       762 2.4796750e+00 1.7768153e-01 3.1840633e-02 1.4264095e-01
       763 2.4813136e+00 1.7725374e-01 3.1637639e-02 1.3692854e-01
       764 2.4818283e+00 1.7683088e-01 3.1472953e-02 1.3651994e-01
       765 2.4812544e+00 1.7797852e-01 3.1896860e-02 1.3687083e-01
       766 2.4835690e+00 1.7727896e-01 3.1584952e-02 1.4859963e-01
       767 2.4799424e+00 1.7802675e-01 3.1954713e-02 1.4110682e-01
       768 2.4816853e+00 1.7632896e-01 3.1299798e-02 1.3598624e-01
       769 2.4805526e+00 1.7588575e-01 3.1177637e-02 1.3703683e-01
       770 2.4826797e+00 1.7649354e-01 3.1330176e-02 1.3999161e-01
       771 2.4798415e+00 1.7690824e-01 3.1560989e-02 1.4073205e-01
       772 2.4806975e+00 1.7774510e-01 3.1830676e-02 1.3847093e-01
       773 2.4815691e+00 1.7563920e-01 3.1060387e-02 1.3420629e-01
       774 2.4798460e+00 1.7670341e-01 3.1488415e-02 1.4160227e-01
       775 2.4829469e+00 1.7725066e-01 3.1590900e-02 1.4360990e-01
       776 2.4825585e+00 1.7594625e-01 3.1140557e-02 1.3984464e-01
       777 2.4815309e+00 1.7662317e-01 3.1408117e-02 1.3601411e-01
       778 2.4790902e+00 1.7634509e-01 3.1387053e-02 1.4714938e-01
       779 2.4809573e+00 1.7692945e-01 3.1533448e-02 1.3595648e-01
       780 2.4823289e+00 1.7500905e-01 3.0817918e-02 1.3462679e-01
       781 2.4806641e+00 1.7636727e-01 3.1343800e-02 1.3663700e-01
       782 2.4822701e+00 1.7522253e-01 3.0894307e-02 1.3607402e-01
       783 2.4826958e+00 1.7506538e-01 3.0827664e-02 1.3659126e-01
       784 2.4797326e+00 1.7617338e-01 3.1305079e-02 1.4374204e-01
       785 2.4822402e+00 1.7565473e-01 3.1046786e-02 1.3592537e-01
       786 2.4833801e+00 1.7500514e-01 3.0788691e-02 1.4099074e-01
       787 2.4807967e+00 1.7613822e-01 3.1258982e-02 1.3671640e-01
       788 2.4807007e+00 1.7471491e-01 3.0762556e-02 1.3536698e-01
       789 2.4845136e+00 1.7421755e-01 3.0486088e-02 1.5014163e-01
       790 2.4788677e+00 1.7670626e-01 3.1522189e-02 1.4949621e-01
       791 2.4836412e+00 1.7430335e-01 3.0536977e-02 1.4152328e-01
       792 2.4795751e+00 1.7560298e-01 3.1109603e-02 1.4321152e-01
       793 2.4815827e+00 1.7499350e-01 3.0833589e-02 1.3355611e-01
       794 2.4832970e+00 1.7428277e-01 3.0538499e-02 1.3937393e-01
       795 2.4803344e+00 1.7538721e-01 3.1009349e-02 1.3737891e-01
       796 2.4816364e+00 1.7514014e-01 3.0883374e-02 1.3382906e-01
       797 2.4807883e+00 1.7570622e-01 3.1107239e-02 1.3654962e-01
       798 2.4813688e+00 1.7497851e-01 3.0834601e-02 1.3342198e-01
       799 2.4803774e+00 1.7394237e-01 3.0503269e-02 1.3699714e-01
       800 2.4816104e+00 1.7586468e-01 3.1138443e-02 1.3537015e-01
       801 2.4813270e+00 1.7513474e-01 3.0890534e-02 1.3370193e-01
       802 2.4827416e+00 1.7462788e-01 3.0673446e-02 1.3708561e-01
       803 2.4814462e+00 1.7546127e-01 3.1001504e-02 1.3684750e-01
       804 2.4798121e+00 1.7586952e-01 3.1195510e-02 1.4078751e-01
       805 2.4822886e+00 1.7484363e-01 3.0761155e-02 1.3495055e-01
       806 2.4824241e+00 1.7428422e-01 3.0562126e-02 1.3491415e-01
       807 2.4817156e+00 1.7425704e-01 3.0572539e-02 1.3385801e-01
       808 2.4799415e+00 1.7547893e-01 3.1054076e-02 1.3871492e-01
       809 2.4815856e+00 1.7417595e-01 3.0548041e-02 1.3410541e-01
       810 2.4809959e+00 1.7469770e-01 3.0747539e-02 1.3599864e-01
       811 2.4818622e+00 1.7435903e-01 3.0603896e-02 1.3343609e-01
       812 2.4819480e+00 1.7466369e-01 3.0707792e-02 1.3615665e-01
       813 2.4820849e+00 1.7505785e-01 3.0841780e-02 1.3508991e-01
       814 2.4810042e+00 1.7469040e-01 3.0744734e-02 1.3532309e-01
       815 2.4826125e+00 1.7455845e-01 3.0652671e-02 1.3620891e-01
       816 2.4823402e+00 1.7383322e-01 3.0407425e-02 1.3432662e-01
       817 2.4815533e+00 1.7492923e-01 3.0811957e-02 1.3441540e-01
       818 2.4798411e+00 1.7491349e-01 3.0859208e-02 1.4167214e-01
       819 2.4805894e+00 1.7561308e-01 3.1080653e-02 1.3739926e-01
       820 2.4838345e+00 1.7337908e-01 3.0210843e-02 1.4382378e-01
       821 2.4833782e+00 1.7349065e-01 3.0260946e-02 1.3959442e-01
       822 2.4796528e+00 1.7290256e-01 3.0165932e-02 1.4341694e-01
       823 2.4807736e+00 1.7394967e-01 3.0493505e-02 1.3484682e-01
       824 2.4833556e+00 1.7305076e-01 3.0109083e-02 1.3715490e-01
       825 2.4807366e+00 1.7412799e-01 3.0556710e-02 1.3583281e-01
       826 2.4814742e+00 1.7304516e-01 3.0158655e-02 1.3193170e-01
       827 2.4820691e+00 1.7395215e-01 3.0456324e-02 1.3358182e-01
       828 2.4785078e+00 1.7623663e-01 3.1368970e-02 1.5441502e-01
       829 2.4840145e+00 1.7506421e-01 3.0793630e-02 1.4756379e-01
       830 2.4809380e+00 1.7359352e-01 3.0364713e-02 1.3581842e-01
       831 2.4811665e+00 1.7389355e-01 3.0462089e-02 1.3446463e-01
       832 2.4832994e+00 1.7356084e-01 3.0287321e-02 1.3863398e-01
       833 2.4811461e+00 1.7435637e-01 3.0623877e-02 1.3472900e-01
       834 2.4845184e+00 1.7182014e-01 2.9656384e-02 1.4391203e-01
       835 2.4828960e+00 1.7250118e-01 2.9931105e-02 1.3422752e-01
       836 2.4806527e+00 1.7390038e-01 3.0480078e-02 1.3628276e-01
       837 2.4808485e+00 1.7436477e-01 3.0635797e-02 1.3475532e-01
       838 2.4787609e+00 1.7422463e-01 3.0655000e-02 1.5230266e-01
       839 2.4820679e+00 1.7297020e-01 3.0115698e-02 1.3223559e-01
       840 2.4812787e+00 1.7368350e-01 3.0385742e-02 1.3439079e-01
       841 2.4835627e+00 1.7259450e-01 2.9946142e-02 1.3859410e-01
       842 2.4810184e+00 1.7267570e-01 3.0044466e-02 1.3362745e-01
       843 2.4826951e+00 1.7245409e-01 2.9920208e-02 1.3267896e-01
       844 2.4824350e+00 1.7270218e-01 3.0012879e-02 1.3317014e-01
       845 2.4821249e+00 1.7250759e-01 2.9954281e-02 1.3205824e-01
       846 2.4807502e+00 1.7238818e-01 2.9953417e-02 1.3449925e-01
       847 2.4826797e+00 1.7277079e-01 3.0029956e-02 1.3409543e-01
       848 2.4801755e+00 1.7347420e-01 3.0347011e-02 1.3928143e-01
       849 2.4821722e+00 1.7197548e-01 2.9769656e-02 1.3172816e-01
       850 2.4837118e+00 1.7130061e-01 2.9497461e-02 1.3661409e-01
       851 2.4815445e+00 1.7296553e-01 3.0129048e-02 1.3369505e-01
       852 2.4818397e+00 1.7318536e-01 3.0196636e-02 1.3319377e-01
       853 2.4809658e+00 1.7240520e-01 2.9952713e-02 1.3445543e-01
       854 2.4833115e+00 1.7089709e-01 2.9369459e-02 1.3293734e-01
       855 2.4822093e+00 1.7127860e-01 2.9529419e-02 1.3034939e-01
       856 2.4821415e+00 1.7166008e-01 2.9662130e-02 1.3164577e-01
       857 2.4818330e+00 1.7247154e-01 2.9950088e-02 1.3234891e-01
       858 2.4810119e+00 1.7207584e-01 2.9837860e-02 1.3538107e-01
       859 2.4824154e+00 1.7157884e-01 2.9626672e-02 1.3058609e-01
       860 2.4821544e+00 1.7140869e-01 2.9575527e-02 1.3157712e-01
       861 2.4840805e+00 1.7135594e-01 2.9507418e-02 1.3835409e-01
       862 2.4820627e+00 1.7185377e-01 2.9730871e-02 1.3085755e-01
       863 2.4813218e+00 1.7146007e-01 2.9617066e-02 1.3254047e-01
       864 2.4826441e+00 1.7211160e-01 2.9803567e-02 1.3256192e-01
       865 2.4805697e+00 1.7184041e-01 2.9770436e-02 1.3680235e-01
       866 2.4820287e+00 1.7241594e-01 2.9925366e-02 1.3180209e-01
       867 2.4801776e+00 1.7240238e-01 2.9976227e-02 1.3925205e-01
       868 2.4791340e+00 1.7382078e-01 3.0501641e-02 1.4732645e-01
       869 2.4825470e+00 1.7118548e-01 2.9488257e-02 1.3186531e-01
       870 2.4842709e+00 1.7165553e-01 2.9605639e-02 1.4332292e-01
       871 2.4830960e+00 1.7177403e-01 2.9675522e-02 1.3241834e-01
       872 2.4821759e+00 1.7135483e-01 2.9556468e-02 1.3138801e-01
       873 2.4812052e+00 1.7266189e-01 3.0034099e-02 1.3321663e-01
       874 2.4828279e+00 1.7140344e-01 2.9555392e-02 1.3192971e-01
       875 2.4806333e+00 1.7105866e-01 2.9500404e-02 1.3585952e-01
       876 2.4825739e+00 1.7157688e-01 2.9621687e-02 1.3198702e-01
       877 2.4806101e+00 1.7169035e-01 2.9717633e-02 1.3728364e-01
       878 2.4829108e+00 1.7100220e-01 2.9415809e-02 1.3191778e-01
       879 2.4841338e+00 1.7054188e-01 2.9227817e-02 1.3813747e-01
       880 2.4825713e+00 1.7036471e-01 2.9207264e-02 1.2921259e-01
       881 2.4815339e+00 1.7076198e-01 2.9371940e-02 1.3130686e-01
       882 2.4814736e+00 1.6959076e-01 2.8975069e-02 1.3134822e-01
       883 2.4822793e+00 1.7032205e-01 2.9200717e-02 1.3037028e-01
       884 2.4814651e+00 1.7086461e-01 2.9409009e-02 1.3215385e-01
       885 2.4812933e+00 1.7074689e-01 2.9373854e-02 1.3261636e-01
       886 2.4810349e+00 1.7098159e-01 2.9461776e-02 1.3321190e-01
       887 2.4825237e+00 1.7128377e-01 2.9522551e-02 1.3000799e-01
       888 2.4817879e+00 1.7115780e-01 2.9499937e-02 1.3169164e-01
       889 2.4843252e+00 1.6889684e-01 2.8664880e-02 1.3743465e-01
       890 2.4842493e+00 1.7090693e-01 2.9349709e-02 1.4084484e-01
       891 2.4820211e+00 1.7070591e-01 2.9338832e-02 1.2964904e-01
       892 2.4805810e+00 1.7073678e-01 2.9392005e-02 1.3629147e-01
       893 2.4815041e+00 1.7034151e-01 2.9229381e-02 1.3126092e-01
       894 2.4819916e+00 1.7037570e-01 2.9227037e-02 1.2943029e-01
       895 2.4818773e+00 1.7020542e-01 2.9172282e-02 1.3000991e-01
       896 2.4811635e+00 1.7102060e-01 2.9471261e-02 1.3201999e-01
       897 2.4821740e+00 1.7055161e-01 2.9281895e-02 1.3028547e-01
       898 2.4819133e+00 1.7038746e-01 2.9233257e-02 1.3057837e-01
       899 2.4820037e+00 1.7015801e-01 2.9152563e-02 1.3061671e-01
       900 2.4832671e+00 1.7047706e-01 2.9227212e-02 1.3362193e-01
       901 2.4823667e+00 1.6961881e-01 2.8959249e-02 1.2899016e-01
       902 2.4829706e+00 1.6998713e-01 2.9068106e-02 1.3069126e-01
       903 2.4808353e+00 1.6994993e-01 2.9116107e-02 1.3403288e-01
       904 2.4818523e+00 1.7010777e-01 2.9139760e-02 1.2963345e-01
       905 2.4823188e+00 1.6993655e-01 2.9068459e-02 1.3042786e-01
       906 2.4829002e+00 1.6938469e-01 2.8865511e-02 1.2966345e-01
       907 2.4816531e+00 1.6962740e-01 2.8982280e-02 1.3126176e-01
       908 2.4843870e+00 1.6891555e-01 2.8669746e-02 1.3681747e-01
       909 2.4826464e+00 1.6956547e-01 2.8933551e-02 1.2998823e-01
       910 2.4818771e+00 1.6928336e-01 2.8859258e-02 1.2918621e-01
       911 2.4816428e+00 1.6910164e-01 2.8804486e-02 1.3035952e-01
       912 2.4824251e+00 1.7029750e-01 2.9188349e-02 1.3106491e-01
       913 2.4807063e+00 1.6967470e-01 2.9026589e-02 1.3527987e-01
       914 2.4838297e+00 1.6826118e-01 2.8462479e-02 1.3099993e-01
       915 2.4820713e+00 1.6918876e-01 2.8821750e-02 1.2995952e-01
       916 2.4821991e+00 1.6947619e-01 2.8915520e-02 1.2985736e-01
       917 2.4830061e+00 1.6924511e-01 2.8815461e-02 1.3062238e-01
       918 2.4831804e+00 1.6888978e-01 2.8690774e-02 1.2941714e-01
       919 2.4826503e+00 1.6963213e-01 2.8956056e-02 1.3004623e-01
       920 2.4819023e+00 1.6906584e-01 2.8784944e-02 1.2877218e-01
       921 2.4823519e+00 1.6858898e-01 2.8611361e-02 1.2740751e-01
       922 2.4807812e+00 1.6883792e-01 2.8741027e-02 1.3463800e-01
       923 2.4825801e+00 1.7027178e-01 2.9175370e-02 1.3121037e-01
       924 2.4825380e+00 1.6947015e-01 2.8904162e-02 1.3029444e-01
       925 2.4824042e+00 1.6876493e-01 2.8669282e-02 1.2868362e-01
       926 2.4813794e+00 1.6975738e-01 2.9034377e-02 1.3174544e-01
       927 2.4837627e+00 1.6853566e-01 2.8556572e-02 1.3211905e-01
       928 2.4826718e+00 1.6731045e-01 2.8173208e-02 1.2602121e-01
       929 2.4799646e+00 1.6877571e-01 2.8745716e-02 1.4223331e-01
       930 2.4834974e+00 1.6844391e-01 2.8532276e-02 1.2998691e-01
       931 2.4844139e+00 1.6805196e-01 2.8378117e-02 1.3559738e-01
       932 2.4806922e+00 1.6887982e-01 2.8757912e-02 1.3615218e-01
       933 2.4822226e+00 1.6822239e-01 2.8491461e-02 1.2776578e-01
       934 2.4818762e+00 1.6872727e-01 2.8671319e-02 1.2912919e-01
       935 2.4826049e+00 1.6844686e-01 2.8556566e-02 1.2840269e-01
       936 2.4821543e+00 1.6823356e-01 2.8497123e-02 1.2811052e-01
       937 2.4823211e+00 1.6766077e-01 2.8300096e-02 1.2756343e-01
       938 2.4841998e+00 1.6820575e-01 2.8434881e-02 1.3586632e-01
       939 2.4813816e+00 1.6783568e-01 2.8385560e-02 1.3177895e-01
       940 2.4813815e+00 1.6804160e-01 2.8454726e-02 1.3077822e-01
       941 2.4820475e+00 1.6855908e-01 2.8609744e-02 1.2804107e-01
       942 2.4825280e+00 1.6807989e-01 2.8435154e-02 1.2797527e-01
       943 2.4834513e+00 1.6810239e-01 2.8418501e-02 1.3003148e-01
       944 2.4836671e+00 1.6789597e-01 2.8343729e-02 1.3025123e-01
       945 2.4807060e+00 1.6742782e-01 2.8269166e-02 1.3546831e-01
       946 2.4850017e+00 1.6591271e-01 2.7650286e-02 1.3603874e-01
       947 2.4799482e+00 1.6842184e-01 2.8626923e-02 1.4306247e-01
       948 2.4831252e+00 1.6879336e-01 2.8659642e-02 1.3078846e-01
       949 2.4834987e+00 1.6822063e-01 2.8457071e-02 1.3106925e-01
       950 2.4827649e+00 1.6716350e-01 2.8121564e-02 1.2733965e-01
       951 2.4821781e+00 1.6843893e-01 2.8565599e-02 1.2863393e-01
       952 2.4838659e+00 1.6725721e-01 2.8124739e-02 1.3085876e-01
       953 2.4828649e+00 1.6748858e-01 2.8227695e-02 1.2719460e-01
       954 2.4834902e+00 1.6568454e-01 2.7610469e-02 1.2651341e-01
       955 2.4818628e+00 1.6627880e-01 2.7851447e-02 1.2676997e-01
       956 2.4820322e+00 1.6696230e-01 2.8074421e-02 1.2792962e-01
       957 2.4811060e+00 1.6748710e-01 2.8276865e-02 1.3347900e-01
       958 2.4808967e+00 1.6809570e-01 2.8487421e-02 1.3401435e-01
       959 2.4842896e+00 1.6648070e-01 2.7855399e-02 1.3266159e-01
       960 2.4816674e+00 1.6719608e-01 2.8162941e-02 1.2805709e-01
       961 2.4846248e+00 1.6685133e-01 2.7971136e-02 1.3616520e-01
       962 2.4814520e+00 1.6805850e-01 2.8458338e-02 1.3000812e-01
       963 2.4834372e+00 1.6562684e-01 2.7592695e-02 1.2662932e-01
       964 2.4798867e+00 1.6687012e-01 2.8108634e-02 1.4297651e-01
       965 2.4821755e+00 1.6693949e-01 2.8062792e-02 1.2813551e-01
       966 2.4831887e+00 1.6655852e-01 2.7908542e-02 1.2712866e-01
       967 2.4840788e+00 1.6749383e-01 2.8198785e-02 1.3336542e-01
       968 2.4835969e+00 1.6525484e-01 2.7465584e-02 1.2424268e-01
       969 2.4817345e+00 1.6717488e-01 2.8153919e-02 1.2916064e-01
       970 2.4823027e+00 1.6697305e-01 2.8070473e-02 1.2716466e-01
       971 2.4835462e+00 1.6662128e-01 2.7920345e-02 1.2837743e-01
       972 2.4810194e+00 1.6674570e-01 2.8031669e-02 1.3216841e-01
       973 2.4831447e+00 1.6638037e-01 2.7850368e-02 1.2564756e-01
       974 2.4836474e+00 1.6590015e-01 2.7678020e-02 1.2748290e-01
       975 2.4838514e+00 1.6579471e-01 2.7638008e-02 1.2803143e-01
       976 2.4830845e+00 1.6634754e-01 2.7841010e-02 1.2544450e-01
       977 2.4831863e+00 1.6629366e-01 2.7820444e-02 1.2702419e-01
       978 2.4826553e+00 1.6616333e-01 2.7791115e-02 1.2622004e-01
       979 2.4821779e+00 1.6608104e-01 2.7776842e-02 1.2596242e-01
       980 2.4800402e+00 1.6719303e-01 2.8211549e-02 1.4293600e-01
       981 2.4839123e+00 1.6675304e-01 2.7955210e-02 1.3186282e-01
       982 2.4836882e+00 1.6622702e-01 2.7785570e-02 1.2885878e-01
       983 2.4821219e+00 1.6627705e-01 2.7843554e-02 1.2721760e-01
       984 2.4804413e+00 1.6648308e-01 2.7961933e-02 1.3800475e-01
       985 2.4835277e+00 1.6495081e-01 2.7366930e-02 1.2503124e-01
       986 2.4811334e+00 1.6718656e-01 2.8175460e-02 1.3341834e-01
       987 2.4825538e+00 1.6694763e-01 2.8055115e-02 1.2733296e-01
       988 2.4845970e+00 1.6503163e-01 2.7367849e-02 1.3079623e-01
       989 2.4837548e+00 1.6433040e-01 2.7156979e-02 1.2504301e-01
       990 2.4821512e+00 1.6618345e-01 2.7811616e-02 1.2705566e-01
       991 2.4810945e+00 1.6700914e-01 2.8117334e-02 1.3153278e-01
       992 2.4819934e+00 1.6660687e-01 2.7956954e-02 1.2835447e-01
       993 2.4839222e+00 1.6463317e-01 2.7252472e-02 1.2645342e-01
       994 2.4841607e+00 1.6500719e-01 2.7370011e-02 1.2898558e-01
       995 2.4830766e+00 1.6516029e-01 2.7447630e-02 1.2541303e-01
       996 2.4838135e+00 1.6490981e-01 2.7346296e-02 1.2623953e-01
       997 2.4820740e+00 1.6615699e-01 2.7804980e-02 1.2679183e-01
       998 2.4831570e+00 1.6509127e-01 2.7422749e-02 1.2654832e-01
       999 2.4825529e+00 1.6569729e-01 2.7639221e-02 1.2555521e-01

Final Weights:        -0.5440720491        -0.1535173948         0.4734692960         0.2303420238 