# Cycles, Average Predicted Temperature, Stddev Predicted Temperature, Mean Squared Error, || MSE Gradient ||
         0 2.5241117e+00 1.9052673e+00 3.6739516e+00 8.6472684e+01
         1 9.2499801e-01 6.8492178e-01 2.4000254e+00 2.1257343e+01
         2 1.2157547e+00 9.0699957e-01 2.0300411e+00 1.2289625e+01
         3 1.4076511e+00 1.0526895e+00 1.9306553e+00 3.7086256e+00
         4 1.4704699e+00 1.0926781e+00 1.9064488e+00 1.3881766e+00
         5 1.4828929e+00 1.1019677e+00 1.9060181e+00 1.2671795e+00
         6 1.4740158e+00 1.0985165e+00 1.9132683e+00 1.2836177e+00
         7 1.4816504e+00 1.1035211e+00 1.9115122e+00 1.2748820e+00
         8 1.4813507e+00 1.0986251e+00 1.9012300e+00 1.2604947e+00
         9 1.4801008e+00 1.1016157e+00 1.9098944e+00 1.2652063e+00
        10 1.4828611e+00 1.1043758e+00 1.9113839e+00 1.2778819e+00
        11 1.4782312e+00 1.0988016e+00 1.9068259e+00 1.2583759e+00
        12 1.4763880e+00 1.0987473e+00 1.9097929e+00 1.2676238e+00
        13 1.4862091e+00 1.1002385e+00 1.8967050e+00 1.2493675e+00
        14 1.4821750e+00 1.0966249e+00 1.8954661e+00 1.2593391e+00
        15 1.4869025e+00 1.0972617e+00 1.8890152e+00 1.2457632e+00
        16 1.4831988e+00 1.0979748e+00 1.8967250e+00 1.2554632e+00
        17 1.4839847e+00 1.0983731e+00 1.8962938e+00 1.2513476e+00
        18 1.4875822e+00 1.1008844e+00 1.8958536e+00 1.2572425e+00
        19 1.4859553e+00 1.0966959e+00 1.8893425e+00 1.2490638e+00
        20 1.4835780e+00 1.0992378e+00 1.8988699e+00 1.2534530e+00
        21 1.4875130e+00 1.1011078e+00 1.8964601e+00 1.2569758e+00
        22 1.4816339e+00 1.0954225e+00 1.8937314e+00 1.2588958e+00
        23 1.4848049e+00 1.0985660e+00 1.8953558e+00 1.2461473e+00
        24 1.4837851e+00 1.0923444e+00 1.8834181e+00 1.2832599e+00
        25 1.4927024e+00 1.0980590e+00 1.8811985e+00 1.2501595e+00
        26 1.4917644e+00 1.0943704e+00 1.8746540e+00 1.2417812e+00
        27 1.4922524e+00 1.0968123e+00 1.8792017e+00 1.2439331e+00
        28 1.4946818e+00 1.1002609e+00 1.8827891e+00 1.2675592e+00
        29 1.4849556e+00 1.0945197e+00 1.8862317e+00 1.2436036e+00
        30 1.4907118e+00 1.0950744e+00 1.8779288e+00 1.2335124e+00
        31 1.4963827e+00 1.0920699e+00 1.8620455e+00 1.2314601e+00
        32 1.4944572e+00 1.0951045e+00 1.8718374e+00 1.2301680e+00
        33 1.4978455e+00 1.0927922e+00 1.8612321e+00 1.2215680e+00
        34 1.4950344e+00 1.0951821e+00 1.8710607e+00 1.2272617e+00
        35 1.4947888e+00 1.0897779e+00 1.8596553e+00 1.2474414e+00
        36 1.4995939e+00 1.0939260e+00 1.8608585e+00 1.2285447e+00
        37 1.4968114e+00 1.0951070e+00 1.8679869e+00 1.2284340e+00
        38 1.4957802e+00 1.0914157e+00 1.8616033e+00 1.2269572e+00
        39 1.5010116e+00 1.0962609e+00 1.8636638e+00 1.2340347e+00
        40 1.4980636e+00 1.0917669e+00 1.8586360e+00 1.2172267e+00
        41 1.4949188e+00 1.0903674e+00 1.8607275e+00 1.2294290e+00
        42 1.4952916e+00 1.0919667e+00 1.8636069e+00 1.2225494e+00
        43 1.5024472e+00 1.0919272e+00 1.8518469e+00 1.2131118e+00
        44 1.4961753e+00 1.0890699e+00 1.8558416e+00 1.2396598e+00
        45 1.5046785e+00 1.0965073e+00 1.8582509e+00 1.2606872e+00
        46 1.5022217e+00 1.0894066e+00 1.8467149e+00 1.2105689e+00
        47 1.4997915e+00 1.0890063e+00 1.8497971e+00 1.2250267e+00
        48 1.5042648e+00 1.0935400e+00 1.8524227e+00 1.2262293e+00
        49 1.4984023e+00 1.0899569e+00 1.8541341e+00 1.2193677e+00
        50 1.5073242e+00 1.0904495e+00 1.8407243e+00 1.2102902e+00
        51 1.5037753e+00 1.0853343e+00 1.8353370e+00 1.2335746e+00
        52 1.5045087e+00 1.0908318e+00 1.8461118e+00 1.2133319e+00
        53 1.5094964e+00 1.0917143e+00 1.8399822e+00 1.7325475e+00
        54 1.4944132e+00 1.0823254e+00 1.8440838e+00 1.6717074e+00
        55 1.5054921e+00 1.0860088e+00 1.8340205e+00 1.6644283e+00
        56 1.5015113e+00 1.0852207e+00 1.8387669e+00 1.6588788e+00
        57 1.5003162e+00 1.0784796e+00 1.8261259e+00 1.6789899e+00
        58 1.5066872e+00 1.0817003e+00 1.8227485e+00 1.6536924e+00
        59 1.5086210e+00 1.0825942e+00 1.8215624e+00 1.6670700e+00
        60 1.5090134e+00 1.0818876e+00 1.8194006e+00 1.6603729e+00
        61 1.5073171e+00 1.0797438e+00 1.8175023e+00 1.6709618e+00
        62 1.5080709e+00 1.0796964e+00 1.8161836e+00 1.6766152e+00
        63 1.5075812e+00 1.0742886e+00 1.8053252e+00 1.7144517e+00
        64 1.5158781e+00 1.0802148e+00 1.8047712e+00 1.6991275e+00
        65 1.5075304e+00 1.0763765e+00 1.8098978e+00 1.7116398e+00
        66 1.5197139e+00 1.0817914e+00 1.8020673e+00 1.7313145e+00
        67 1.5181969e+00 1.0738031e+00 1.7872617e+00 1.7031762e+00
        68 1.5185101e+00 1.0742151e+00 1.7876477e+00 1.7122051e+00
        69 1.5107264e+00 1.0757763e+00 1.8034575e+00 1.7435573e+00
        70 1.5197382e+00 1.0716535e+00 1.7801972e+00 1.7377758e+00
        71 1.5196401e+00 1.0767445e+00 1.7912908e+00 1.7584010e+00
        72 1.5168878e+00 1.0708635e+00 1.7830438e+00 1.7604205e+00
        73 1.5252995e+00 1.0744911e+00 1.7774775e+00 1.7568615e+00
        74 1.5208697e+00 1.0744078e+00 1.7843108e+00 1.7714130e+00
        75 1.5202320e+00 1.0702520e+00 1.7764106e+00 1.7760036e+00
        76 1.5212467e+00 1.0714225e+00 1.7773065e+00 1.7821450e+00
        77 1.5190247e+00 1.0705087e+00 1.7788795e+00 1.7947805e+00
        78 1.5235281e+00 1.0723025e+00 1.7755785e+00 1.7997139e+00
        79 1.5247721e+00 1.0694255e+00 1.7674500e+00 1.8049087e+00
        80 1.5267826e+00 1.0677114e+00 1.7606151e+00 1.8023541e+00
        81 1.5283525e+00 1.0649931e+00 1.7523468e+00 1.8299721e+00
        82 1.5306698e+00 1.0699920e+00 1.7593809e+00 1.8378942e+00
        83 1.5244269e+00 1.0594052e+00 1.7466638e+00 1.8946183e+00
        84 1.5369693e+00 1.0654589e+00 1.7398641e+00 1.8413730e+00
        85 1.5378064e+00 1.0687685e+00 1.7456264e+00 1.8683861e+00
        86 1.5289974e+00 1.0622182e+00 1.7454303e+00 1.8712074e+00
        87 1.5326758e+00 1.0625571e+00 1.7403846e+00 1.8743188e+00
        88 1.5378074e+00 1.0663278e+00 1.7404134e+00 1.8861668e+00
        89 1.5362066e+00 1.0615273e+00 1.7326882e+00 1.8994544e+00
        90 1.5354918e+00 1.0608195e+00 1.7322994e+00 1.9076643e+00
        91 1.5348989e+00 1.0571575e+00 1.7254675e+00 1.9302654e+00
        92 1.5407002e+00 1.0599076e+00 1.7222771e+00 1.9267826e+00
        93 1.5437671e+00 1.0558474e+00 1.7089492e+00 1.9307236e+00
        94 1.5452327e+00 1.0552293e+00 1.7053872e+00 1.9416780e+00
        95 1.5502850e+00 1.0571334e+00 1.7016612e+00 1.9515141e+00
        96 1.5467597e+00 1.0588219e+00 1.7106351e+00 1.9655918e+00
        97 1.5467859e+00 1.0525478e+00 1.6973477e+00 1.9563646e+00
        98 1.5518060e+00 1.0534509e+00 1.6915661e+00 1.9638196e+00
        99 1.5468473e+00 1.0516256e+00 1.6953132e+00 1.9792363e+00
       100 1.5535978e+00 1.0484332e+00 1.6782894e+00 1.9870362e+00
       101 1.5544687e+00 1.0545559e+00 1.6898407e+00 2.0075763e+00
       102 1.5513449e+00 1.0478492e+00 1.6804990e+00 2.0104795e+00
       103 1.5579202e+00 1.0468297e+00 1.6683700e+00 2.0072234e+00
       104 1.5590318e+00 1.0494420e+00 1.6721650e+00 2.0164295e+00
       105 1.5609418e+00 1.0476335e+00 1.6654900e+00 2.0267838e+00
       106 1.5619634e+00 1.0495783e+00 1.6680299e+00 2.0488629e+00
       107 1.5556409e+00 1.0398741e+00 1.6573099e+00 2.0922113e+00
       108 1.5612857e+00 1.0436053e+00 1.6565477e+00 2.0757976e+00
       109 1.5658007e+00 1.0469776e+00 1.6568162e+00 2.0894826e+00
       110 1.5661347e+00 1.0360462e+00 1.6335457e+00 2.0979508e+00
       111 1.5695281e+00 1.0377423e+00 1.6319949e+00 2.1002465e+00
       112 1.5726319e+00 1.0402574e+00 1.6326063e+00 2.1039021e+00
       113 1.5748099e+00 1.0421994e+00 1.6334232e+00 2.1203058e+00
       114 1.5735420e+00 1.0372089e+00 1.6249234e+00 2.1076817e+00
       115 1.5727716e+00 1.0398468e+00 1.6315447e+00 2.1191666e+00
       116 1.5707200e+00 1.0360156e+00 1.6266397e+00 2.1285517e+00
       117 1.5713701e+00 1.0365629e+00 1.6268072e+00 2.1416776e+00
       118 1.5750790e+00 1.0336501e+00 1.6152779e+00 2.1446745e+00
       119 1.5798956e+00 1.0297272e+00 1.6000832e+00 2.1513402e+00
       120 1.5809399e+00 1.0356173e+00 1.6107149e+00 2.1680299e+00
       121 1.5781181e+00 1.0284167e+00 1.6000009e+00 2.1749900e+00
       122 1.5848266e+00 1.0295563e+00 1.5925103e+00 2.1653095e+00
       123 1.5858816e+00 1.0246100e+00 1.5808109e+00 2.1884779e+00
       124 1.5899952e+00 1.0294645e+00 1.5848043e+00 2.1926230e+00
       125 1.5901040e+00 1.0265121e+00 1.5785767e+00 2.1885033e+00
       126 1.5866496e+00 1.0201655e+00 1.5706044e+00 2.2289262e+00
       127 1.5947485e+00 1.0261315e+00 1.5710876e+00 2.2273089e+00
       128 1.5929050e+00 1.0213660e+00 1.5639875e+00 2.2189811e+00
       129 1.5967237e+00 1.0223865e+00 1.5605760e+00 2.2274510e+00
       130 1.5962653e+00 1.0188578e+00 1.5540314e+00 2.2356765e+00
       131 1.5986717e+00 1.0183461e+00 1.5495379e+00 2.2466824e+00
       132 1.5988230e+00 1.0195884e+00 1.5518529e+00 2.2482704e+00
       133 1.6017555e+00 1.0157010e+00 1.5397517e+00 2.2669436e+00
       134 1.6065472e+00 1.0160853e+00 1.5337242e+00 2.2820506e+00
       135 1.6030899e+00 1.0117354e+00 1.5298112e+00 2.2999133e+00
       136 1.6073363e+00 1.0100403e+00 1.5203595e+00 2.3089922e+00
       137 1.6093234e+00 1.0119100e+00 1.5213332e+00 2.3175949e+00
       138 1.6114277e+00 1.0077569e+00 1.5099818e+00 2.3263617e+00
       139 1.6153491e+00 1.0051725e+00 1.4992803e+00 2.3327436e+00
       140 1.6166746e+00 1.0083244e+00 1.5037747e+00 2.3429258e+00
       141 1.6140651e+00 1.0058150e+00 1.5023695e+00 2.3507150e+00
       142 1.6191861e+00 1.0068811e+00 1.4973670e+00 2.3945592e+00
       143 1.6166902e+00 1.0026796e+00 1.4924012e+00 2.3892144e+00
       144 1.6171701e+00 1.0009757e+00 1.4883177e+00 2.4048809e+00
       145 1.6235569e+00 9.9870713e-01 1.4749137e+00 2.4023982e+00
       146 1.6232357e+00 9.9911604e-01 1.4761746e+00 2.4167475e+00
       147 1.6276456e+00 9.9193559e-01 1.4558000e+00 2.4315425e+00
       148 1.6325278e+00 9.9561317e-01 1.4564259e+00 2.4326172e+00
       149 1.6338369e+00 9.9452347e-01 1.4524731e+00 2.4393973e+00
       150 1.6311428e+00 9.8995444e-01 1.4470811e+00 2.4558184e+00
       151 1.6389398e+00 9.9425850e-01 1.4450248e+00 2.4616558e+00
       152 1.6327124e+00 9.8579708e-01 1.4367244e+00 2.4793149e+00
       153 1.6409088e+00 9.8676036e-01 1.4275140e+00 2.4782226e+00
       154 1.6448483e+00 9.8376813e-01 1.4163255e+00 2.4816898e+00
       155 1.6400461e+00 9.8419493e-01 1.4236208e+00 2.4924821e+00
       156 1.6470207e+00 9.8324724e-01 1.4123959e+00 2.4994936e+00
       157 1.6479170e+00 9.8026557e-01 1.4053455e+00 2.5182344e+00
       158 1.6540658e+00 9.7459004e-01 1.3860903e+00 2.5083702e+00
       159 1.6566350e+00 9.7627619e-01 1.3859924e+00 2.5211483e+00
       160 1.6544313e+00 9.7260763e-01 1.3817474e+00 2.5367658e+00
       161 1.6652524e+00 9.7323974e-01 1.3688076e+00 2.5387670e+00
       162 1.6562469e+00 9.6728887e-01 1.3690357e+00 2.5703464e+00
       163 1.6654620e+00 9.7050527e-01 1.3632204e+00 2.5600674e+00
       164 1.6656620e+00 9.6768098e-01 1.3574869e+00 2.5623011e+00
       165 1.6696905e+00 9.6498145e-01 1.3470575e+00 2.5621369e+00
       166 1.6694258e+00 9.6506856e-01 1.3475670e+00 2.5790210e+00
       167 1.6723428e+00 9.5904610e-01 1.3322240e+00 2.5918876e+00
       168 1.6720760e+00 9.6112020e-01 1.3365494e+00 2.6050684e+00
       169 1.6789167e+00 9.5459659e-01 1.3153086e+00 2.6175184e+00
       170 1.6762172e+00 9.5857307e-01 1.3263554e+00 2.6267441e+00
       171 1.6825413e+00 9.5307920e-01 1.3078190e+00 2.6290583e+00
       172 1.6832763e+00 9.5549272e-01 1.3114968e+00 2.6397935e+00
       173 1.6822858e+00 9.4718757e-01 1.2969463e+00 2.6571596e+00
       174 1.6909542e+00 9.4628016e-01 1.2843416e+00 2.6491491e+00
       175 1.6928257e+00 9.4450428e-01 1.2786531e+00 2.6642799e+00
       176 1.6923274e+00 9.4231544e-01 1.2751430e+00 2.6726370e+00
       177 1.7006569e+00 9.4228180e-01 1.2647831e+00 2.6707075e+00
       178 1.7000860e+00 9.3748083e-01 1.2564597e+00 2.6829383e+00
       179 1.6986192e+00 9.3708480e-01 1.2575221e+00 2.6943049e+00
       180 1.7084355e+00 9.3547476e-01 1.2425108e+00 2.6811705e+00
       181 1.7080606e+00 9.3034361e-01 1.2333917e+00 2.6873359e+00
       182 1.7129245e+00 9.2913475e-01 1.2252675e+00 2.6887643e+00
       183 1.7147318e+00 9.2641537e-01 1.2180501e+00 2.6784556e+00
       184 1.7201141e+00 9.2537465e-01 1.2096949e+00 2.6815180e+00
       185 1.7194222e+00 9.2466004e-01 1.2091959e+00 2.7383845e+00
       186 1.7238082e+00 9.2179627e-01 1.1987067e+00 2.7400667e+00
       187 1.7213864e+00 9.1718070e-01 1.1930861e+00 2.7618911e+00
       188 1.7277792e+00 9.1620937e-01 1.1837619e+00 2.7541658e+00
       189 1.7267448e+00 9.1386704e-01 1.1806903e+00 2.7534981e+00
       190 1.7321615e+00 9.1497098e-01 1.1763705e+00 2.7478994e+00
       191 1.7380343e+00 9.0735105e-01 1.1556782e+00 2.7410132e+00
       192 1.7409073e+00 9.0503003e-01 1.1481671e+00 2.7371020e+00
       193 1.7407308e+00 9.0584895e-01 1.1498526e+00 2.7501307e+00
       194 1.7448563e+00 9.0177824e-01 1.1377766e+00 2.7422138e+00
       195 1.7468649e+00 9.0251442e-01 1.1368202e+00 2.7491466e+00
       196 1.7478969e+00 8.9829132e-01 1.1280446e+00 2.7419810e+00
       197 1.7518187e+00 8.9675559e-01 1.1208586e+00 2.7461915e+00
       198 1.7545634e+00 8.9602277e-01 1.1164631e+00 2.7148957e+00
       199 1.7584284e+00 8.9056728e-01 1.1024025e+00 2.7183919e+00
       200 1.7604314e+00 8.8895779e-01 1.0973144e+00 2.7081377e+00
       201 1.7662697e+00 8.8760442e-01 1.0884738e+00 2.6907513e+00
       202 1.7727565e+00 8.8468560e-01 1.0762294e+00 2.6714021e+00
       203 1.7675451e+00 8.8573440e-01 1.0837607e+00 2.6661805e+00
       204 1.7740992e+00 8.7769167e-01 1.0624503e+00 2.6506445e+00
       205 1.7834110e+00 8.8041929e-01 1.0572670e+00 2.6197115e+00
       206 1.7795652e+00 8.7651950e-01 1.0545155e+00 2.6079687e+00
       207 1.7862742e+00 8.7445070e-01 1.0437595e+00 2.5812913e+00
       208 1.7867340e+00 8.7400198e-01 1.0424893e+00 2.5531428e+00
       209 1.7890317e+00 8.7396750e-01 1.0400086e+00 2.5314093e+00
       210 1.7949719e+00 8.7134168e-01 1.0292175e+00 2.4671215e+00
       211 1.7987548e+00 8.6870135e-01 1.0207063e+00 2.4316869e+00
       212 1.8039133e+00 8.7003858e-01 1.0177364e+00 2.3853679e+00
       213 1.8064632e+00 8.6816769e-01 1.0118866e+00 2.3516205e+00
       214 1.8094932e+00 8.6502099e-01 1.0033629e+00 4.4057753e+00
       215 1.8121420e+00 8.5889893e-01 9.9014023e-01 3.8909228e+00
       216 1.8217492e+00 8.5157456e-01 9.6805056e-01 3.6654477e+00
       217 1.8317618e+00 8.5020236e-01 9.5594685e-01 3.4329083e+00
       218 1.8388304e+00 8.4780010e-01 9.4509229e-01 3.3173403e+00
       219 1.8481024e+00 8.4134652e-01 9.2545512e-01 3.1846548e+00
       220 1.8512259e+00 8.4316891e-01 9.2562062e-01 3.1948209e+00
       221 1.8569351e+00 8.3763885e-01 9.1106764e-01 3.0960176e+00
       222 1.8637270e+00 8.3557023e-01 9.0143614e-01 3.0266201e+00
       223 1.8637426e+00 8.3400848e-01 8.9881456e-01 2.9803893e+00
       224 1.8769245e+00 8.3090075e-01 8.8192875e-01 2.8915405e+00
       225 1.8746949e+00 8.2952453e-01 8.8160018e-01 2.8436018e+00
       226 1.8799653e+00 8.2432767e-01 8.6839648e-01 2.7867265e+00
       227 1.8824680e+00 8.2393339e-01 8.6557756e-01 2.7593592e+00
       228 1.8877904e+00 8.2252820e-01 8.5869266e-01 2.6843454e+00
       229 1.8881952e+00 8.2038925e-01 8.5483317e-01 2.6524194e+00
       230 1.8942165e+00 8.1653472e-01 8.4342516e-01 2.6040726e+00
       231 1.8969261e+00 8.1210028e-01 8.3393251e-01 2.5671917e+00
       232 1.9052735e+00 8.0981690e-01 8.2332626e-01 2.5381284e+00
       233 1.9047642e+00 8.0498605e-01 8.1594258e-01 2.4959909e+00
       234 1.9113435e+00 8.0353026e-01 8.0825168e-01 2.4819183e+00
       235 1.9111649e+00 8.0487725e-01 8.1056230e-01 2.4720608e+00
       236 1.9137591e+00 8.0173435e-01 8.0342654e-01 2.4341380e+00
       237 1.9137688e+00 8.0007912e-01 8.0076743e-01 2.4230906e+00
       238 1.9193340e+00 7.9613009e-01 7.9003387e-01 2.3908119e+00
       239 1.9217681e+00 7.9626364e-01 7.8832832e-01 2.3829591e+00
       240 1.9244569e+00 7.9272349e-01 7.8059802e-01 2.3870565e+00
       241 1.9288847e+00 7.9114920e-01 7.7466949e-01 2.3644479e+00
       242 1.9273250e+00 7.8792963e-01 7.7079103e-01 2.3539452e+00
       243 1.9362214e+00 7.8820608e-01 7.6441577e-01 2.3383757e+00
       244 1.9367514e+00 7.8370808e-01 7.5694451e-01 2.3251381e+00
       245 1.9396319e+00 7.8004780e-01 7.4905239e-01 2.3105356e+00
       246 1.9385509e+00 7.7833815e-01 7.4719992e-01 2.3195149e+00
       247 1.9442102e+00 7.7697462e-01 7.4085521e-01 2.3055041e+00
       248 1.9430377e+00 7.7347342e-01 7.3629664e-01 2.2998086e+00
       249 1.9475180e+00 7.7313589e-01 7.3246553e-01 2.2821231e+00
       250 1.9513510e+00 7.6983540e-01 7.2457390e-01 2.2637550e+00
       251 1.9545144e+00 7.6775614e-01 7.1908882e-01 2.2356120e+00
       252 1.9559054e+00 7.6789067e-01 7.1829570e-01 2.2887466e+00
       253 1.9572606e+00 7.6394344e-01 7.1127889e-01 2.2934045e+00
       254 1.9581719e+00 7.6352912e-01 7.0999560e-01 2.2837218e+00
       255 1.9626504e+00 7.5974362e-01 7.0105707e-01 2.2774556e+00
       256 1.9632253e+00 7.5609734e-01 6.9512558e-01 2.2698788e+00
       257 1.9712204e+00 7.5167334e-01 6.8290106e-01 2.2411545e+00
       258 1.9730564e+00 7.5262997e-01 6.8308272e-01 2.2527884e+00
       259 1.9723840e+00 7.4775099e-01 6.7622215e-01 2.2647882e+00
       260 1.9725474e+00 7.4874243e-01 6.7759403e-01 2.2922455e+00
       261 1.9754909e+00 7.4546619e-01 6.7069378e-01 2.3392668e+00
       262 1.9809697e+00 7.4444599e-01 6.6548834e-01 2.3272668e+00
       263 1.9839407e+00 7.4000861e-01 6.5692781e-01 2.3313144e+00
       264 1.9867615e+00 7.3792236e-01 6.5198720e-01 2.3704824e+00
       265 1.9861241e+00 7.3403738e-01 6.4668691e-01 2.3866241e+00
       266 1.9897346e+00 7.3160853e-01 6.4076846e-01 2.4265261e+00
       267 1.9954866e+00 7.2905069e-01 6.3332849e-01 2.4209519e+00
       268 1.9988755e+00 7.2756125e-01 6.2900778e-01 2.4352165e+00
       269 1.9990047e+00 7.2431065e-01 6.2420678e-01 2.4661586e+00
       270 2.0011256e+00 7.2211679e-01 6.1969940e-01 2.5038312e+00
       271 2.0036104e+00 7.1632350e-01 6.0981464e-01 2.4879968e+00
       272 2.0086204e+00 7.1540546e-01 6.0540950e-01 2.4949279e+00
       273 2.0101649e+00 7.1185964e-01 5.9940600e-01 2.5117399e+00
       274 2.0139047e+00 7.1047205e-01 5.9516958e-01 2.5430139e+00
       275 2.0172532e+00 7.0557773e-01 5.8623663e-01 2.6356432e+00
       276 2.0210000e+00 6.9983739e-01 5.7595516e-01 2.6405441e+00
       277 2.0231538e+00 6.9857711e-01 5.7293278e-01 2.6733070e+00
       278 2.0284528e+00 6.9203976e-01 5.6078152e-01 2.7012032e+00
       279 2.0297906e+00 6.9231320e-01 5.6039631e-01 2.7560914e+00
       280 2.0347545e+00 6.8629540e-01 5.4929755e-01 2.7606174e+00
       281 2.0396609e+00 6.8302805e-01 5.4210178e-01 2.9761904e+00
       282 2.0434424e+00 6.7578739e-01 5.3019823e-01 2.9521661e+00
       283 2.0468655e+00 6.7325721e-01 5.2494047e-01 3.0187827e+00
       284 2.0473897e+00 6.6707998e-01 5.1638048e-01 3.0249972e+00
       285 2.0530212e+00 6.6332753e-01 5.0841069e-01 3.0275041e+00
       286 2.0591198e+00 6.5633275e-01 4.9602698e-01 2.9987377e+00
       287 2.0626728e+00 6.5110508e-01 4.8738955e-01 3.0041005e+00
       288 2.0671458e+00 6.4706771e-01 4.7991489e-01 3.0273591e+00
       289 2.0711672e+00 6.4123766e-01 4.7043019e-01 3.1273089e+00
       290 2.0768024e+00 6.3434138e-01 4.5892196e-01 3.1170532e+00
       291 2.0812458e+00 6.2898850e-01 4.5006627e-01 3.1280466e+00
       292 2.0876155e+00 6.2241467e-01 4.3890794e-01 3.4569764e+00
       293 2.0910362e+00 6.1516308e-01 4.2839255e-01 3.4432760e+00
       294 2.0970747e+00 6.0792202e-01 4.1687296e-01 3.4062836e+00
       295 2.1007701e+00 6.0110821e-01 4.0704106e-01 3.3966611e+00
       296 2.1059848e+00 5.8993104e-01 3.9152599e-01 3.3270471e+00
       297 2.1137119e+00 5.8315766e-01 3.8041646e-01 3.3188770e+00
       298 2.1148058e+00 5.7825167e-01 3.7428035e-01 3.3176263e+00
       299 2.1240201e+00 5.6848038e-01 3.5947884e-01 3.2502937e+00
       300 2.1284832e+00 5.6150102e-01 3.4991132e-01 3.2078554e+00
       301 2.1308695e+00 5.5157955e-01 3.3798552e-01 3.1841042e+00
       302 2.1383223e+00 5.4472273e-01 3.2778575e-01 3.1319104e+00
       303 2.1416582e+00 5.3880327e-01 3.2020710e-01 3.1463227e+00
       304 2.1453128e+00 5.2972258e-01 3.0925368e-01 3.0797531e+00
       305 2.1486419e+00 5.2452901e-01 3.0266251e-01 3.1402094e+00
       306 2.1577102e+00 5.1476620e-01 2.8958895e-01 3.0394671e+00
       307 2.1601547e+00 5.0850941e-01 2.8242560e-01 3.0011241e+00
       308 2.1622101e+00 4.9993839e-01 2.7315162e-01 2.9410387e+00
       309 2.1669337e+00 4.9242569e-01 2.6427925e-01 2.8809410e+00
       310 2.1735130e+00 4.8448633e-01 2.5462382e-01 2.8093439e+00
       311 2.1759994e+00 4.7635854e-01 2.4611900e-01 2.7502860e+00
       312 2.1791630e+00 4.6964760e-01 2.3890365e-01 2.7014598e+00
       313 2.1827131e+00 4.6527659e-01 2.3386830e-01 2.6756000e+00
       314 2.1851244e+00 4.5795170e-01 2.2647567e-01 2.6211230e+00
       315 2.1901262e+00 4.5011681e-01 2.1809115e-01 2.5535499e+00
       316 2.1921633e+00 4.4430019e-01 2.1238582e-01 2.5181307e+00
       317 2.1964054e+00 4.3836330e-01 2.0612502e-01 2.4706127e+00
       318 2.1971070e+00 4.3096738e-01 1.9953021e-01 2.4232182e+00
       319 2.2020364e+00 4.2697622e-01 1.9497228e-01 2.3931062e+00
       320 2.2019722e+00 4.2081315e-01 1.8976176e-01 2.3587638e+00
       321 2.2069953e+00 4.1405652e-01 1.8301490e-01 2.2983829e+00
       322 2.2092566e+00 4.0868464e-01 1.7811384e-01 2.2609898e+00
       323 2.2106619e+00 4.0250675e-01 1.7280838e-01 2.2211274e+00
       324 2.2125887e+00 3.9617954e-01 1.6735821e-01 2.1766021e+00
       325 2.2166186e+00 3.9174433e-01 1.6305791e-01 2.1434788e+00
       326 2.2174462e+00 3.8635851e-01 1.5870574e-01 2.1116576e+00
       327 2.2237337e+00 3.8100278e-01 1.5341418e-01 2.0635252e+00
       328 2.2220468e+00 3.7554854e-01 1.4959707e-01 2.0348831e+00
       329 2.2224637e+00 3.7108671e-01 1.4618874e-01 2.0121106e+00
       330 2.2261744e+00 3.6620149e-01 1.4191715e-01 1.9748781e+00
       331 2.2300910e+00 3.6131865e-01 1.3768771e-01 1.9355591e+00
       332 2.2310688e+00 3.5629310e-01 1.3391706e-01 1.9044071e+00
       333 2.2337512e+00 3.5322265e-01 1.3129776e-01 1.8873395e+00
       334 2.2336969e+00 3.4706876e-01 1.2699702e-01 1.8443715e+00
       335 2.2364625e+00 3.4319532e-01 1.2388366e-01 1.8179954e+00
       336 2.2382556e+00 3.3796555e-01 1.2004445e-01 1.7817615e+00
       337 2.2383474e+00 3.3367020e-01 1.1714555e-01 1.7572674e+00
       338 2.2415107e+00 3.2969904e-01 1.1403898e-01 1.7282491e+00
       339 2.2422963e+00 3.2538865e-01 1.1110112e-01 1.7021219e+00
       340 2.2433574e+00 3.2116212e-01 1.0821620e-01 1.6759563e+00
       341 2.2457437e+00 3.1816646e-01 1.0596682e-01 1.6577921e+00
       342 2.2471892e+00 3.1431270e-01 1.0333251e-01 1.6328966e+00
       343 2.2482432e+00 3.1042778e-01 1.0076452e-01 1.6100299e+00
       344 2.2486330e+00 3.0526304e-01 9.7533077e-02 1.5749016e+00
       345 2.2502178e+00 3.0261570e-01 9.5717343e-02 1.5611991e+00
       346 2.2509939e+00 2.9846492e-01 9.3123105e-02 1.5350550e+00
       347 2.2546594e+00 2.9505627e-01 9.0647369e-02 1.5107879e+00
       348 2.2533609e+00 2.9082665e-01 8.8326571e-02 1.4881091e+00
       349 2.2569049e+00 2.8682456e-01 8.5593483e-02 1.4552662e+00
       350 2.2570587e+00 2.8339355e-01 8.3619341e-02 1.4362417e+00
       351 2.2569661e+00 2.7938268e-01 8.1372777e-02 1.4136221e+00
       352 2.2607427e+00 2.7750719e-01 7.9907507e-02 1.4012533e+00
       353 2.2592435e+00 2.7376368e-01 7.8007469e-02 1.3809126e+00
       354 2.2612744e+00 2.7008713e-01 7.5787373e-02 1.3555402e+00
       355 2.2630978e+00 2.6761551e-01 7.4267345e-02 1.3415045e+00
       356 2.2630306e+00 2.6416654e-01 7.2440166e-02 1.3206480e+00
       357 2.2640171e+00 2.6115442e-01 7.0757125e-02 1.3030443e+00
       358 2.2649381e+00 2.5827086e-01 6.9167070e-02 1.2872769e+00
       359 2.2653066e+00 2.5458403e-01 6.7239812e-02 1.2652030e+00
       360 2.2664800e+00 2.5233397e-01 6.5984985e-02 1.2531994e+00
       361 2.2681689e+00 2.4861409e-01 6.3961938e-02 1.2264506e+00
       362 2.2678266e+00 2.4562478e-01 6.2516386e-02 1.2117526e+00
       363 2.2704233e+00 2.4249635e-01 6.0753330e-02 1.1872503e+00
       364 2.2713298e+00 2.4097137e-01 5.9936831e-02 1.1831446e+00
       365 2.2714622e+00 2.3770771e-01 5.8363153e-02 1.1631985e+00
       366 2.2719524e+00 2.3444751e-01 5.6781810e-02 1.1419881e+00
       367 2.2726485e+00 2.3221872e-01 5.5682866e-02 1.1309722e+00
       368 2.2722957e+00 2.2926490e-01 5.4349428e-02 1.1155982e+00
       369 2.2743737e+00 2.2694468e-01 5.3119552e-02 1.0998608e+00
       370 2.2745378e+00 2.2482509e-01 5.2148819e-02 1.0908059e+00
       371 2.2749807e+00 2.2171276e-01 5.0723785e-02 1.0713062e+00
       372 2.2757271e+00 2.1967678e-01 4.9766582e-02 1.0609226e+00
       373 2.2788182e+00 2.1766449e-01 4.8655948e-02 1.0486959e+00
       374 2.2764002e+00 2.1528667e-01 4.7805208e-02 1.0380007e+00
       375 2.2778902e+00 2.1303310e-01 4.6728436e-02 1.0243028e+00
       376 2.2790232e+00 2.1064605e-01 4.5635267e-02 1.0087452e+00
       377 2.2796384e+00 2.0791988e-01 4.4450828e-02 9.9268909e-01
       378 2.2794452e+00 2.0558861e-01 4.3500360e-02 9.8057586e-01
       379 2.2799464e+00 2.0347640e-01 4.2601374e-02 9.6990757e-01
       380 2.2799549e+00 2.0114974e-01 4.1659359e-02 9.5668393e-01
       381 2.2820374e+00 1.9966881e-01 4.0925939e-02 9.4727595e-01
       382 2.2829324e+00 1.9753888e-01 4.0022484e-02 9.3644747e-01
       383 2.2825228e+00 1.9469429e-01 3.8932829e-02 9.1810660e-01
       384 2.2829204e+00 1.9251246e-01 3.8062682e-02 9.0551085e-01
       385 2.2840995e+00 1.9038407e-01 3.7174484e-02 8.9270625e-01
       386 2.2846265e+00 1.8835111e-01 3.6372696e-02 8.8036810e-01
       387 2.2837152e+00 1.8640814e-01 3.5699954e-02 8.7274361e-01
       388 2.2840924e+00 1.8461903e-01 3.5013007e-02 8.6283457e-01
       389 2.2865889e+00 1.8287472e-01 3.4226050e-02 8.5393622e-01
       390 2.2866043e+00 1.8063446e-01 3.3410834e-02 8.3853969e-01
       391 2.2856987e+00 1.7901272e-01 3.2879050e-02 8.3352889e-01
       392 2.2868420e+00 1.7741878e-01 3.2246212e-02 8.2279122e-01
       393 2.2875322e+00 1.7548888e-01 3.1527335e-02 8.1189691e-01
       394 2.2880892e+00 1.7303952e-01 3.0643858e-02 7.9576212e-01
       395 2.2873812e+00 1.7166115e-01 3.0206728e-02 7.9207627e-01
       396 2.2894309e+00 1.6981216e-01 2.9468094e-02 7.7885013e-01
       397 2.2886365e+00 1.6802508e-01 2.8904925e-02 7.7302092e-01
       398 2.2893282e+00 1.6657699e-01 2.8384992e-02 7.6397352e-01
       399 2.2900169e+00 1.6432326e-01 2.7604940e-02 7.5021327e-01
       400 2.2908959e+00 1.6265187e-01 2.7016047e-02 7.3971046e-01
       401 2.2897554e+00 1.6112197e-01 2.6576006e-02 7.3580346e-01
       402 2.2897711e+00 1.5972179e-01 2.6125989e-02 7.2764242e-01
       403 2.2914014e+00 1.5866530e-01 2.5711414e-02 7.2056810e-01
       404 2.2920303e+00 1.5655573e-01 2.5017691e-02 7.0833802e-01
       405 2.2918127e+00 1.5502737e-01 2.4551334e-02 7.0046091e-01
       406 2.2924361e+00 1.5365165e-01 2.4098696e-02 6.9420941e-01
       407 2.2928921e+00 1.5229039e-01 2.3662253e-02 6.8590953e-01
       408 2.2933522e+00 1.5067398e-01 2.3152803e-02 6.7737574e-01
       409 2.2930008e+00 1.4907288e-01 2.2687911e-02 6.6920408e-01
       410 2.2930608e+00 1.4781668e-01 2.2312373e-02 6.6320671e-01
       411 2.2937940e+00 1.4627288e-01 2.1827357e-02 6.5486002e-01
       412 2.2935565e+00 1.4502696e-01 2.1474346e-02 6.4771731e-01
       413 2.2959790e+00 1.4344958e-01 2.0923371e-02 6.3927837e-01
       414 2.2939708e+00 1.4206689e-01 2.0607291e-02 6.3164052e-01
       415 2.2947256e+00 1.4092732e-01 2.0254270e-02 6.2657561e-01
       416 2.2951206e+00 1.3934484e-01 1.9795226e-02 6.1627848e-01
       417 2.2958545e+00 1.3793529e-01 1.9376378e-02 6.0774150e-01
       418 2.2951330e+00 1.3681927e-01 1.9097270e-02 6.0452758e-01
       419 2.2961000e+00 1.3513678e-01 1.8603055e-02 5.9320450e-01
       420 2.2963776e+00 1.3385316e-01 1.8247594e-02 5.8928806e-01
       421 2.2968701e+00 1.3319304e-01 1.8053636e-02 5.8436018e-01
       422 2.2971174e+00 1.3193243e-01 1.7710728e-02 5.7707714e-01
       423 2.2966333e+00 1.3029294e-01 1.7297942e-02 5.7013239e-01
       424 2.2983130e+00 1.2913444e-01 1.6939963e-02 5.6204169e-01
       425 2.2972659e+00 1.2797533e-01 1.6677085e-02 5.5479763e-01
       426 2.2975780e+00 1.2705587e-01 1.6431888e-02 5.5275547e-01
       427 2.2979590e+00 1.2578389e-01 1.6097480e-02 5.4624776e-01
       428 2.2992375e+00 1.2426711e-01 1.5677372e-02 5.3637052e-01
       429 2.2982523e+00 1.2346633e-01 1.5510170e-02 5.3442313e-01
       430 2.2978835e+00 1.2263122e-01 1.5316824e-02 5.3133801e-01
       431 2.2990834e+00 1.2127386e-01 1.4947153e-02 5.2011944e-01
       432 2.2994549e+00 1.1999247e-01 1.4626630e-02 5.1295819e-01
       433 2.2992624e+00 1.1892226e-01 1.4376795e-02 5.0825984e-01
       434 2.2998844e+00 1.1774070e-01 1.4078511e-02 5.0142947e-01
       435 2.2993719e+00 1.1661125e-01 1.3829134e-02 4.9486656e-01
       436 2.3001751e+00 1.1581807e-01 1.3621008e-02 4.9085858e-01
       437 2.3003965e+00 1.1416007e-01 1.3233381e-02 4.8201476e-01
       438 2.2993496e+00 1.1381282e-01 1.3184989e-02 4.8447894e-01
       439 2.3008953e+00 1.1296557e-01 1.2948190e-02 4.7861268e-01
       440 2.3008035e+00 1.1191727e-01 1.2714964e-02 4.7245590e-01
       441 2.3004955e+00 1.1063784e-01 1.2438797e-02 4.6488740e-01
       442 2.3014329e+00 1.1027211e-01 1.2332494e-02 4.6263020e-01
       443 2.3009997e+00 1.0900740e-01 1.2066738e-02 4.5786575e-01
       444 2.3011324e+00 1.0843368e-01 1.1938404e-02 4.5438571e-01
       445 2.3020884e+00 1.0722265e-01 1.1652465e-02 4.4737591e-01
       446 2.3012616e+00 1.0653506e-01 1.1526806e-02 4.4515099e-01
       447 2.3020822e+00 1.0539555e-01 1.1264142e-02 4.3619432e-01
       448 2.3015131e+00 1.0426919e-01 1.1042521e-02 4.3298349e-01
       449 2.3024900e+00 1.0337912e-01 1.0833145e-02 4.2716444e-01
       450 2.3025430e+00 1.0266971e-01 1.0685694e-02 4.2332168e-01
       451 2.3030738e+00 1.0184714e-01 1.0504981e-02 4.2097816e-01
       452 2.3020787e+00 1.0114795e-01 1.0386917e-02 4.1639203e-01
       453 2.3029097e+00 1.0005515e-01 1.0146972e-02 4.0997895e-01
       454 2.3028268e+00 9.9173957e-02 9.9733537e-03 4.0533186e-01
       455 2.3026528e+00 9.8494551e-02 9.8431735e-03 4.0206633e-01
       456 2.3033200e+00 9.7763303e-02 9.6842038e-03 3.9765948e-01
       457 2.3033732e+00 9.7231380e-02 9.5792873e-03 3.9372628e-01
       458 2.3037119e+00 9.6020600e-02 9.3378320e-03 3.8818377e-01
       459 2.3034997e+00 9.5444128e-02 9.2321110e-03 3.8548150e-01
       460 2.3040737e+00 9.4344639e-02 9.0110627e-03 3.7983468e-01
       461 2.3043288e+00 9.3669384e-02 8.8788149e-03 3.7616249e-01
       462 2.3039184e+00 9.3320045e-02 8.8220655e-03 3.7387575e-01
       463 2.3041478e+00 9.2464605e-02 8.6583042e-03 3.6946569e-01
       464 2.3038620e+00 9.1585224e-02 8.5024935e-03 3.6624210e-01
       465 2.3039151e+00 9.1136953e-02 8.4194509e-03 3.6334458e-01
       466 2.3044792e+00 9.0727039e-02 8.3331994e-03 3.6097583e-01
       467 2.3049028e+00 8.9443672e-02 8.0936062e-03 3.5276145e-01
       468 2.3052470e+00 8.9022048e-02 8.0118255e-03 3.5067184e-01
       469 2.3051189e+00 8.8114152e-02 7.8534077e-03 3.4588897e-01
       470 2.3047962e+00 8.7582636e-02 7.7662255e-03 3.4371148e-01
       471 2.3049763e+00 8.6769245e-02 7.6209221e-03 3.3993347e-01
       472 2.3054919e+00 8.6087832e-02 7.4935089e-03 3.3661656e-01
       473 2.3050266e+00 8.5494989e-02 7.4004502e-03 3.3351569e-01
       474 2.3047627e+00 8.5140539e-02 7.3450749e-03 3.3130555e-01
       475 2.3058864e+00 8.4123800e-02 7.1522014e-03 3.2494366e-01
       476 2.3051818e+00 8.3789373e-02 7.1087796e-03 3.2272432e-01
       477 2.3060702e+00 8.2904146e-02 6.9453281e-03 3.1921173e-01
       478 2.3055643e+00 8.2325523e-02 6.8585774e-03 3.1649661e-01
       479 2.3063070e+00 8.2097098e-02 6.8081943e-03 3.1396217e-01
       480 2.3064696e+00 8.1243787e-02 6.6661541e-03 3.0909149e-01
       481 2.3054054e+00 8.0762641e-02 6.6065762e-03 3.0801341e-01
       482 2.3069096e+00 8.0217985e-02 6.4935923e-03 3.0534395e-01
       483 2.3062302e+00 7.9646584e-02 6.4131146e-03 2.9935104e-01
       484 2.3061734e+00 7.8961657e-02 6.3054300e-03 2.9798586e-01
       485 2.3075004e+00 7.8220049e-02 6.1683408e-03 2.9537320e-01
       486 2.3064316e+00 7.8030347e-02 6.1549524e-03 2.9156848e-01
       487 2.3067163e+00 7.7658767e-02 6.0925500e-03 2.8918922e-01
       488 2.3068682e+00 7.6766477e-02 5.9523951e-03 2.8566664e-01
       489 2.3063897e+00 7.6445933e-02 5.9108825e-03 2.8547302e-01
       490 2.3073045e+00 7.5701865e-02 5.7835451e-03 2.8116970e-01
       491 2.3064014e+00 7.5314163e-02 5.7389329e-03 2.7841708e-01
       492 2.3066136e+00 7.4558967e-02 5.6223280e-03 2.7565883e-01
       493 2.3078095e+00 7.4293665e-02 5.5652399e-03 2.7028741e-01
       494 2.3077253e+00 7.4007506e-02 5.5239469e-03 2.7115614e-01
       495 2.3070919e+00 7.3305355e-02 5.4295822e-03 2.6812115e-01
       496 2.3069744e+00 7.2842364e-02 5.3636882e-03 2.6477961e-01
       497 2.3080201e+00 7.2378007e-02 5.2814638e-03 2.6176538e-01
       498 2.3079949e+00 7.1753806e-02 5.1918277e-03 2.5781456e-01
       499 2.3075786e+00 7.1163969e-02 5.1131765e-03 2.5485685e-01
       500 2.3079318e+00 7.1041268e-02 5.0909149e-03 2.5321427e-01
       501 2.3077775e+00 7.0108457e-02 4.9613202e-03 2.4880234e-01
       502 2.3081057e+00 7.0345788e-02 4.9903039e-03 2.4928061e-01
       503 2.3077719e+00 6.9567247e-02 4.8858033e-03 2.4620657e-01
       504 2.3081233e+00 6.9225679e-02 4.8337416e-03 2.4140222e-01
       505 2.3081526e+00 6.9117497e-02 4.8183984e-03 2.4266597e-01
       506 2.3079587e+00 6.8577855e-02 4.7466191e-03 2.3954475e-01
       507 2.3086089e+00 6.8144322e-02 4.6791711e-03 2.3805712e-01
       508 2.3084779e+00 6.7752195e-02 4.6274620e-03 2.3627494e-01
       509 2.3082692e+00 6.7037956e-02 4.5337750e-03 2.3107925e-01
       510 2.3080939e+00 6.6710797e-02 4.4922579e-03 2.2967724e-01
       511 2.3088287e+00 6.6842800e-02 4.5009113e-03 2.2897904e-01
       512 2.3090398e+00 6.6175609e-02 4.4097836e-03 2.2632453e-01
       513 2.3087791e+00 6.5740012e-02 4.3552726e-03 2.2351819e-01
       514 2.3090161e+00 6.5451621e-02 4.3147492e-03 2.2129116e-01
       515 2.3081757e+00 6.4740824e-02 4.2322485e-03 2.1990983e-01
       516 2.3080173e+00 6.4517719e-02 4.2054614e-03 2.1942103e-01
       517 2.3092632e+00 6.4078829e-02 4.1342483e-03 2.1419439e-01
       518 2.3095281e+00 6.4123194e-02 4.1371945e-03 2.1312720e-01
       519 2.3086354e+00 6.3107685e-02 4.0177875e-03 2.0926719e-01
       520 2.3089245e+00 6.2919809e-02 3.9907625e-03 2.0698380e-01
       521 2.3092027e+00 6.2877711e-02 3.9824038e-03 2.0683999e-01
       522 2.3092422e+00 6.2553241e-02 3.9412830e-03 2.0518441e-01
       523 2.3097284e+00 6.2301384e-02 3.9048942e-03 2.0505343e-01
       524 2.3089348e+00 6.1921656e-02 3.8660364e-03 2.0206308e-01
       525 2.3089993e+00 6.1185305e-02 3.7746638e-03 1.9812787e-01
       526 2.3097372e+00 6.1322296e-02 3.7837709e-03 1.9833476e-01
       527 2.3093876e+00 6.0763092e-02 3.7190008e-03 1.9511136e-01
       528 2.3102326e+00 6.0841681e-02 3.7205147e-03 1.9456476e-01
       529 2.3091368e+00 5.9987379e-02 3.6279950e-03 1.9304897e-01
       530 2.3098091e+00 5.9968015e-02 3.6188199e-03 1.9035798e-01
       531 2.3094096e+00 5.9252145e-02 3.5374366e-03 1.8686201e-01
       532 2.3094232e+00 5.9682524e-02 3.5884834e-03 1.8692169e-01
       533 2.3097441e+00 5.9053877e-02 3.5106400e-03 1.8383192e-01
       534 2.3095059e+00 5.9011089e-02 3.5079439e-03 1.8309977e-01
       535 2.3102424e+00 5.8526385e-02 3.4440575e-03 1.8276669e-01
       536 2.3098043e+00 5.8435882e-02 3.4374547e-03 1.8004244e-01
       537 2.3099293e+00 5.8088434e-02 3.3957933e-03 1.7745970e-01
       538 2.3101772e+00 5.7656806e-02 3.3435951e-03 1.7507365e-01
       539 2.3097752e+00 5.7554748e-02 3.3355296e-03 1.7456789e-01
       540 2.3100147e+00 5.7506837e-02 3.3277781e-03 1.7319751e-01
       541 2.3099272e+00 5.6770315e-02 3.2444148e-03 1.6991708e-01
       542 2.3100467e+00 5.6684022e-02 3.2335300e-03 1.6957353e-01
       543 2.3100012e+00 5.6188616e-02 3.1780258e-03 1.6861270e-01
       544 2.3113381e+00 5.6047898e-02 3.1518056e-03 1.7098468e-01
       545 2.3095704e+00 5.6094000e-02 3.1715231e-03 1.6807744e-01
       546 2.3109291e+00 5.5868017e-02 3.1344840e-03 1.6452246e-01
       547 2.3103199e+00 5.5500757e-02 3.0983892e-03 1.6052783e-01
       548 2.3104089e+00 5.5201807e-02 3.0645458e-03 1.5976521e-01
       549 2.3106426e+00 5.5367660e-02 3.0809944e-03 1.5837830e-01
       550 2.3103591e+00 5.4560341e-02 2.9945545e-03 1.5711746e-01
       551 2.3103387e+00 5.4377635e-02 2.9748225e-03 1.5532017e-01
       552 2.3103400e+00 5.4145050e-02 2.9495706e-03 1.5505881e-01
       553 2.3107943e+00 5.4151529e-02 2.9466365e-03 1.5266801e-01
       554 2.3101331e+00 5.3965951e-02 2.9320017e-03 1.5265476e-01
       555 2.3115017e+00 5.3758713e-02 2.8994077e-03 1.5222888e-01
       556 2.3102754e+00 5.3424020e-02 2.8725608e-03 1.4963012e-01
       557 2.3102802e+00 5.3400887e-02 2.8700489e-03 1.4839414e-01
       558 2.3110093e+00 5.3204767e-02 2.8434190e-03 1.4692279e-01
       559 2.3111568e+00 5.3143534e-02 2.8358786e-03 1.4579901e-01
       560 2.3107135e+00 5.2688286e-02 2.7909205e-03 1.4271990e-01
       561 2.3111984e+00 5.2757453e-02 2.7947098e-03 1.4313040e-01
       562 2.3107662e+00 5.2605806e-02 2.7818322e-03 1.4042604e-01
       563 2.3108522e+00 5.1940561e-02 2.7116368e-03 1.3894169e-01
       564 2.3113158e+00 5.2122481e-02 2.7273368e-03 1.3898412e-01
       565 2.3108176e+00 5.2066213e-02 2.7249636e-03 1.3807249e-01
       566 2.3108045e+00 5.1620970e-02 2.6788959e-03 1.3568335e-01
       567 2.3113352e+00 5.1397985e-02 2.6522106e-03 1.3379970e-01
       568 2.3110755e+00 5.1083585e-02 2.6217373e-03 1.3402887e-01
       569 2.3111327e+00 5.1132291e-02 2.6263197e-03 1.3001333e-01
       570 2.3108268e+00 5.1051893e-02 2.6202997e-03 1.3118628e-01
       571 2.3116594e+00 5.0713457e-02 2.5803205e-03 1.3114063e-01
       572 2.3116867e+00 5.0381488e-02 2.5466021e-03 1.2878923e-01
       573 2.3107722e+00 5.0622191e-02 2.5770219e-03 1.2972474e-01
       574 2.3111337e+00 5.0323676e-02 2.5442740e-03 1.2578343e-01
       575 2.3118644e+00 4.9972353e-02 2.5045511e-03 1.2624227e-01
       576 2.3113963e+00 5.0290665e-02 2.5392175e-03 1.2493834e-01
       577 2.3114826e+00 4.9723345e-02 2.4819369e-03 1.2182360e-01
       578 2.3107825e+00 4.9714378e-02 2.4858571e-03 1.2482856e-01
       579 2.3118935e+00 4.9665907e-02 2.4738605e-03 1.2119062e-01
       580 2.3111371e+00 4.9590818e-02 2.4710272e-03 1.2034972e-01
       581 2.3122649e+00 4.9806289e-02 2.4859751e-03 1.2199820e-01
       582 2.3114427e+00 4.9033217e-02 2.4140304e-03 1.1775584e-01
       583 2.3111612e+00 4.8824236e-02 2.3954195e-03 1.1712101e-01
       584 2.3112872e+00 4.9052754e-02 2.4169427e-03 1.1514982e-01
       585 2.3116150e+00 4.8720714e-02 2.3824342e-03 1.1397797e-01
       586 2.3116870e+00 4.8694481e-02 2.3794584e-03 1.1350593e-01
       587 2.3117714e+00 4.8369336e-02 2.3474195e-03 1.1171404e-01
       588 2.3119254e+00 4.8330828e-02 2.3428576e-03 1.1119510e-01
       589 2.3116961e+00 4.8461505e-02 2.3567713e-03 1.1044643e-01
       590 2.3118983e+00 4.8044833e-02 2.3154390e-03 1.0809288e-01
       591 2.3113660e+00 4.8324743e-02 2.3455403e-03 1.0951978e-01
       592 2.3120031e+00 4.7673684e-02 2.2793641e-03 1.0749406e-01
       593 2.3118484e+00 4.7965023e-02 2.3080452e-03 1.0664923e-01
       594 2.3120739e+00 4.7520309e-02 2.2644056e-03 1.0499610e-01
       595 2.3117200e+00 4.7354533e-02 2.2505690e-03 1.0409099e-01
       596 2.3119940e+00 4.7521867e-02 2.2649586e-03 1.0406763e-01
       597 2.3115640e+00 4.7417654e-02 2.2574638e-03 1.0465607e-01
       598 2.3119792e+00 4.7291121e-02 2.2431574e-03 1.0176984e-01
       599 2.3121141e+00 4.7179534e-02 2.2319353e-03 1.0172044e-01
       600 2.3121301e+00 4.6909858e-02 2.2064829e-03 9.8697189e-02
       601 2.3120146e+00 4.6855527e-02 2.2019655e-03 9.8367047e-02
       602 2.3122826e+00 4.6868007e-02 2.2018377e-03 9.7958020e-02
       603 2.3116467e+00 4.6884428e-02 2.2066894e-03 9.9199662e-02
       604 2.3120901e+00 4.6851357e-02 2.2011947e-03 9.7057432e-02
       605 2.3119553e+00 4.6458166e-02 2.1651927e-03 9.5860416e-02
       606 2.3122290e+00 4.6708986e-02 2.1872051e-03 9.5866836e-02
       607 2.3123031e+00 4.5975937e-02 2.1189211e-03 9.3425831e-02
       608 2.3119566e+00 4.6152552e-02 2.1368830e-03 9.4996361e-02
       609 2.3125208e+00 4.6251709e-02 2.1434159e-03 9.3273805e-02
       610 2.3121785e+00 4.6419638e-02 2.1604972e-03 9.1887305e-02
       611 2.3120163e+00 4.6228528e-02 2.1435932e-03 9.1833848e-02
       612 2.3119300e+00 4.5563087e-02 2.0829595e-03 9.0436023e-02
       613 2.3122282e+00 4.5435711e-02 2.0698833e-03 8.9786630e-02
       614 2.3128770e+00 4.5909137e-02 2.1105117e-03 9.0315576e-02
       615 2.3117907e+00 4.5094372e-02 2.0412217e-03 8.9193176e-02
       616 2.3126283e+00 4.5456278e-02 2.0700397e-03 8.6653880e-02
       617 2.3123304e+00 4.5646873e-02 2.0886483e-03 8.6046448e-02
       618 2.3121510e+00 4.5504161e-02 2.0764753e-03 8.5346182e-02
       619 2.3124516e+00 4.5207657e-02 2.0482158e-03 8.4716555e-02
       620 2.3123197e+00 4.4472396e-02 1.9828534e-03 8.3606680e-02
       621 2.3122534e+00 4.5286778e-02 2.0562543e-03 8.4492343e-02
       622 2.3127203e+00 4.4890598e-02 2.0185835e-03 8.3181266e-02
       623 2.3120567e+00 4.5031863e-02 2.0341803e-03 8.3387922e-02
       624 2.3120088e+00 4.4612422e-02 1.9968228e-03 8.2402164e-02
       625 2.3127762e+00 4.4893956e-02 2.0186816e-03 8.2467009e-02
       626 2.3122563e+00 4.4719418e-02 2.0051750e-03 8.0373134e-02
       627 2.3129180e+00 4.4575103e-02 1.9896658e-03 8.0116472e-02
       628 2.3125602e+00 4.4550776e-02 1.9888071e-03 7.7858509e-02
       629 2.3121762e+00 4.4638520e-02 1.9983230e-03 8.0168091e-02
       630 2.3128598e+00 4.4325780e-02 1.9676961e-03 7.7675186e-02
       631 2.3123258e+00 4.4417415e-02 1.9779390e-03 7.7415367e-02
       632 2.3123698e+00 4.3879039e-02 1.9302068e-03 7.6227973e-02
       633 2.3131115e+00 4.4220892e-02 1.9576117e-03 7.8934774e-02
       634 2.3125559e+00 4.4139526e-02 1.9523505e-03 7.3773477e-02
       635 2.3128697e+00 4.4097734e-02 1.9474978e-03 7.5053618e-02
       636 2.3125562e+00 4.3697052e-02 1.9134838e-03 7.3322080e-02
       637 2.3123978e+00 4.4186380e-02 1.9571503e-03 7.3293235e-02
       638 2.3127318e+00 4.3902329e-02 1.9307898e-03 7.2726211e-02
       639 2.3129456e+00 4.3826283e-02 1.9233784e-03 7.2042958e-02
       640 2.3122961e+00 4.4114148e-02 1.9512242e-03 7.2498395e-02
       641 2.3129027e+00 4.3447750e-02 1.8904835e-03 6.9876448e-02
       642 2.3126833e+00 4.3785834e-02 1.9207551e-03 6.9551001e-02
       643 2.3125531e+00 4.3340093e-02 1.8824278e-03 6.8584880e-02
       644 2.3128102e+00 4.3559140e-02 1.9004920e-03 6.6767025e-02
       645 2.3133945e+00 4.3658757e-02 1.9074665e-03 7.2364959e-02
       646 2.3124907e+00 4.3416566e-02 1.8893178e-03 6.8028008e-02
       647 2.3129174e+00 4.3842326e-02 1.9248775e-03 6.6960871e-02
       648 2.3132646e+00 4.3041994e-02 1.8543149e-03 6.7814176e-02
       649 2.3124382e+00 4.3442754e-02 1.8918134e-03 6.7866556e-02
       650 2.3122749e+00 4.3545751e-02 1.9014953e-03 6.8879458e-02
       651 2.3129595e+00 4.2952986e-02 1.8475497e-03 6.5753420e-02
       652 2.3124114e+00 4.3308125e-02 1.8802491e-03 6.6507678e-02
       653 2.3134494e+00 4.3326319e-02 1.8784234e-03 6.6454071e-02
       654 2.3126693e+00 4.3029458e-02 1.8551434e-03 6.3595640e-02
       655 2.3129068e+00 4.3051712e-02 1.8562128e-03 6.2180735e-02
       656 2.3128567e+00 4.3062859e-02 1.8573417e-03 6.2752612e-02
       657 2.3130084e+00 4.2747176e-02 1.8297566e-03 6.2354433e-02
       658 2.3130517e+00 4.2732634e-02 1.8283801e-03 6.1138531e-02
       659 2.3129932e+00 4.3018909e-02 1.8531099e-03 6.1919653e-02
       660 2.3131501e+00 4.2900701e-02 1.8424836e-03 6.0832109e-02
       661 2.3129735e+00 4.2569408e-02 1.8147002e-03 5.9784425e-02
       662 2.3129298e+00 4.2673974e-02 1.8237551e-03 5.9506064e-02
       663 2.3131310e+00 4.2623975e-02 1.8188711e-03 5.9734175e-02
       664 2.3131001e+00 4.2634190e-02 1.8198320e-03 5.8182398e-02
       665 2.3133107e+00 4.2618885e-02 1.8179528e-03 5.9721450e-02
       666 2.3123891e+00 4.2694879e-02 1.8276046e-03 6.1853819e-02
       667 2.3126798e+00 4.2690815e-02 1.8260750e-03 5.9166957e-02
       668 2.3133919e+00 4.2640331e-02 1.8195834e-03 5.7746558e-02
       669 2.3131730e+00 4.2205746e-02 1.7832740e-03 5.6701000e-02
       670 2.3127950e+00 4.2582898e-02 1.8164504e-03 5.6195161e-02
       671 2.3133737e+00 4.2774462e-02 1.8310834e-03 5.7148732e-02
       672 2.3131144e+00 4.2257713e-02 1.7878303e-03 5.4428670e-02
       673 2.3132543e+00 4.2685767e-02 1.8238032e-03 5.5471310e-02
       674 2.3128657e+00 4.2330298e-02 1.7947554e-03 5.4724766e-02
       675 2.3132326e+00 4.2432103e-02 1.8022693e-03 5.3941945e-02
       676 2.3134012e+00 4.2353367e-02 1.7951716e-03 5.4164885e-02
       677 2.3128355e+00 4.2074955e-02 1.7733068e-03 5.3841618e-02
       678 2.3133363e+00 4.2238452e-02 1.7856064e-03 5.2878497e-02
       679 2.3130195e+00 4.1989329e-02 1.7655049e-03 5.1482473e-02
       680 2.3133632e+00 4.1901815e-02 1.7572162e-03 5.2977830e-02
       681 2.3134545e+00 4.2083431e-02 1.7722573e-03 5.2216027e-02
       682 2.3130630e+00 4.1899750e-02 1.7578570e-03 5.1485465e-02
       683 2.3130101e+00 4.1949805e-02 1.7622164e-03 5.1267918e-02
       684 2.3129511e+00 4.1722389e-02 1.7433754e-03 5.1098170e-02
       685 2.3136377e+00 4.1488912e-02 1.7221973e-03 5.0843038e-02
       686 2.3129856e+00 4.1984196e-02 1.7651799e-03 5.0707428e-02
       687 2.3130985e+00 4.1925919e-02 1.7599452e-03 4.9376677e-02
       688 2.3135566e+00 4.1623857e-02 1.7335704e-03 4.9749427e-02
       689 2.3135024e+00 4.1882657e-02 1.7552947e-03 4.9304785e-02
       690 2.3130925e+00 4.1432355e-02 1.7188202e-03 4.7818343e-02
       691 2.3130574e+00 4.1830291e-02 1.7520581e-03 4.9163084e-02
       692 2.3133462e+00 4.1613879e-02 1.7332101e-03 4.7532632e-02
       693 2.3133272e+00 4.2253661e-02 1.7869140e-03 4.7779270e-02
       694 2.3133919e+00 4.1810970e-02 1.7495428e-03 4.7890940e-02
       695 2.3130851e+00 4.1317394e-02 1.7093290e-03 4.6707668e-02
       696 2.3129805e+00 4.1415113e-02 1.7177349e-03 4.7425475e-02
       697 2.3135020e+00 4.1759018e-02 1.7449541e-03 4.5890759e-02
       698 2.3135835e+00 4.1475787e-02 1.7212120e-03 4.6133898e-02
       699 2.3134089e+00 4.1656102e-02 1.7365767e-03 4.4657877e-02
       700 2.3132908e+00 4.1273952e-02 1.7051729e-03 4.3927971e-02
       701 2.3133132e+00 4.1024194e-02 1.6845616e-03 4.3375092e-02
       702 2.3136000e+00 4.1594869e-02 1.7310721e-03 4.3743738e-02
       703 2.3136473e+00 4.1653456e-02 1.7358599e-03 4.4935932e-02
       704 2.3131057e+00 4.1698334e-02 1.7408924e-03 4.4489715e-02
       705 2.3136637e+00 4.1303854e-02 1.7068279e-03 4.4305548e-02
       706 2.3136262e+00 4.0989481e-02 1.6810265e-03 4.3796561e-02
       707 2.3130888e+00 4.0847584e-02 1.6707163e-03 4.3802285e-02
       708 2.3137635e+00 4.1461810e-02 1.7197305e-03 4.4576498e-02
       709 2.3135539e+00 4.1332485e-02 1.7094048e-03 4.1411261e-02
       710 2.3129258e+00 4.1138791e-02 1.6951003e-03 4.4956844e-02
       711 2.3129596e+00 4.1392951e-02 1.7159665e-03 4.5303002e-02
       712 2.3138484e+00 4.1218284e-02 1.6994662e-03 4.4402319e-02
       713 2.3134023e+00 4.1228850e-02 1.7011794e-03 4.0385568e-02
       714 2.3139074e+00 4.1441876e-02 1.7178669e-03 4.4673489e-02
       715 2.3131362e+00 4.1343698e-02 1.7113544e-03 4.2000328e-02
       716 2.3135513e+00 4.1241853e-02 1.7019262e-03 4.1114836e-02
       717 2.3141244e+00 4.1161001e-02 1.6944257e-03 4.5339642e-02
       718 2.3126734e+00 4.1119357e-02 1.6943948e-03 4.9636804e-02
       719 2.3130232e+00 4.1285267e-02 1.7068630e-03 4.2671786e-02
       720 2.3136454e+00 4.1244731e-02 1.7019809e-03 3.9378591e-02
       721 2.3136659e+00 4.1282145e-02 1.7050311e-03 4.0102417e-02
       722 2.3137485e+00 4.1096641e-02 1.6896073e-03 3.9331957e-02
       723 2.3135798e+00 4.0720796e-02 1.6591617e-03 3.7896622e-02
       724 2.3135292e+00 4.1170894e-02 1.6961237e-03 3.8331334e-02
       725 2.3138852e+00 4.1180197e-02 1.6962763e-03 3.9536266e-02
       726 2.3133950e+00 4.1144051e-02 1.6942113e-03 3.7702085e-02
       727 2.3133822e+00 4.0728752e-02 1.6602397e-03 3.7479022e-02
       728 2.3132090e+00 4.1048174e-02 1.6868023e-03 3.8636782e-02
       729 2.3137216e+00 4.1087345e-02 1.6888880e-03 3.7533186e-02
       730 2.3137940e+00 4.0907944e-02 1.6740606e-03 3.7630678e-02
       731 2.3136171e+00 4.0720926e-02 1.6591000e-03 3.7138385e-02
       732 2.3138638e+00 4.1036388e-02 1.6844825e-03 3.7950496e-02
       733 2.3134924e+00 4.0751495e-02 1.6618434e-03 3.6044531e-02
       734 2.3132041e+00 4.0647359e-02 1.6540708e-03 3.7938135e-02
       735 2.3134737e+00 4.0801499e-02 1.6659621e-03 3.5410065e-02
       736 2.3136466e+00 4.0670897e-02 1.6549727e-03 3.5149968e-02
       737 2.3138027e+00 4.0559920e-02 1.6456944e-03 3.6229759e-02
       738 2.3133803e+00 4.1186430e-02 1.6977350e-03 3.6846142e-02
       739 2.3137711e+00 4.1072008e-02 1.6875464e-03 3.5295882e-02
       740 2.3136381e+00 4.0827491e-02 1.6677507e-03 3.5476109e-02
       741 2.3134188e+00 4.0442037e-02 1.6368814e-03 3.4770576e-02
       742 2.3130357e+00 4.0767879e-02 1.6643712e-03 4.0523949e-02
       743 2.3144110e+00 4.0668540e-02 1.6539551e-03 4.4446155e-02
       744 2.3139129e+00 4.0747659e-02 1.6608022e-03 3.5572863e-02
       745 2.3135170e+00 4.0861384e-02 1.6707594e-03 3.3349941e-02
       746 2.3135666e+00 4.0635054e-02 1.6522124e-03 3.3623733e-02
       747 2.3137446e+00 4.0925362e-02 1.6755649e-03 3.3497618e-02
       748 2.3138564e+00 4.0687447e-02 1.6559761e-03 3.3850667e-02
       749 2.3137207e+00 4.0558355e-02 1.6456998e-03 3.3541103e-02
       750 2.3132812e+00 4.0522853e-02 1.6437601e-03 3.5834532e-02
       751 2.3135400e+00 4.0703096e-02 1.6578009e-03 3.2188645e-02
       752 2.3134738e+00 4.0376529e-02 1.6314636e-03 3.3175791e-02
       753 2.3139633e+00 4.0750376e-02 1.6609601e-03 3.4314444e-02
       754 2.3141768e+00 4.0545766e-02 1.6441130e-03 3.6177414e-02
       755 2.3135882e+00 4.0598640e-02 1.6492116e-03 3.2361077e-02
       756 2.3142324e+00 4.0656390e-02 1.6530553e-03 3.6945106e-02
       757 2.3132306e+00 4.0292462e-02 1.6252740e-03 3.5919325e-02
       758 2.3131154e+00 4.0624147e-02 1.6524344e-03 3.8085118e-02
       759 2.3140529e+00 4.0463346e-02 1.6375487e-03 3.3592876e-02
       760 2.3139150e+00 4.0137232e-02 1.6114252e-03 3.1087562e-02
       761 2.3136103e+00 4.0633606e-02 1.6520091e-03 3.1739938e-02
       762 2.3138369e+00 4.0636716e-02 1.6518787e-03 3.1800693e-02
       763 2.3137050e+00 4.0306400e-02 1.6253525e-03 2.9924026e-02
       764 2.3135980e+00 4.0516302e-02 1.6425135e-03 3.1019205e-02
       765 2.3137523e+00 4.0308786e-02 1.6254652e-03 3.0189447e-02
       766 2.3137063e+00 4.0393284e-02 1.6323617e-03 3.0042638e-02
       767 2.3134420e+00 4.0589347e-02 1.6487652e-03 3.2053003e-02
       768 2.3140137e+00 4.0477459e-02 1.6387331e-03 3.2098555e-02
       769 2.3141598e+00 4.0136181e-02 1.6110805e-03 3.2549409e-02
       770 2.3137123e+00 4.0195507e-02 1.6164127e-03 2.9940057e-02
       771 2.3139537e+00 4.0374325e-02 1.6304647e-03 2.9864309e-02
       772 2.3136790e+00 4.0201371e-02 1.6169424e-03 3.0070913e-02
       773 2.3135228e+00 4.0151637e-02 1.6132486e-03 3.0384466e-02
       774 2.3133818e+00 4.0754703e-02 1.6623554e-03 3.2843123e-02
       775 2.3139634e+00 4.0225373e-02 1.6184473e-03 2.8759987e-02
       776 2.3142134e+00 4.0607747e-02 1.6491156e-03 3.2948413e-02
       777 2.3134540e+00 4.0555399e-02 1.6459835e-03 3.1362444e-02
       778 2.3138396e+00 4.0332878e-02 1.6272731e-03 2.8078720e-02
       779 2.3138878e+00 4.0148375e-02 1.6123561e-03 2.7759552e-02
       780 2.3139066e+00 4.0390054e-02 1.6317953e-03 2.8790719e-02
       781 2.3139434e+00 4.0244669e-02 1.6200248e-03 2.9441557e-02
       782 2.3132301e+00 4.0144071e-02 1.6133392e-03 3.4930293e-02
       783 2.3142078e+00 4.0493316e-02 1.6398392e-03 3.2485919e-02
       784 2.3137967e+00 4.0331079e-02 1.6271924e-03 2.8634881e-02
       785 2.3138702e+00 4.0294950e-02 1.6241713e-03 2.7869385e-02
       786 2.3132009e+00 4.0194439e-02 1.6174646e-03 3.5859424e-02
       787 2.3146575e+00 4.0429602e-02 1.6345606e-03 4.2086304e-02
       788 2.3137924e+00 4.0195007e-02 1.6162418e-03 2.7865586e-02
       789 2.3136767e+00 4.0281866e-02 1.6234250e-03 2.8261207e-02
       790 2.3137508e+00 4.0153866e-02 1.6130024e-03 2.8139776e-02
       791 2.3139651e+00 4.0200384e-02 1.6164356e-03 2.7920356e-02
       792 2.3135694e+00 4.0027693e-02 1.6032156e-03 2.9001618e-02
       793 2.3139064e+00 4.0389581e-02 1.6317573e-03 2.7874762e-02
       794 2.3136567e+00 4.0084921e-02 1.6076332e-03 2.8084811e-02
       795 2.3138757e+00 4.0018132e-02 1.6019317e-03 2.6727568e-02
       796 2.3140442e+00 4.0185079e-02 1.6151160e-03 2.8170912e-02
       797 2.3139939e+00 4.0352312e-02 1.6286398e-03 2.7466811e-02
       798 2.3140613e+00 3.9892748e-02 1.5916892e-03 2.7107321e-02
       799 2.3132076e+00 3.9923020e-02 1.5957010e-03 3.5775777e-02
       800 2.3140199e+00 4.0362547e-02 1.6294367e-03 2.7273415e-02
       801 2.3138851e+00 3.9850441e-02 1.5885254e-03 2.6167406e-02
       802 2.3135591e+00 4.0218702e-02 1.6185639e-03 2.8623112e-02
       803 2.3142533e+00 4.0171406e-02 1.6138416e-03 2.9894149e-02
       804 2.3140690e+00 4.0333514e-02 1.6270423e-03 2.7419418e-02
       805 2.3133493e+00 4.0213410e-02 1.6186061e-03 3.2433650e-02
       806 2.3144863e+00 4.0182623e-02 1.6146500e-03 3.3972028e-02
       807 2.3138835e+00 4.0272715e-02 1.6223615e-03 2.6251741e-02
       808 2.3137502e+00 4.0108574e-02 1.6093681e-03 2.6897928e-02
       809 2.3138986e+00 4.0433511e-02 1.6353183e-03 2.5981544e-02
       810 2.3141524e+00 3.9641120e-02 1.5715919e-03 2.6617657e-02
       811 2.3139739e+00 3.9975387e-02 1.5983857e-03 2.5642616e-02
       812 2.3133359e+00 3.9890656e-02 1.5927850e-03 3.2798486e-02
       813 2.3143224e+00 3.9792633e-02 1.5835144e-03 2.9112380e-02
       814 2.3134897e+00 4.0064155e-02 1.6063015e-03 2.9717686e-02
       815 2.3141085e+00 3.9878766e-02 1.5905280e-03 2.5630689e-02
       816 2.3137967e+00 3.9963089e-02 1.5976449e-03 2.5874195e-02
       817 2.3141890e+00 3.9758760e-02 1.5809035e-03 2.6756085e-02
       818 2.3142390e+00 3.9875696e-02 1.5901800e-03 2.7339053e-02
       819 2.3139082e+00 3.9920515e-02 1.5940842e-03 2.5654368e-02
       820 2.3138026e+00 3.9970527e-02 1.5982305e-03 2.5166660e-02
       821 2.3137703e+00 3.9814501e-02 1.5858325e-03 2.5553524e-02
       822 2.3140516e+00 3.9759567e-02 1.5810910e-03 2.5789731e-02
       823 2.3144937e+00 3.9690373e-02 1.5753314e-03 3.1857665e-02
       824 2.3137516e+00 3.9440339e-02 1.5562085e-03 2.5315089e-02
       825 2.3130347e+00 3.9672040e-02 1.5762248e-03 4.1315630e-02
       826 2.3140790e+00 3.9737107e-02 1.5792779e-03 2.5145814e-02
       827 2.3143384e+00 3.9821088e-02 1.5857722e-03 2.8757189e-02
       828 2.3139260e+00 3.9726497e-02 1.5786080e-03 2.4992978e-02
       829 2.3138362e+00 4.0092411e-02 1.6079385e-03 2.4804828e-02
       830 2.3138329e+00 3.9604986e-02 1.5690968e-03 2.4466264e-02
       831 2.3139725e+00 3.9465905e-02 1.5579136e-03 2.4130720e-02
       832 2.3139704e+00 3.9784219e-02 1.5831424e-03 2.3805736e-02
       833 2.3141386e+00 3.9932523e-02 1.5947916e-03 2.4972280e-02
       834 2.3140113e+00 3.9850988e-02 1.5884122e-03 2.4120846e-02
       835 2.3142568e+00 3.9602667e-02 1.5684687e-03 2.6306054e-02
       836 2.3134125e+00 3.9663599e-02 1.5745387e-03 3.1072516e-02
       837 2.3141508e+00 3.9803637e-02 1.5845044e-03 2.5150191e-02
       838 2.3132949e+00 3.9912544e-02 1.5946345e-03 3.4190957e-02
       839 2.3142953e+00 3.9653448e-02 1.5724709e-03 2.6890401e-02
       840 2.3143181e+00 4.0083162e-02 1.6067228e-03 2.7432377e-02
       841 2.3141069e+00 3.9664000e-02 1.5734465e-03 2.3842221e-02
       842 2.3142814e+00 3.9731232e-02 1.5786535e-03 2.6174530e-02
       843 2.3140175e+00 3.9711027e-02 1.5772698e-03 2.3538306e-02
       844 2.3136317e+00 3.9617346e-02 1.5704126e-03 2.6891930e-02
       845 2.3137406e+00 3.9861087e-02 1.5895926e-03 2.5171979e-02
       846 2.3141843e+00 3.9679843e-02 1.5746379e-03 2.4464528e-02
       847 2.3143546e+00 3.9627366e-02 1.5703742e-03 2.6034204e-02
       848 2.3138414e+00 3.9682214e-02 1.5752075e-03 2.4031261e-02
       849 2.3136378e+00 3.9477773e-02 1.5593616e-03 2.6645886e-02
       850 2.3142245e+00 3.9500129e-02 1.5603789e-03 2.4966917e-02
       851 2.3141719e+00 3.9732755e-02 1.5788495e-03 2.4512710e-02
       852 2.3136436e+00 3.9629632e-02 1.5713641e-03 2.6789804e-02
       853 2.3141000e+00 3.9774089e-02 1.5821981e-03 2.3889302e-02
       854 2.3140734e+00 3.9685728e-02 1.5752027e-03 2.3325892e-02
       855 2.3140003e+00 3.9749410e-02 1.5803390e-03 2.3273209e-02
       856 2.3143516e+00 3.9835068e-02 1.5868799e-03 2.6877651e-02
       857 2.3138565e+00 3.9693248e-02 1.5760616e-03 2.3830030e-02
       858 2.3139938e+00 3.9678820e-02 1.5747397e-03 2.2860590e-02
       859 2.3141345e+00 3.9887372e-02 1.5911912e-03 2.4071661e-02
       860 2.3143614e+00 3.9754036e-02 1.5804265e-03 2.5170933e-02
       861 2.3135913e+00 3.9901463e-02 1.5930827e-03 2.7965103e-02
       862 2.3137057e+00 3.9478966e-02 1.5593341e-03 2.5512947e-02
       863 2.3137464e+00 3.9579050e-02 1.5671780e-03 2.4933600e-02
       864 2.3148718e+00 3.9924223e-02 1.5940352e-03 3.8601143e-02
       865 2.3137843e+00 3.8956241e-02 1.5182046e-03 2.4128463e-02
       866 2.3136857e+00 3.9999156e-02 1.6007127e-03 2.6089336e-02
       867 2.3135308e+00 3.9829957e-02 1.5875034e-03 2.8874077e-02
       868 2.3144569e+00 3.9497763e-02 1.5600858e-03 2.6869696e-02
       869 2.3146644e+00 3.9788669e-02 1.5831473e-03 3.2797647e-02
       870 2.3136347e+00 3.9684656e-02 1.5757448e-03 2.7113995e-02
       871 2.3140710e+00 3.9291609e-02 1.5440785e-03 2.2442708e-02
       872 2.3141721e+00 3.9331562e-02 1.5471293e-03 2.3408960e-02
       873 2.3140679e+00 3.9801302e-02 1.5843948e-03 2.3031562e-02
       874 2.3141744e+00 3.9347924e-02 1.5484148e-03 2.3529036e-02
       875 2.3141519e+00 3.9171933e-02 1.5346143e-03 2.2605451e-02
       876 2.3140087e+00 3.9729538e-02 1.5787501e-03 2.2796106e-02
       877 2.3134777e+00 3.9801126e-02 1.5853206e-03 3.0427838e-02
       878 2.3142811e+00 3.9351072e-02 1.5485897e-03 2.3921983e-02
       879 2.3137868e+00 3.9752553e-02 1.5808773e-03 2.4460669e-02
       880 2.3141940e+00 3.9549855e-02 1.5643317e-03 2.3325355e-02
       881 2.3140668e+00 3.9655202e-02 1.5727873e-03 2.2627287e-02
       882 2.3141152e+00 3.9588940e-02 1.5674902e-03 2.2563541e-02
       883 2.3138880e+00 3.9525403e-02 1.5627213e-03 2.3081021e-02
       884 2.3140165e+00 3.9574768e-02 1.5664676e-03 2.2632533e-02
       885 2.3143701e+00 3.9328687e-02 1.5467852e-03 2.4846496e-02
       886 2.3141017e+00 3.9410722e-02 1.5534233e-03 2.2176757e-02
       887 2.3138806e+00 3.9236901e-02 1.5400083e-03 2.2916927e-02
       888 2.3140508e+00 3.9166832e-02 1.5343093e-03 2.1912702e-02
       889 2.3140743e+00 3.9538462e-02 1.5635347e-03 2.2118801e-02
       890 2.3140988e+00 3.9425876e-02 1.5546208e-03 2.2103329e-02
       891 2.3140224e+00 3.9217487e-02 1.5383101e-03 2.1960672e-02
       892 2.3142341e+00 3.9712311e-02 1.5771798e-03 2.3563872e-02
       893 2.3140516e+00 3.9427372e-02 1.5547854e-03 2.1880631e-02
       894 2.3139301e+00 3.9595419e-02 1.5682055e-03 2.2757214e-02
       895 2.3141816e+00 3.9336932e-02 1.5475444e-03 2.2739579e-02
       896 2.3134697e+00 3.9627417e-02 1.5715407e-03 3.1020493e-02
       897 2.3147672e+00 3.9528287e-02 1.5625247e-03 3.3499027e-02
       898 2.3137338e+00 3.9600876e-02 1.5689270e-03 2.5236568e-02
       899 2.3142928e+00 3.9371483e-02 1.5501900e-03 2.3634205e-02
       900 2.3140305e+00 3.9212073e-02 1.5378767e-03 2.1659193e-02
       901 2.3138384e+00 3.9323334e-02 1.5468584e-03 2.3487725e-02
       902 2.3143966e+00 3.9204354e-02 1.5370111e-03 2.4860405e-02
       903 2.3137569e+00 3.9354393e-02 1.5494278e-03 2.4460717e-02
       904 2.3142753e+00 3.9219192e-02 1.5382313e-03 2.2878531e-02
       905 2.3136690e+00 3.9398765e-02 1.5530726e-03 2.6480882e-02
       906 2.3144126e+00 3.9317258e-02 1.5458713e-03 2.4890034e-02
       907 2.3144793e+00 3.9230234e-02 1.5390193e-03 2.5137452e-02
       908 2.3137521e+00 3.9314420e-02 1.5462909e-03 2.4811806e-02
       909 2.3141463e+00 3.9590633e-02 1.5675970e-03 2.2107214e-02
       910 2.3142816e+00 3.9471029e-02 1.5580447e-03 2.2544163e-02
       911 2.3145303e+00 3.9448040e-02 1.5561494e-03 2.6755445e-02
       912 2.3138778e+00 3.9531931e-02 1.5632513e-03 2.3302964e-02
       913 2.3140068e+00 3.9428707e-02 1.5549391e-03 2.1888203e-02
       914 2.3139773e+00 3.9354746e-02 1.5491462e-03 2.2145003e-02
       915 2.3136485e+00 3.9168048e-02 1.5349832e-03 2.7116569e-02
       916 2.3146551e+00 3.9460207e-02 1.5571154e-03 2.9904538e-02
       917 2.3140654e+00 3.9554270e-02 1.5647939e-03 2.1862543e-02
       918 2.3138537e+00 3.9646287e-02 1.5723398e-03 2.3679057e-02
       919 2.3142363e+00 3.9245492e-02 1.5403194e-03 2.1588194e-02
       920 2.3139544e+00 3.9329339e-02 1.5471746e-03 2.2313664e-02
       921 2.3144807e+00 3.9430201e-02 1.5547486e-03 2.6185516e-02
       922 2.3142320e+00 3.9448488e-02 1.5562968e-03 2.2379765e-02
       923 2.3134892e+00 3.9111140e-02 1.5308473e-03 3.1013433e-02
       924 2.3140989e+00 3.9723114e-02 1.5781468e-03 2.1610554e-02
       925 2.3142405e+00 3.9120104e-02 1.5304905e-03 2.2133828e-02
       926 2.3141115e+00 3.8995229e-02 1.5208372e-03 2.1191857e-02
       927 2.3148131e+00 3.9199118e-02 1.5366305e-03 3.2389989e-02
       928 2.3137970e+00 3.9483857e-02 1.5595710e-03 2.4740706e-02
       929 2.3139295e+00 3.9030308e-02 1.5237740e-03 2.2260265e-02
       930 2.3144179e+00 3.8643533e-02 1.4933455e-03 2.3686455e-02
       931 2.3138863e+00 3.9319447e-02 1.5464849e-03 2.3144718e-02
       932 2.3142315e+00 3.9150731e-02 1.5328937e-03 2.1920330e-02
       933 2.3140190e+00 3.8937921e-02 1.5164641e-03 2.1460642e-02
       934 2.3138944e+00 3.9274523e-02 1.5429432e-03 2.2949139e-02
       935 2.3140320e+00 3.9334347e-02 1.5474793e-03 2.1645842e-02
       936 2.3139625e+00 3.9229677e-02 1.5393355e-03 2.2138823e-02
       937 2.3138577e+00 3.9357235e-02 1.5494979e-03 2.3193630e-02
       938 2.3142608e+00 3.9333001e-02 1.5471800e-03 2.2137874e-02
       939 2.3145746e+00 3.9298016e-02 1.5443341e-03 2.7282226e-02
       940 2.3137466e+00 3.9225810e-02 1.5393405e-03 2.5306605e-02
       941 2.3146418e+00 3.9257096e-02 1.5411249e-03 2.9609532e-02
       942 2.3144254e+00 3.9227753e-02 1.5388373e-03 2.3547965e-02
       943 2.3136793e+00 3.9096894e-02 1.5293588e-03 2.6795476e-02
       944 2.3143296e+00 3.9097381e-02 1.5286625e-03 2.2788193e-02
       945 2.3145826e+00 3.8670032e-02 1.4953716e-03 2.6146590e-02
       946 2.3137014e+00 3.9403172e-02 1.5533627e-03 2.6377752e-02
       947 2.3134943e+00 3.9420144e-02 1.5551029e-03 3.1360460e-02
       948 2.3142908e+00 3.8979553e-02 1.5194829e-03 2.1531054e-02
       949 2.3145553e+00 3.9082491e-02 1.5274413e-03 2.6036427e-02
       950 2.3141495e+00 3.8938852e-02 1.5164102e-03 2.1249953e-02
       951 2.3141183e+00 3.9070229e-02 1.5266859e-03 2.1091172e-02
       952 2.3142727e+00 3.9217345e-02 1.5380880e-03 2.1852802e-02
       953 2.3141497e+00 3.8978654e-02 1.5195113e-03 2.1018595e-02
       954 2.3139400e+00 3.8851633e-02 1.5098450e-03 2.2348228e-02
       955 2.3142311e+00 3.8947636e-02 1.5170325e-03 2.1297690e-02
       956 2.3139852e+00 3.8837815e-02 1.5087167e-03 2.1860572e-02
       957 2.3138827e+00 3.9315682e-02 1.5461940e-03 2.3331401e-02
       958 2.3142998e+00 3.9015793e-02 1.5223046e-03 2.2213089e-02
       959 2.3140035e+00 3.8898254e-02 1.5133940e-03 2.1598037e-02
       960 2.3140342e+00 3.8618210e-02 1.4916522e-03 2.1050969e-02
       961 2.3145426e+00 3.9273449e-02 1.5424045e-03 2.5936676e-02
       962 2.3142128e+00 3.8861998e-02 1.5103818e-03 2.1056572e-02
       963 2.3141098e+00 3.8785648e-02 1.5045374e-03 2.0830850e-02
       964 2.3141190e+00 3.8916469e-02 1.5146941e-03 2.1022006e-02
       965 2.3142653e+00 3.9083000e-02 1.5275731e-03 2.1687121e-02
       966 2.3142555e+00 3.8792355e-02 1.5049451e-03 2.1251341e-02
       967 2.3139846e+00 3.8896377e-02 1.5132696e-03 2.1720824e-02
       968 2.3137746e+00 3.9115670e-02 1.5306667e-03 2.5181408e-02
       969 2.3140320e+00 3.9060174e-02 1.5259856e-03 2.1303095e-02
       970 2.3145755e+00 3.9053128e-02 1.5251468e-03 2.6072177e-02
       971 2.3143721e+00 3.9041027e-02 1.5242406e-03 2.2571756e-02
       972 2.3139007e+00 3.9211460e-02 1.5379852e-03 2.2838798e-02
       973 2.3139765e+00 3.8987350e-02 1.5203645e-03 2.1923092e-02
       974 2.3142102e+00 3.8904053e-02 1.5136541e-03 2.1085215e-02
       975 2.3145676e+00 3.8845550e-02 1.5089768e-03 2.6424399e-02
       976 2.3139890e+00 3.8900406e-02 1.5135780e-03 2.1890840e-02
       977 2.3140778e+00 3.9294489e-02 1.5442981e-03 2.1470441e-02
       978 2.3136500e+00 3.8833313e-02 1.5088708e-03 2.8049747e-02
       979 2.3145426e+00 3.9100582e-02 1.5288562e-03 2.4733166e-02
       980 2.3141739e+00 3.9015614e-02 1.5223743e-03 2.1009620e-02
       981 2.3141087e+00 3.9072456e-02 1.5268687e-03 2.1177816e-02
       982 2.3140780e+00 3.9116883e-02 1.5303716e-03 2.1407169e-02
       983 2.3139429e+00 3.9301610e-02 1.5450085e-03 2.2434782e-02
       984 2.3147497e+00 3.8981220e-02 1.5195682e-03 3.0465211e-02
       985 2.3135529e+00 3.8631964e-02 1.4934612e-03 3.0282442e-02
       986 2.3142333e+00 3.9065203e-02 1.5262028e-03 2.1457048e-02
       987 2.3140033e+00 3.8761382e-02 1.5027647e-03 2.1240319e-02
       988 2.3144445e+00 3.8982660e-02 1.5196633e-03 2.3683511e-02
       989 2.3143423e+00 3.8789501e-02 1.5046768e-03 2.2043650e-02
       990 2.3140621e+00 3.8955762e-02 1.5178084e-03 2.1176636e-02
       991 2.3138858e+00 3.8940642e-02 1.5168404e-03 2.3144828e-02
       992 2.3137962e+00 3.9019472e-02 1.5231164e-03 2.4595759e-02
       993 2.3144191e+00 3.8813449e-02 1.5065063e-03 2.2916000e-02
       994 2.3142996e+00 3.8457401e-02 1.4790442e-03 2.1066918e-02
       995 2.3140942e+00 3.8581105e-02 1.4887271e-03 2.0748878e-02
       996 2.3145674e+00 3.8977823e-02 1.5192707e-03 2.5968168e-02
       997 2.3142689e+00 3.8723533e-02 1.4996021e-03 2.0933862e-02
       998 2.3138136e+00 3.8719896e-02 1.4998010e-03 2.4649543e-02
       999 2.3142031e+00 3.8810534e-02 1.5063915e-03 2.1120123e-02

Final Weights:         0.0576160884         0.5593958400         0.0507354470        -0.6673279589 