# Cycles, Average Predicted Temperature, Stddev Predicted Temperature, Mean Squared Error, || MSE Gradient ||
         0 9.7031003e-02 4.7947299e-02 3.9648649e+00 6.3937526e+00
         1 1.0789027e-01 5.4277790e-02 3.9223966e+00 6.8767387e+00
         2 1.2057113e-01 6.1668518e-02 3.8732042e+00 7.4136385e+00
         3 1.3541065e-01 7.0496679e-02 3.8162102e+00 8.0077643e+00
         4 1.5318990e-01 8.1031281e-02 3.7487038e+00 8.6874886e+00
         5 1.7393593e-01 9.3689755e-02 3.6710812e+00 9.4123962e+00
         6 1.9889539e-01 1.0887718e-01 3.5792501e+00 1.0217156e+01
         7 2.2931502e-01 1.2743772e-01 3.4696511e+00 1.1118172e+01
         8 2.6647135e-01 1.4988438e-01 3.3391588e+00 1.2097335e+01
         9 3.1076427e-01 1.7762875e-01 3.1888766e+00 1.3089227e+01
        10 3.6548010e-01 2.1180169e-01 3.0107308e+00 1.4118278e+01
        11 4.3304731e-01 2.5317469e-01 2.8018091e+00 1.5109027e+01
        12 5.1416362e-01 3.0393857e-01 2.5682396e+00 1.5917107e+01
        13 6.1171207e-01 3.6359027e-01 2.3105921e+00 1.6429757e+01
        14 7.2635808e-01 4.3335309e-01 2.0409119e+00 1.6381581e+01
        15 8.5588173e-01 5.1060104e-01 1.7779677e+00 1.5645054e+01
        16 9.9411739e-01 5.9016822e-01 1.5441132e+00 1.4153826e+01
        17 1.1305617e+00 6.6525311e-01 1.3585806e+00 1.2172878e+01
        18 1.2574585e+00 7.2905339e-01 1.2207375e+00 1.0052613e+01
        19 1.3594863e+00 7.7439294e-01 1.1299075e+00 8.4037267e+00
        20 1.4405422e+00 8.0143392e-01 1.0610455e+00 7.5721867e+00
        21 1.4991684e+00 8.1165484e-01 1.0050947e+00 7.0504487e+00
        22 1.5411657e+00 8.1185942e-01 9.5776132e-01 6.7858431e+00
        23 1.5753091e+00 8.0523146e-01 9.1089144e-01 6.6904058e+00
        24 1.6033041e+00 7.9538861e-01 8.6723443e-01 6.5108801e+00
        25 1.6251518e+00 7.8215075e-01 8.2566487e-01 6.3484842e+00
        26 1.6461145e+00 7.6956896e-01 7.8719043e-01 6.2106520e+00
        27 1.6671732e+00 7.5582884e-01 7.4807836e-01 6.0525257e+00
        28 1.6842564e+00 7.4147466e-01 7.1251147e-01 5.8963646e+00
        29 1.7027546e+00 7.2672036e-01 6.7626730e-01 5.7236310e+00
        30 1.7182097e+00 7.1323327e-01 6.4518817e-01 5.5782206e+00
        31 1.7322534e+00 6.9934249e-01 6.1538704e-01 5.4368472e+00
        32 1.7482933e+00 6.8584196e-01 5.8554251e-01 5.2810008e+00
        33 1.7613866e+00 6.7206894e-01 5.5812481e-01 5.1391656e+00
        34 1.7734493e+00 6.5871043e-01 5.3262183e-01 5.0077140e+00
        35 1.7874014e+00 6.4581011e-01 5.0722021e-01 4.8620537e+00
        36 1.8002210e+00 6.3307203e-01 4.8339589e-01 4.7279213e+00
        37 1.8098410e+00 6.2074052e-01 4.6249691e-01 4.6138998e+00
        38 1.8197460e+00 6.0729768e-01 4.4058330e-01 4.4835881e+00
        39 1.8317437e+00 5.9651391e-01 4.2131715e-01 4.3704437e+00
        40 1.8412135e+00 5.8411528e-01 4.0192184e-01 4.2482176e+00
        41 1.8497694e+00 5.7253248e-01 3.8438084e-01 4.1420169e+00
        42 1.8577529e+00 5.6096112e-01 3.6753027e-01 4.0349313e+00
        43 1.8662273e+00 5.5017815e-01 3.5172420e-01 3.9362258e+00
        44 1.8759161e+00 5.3963779e-01 3.3604039e-01 3.8251854e+00
        45 1.8831457e+00 5.2902580e-01 3.2169053e-01 3.7282965e+00
        46 1.8898490e+00 5.1815804e-01 3.0761317e-01 3.6302818e+00
        47 1.8974615e+00 5.0867718e-01 2.9492431e-01 3.5435185e+00
        48 1.9039019e+00 4.9906373e-01 2.8282816e-01 3.4591338e+00
        49 1.9099965e+00 4.8895007e-01 2.7063312e-01 3.3690510e+00
        50 1.9151488e+00 4.7964646e-01 2.5981757e-01 3.2907201e+00
        51 1.9229192e+00 4.7106970e-01 2.4904306e-01 3.2083496e+00
        52 1.9275880e+00 4.6180720e-01 2.3888588e-01 3.1310657e+00
        53 1.9345104e+00 4.5289987e-01 2.2857019e-01 3.0478615e+00
        54 1.9370233e+00 4.4414942e-01 2.1995726e-01 2.9835484e+00
        55 1.9430535e+00 4.3587157e-01 2.1089231e-01 2.9064051e+00
        56 1.9473277e+00 4.2800108e-01 2.0287540e-01 2.8434133e+00
        57 1.9515473e+00 4.1989748e-01 1.9483798e-01 2.7775796e+00
        58 1.9561620e+00 4.1252964e-01 1.8746992e-01 2.7184959e+00
        59 1.9600409e+00 4.0425692e-01 1.7970787e-01 2.6466781e+00
        60 1.9642631e+00 3.9710133e-01 1.7291391e-01 2.5894746e+00
        61 1.9690899e+00 3.8980235e-01 1.6600248e-01 2.5247405e+00
        62 1.9718618e+00 3.8273718e-01 1.5989477e-01 2.4713924e+00
        63 1.9741116e+00 3.7608747e-01 1.5433286e-01 2.4245170e+00
        64 1.9788868e+00 3.6953701e-01 1.4838714e-01 2.3670453e+00
        65 1.9827843e+00 3.6272519e-01 1.4256648e-01 2.3094350e+00
        66 1.9855538e+00 3.5603205e-01 1.3718255e-01 2.2574968e+00
        67 1.9875279e+00 3.4967880e-01 1.3229979e-01 2.2104492e+00
        68 1.9899114e+00 3.4322370e-01 1.2735544e-01 2.1613326e+00
        69 1.9942242e+00 3.3755234e-01 1.2267006e-01 2.1134237e+00
        70 1.9963880e+00 3.3184237e-01 1.1844821e-01 2.0734825e+00
        71 1.9989058e+00 3.2605038e-01 1.1418447e-01 2.0288250e+00
        72 2.0012868e+00 3.2028354e-01 1.1004024e-01 1.9854022e+00
        73 2.0040215e+00 3.1475985e-01 1.0606757e-01 1.9426178e+00
        74 2.0065248e+00 3.0946921e-01 1.0235257e-01 1.9018886e+00
        75 2.0081670e+00 3.0405652e-01 9.8768000e-02 1.8640042e+00
        76 2.0103621e+00 2.9901073e-01 9.5380911e-02 1.8260153e+00
        77 2.0129564e+00 2.9420256e-01 9.2134355e-02 1.7905648e+00
        78 2.0141230e+00 2.8908202e-01 8.8974715e-02 1.7538958e+00
        79 2.0166677e+00 2.8450354e-01 8.5980813e-02 1.7172347e+00
        80 2.0187250e+00 2.7951824e-01 8.2881175e-02 1.6816024e+00
        81 2.0205354e+00 2.7488000e-01 8.0063449e-02 1.6494204e+00
        82 2.0213304e+00 2.7019497e-01 7.7403669e-02 1.6160879e+00
        83 2.0235129e+00 2.6591504e-01 7.4824438e-02 1.5850448e+00
        84 2.0250451e+00 2.6165709e-01 7.2383861e-02 1.5542867e+00
        85 2.0264549e+00 2.5740076e-01 7.0000056e-02 1.5245433e+00
        86 2.0283220e+00 2.5327577e-01 6.7668480e-02 1.4945402e+00
        87 2.0297308e+00 2.4937333e-01 6.5541747e-02 1.4664616e+00
        88 2.0309679e+00 2.4535195e-01 6.3410496e-02 1.4379785e+00
        89 2.0328616e+00 2.4126548e-01 6.1210857e-02 1.4097402e+00
        90 2.0337460e+00 2.3738698e-01 5.9258274e-02 1.3836638e+00
        91 2.0349929e+00 2.3362588e-01 5.7353874e-02 1.3568617e+00
        92 2.0359230e+00 2.3029638e-01 5.5712150e-02 1.3338387e+00
        93 2.0378000e+00 2.2646504e-01 5.3771485e-02 1.3063339e+00
        94 2.0387532e+00 2.2311779e-01 5.2172496e-02 1.2848353e+00
        95 2.0404486e+00 2.1973982e-01 5.0513604e-02 1.2607874e+00
        96 2.0408137e+00 2.1627278e-01 4.8967595e-02 1.2365284e+00
        97 2.0421583e+00 2.1273452e-01 4.7325517e-02 1.2124538e+00
        98 2.0437769e+00 2.0978146e-01 4.5933152e-02 1.1921128e+00
        99 2.0441046e+00 2.0649938e-01 4.4538243e-02 1.1719100e+00
       100 2.0458240e+00 2.0340604e-01 4.3123477e-02 1.1496317e+00
       101 2.0449022e+00 2.0051337e-01 4.2033025e-02 1.1328714e+00
       102 2.0470655e+00 1.9732679e-01 4.0585004e-02 1.1083321e+00
       103 2.0481430e+00 1.9463993e-01 3.9445542e-02 1.0905543e+00
       104 2.0486232e+00 1.9151262e-01 3.8200215e-02 1.0693284e+00
       105 2.0491979e+00 1.8887342e-01 3.7151771e-02 1.0540399e+00
       106 2.0507775e+00 1.8606073e-01 3.5978210e-02 1.0326956e+00
       107 2.0512743e+00 1.8353765e-01 3.5009297e-02 1.0175107e+00
       108 2.0523298e+00 1.8049170e-01 3.3824802e-02 9.9747831e-01
       109 2.0521929e+00 1.7808366e-01 3.2971034e-02 9.8143852e-01
       110 2.0537712e+00 1.7562330e-01 3.1991348e-02 9.6456330e-01
       111 2.0542973e+00 1.7313670e-01 3.1088752e-02 9.4853128e-01
       112 2.0547868e+00 1.7054913e-01 3.0167025e-02 9.3162289e-01
       113 2.0558641e+00 1.6810529e-01 2.9269762e-02 9.1451227e-01
       114 2.0558373e+00 1.6577872e-01 2.8494661e-02 9.0076143e-01
       115 2.0569711e+00 1.6356602e-01 2.7695065e-02 8.8612306e-01
       116 2.0578136e+00 1.6157327e-01 2.6996160e-02 8.7230747e-01
       117 2.0584760e+00 1.5892142e-01 2.6107170e-02 8.5482890e-01
       118 2.0580982e+00 1.5676049e-01 2.5447191e-02 8.4226952e-01
       119 2.0600081e+00 1.5470251e-01 2.4696970e-02 8.2757845e-01
       120 2.0596925e+00 1.5247848e-01 2.4031337e-02 8.1334648e-01
       121 2.0601985e+00 1.5038269e-01 2.3368568e-02 7.9978652e-01
       122 2.0605559e+00 1.4856239e-01 2.2804900e-02 7.8800168e-01
       123 2.0619408e+00 1.4657515e-01 2.2145262e-02 7.7558312e-01
       124 2.0622884e+00 1.4452216e-01 2.1529889e-02 7.6257578e-01
       125 2.0624879e+00 1.4262222e-01 2.0974252e-02 7.5039635e-01
       126 2.0628729e+00 1.4046324e-01 2.0343848e-02 7.3603548e-01
       127 2.0632192e+00 1.3903745e-01 1.9928302e-02 7.2706435e-01
       128 2.0637955e+00 1.3695445e-01 1.9325584e-02 7.1409981e-01
       129 2.0640471e+00 1.3548215e-01 1.8912532e-02 7.0233742e-01
       130 2.0650415e+00 1.3358689e-01 1.8356623e-02 6.9241253e-01
       131 2.0650875e+00 1.3170851e-01 1.7856223e-02 6.8010156e-01
       132 2.0656836e+00 1.2999371e-01 1.7380909e-02 6.6828172e-01
       133 2.0663761e+00 1.2847696e-01 1.6958927e-02 6.5841997e-01
       134 2.0661886e+00 1.2676066e-01 1.6528878e-02 6.4814211e-01
       135 2.0666115e+00 1.2521186e-01 1.6120649e-02 6.3761424e-01
       136 2.0669051e+00 1.2353028e-01 1.5690101e-02 6.2723300e-01
       137 2.0678128e+00 1.2227497e-01 1.5344703e-02 6.1869136e-01
       138 2.0685352e+00 1.2059326e-01 1.4908131e-02 6.0888058e-01
       139 2.0685744e+00 1.1876612e-01 1.4469287e-02 5.9729568e-01
       140 2.0686056e+00 1.1758509e-01 1.4188962e-02 5.8940364e-01
       141 2.0684327e+00 1.1630644e-01 1.3896510e-02 5.8055820e-01
       142 2.0693547e+00 1.1483258e-01 1.3521255e-02 5.7168966e-01
       143 2.0697184e+00 1.1344106e-01 1.3190435e-02 5.6206773e-01
       144 2.0698010e+00 1.1205506e-01 1.2874940e-02 5.5361601e-01
       145 2.0706516e+00 1.1098426e-01 1.2606468e-02 5.4749177e-01
       146 2.0703817e+00 1.0963323e-01 1.2317658e-02 5.3742139e-01
       147 2.0701409e+00 1.0829316e-01 1.2033993e-02 5.2973760e-01
       148 2.0714290e+00 1.0700732e-01 1.1713703e-02 5.2133969e-01
       149 2.0715016e+00 1.0576147e-01 1.1446274e-02 5.1366337e-01
       150 2.0717113e+00 1.0448622e-01 1.1171430e-02 5.0596247e-01
       151 2.0720194e+00 1.0350275e-01 1.0957150e-02 4.9760810e-01
       152 2.0715574e+00 1.0237788e-01 1.0740217e-02 4.9077093e-01
       153 2.0724413e+00 1.0110758e-01 1.0454061e-02 4.8350567e-01
       154 2.0726525e+00 1.0008766e-01 1.0242481e-02 4.7704638e-01
       155 2.0734523e+00 9.8986228e-02 9.9998630e-03 4.6923210e-01
       156 2.0730036e+00 9.7700724e-02 9.7599638e-03 4.6169347e-01
       157 2.0735911e+00 9.6906920e-02 9.5886180e-03 4.5461279e-01
       158 2.0734895e+00 9.5819905e-02 9.3819867e-03 4.4743287e-01
       159 2.0736662e+00 9.4688116e-02 9.1613987e-03 4.4179313e-01
       160 2.0738667e+00 9.3865667e-02 9.0007564e-03 4.3473729e-01
       161 2.0744711e+00 9.2833665e-02 8.7917856e-03 4.2808879e-01
       162 2.0746479e+00 9.1728202e-02 8.5831292e-03 4.2153706e-01
       163 2.0750000e+00 9.1004146e-02 8.4417888e-03 4.1611726e-01
       164 2.0742530e+00 9.0021151e-02 8.2832993e-03 4.1019357e-01
       165 2.0755313e+00 8.9163180e-02 8.0969475e-03 4.0544949e-01
       166 2.0754247e+00 8.8166768e-02 7.9228493e-03 3.9812824e-01
       167 2.0755656e+00 8.7181702e-02 7.7466939e-03 3.9224761e-01
       168 2.0754274e+00 8.6415109e-02 7.6169759e-03 3.8645177e-01
       169 2.0757384e+00 8.5751725e-02 7.4952552e-03 3.8119067e-01
       170 2.0768427e+00 8.4868821e-02 7.3195259e-03 3.7766473e-01
       171 2.0756304e+00 8.4085120e-02 7.2147893e-03 3.7049900e-01
       172 2.0762285e+00 8.3269661e-02 7.0642985e-03 3.6499393e-01
       173 2.0764515e+00 8.2516867e-02 6.9344499e-03 3.5887261e-01
       174 2.0763264e+00 8.1974786e-02 6.8480997e-03 3.5521198e-01
       175 2.0770616e+00 8.0782625e-02 6.6379569e-03 3.4892943e-01
       176 2.0771499e+00 8.0301063e-02 6.5585221e-03 3.4428278e-01
       177 2.0773441e+00 7.9348425e-02 6.4023936e-03 3.3840929e-01
       178 2.0772165e+00 7.8779374e-02 6.3150582e-03 3.3413689e-01
       179 2.0775112e+00 7.8303338e-02 6.2342187e-03 3.2996015e-01
       180 2.0780038e+00 7.7302262e-02 6.0686988e-03 3.2449576e-01
       181 2.0776753e+00 7.6631487e-02 5.9718901e-03 3.2080276e-01
       182 2.0780389e+00 7.6311784e-02 5.9158719e-03 3.1660209e-01
       183 2.0776029e+00 7.5434122e-02 5.7912618e-03 3.1149215e-01
       184 2.0784285e+00 7.5144581e-02 5.7317537e-03 3.0790790e-01
       185 2.0780499e+00 7.4405723e-02 5.6283821e-03 3.0232130e-01
       186 2.0783436e+00 7.3541191e-02 5.4949242e-03 2.9778396e-01
       187 2.0784500e+00 7.2948353e-02 5.4061113e-03 2.9333246e-01
       188 2.0789892e+00 7.2478280e-02 5.3281190e-03 2.9013152e-01
       189 2.0794194e+00 7.1909976e-02 5.2387948e-03 2.8620307e-01
       190 2.0792716e+00 7.1122954e-02 5.1286812e-03 2.8128532e-01
       191 2.0786367e+00 7.0853874e-02 5.1015205e-03 2.7780906e-01
       192 2.0792716e+00 7.0137255e-02 4.9894408e-03 2.7336389e-01
       193 2.0789134e+00 6.9609884e-02 4.9218728e-03 2.7043942e-01
       194 2.0795674e+00 6.9335521e-02 4.8727514e-03 2.6634919e-01
       195 2.0795949e+00 6.8961799e-02 4.8206224e-03 2.6337706e-01
       196 2.0798319e+00 6.8234687e-02 4.7171035e-03 2.5956700e-01
       197 2.0795232e+00 6.7823726e-02 4.6661099e-03 2.5541322e-01
       198 2.0798051e+00 6.7487952e-02 4.6161733e-03 2.5205181e-01
       199 2.0800050e+00 6.7184003e-02 4.5721441e-03 2.4997143e-01
       200 2.0802560e+00 6.6479521e-02 4.4742056e-03 2.4550738e-01
       201 2.0801144e+00 6.5875505e-02 4.3963753e-03 2.4097545e-01
       202 2.0802402e+00 6.5553308e-02 4.3521486e-03 2.3773013e-01
       203 2.0806111e+00 6.5065515e-02 4.2830743e-03 2.3508798e-01
       204 2.0802410e+00 6.4714859e-02 4.2429142e-03 2.3189604e-01
       205 2.0802501e+00 6.4465564e-02 4.2105744e-03 2.2980027e-01
       206 2.0807826e+00 6.3816843e-02 4.1197580e-03 2.2431393e-01
       207 2.0809614e+00 6.3627758e-02 4.0932352e-03 2.2267100e-01
       208 2.0807622e+00 6.3262812e-02 4.0496324e-03 2.1954124e-01
       209 2.0809637e+00 6.3031858e-02 4.0177280e-03 2.1558967e-01
       210 2.0806723e+00 6.2414058e-02 3.9442099e-03 2.1324857e-01
       211 2.0811827e+00 6.2238345e-02 3.9154443e-03 2.1135901e-01
       212 2.0807056e+00 6.1828340e-02 3.8709746e-03 2.0853922e-01
       213 2.0815637e+00 6.1404626e-02 3.8075771e-03 2.0482330e-01
       214 2.0814452e+00 6.1173430e-02 3.7806939e-03 2.0213353e-01
       215 2.0812843e+00 6.0764819e-02 3.7328910e-03 1.9953783e-01
       216 2.0817535e+00 6.0357347e-02 3.6777837e-03 1.9669044e-01
       217 2.0813170e+00 6.0026405e-02 3.6432824e-03 1.9331234e-01
       218 2.0816633e+00 5.9828930e-02 3.6153473e-03 1.9120903e-01
       219 2.0815312e+00 5.9591725e-02 3.5886197e-03 1.8911976e-01
       220 2.0819144e+00 5.9218741e-02 3.5397624e-03 1.8600486e-01
       221 2.0815086e+00 5.9020832e-02 3.5211814e-03 1.8478081e-01
       222 2.0823029e+00 5.8370656e-02 3.4357303e-03 1.8117901e-01
       223 2.0820934e+00 5.8405528e-02 3.4420867e-03 1.7970780e-01
       224 2.0818190e+00 5.7826447e-02 3.3779043e-03 1.7617870e-01
       225 2.0814657e+00 5.7977649e-02 3.3996595e-03 1.7516469e-01
       226 2.0820306e+00 5.7750661e-02 3.3667217e-03 1.7076784e-01
       227 2.0824286e+00 5.7317667e-02 3.3125829e-03 1.6899374e-01
       228 2.0822674e+00 5.7356043e-02 3.3186929e-03 1.6703773e-01
       229 2.0823787e+00 5.7010449e-02 3.2779830e-03 1.6512686e-01
       230 2.0821802e+00 5.6978598e-02 3.2764845e-03 1.6331168e-01
       231 2.0825064e+00 5.6621469e-02 3.2324526e-03 1.6130230e-01
       232 2.0826516e+00 5.6239450e-02 3.1878643e-03 1.5939416e-01
       233 2.0819535e+00 5.6373435e-02 3.2104202e-03 1.5849332e-01
       234 2.0829282e+00 5.5865456e-02 3.1432494e-03 1.5549307e-01
       235 2.0826421e+00 5.5707055e-02 3.1283600e-03 1.5188794e-01
       236 2.0827323e+00 5.5624987e-02 3.1183277e-03 1.5095606e-01
       237 2.0831759e+00 5.5008632e-02 3.0459719e-03 1.4841274e-01
       238 2.0830990e+00 5.5062783e-02 3.0526260e-03 1.4615060e-01
       239 2.0824081e+00 5.4888130e-02 3.0401891e-03 1.4522869e-01
       240 2.0829473e+00 5.4526757e-02 2.9952868e-03 1.4267544e-01
       241 2.0828871e+00 5.4591181e-02 3.0028871e-03 1.4023228e-01
       242 2.0833027e+00 5.4281367e-02 2.9653705e-03 1.3933862e-01
       243 2.0829657e+00 5.4128083e-02 2.9517963e-03 1.3551707e-01
       244 2.0831718e+00 5.3869521e-02 2.9219844e-03 1.3408397e-01
       245 2.0831903e+00 5.3834168e-02 2.9180113e-03 1.3250950e-01
       246 2.0837523e+00 5.3511728e-02 2.8787008e-03 1.3210562e-01
       247 2.0828821e+00 5.3249580e-02 2.8582553e-03 1.2989503e-01
       248 2.0830832e+00 5.3313129e-02 2.8631499e-03 1.2804946e-01
       249 2.0836707e+00 5.3001951e-02 2.8250454e-03 1.2642173e-01
       250 2.0834107e+00 5.2821660e-02 2.8081037e-03 1.2496580e-01
       251 2.0833819e+00 5.2808704e-02 2.8069800e-03 1.2210958e-01
       252 2.0836730e+00 5.2572032e-02 2.7796386e-03 1.2184136e-01
       253 2.0832679e+00 5.2454187e-02 2.7706485e-03 1.1955130e-01
       254 2.0837480e+00 5.2454904e-02 2.7667465e-03 1.1918058e-01
       255 2.0836213e+00 5.2145028e-02 2.7353386e-03 1.1525772e-01
       256 2.0836875e+00 5.2235367e-02 2.7442386e-03 1.1456200e-01
       257 2.0837061e+00 5.2079359e-02 2.7278182e-03 1.1363276e-01
       258 2.0838814e+00 5.1875991e-02 2.7053243e-03 1.1117769e-01
       259 2.0838577e+00 5.1787705e-02 2.6963519e-03 1.1058807e-01
       260 2.0838124e+00 5.1587974e-02 2.6760497e-03 1.0954830e-01
       261 2.0835995e+00 5.1411963e-02 2.6596004e-03 1.0778608e-01
       262 2.0839922e+00 5.1417423e-02 2.6571344e-03 1.0665767e-01
       263 2.0840651e+00 5.1173542e-02 2.6315862e-03 1.0376527e-01
       264 2.0838826e+00 5.1302565e-02 2.6461499e-03 1.0337829e-01
       265 2.0836038e+00 5.1386764e-02 2.6569754e-03 1.0244415e-01
       266 2.0841521e+00 5.0985187e-02 2.6117280e-03 1.0096528e-01
       267 2.0844548e+00 5.0773653e-02 2.5881766e-03 1.0088987e-01
       268 2.0841836e+00 5.0763011e-02 2.5889029e-03 9.7733339e-02
       269 2.0840056e+00 5.0799802e-02 2.5939047e-03 9.8142766e-02
       270 2.0840335e+00 5.0643743e-02 2.5778710e-03 9.5932559e-02
       271 2.0840807e+00 5.0629727e-02 2.5761126e-03 9.4622660e-02
       272 2.0837244e+00 5.0630398e-02 2.5788511e-03 9.5621643e-02
       273 2.0848130e+00 5.0180359e-02 2.5261197e-03 9.4388830e-02
       274 2.0843011e+00 5.0340226e-02 2.5453570e-03 9.1311178e-02
       275 2.0842279e+00 5.0397299e-02 2.5516018e-03 8.9630058e-02
       276 2.0843749e+00 5.0291257e-02 2.5399398e-03 8.8670460e-02
       277 2.0841341e+00 4.9916749e-02 2.5040470e-03 8.7483655e-02
       278 2.0841346e+00 5.0136542e-02 2.5260340e-03 8.6756825e-02
       279 2.0848172e+00 5.0078358e-02 2.5158695e-03 8.7472886e-02
       280 2.0842996e+00 4.9998921e-02 2.5111204e-03 8.3256904e-02
       281 2.0844996e+00 4.9813149e-02 2.4912780e-03 8.2960881e-02
       282 2.0846260e+00 4.9799011e-02 2.4890890e-03 8.1987610e-02
       283 2.0846759e+00 4.9610525e-02 2.4700525e-03 8.1332228e-02
       284 2.0846975e+00 4.9643755e-02 2.4732226e-03 8.0382297e-02
       285 2.0842483e+00 4.9469239e-02 2.4587807e-03 7.9308675e-02
       286 2.0847674e+00 4.9461712e-02 2.4547730e-03 7.7805474e-02
       287 2.0844203e+00 4.9434330e-02 2.4541872e-03 7.7458473e-02
       288 2.0848816e+00 4.9413727e-02 2.4493833e-03 7.6031095e-02
       289 2.0847676e+00 4.9327454e-02 2.4415088e-03 7.5382405e-02
       290 2.0844706e+00 4.9391934e-02 2.4496746e-03 7.4415616e-02
       291 2.0846636e+00 4.9226493e-02 2.4321691e-03 7.3094813e-02
       292 2.0851805e+00 4.9290841e-02 2.4356879e-03 7.4555753e-02
       293 2.0846204e+00 4.9338555e-02 2.4434744e-03 7.1215893e-02
       294 2.0847602e+00 4.9145599e-02 2.4236439e-03 7.1047407e-02
       295 2.0850022e+00 4.9044233e-02 2.4123500e-03 6.9770320e-02
       296 2.0849595e+00 4.8801181e-02 2.3887966e-03 6.8273753e-02
       297 2.0848089e+00 4.8657334e-02 2.3756109e-03 6.7500554e-02
       298 2.0848004e+00 4.9069300e-02 2.4159193e-03 6.7422627e-02
       299 2.0848231e+00 4.8799909e-02 2.3894255e-03 6.5874571e-02
       300 2.0849277e+00 4.8877311e-02 2.3964051e-03 6.5564793e-02
       301 2.0849159e+00 4.8772122e-02 2.3861980e-03 6.4100511e-02
       302 2.0850864e+00 4.8500579e-02 2.3588805e-03 6.3116386e-02
       303 2.0849461e+00 4.8635901e-02 2.3727645e-03 6.2122219e-02
       304 2.0852981e+00 4.8442824e-02 2.3522410e-03 6.1808496e-02
       305 2.0849377e+00 4.8395757e-02 2.3495086e-03 6.2248689e-02
       306 2.0846932e+00 4.8384381e-02 2.3497940e-03 6.1655658e-02
       307 2.0843199e+00 4.8622148e-02 2.3752061e-03 6.4676785e-02
       308 2.0855294e+00 4.8658278e-02 2.3721268e-03 6.0758815e-02
       309 2.0854422e+00 4.8479470e-02 2.3551356e-03 5.9523822e-02
       310 2.0852945e+00 4.8341995e-02 2.3424994e-03 5.8284085e-02
       311 2.0848544e+00 4.8288608e-02 2.3396078e-03 5.7753626e-02
       312 2.0855279e+00 4.8204157e-02 2.3281462e-03 5.7175755e-02
       313 2.0848398e+00 4.8469668e-02 2.3572085e-03 5.6219791e-02
       314 2.0854419e+00 4.8210388e-02 2.3291193e-03 5.4231496e-02
       315 2.0851211e+00 4.8367657e-02 2.3458283e-03 5.3974974e-02
       316 2.0853530e+00 4.7895481e-02 2.2992555e-03 5.3378702e-02
       317 2.0849678e+00 4.8221962e-02 2.3325544e-03 5.3189649e-02
       318 2.0853247e+00 4.8075402e-02 2.3166538e-03 5.1399142e-02
       319 2.0856217e+00 4.8068169e-02 2.3146649e-03 5.2248229e-02
       320 2.0851936e+00 4.8115674e-02 2.3211546e-03 5.0695493e-02
       321 2.0853214e+00 4.7890874e-02 2.2989605e-03 5.0717928e-02
       322 2.0857019e+00 4.7900771e-02 2.2982807e-03 5.0377815e-02
       323 2.0854651e+00 4.7881254e-02 2.2973903e-03 5.0173571e-02
       324 2.0848011e+00 4.7872441e-02 2.2998894e-03 5.1101228e-02
       325 2.0851873e+00 4.7789460e-02 2.2898999e-03 4.8415604e-02
       326 2.0853179e+00 4.8247516e-02 2.3332638e-03 4.6921936e-02
       327 2.0854858e+00 4.8032218e-02 2.3117797e-03 4.5227564e-02
       328 2.0850657e+00 4.8005749e-02 2.3112330e-03 4.6904852e-02
       329 2.0857816e+00 4.7908834e-02 2.2987489e-03 4.7553614e-02
       330 2.0854219e+00 4.7742987e-02 2.2843593e-03 4.5029929e-02
       331 2.0854798e+00 4.8022143e-02 2.3108381e-03 4.3577687e-02
       332 2.0854618e+00 4.7734993e-02 2.2834198e-03 4.3288663e-02
       333 2.0849278e+00 4.8129978e-02 2.3239076e-03 4.6882487e-02
       334 2.0854900e+00 4.7932892e-02 2.3022298e-03 4.1272313e-02
       335 2.0856557e+00 4.7839623e-02 2.2926089e-03 4.2384565e-02
       336 2.0856983e+00 4.7858729e-02 2.2942691e-03 4.2094034e-02
       337 2.0859226e+00 4.7651218e-02 2.2736241e-03 4.4141174e-02
       338 2.0854569e+00 4.7572482e-02 2.2679529e-03 4.0541551e-02
       339 2.0855297e+00 4.7981394e-02 2.3067118e-03 4.0239195e-02
       340 2.0851683e+00 4.7690868e-02 2.2805800e-03 4.1563814e-02
       341 2.0854506e+00 4.7682329e-02 2.2784439e-03 3.9408104e-02
       342 2.0857386e+00 4.8114693e-02 2.3186792e-03 3.9288166e-02
       343 2.0862033e+00 4.7601548e-02 2.2680016e-03 4.4487284e-02
       344 2.0852448e+00 4.7858721e-02 2.2962447e-03 3.9380689e-02
       345 2.0855261e+00 4.7875961e-02 2.2966205e-03 3.7636886e-02
       346 2.0851865e+00 4.7796957e-02 2.2906203e-03 3.9824930e-02
       347 2.0861761e+00 4.7353077e-02 2.2444877e-03 3.8791920e-02
       348 2.0857956e+00 4.7434465e-02 2.2534689e-03 3.6690297e-02
       349 2.0852723e+00 4.7794444e-02 2.2899647e-03 3.8259773e-02
       350 2.0858144e+00 4.7669077e-02 2.2757122e-03 3.5793388e-02
       351 2.0851679e+00 4.7990790e-02 2.3092790e-03 3.8965332e-02
       352 2.0858408e+00 4.7405817e-02 2.2505864e-03 3.5664980e-02
       353 2.0855535e+00 4.7491270e-02 2.2598181e-03 3.4150914e-02
       354 2.0856592e+00 4.7669647e-02 2.2763604e-03 3.4142066e-02
       355 2.0860624e+00 4.7593353e-02 2.2676492e-03 3.6040950e-02
       356 2.0856447e+00 4.7715967e-02 2.2808368e-03 3.4401730e-02
       357 2.0853350e+00 4.7484964e-02 2.2601835e-03 3.5499423e-02
       358 2.0861567e+00 4.7546903e-02 2.2629394e-03 3.6429473e-02
       359 2.0858566e+00 4.7527740e-02 2.2621039e-03 3.2848634e-02
       360 2.0854411e+00 4.7775541e-02 2.2873836e-03 3.3954914e-02
       361 2.0858800e+00 4.7343072e-02 2.2445009e-03 3.1186624e-02
       362 2.0859789e+00 4.7353806e-02 2.2451773e-03 3.0917039e-02
       363 2.0856391e+00 4.7682043e-02 2.2776228e-03 3.1024661e-02
       364 2.0853681e+00 4.7413428e-02 2.2532424e-03 3.3208705e-02
       365 2.0862384e+00 4.7351298e-02 2.2441393e-03 3.2285038e-02
       366 2.0855486e+00 4.7551682e-02 2.2655804e-03 3.0366432e-02
       367 2.0859047e+00 4.7313373e-02 2.2416032e-03 2.8498067e-02
       368 2.0858371e+00 4.7516232e-02 2.2610809e-03 2.8685926e-02
       369 2.0856680e+00 4.7554902e-02 2.2653988e-03 2.9003538e-02
       370 2.0859417e+00 4.7525806e-02 2.2616221e-03 2.9277237e-02
       371 2.0863393e+00 4.7437191e-02 2.2520065e-03 3.0507613e-02
       372 2.0857446e+00 4.7469584e-02 2.2569938e-03 2.8240887e-02
       373 2.0856277e+00 4.7559027e-02 2.2659526e-03 2.8870515e-02
       374 2.0858048e+00 4.7427160e-02 2.2527420e-03 2.7177115e-02
       375 2.0862737e+00 4.7200138e-02 2.2297485e-03 2.9572229e-02
       376 2.0859877e+00 4.7099058e-02 2.2210861e-03 2.6138694e-02
       377 2.0853751e+00 4.7539498e-02 2.2651813e-03 3.1449405e-02
       378 2.0859410e+00 4.7198165e-02 2.2305890e-03 2.5733293e-02
       379 2.0860466e+00 4.7254637e-02 2.2355731e-03 2.5077347e-02
       380 2.0862868e+00 4.7179978e-02 2.2278101e-03 2.7964679e-02
       381 2.0854722e+00 4.7215776e-02 2.2340744e-03 2.9171987e-02
       382 2.0862353e+00 4.7280767e-02 2.2374736e-03 2.6482908e-02
       383 2.0858668e+00 4.7531540e-02 2.2624288e-03 2.3562531e-02
       384 2.0860287e+00 4.7177536e-02 2.2283501e-03 2.2915038e-02
       385 2.0860828e+00 4.6890628e-02 2.2011885e-03 2.3537825e-02
       386 2.0856371e+00 4.7115511e-02 2.2239253e-03 2.6343210e-02
       387 2.0857785e+00 4.7463382e-02 2.2562768e-03 2.3709538e-02
       388 2.0860853e+00 4.7162866e-02 2.2267857e-03 2.2586894e-02
       389 2.0860504e+00 4.7018156e-02 2.2132674e-03 2.2345067e-02
       390 2.0857514e+00 4.7154506e-02 2.2271541e-03 2.4558728e-02
       391 2.0862955e+00 4.7166883e-02 2.2265508e-03 2.5538486e-02
       392 2.0864103e+00 4.6882103e-02 2.1994698e-03 2.4919151e-02
       393 2.0857175e+00 4.7296223e-02 2.2406694e-03 2.3807481e-02
       394 2.0857672e+00 4.7095570e-02 2.2215394e-03 2.3169855e-02
       395 2.0859978e+00 4.7404338e-02 2.2499026e-03 2.0816013e-02
       396 2.0865606e+00 4.7150113e-02 2.2243211e-03 2.8712072e-02
       397 2.0858556e+00 4.7140064e-02 2.2254072e-03 2.1307366e-02
       398 2.0861544e+00 4.7158333e-02 2.2261465e-03 2.0753918e-02
       399 2.0860634e+00 4.7016069e-02 2.2130297e-03 1.8362276e-02
       400 2.0857225e+00 4.7431413e-02 2.2534560e-03 2.2646826e-02
       401 2.0860908e+00 4.7071919e-02 2.2181982e-03 2.1120881e-02
       402 2.0863556e+00 4.7131115e-02 2.2230187e-03 2.2742946e-02
       403 2.0858213e+00 4.7394078e-02 2.2495447e-03 2.1203822e-02
       404 2.0863672e+00 4.7251498e-02 2.2343508e-03 2.2577298e-02
       405 2.0856283e+00 4.7356965e-02 2.2467713e-03 2.4519606e-02
       406 2.0861057e+00 4.7302465e-02 2.2399096e-03 1.9029844e-02
       407 2.0861469e+00 4.7383603e-02 2.2474665e-03 1.8189485e-02
       408 2.0862760e+00 4.6966928e-02 2.2077816e-03 1.9144285e-02
       409 2.0858324e+00 4.7279719e-02 2.2386772e-03 2.0334130e-02
       410 2.0859977e+00 4.7232852e-02 2.2336741e-03 1.8647611e-02
       411 2.0859799e+00 4.7283422e-02 2.2385130e-03 1.9610355e-02
       412 2.0860356e+00 4.7288655e-02 2.2388249e-03 1.8674702e-02
       413 2.0864030e+00 4.6950130e-02 2.2058708e-03 2.0064208e-02
       414 2.0862398e+00 4.7047071e-02 2.2154170e-03 1.7745789e-02
       415 2.0862719e+00 4.7116728e-02 2.2218866e-03 1.7209330e-02
       416 2.0861403e+00 4.7064907e-02 2.2173860e-03 1.7392050e-02
       417 2.0860488e+00 4.7122605e-02 2.2231052e-03 1.7209989e-02
       418 2.0857142e+00 4.7334925e-02 2.2443445e-03 2.2069343e-02
       419 2.0860494e+00 4.7082887e-02 2.2193617e-03 1.6756203e-02
       420 2.0861241e+00 4.7424274e-02 2.2513915e-03 1.7838191e-02
       421 2.0862343e+00 4.7054861e-02 2.2161656e-03 1.7087219e-02
       422 2.0858580e+00 4.7254287e-02 2.2361808e-03 1.9297794e-02
       423 2.0868874e+00 4.6736219e-02 2.1848565e-03 2.8128408e-02
       424 2.0860854e+00 4.7019493e-02 2.2132822e-03 1.6180929e-02
       425 2.0860332e+00 4.7174503e-02 2.2280494e-03 1.6278909e-02
       426 2.0861115e+00 4.7093092e-02 2.2201280e-03 1.6188419e-02
       427 2.0858701e+00 4.7119744e-02 2.2234400e-03 1.9176623e-02
       428 2.0864810e+00 4.6989419e-02 2.2093732e-03 1.9932373e-02
       429 2.0862940e+00 4.7212419e-02 2.2308527e-03 1.6642606e-02
       430 2.0857461e+00 4.7151986e-02 2.2269363e-03 2.1409385e-02
       431 2.0864132e+00 4.7383189e-02 2.2466974e-03 1.6857420e-02
       432 2.0862217e+00 4.6984829e-02 2.2096157e-03 1.4282721e-02
       433 2.0863173e+00 4.7164997e-02 2.2263143e-03 1.6027178e-02
       434 2.0860552e+00 4.7073199e-02 2.2184311e-03 1.5287607e-02
       435 2.0860436e+00 4.7140150e-02 2.2247759e-03 1.5936116e-02
       436 2.0863773e+00 4.6902234e-02 2.2014406e-03 1.5243407e-02
       437 2.0860859e+00 4.7248168e-02 2.2348373e-03 1.5064573e-02
       438 2.0863466e+00 4.6918332e-02 2.2030301e-03 1.4666393e-02
       439 2.0864410e+00 4.6757765e-02 2.1877514e-03 1.6223612e-02
       440 2.0860027e+00 4.7115586e-02 2.2225937e-03 1.5958011e-02
       441 2.0862447e+00 4.7057477e-02 2.2163825e-03 1.4804722e-02
       442 2.0864894e+00 4.7064438e-02 2.2164094e-03 1.6184782e-02
       443 2.0865324e+00 4.6657642e-02 2.1781856e-03 1.6132299e-02
       444 2.0856062e+00 4.7061808e-02 2.2189929e-03 2.5394407e-02
       445 2.0861778e+00 4.7159376e-02 2.2261755e-03 1.4807275e-02
       446 2.0861158e+00 4.6953742e-02 2.2070093e-03 1.4514740e-02
       447 2.0863823e+00 4.7129054e-02 2.2227562e-03 1.4751586e-02
       448 2.0863314e+00 4.6844136e-02 2.1961132e-03 1.2681823e-02
       449 2.0862792e+00 4.7100703e-02 2.2203566e-03 1.3470197e-02
       450 2.0859585e+00 4.7170657e-02 2.2279339e-03 1.6447689e-02
       451 2.0865974e+00 4.6938521e-02 2.2043338e-03 1.7353346e-02
       452 2.0860804e+00 4.7027874e-02 2.2140861e-03 1.4288998e-02
       453 2.0861388e+00 4.7112933e-02 2.2219137e-03 1.3718585e-02
       454 2.0858358e+00 4.7148573e-02 2.2262811e-03 1.9250109e-02
       455 2.0864278e+00 4.6865059e-02 2.1978288e-03 1.4561272e-02
       456 2.0860437e+00 4.7266162e-02 2.2366718e-03 1.5158295e-02
       457 2.0865194e+00 4.6906981e-02 2.2015442e-03 1.5050647e-02
       458 2.0864855e+00 4.7016063e-02 2.2118675e-03 1.5149559e-02
       459 2.0860286e+00 4.7380226e-02 2.2475163e-03 1.4723463e-02
       460 2.0864748e+00 4.6960954e-02 2.2067134e-03 1.4823059e-02
       461 2.0861653e+00 4.6962712e-02 2.2077020e-03 1.3489670e-02
       462 2.0862540e+00 4.7093358e-02 2.2197344e-03 1.2663470e-02
       463 2.0863706e+00 4.6979682e-02 2.2087288e-03 1.3204015e-02
       464 2.0863286e+00 4.6778808e-02 2.1900043e-03 1.2171657e-02
       465 2.0863496e+00 4.6981950e-02 2.2089958e-03 1.2593034e-02
       466 2.0864936e+00 4.6913770e-02 2.2022403e-03 1.2947080e-02
       467 2.0859340e+00 4.7218259e-02 2.2325105e-03 1.6946221e-02
       468 2.0862656e+00 4.7057846e-02 2.2163587e-03 1.1671953e-02
       469 2.0862546e+00 4.7222407e-02 2.2319043e-03 1.1756515e-02
       470 2.0864924e+00 4.6968463e-02 2.2073777e-03 1.3831095e-02
       471 2.0861885e+00 4.7263823e-02 2.2360065e-03 1.2528288e-02
       472 2.0864646e+00 4.7033826e-02 2.2135870e-03 1.2853553e-02
       473 2.0864097e+00 4.6982183e-02 2.2088651e-03 1.2007044e-02
       474 2.0856037e+00 4.7120085e-02 2.2244919e-03 2.6321217e-02
       475 2.0865588e+00 4.6930335e-02 2.2036482e-03 1.3899725e-02
       476 2.0865523e+00 4.6963238e-02 2.2067518e-03 1.4077449e-02
       477 2.0862386e+00 4.7296252e-02 2.2389288e-03 1.2521772e-02
       478 2.0864557e+00 4.6987762e-02 2.2092774e-03 1.2539144e-02
       479 2.0863755e+00 4.6833520e-02 2.1950043e-03 1.1790218e-02
       480 2.0857197e+00 4.7083390e-02 2.2205734e-03 2.2824393e-02
       481 2.0863620e+00 4.6959560e-02 2.2068604e-03 1.1932939e-02
       482 2.0863549e+00 4.7150466e-02 2.2248450e-03 1.1754474e-02
       483 2.0862063e+00 4.7210954e-02 2.2309600e-03 1.2232473e-02
       484 2.0862652e+00 4.7022169e-02 2.2130035e-03 1.1686787e-02
       485 2.0861049e+00 4.7168658e-02 2.2272711e-03 1.3286550e-02
       486 2.0865457e+00 4.7200233e-02 2.2290825e-03 1.3608088e-02
       487 2.0867323e+00 4.7323795e-02 2.2403847e-03 1.8410122e-02
       488 2.0865109e+00 4.6812930e-02 2.1927492e-03 1.2879763e-02
       489 2.0857356e+00 4.7278641e-02 2.2389368e-03 2.3064776e-02
       490 2.0864936e+00 4.7005417e-02 2.2108475e-03 1.3220862e-02
       491 2.0861399e+00 4.6947303e-02 2.2063312e-03 1.2974485e-02
       492 2.0864363e+00 4.7231855e-02 2.2323224e-03 1.1459916e-02
       493 2.0863417e+00 4.7177764e-02 2.2274543e-03 1.1239671e-02
       494 2.0865383e+00 4.7007465e-02 2.2109387e-03 1.3484287e-02
       495 2.0863443e+00 4.6907090e-02 2.2019811e-03 1.0681888e-02
       496 2.0860588e+00 4.7187748e-02 2.2292171e-03 1.4252080e-02
       497 2.0866105e+00 4.6778542e-02 2.1893137e-03 1.3539002e-02
       498 2.0863771e+00 4.6972675e-02 2.2080537e-03 1.1083539e-02
       499 2.0862428e+00 4.6840321e-02 2.1959971e-03 1.1271194e-02
       500 2.0865006e+00 4.7219411e-02 2.2309950e-03 1.2197796e-02
       501 2.0861303e+00 4.7001976e-02 2.2114968e-03 1.2973522e-02
       502 2.0865811e+00 4.7244053e-02 2.2331440e-03 1.3029241e-02
       503 2.0859246e+00 4.6919710e-02 2.2044378e-03 1.8129419e-02
       504 2.0867633e+00 4.6876010e-02 2.1981474e-03 1.8401379e-02
       505 2.0862906e+00 4.6927062e-02 2.2039985e-03 1.0702749e-02
       506 2.0865572e+00 4.6742819e-02 2.1860864e-03 1.1638038e-02
       507 2.0860847e+00 4.6927437e-02 2.2046361e-03 1.4057987e-02
       508 2.0860849e+00 4.7014340e-02 2.2127993e-03 1.3809474e-02
       509 2.0865968e+00 4.7055680e-02 2.2153473e-03 1.3282463e-02
       510 2.0859602e+00 4.7286523e-02 2.2388722e-03 1.6380475e-02
       511 2.0863980e+00 4.6911130e-02 2.2022229e-03 1.0482511e-02
       512 2.0862368e+00 4.7069685e-02 2.2175539e-03 1.1082806e-02
       513 2.0863067e+00 4.7069590e-02 2.2173520e-03 1.0607010e-02
       514 2.0867651e+00 4.6911783e-02 2.2014994e-03 1.7861289e-02
       515 2.0863327e+00 4.7129115e-02 2.2228901e-03 1.0253622e-02
       516 2.0865458e+00 4.6946889e-02 2.2052308e-03 1.1670197e-02
       517 2.0862643e+00 4.6859284e-02 2.1977140e-03 1.0842634e-02
       518 2.0862581e+00 4.7134212e-02 2.2235726e-03 1.0956631e-02
       519 2.0863664e+00 4.6859270e-02 2.1974401e-03 9.9227872e-03
       520 2.0865745e+00 4.6599808e-02 2.1726998e-03 1.1719292e-02
       521 2.0860109e+00 4.7254567e-02 2.2356825e-03 1.5896180e-02
       522 2.0862954e+00 4.7156598e-02 2.2255811e-03 1.0610681e-02
       523 2.0864756e+00 4.7082145e-02 2.2181087e-03 1.0726426e-02
       524 2.0866288e+00 4.6810447e-02 2.1922617e-03 1.2529261e-02
       525 2.0863318e+00 4.6989555e-02 2.2097572e-03 1.0132192e-02
       526 2.0860928e+00 4.6966464e-02 2.2082751e-03 1.4267341e-02
       527 2.0869500e+00 4.6786617e-02 2.1894782e-03 2.2268510e-02
       528 2.0862696e+00 4.7056684e-02 2.2162383e-03 1.0700983e-02
       529 2.0861236e+00 4.7075601e-02 2.2184435e-03 1.3562637e-02
       530 2.0862917e+00 4.7102417e-02 2.2204839e-03 1.0535896e-02
       531 2.0861324e+00 4.6829341e-02 2.1952917e-03 1.3109731e-02
       532 2.0862975e+00 4.7107583e-02 2.2209550e-03 1.0457030e-02
       533 2.0866064e+00 4.6796312e-02 2.1909849e-03 1.2048335e-02
       534 2.0864180e+00 4.7131795e-02 2.2229250e-03 1.0586931e-02
       535 2.0865539e+00 4.6804083e-02 2.1918247e-03 1.1597850e-02
       536 2.0864730e+00 4.6956104e-02 2.2062621e-03 9.9758445e-03
       537 2.0865563e+00 4.7120819e-02 2.2215688e-03 1.1392622e-02
       538 2.0867124e+00 4.6903885e-02 2.2008544e-03 1.4745129e-02
       539 2.0859952e+00 4.6943848e-02 2.2064650e-03 1.6188331e-02
       540 2.0860589e+00 4.7008390e-02 2.2123219e-03 1.4972084e-02
       541 2.0863727e+00 4.6950202e-02 2.2059543e-03 9.8955589e-03
       542 2.0865534e+00 4.6724599e-02 2.1843918e-03 1.2337981e-02
       543 2.0864437e+00 4.6708352e-02 2.1831263e-03 9.8005080e-03
       544 2.0862596e+00 4.6787035e-02 2.1909613e-03 1.0937315e-02
       545 2.0863090e+00 4.7105317e-02 2.2207103e-03 1.0242316e-02
       546 2.0866948e+00 4.6842316e-02 2.1951159e-03 1.4653508e-02
       547 2.0863435e+00 4.7007743e-02 2.2114362e-03 9.9547593e-03
       548 2.0865293e+00 4.6595914e-02 2.1724363e-03 1.0132930e-02
       549 2.0866639e+00 4.6639801e-02 2.1762443e-03 1.2600412e-02
       550 2.0864059e+00 4.6801688e-02 2.1919471e-03 9.6636654e-03
       551 2.0865164e+00 4.6613161e-02 2.1740730e-03 9.7306633e-03
       552 2.0859864e+00 4.6979478e-02 2.2098407e-03 1.7377260e-02
       553 2.0864233e+00 4.6954801e-02 2.2062594e-03 9.6603490e-03
       554 2.0860800e+00 4.6899267e-02 2.2020077e-03 1.5069815e-02
       555 2.0869040e+00 4.7076331e-02 2.2167382e-03 1.9742448e-02
       556 2.0863134e+00 4.6795311e-02 2.1915889e-03 1.0227786e-02
       557 2.0865108e+00 4.7060459e-02 2.2159857e-03 1.0461406e-02
       558 2.0862848e+00 4.7216635e-02 2.2312759e-03 1.0598608e-02
       559 2.0865640e+00 4.6532704e-02 2.1664730e-03 1.0664099e-02
       560 2.0864403e+00 4.6737546e-02 2.1858628e-03 9.8250119e-03
       561 2.0862530e+00 4.6942134e-02 2.2055169e-03 1.1288097e-02
       562 2.0867969e+00 4.6685573e-02 2.1802713e-03 1.5840825e-02
       563 2.0861280e+00 4.6886658e-02 2.2006768e-03 1.3785240e-02
       564 2.0863274e+00 4.6943600e-02 2.2054520e-03 1.0097081e-02
       565 2.0865931e+00 4.6733262e-02 2.1851158e-03 1.0980952e-02
       566 2.0863063e+00 4.6804278e-02 2.1924473e-03 1.0350219e-02
       567 2.0867658e+00 4.6680327e-02 2.1798356e-03 1.5282654e-02
       568 2.0862014e+00 4.6843031e-02 2.1963694e-03 1.2377227e-02
       569 2.0867167e+00 4.6424803e-02 2.1561342e-03 1.3436524e-02
       570 2.0861783e+00 4.6848425e-02 2.1969423e-03 1.2859209e-02
       571 2.0859113e+00 4.7082048e-02 2.2197439e-03 1.9152567e-02
       572 2.0864548e+00 4.7301991e-02 2.2389081e-03 9.9891770e-03
       573 2.0868674e+00 4.6832958e-02 2.1939391e-03 1.7410709e-02
       574 2.0862470e+00 4.6883824e-02 2.2000627e-03 1.1165698e-02
       575 2.0868041e+00 4.6586204e-02 2.1709908e-03 1.6187768e-02
       576 2.0861008e+00 4.7003288e-02 2.2117105e-03 1.4384545e-02
       577 2.0860048e+00 4.7030133e-02 2.2145416e-03 1.6750769e-02
       578 2.0864390e+00 4.6801842e-02 2.1918802e-03 9.3861302e-03
       579 2.0870921e+00 4.6654977e-02 2.1769987e-03 2.4376652e-02
       580 2.0862692e+00 4.6583364e-02 2.1719177e-03 1.1050811e-02
       581 2.0864719e+00 4.6882255e-02 2.1993349e-03 9.8958430e-03
       582 2.0864573e+00 4.6845157e-02 2.1958925e-03 9.6373211e-03
       583 2.0859649e+00 4.6935323e-02 2.2057659e-03 1.7450546e-02
       584 2.0865321e+00 4.6817814e-02 2.1931584e-03 1.0405720e-02
       585 2.0863160e+00 4.7163280e-02 2.2261558e-03 1.0441695e-02
       586 2.0866281e+00 4.6911602e-02 2.2017437e-03 1.2631910e-02
       587 2.0862739e+00 4.6954460e-02 2.2066165e-03 1.0927808e-02
       588 2.0867417e+00 4.6688768e-02 2.1806671e-03 1.4060602e-02
       589 2.0861380e+00 4.7166534e-02 2.2269696e-03 1.3329772e-02
       590 2.0859986e+00 4.7110129e-02 2.2220930e-03 1.7052924e-02
       591 2.0865809e+00 4.6861213e-02 2.1971172e-03 1.0944500e-02
       592 2.0867991e+00 4.6800356e-02 2.1909981e-03 1.5258871e-02
       593 2.0862318e+00 4.6913380e-02 2.2028780e-03 1.1569645e-02
       594 2.0862754e+00 4.7050611e-02 2.2156509e-03 1.0623276e-02
       595 2.0864811e+00 4.7009708e-02 2.2112802e-03 1.0115507e-02
       596 2.0865642e+00 4.6932937e-02 2.2038805e-03 1.0367148e-02
       597 2.0862937e+00 4.6969647e-02 2.2079887e-03 1.0423101e-02
       598 2.0863662e+00 4.6881991e-02 2.1995704e-03 9.8102523e-03
       599 2.0871169e+00 4.6601037e-02 2.1719414e-03 2.5846578e-02
       600 2.0863615e+00 4.6740343e-02 2.1863212e-03 9.9285796e-03
       601 2.0862078e+00 4.6885611e-02 2.2003418e-03 1.2641380e-02
       602 2.0865098e+00 4.6697727e-02 2.1819788e-03 9.5718091e-03
       603 2.0861522e+00 4.6953041e-02 2.2068329e-03 1.3247756e-02
       604 2.0865329e+00 4.6825169e-02 2.1938454e-03 9.7867893e-03
       605 2.0866416e+00 4.6578222e-02 2.1705487e-03 1.1407989e-02
       606 2.0862826e+00 4.6783776e-02 2.1905928e-03 1.0716042e-02
       607 2.0863025e+00 4.6939179e-02 2.2051037e-03 1.0428699e-02
       608 2.0864099e+00 4.6980049e-02 2.2086640e-03 9.4893130e-03
       609 2.0863174e+00 4.6892534e-02 2.2006869e-03 1.0077322e-02
       610 2.0869928e+00 4.6815886e-02 2.1921597e-03 2.1212773e-02
       611 2.0857287e+00 4.7022860e-02 2.2148426e-03 2.5748000e-02
       612 2.0868117e+00 4.6818378e-02 2.1926641e-03 1.5226672e-02
       613 2.0865879e+00 4.6962343e-02 2.2065907e-03 1.0590876e-02
       614 2.0861970e+00 4.7005650e-02 2.2116438e-03 1.2149195e-02
       615 2.0860420e+00 4.7134802e-02 2.2242768e-03 1.6644139e-02
       616 2.0866796e+00 4.6752008e-02 2.1866930e-03 1.2428422e-02
       617 2.0869309e+00 4.6596842e-02 2.1717835e-03 1.9055787e-02
       618 2.0862938e+00 4.6648953e-02 2.1779654e-03 1.0593007e-02
       619 2.0866507e+00 4.6883055e-02 2.1990204e-03 1.2024735e-02
       620 2.0861872e+00 4.6841722e-02 2.1962882e-03 1.2812609e-02
       621 2.0866822e+00 4.6614425e-02 2.1738421e-03 1.2236520e-02
       622 2.0864129e+00 4.6720044e-02 2.1842940e-03 9.3621128e-03
       623 2.0859789e+00 4.6851392e-02 2.1978471e-03 1.8614671e-02
       624 2.0865845e+00 4.6664271e-02 2.1786905e-03 1.0880332e-02
       625 2.0861677e+00 4.7042182e-02 2.2151656e-03 1.2916273e-02
       626 2.0864837e+00 4.6974745e-02 2.2079881e-03 9.5067937e-03
       627 2.0865843e+00 4.6685590e-02 2.1806810e-03 1.1266677e-02
       628 2.0864756e+00 4.6959285e-02 2.2065548e-03 1.0147473e-02
       629 2.0864554e+00 4.7015219e-02 2.2118591e-03 9.7456196e-03
       630 2.0862636e+00 4.6837393e-02 2.1956647e-03 1.1353436e-02
       631 2.0864431e+00 4.6952437e-02 2.2059892e-03 9.4375455e-03
       632 2.0865389e+00 4.6877963e-02 2.1987791e-03 1.0109802e-02
       633 2.0867199e+00 4.6535080e-02 2.1663797e-03 1.2862070e-02
       634 2.0862225e+00 4.6984588e-02 2.2095906e-03 1.1768724e-02
       635 2.0862690e+00 4.6768698e-02 2.1892197e-03 1.1408161e-02
       636 2.0860230e+00 4.6936407e-02 2.2056750e-03 1.7061029e-02
       637 2.0866273e+00 4.6792359e-02 2.1905717e-03 1.1174627e-02
       638 2.0868014e+00 4.7007720e-02 2.2104467e-03 1.5890929e-02
       639 2.0865246e+00 4.6809836e-02 2.1924283e-03 1.0340100e-02
       640 2.0863523e+00 4.6699002e-02 2.1824821e-03 1.0093611e-02
       641 2.0861637e+00 4.7128943e-02 2.2233477e-03 1.2939442e-02
       642 2.0865858e+00 4.6755796e-02 2.1872380e-03 1.0598617e-02
       643 2.0864880e+00 4.6705041e-02 2.1827123e-03 9.6065219e-03
       644 2.0866154e+00 4.6806229e-02 2.1918946e-03 1.1113221e-02
       645 2.0863749e+00 4.6622251e-02 2.1752613e-03 1.0020366e-02
       646 2.0864934e+00 4.6954667e-02 2.2060796e-03 9.4816390e-03
       647 2.0862692e+00 4.6752823e-02 2.1877344e-03 1.1690273e-02
       648 2.0867028e+00 4.6823155e-02 2.1933059e-03 1.2952380e-02
       649 2.0861698e+00 4.7052400e-02 2.2161209e-03 1.2719515e-02
       650 2.0864857e+00 4.6844113e-02 2.1957276e-03 9.3127491e-03
       651 2.0868088e+00 4.6790292e-02 2.1900400e-03 1.5507702e-02
       652 2.0862513e+00 4.6723842e-02 2.1850751e-03 1.1886519e-02
       653 2.0864347e+00 4.6848668e-02 2.1962758e-03 9.4375134e-03
       654 2.0866866e+00 4.6620420e-02 2.1743926e-03 1.2421050e-02
       655 2.0869840e+00 4.6558760e-02 2.1681623e-03 1.9367368e-02
       656 2.0860167e+00 4.6791848e-02 2.1921464e-03 1.7362852e-02
       657 2.0864093e+00 4.6819559e-02 2.1936117e-03 9.6973027e-03
       658 2.0861880e+00 4.6933397e-02 2.2048827e-03 1.3131166e-02
       659 2.0864939e+00 4.6861375e-02 2.1973262e-03 9.3246594e-03
       660 2.0864955e+00 4.6792654e-02 2.1908864e-03 9.4399952e-03
       661 2.0862544e+00 4.6950593e-02 2.2063073e-03 1.1241709e-02
       662 2.0863128e+00 4.7031322e-02 2.2137348e-03 1.0274272e-02
       663 2.0865765e+00 4.6829818e-02 2.1941853e-03 1.0189553e-02
       664 2.0867426e+00 4.6536803e-02 2.1664983e-03 1.3476740e-02
       665 2.0861313e+00 4.6630408e-02 2.1767027e-03 1.4209358e-02
       666 2.0865975e+00 4.6968301e-02 2.2071300e-03 1.0808001e-02
       667 2.0861686e+00 4.7041614e-02 2.2151093e-03 1.2741145e-02
       668 2.0867352e+00 4.6759961e-02 2.1873317e-03 1.3509117e-02
       669 2.0865280e+00 4.6724760e-02 2.1844633e-03 9.6178228e-03
       670 2.0865848e+00 4.6690907e-02 2.1811766e-03 1.0486515e-02
       671 2.0860511e+00 4.6992967e-02 2.2108970e-03 1.5979625e-02
       672 2.0862468e+00 4.6913981e-02 2.2028920e-03 1.1708895e-02
       673 2.0867301e+00 4.6562786e-02 2.1689402e-03 1.3473613e-02
       674 2.0863188e+00 4.6902068e-02 2.2015774e-03 1.0518603e-02
       675 2.0865870e+00 4.6998146e-02 2.2099567e-03 1.0589301e-02
       676 2.0867052e+00 4.6595103e-02 2.1719973e-03 1.2284624e-02
       677 2.0864202e+00 4.6491817e-02 2.1630026e-03 9.4383347e-03
       678 2.0865906e+00 4.6824092e-02 2.1936190e-03 1.0812708e-02
       679 2.0863112e+00 4.6750990e-02 2.1874489e-03 1.0465511e-02
       680 2.0865208e+00 4.6785359e-02 2.1901461e-03 9.6346446e-03
       681 2.0863625e+00 4.6649514e-02 2.1778360e-03 9.7990558e-03
       682 2.0863393e+00 4.6972630e-02 2.2081473e-03 1.0176278e-02
       683 2.0861721e+00 4.6829041e-02 2.1951446e-03 1.3575750e-02
       684 2.0864477e+00 4.6817991e-02 2.1933709e-03 9.3858231e-03
       685 2.0866149e+00 4.6877220e-02 2.1985463e-03 1.1902995e-02
       686 2.0862139e+00 4.6699053e-02 2.1828654e-03 1.2650252e-02
       687 2.0864325e+00 4.6867287e-02 2.1980260e-03 9.5544073e-03
       688 2.0869268e+00 4.6564558e-02 2.1687818e-03 1.9184576e-02
       689 2.0862515e+00 4.6883494e-02 2.2000191e-03 1.1765637e-02
       690 2.0866472e+00 4.6593193e-02 2.1719321e-03 1.1346652e-02
       691 2.0860570e+00 4.7029086e-02 2.2142740e-03 1.6054150e-02
       692 2.0869829e+00 4.6724255e-02 2.1836017e-03 2.0255342e-02
       693 2.0862044e+00 4.7242346e-02 2.2339305e-03 1.2204863e-02
       694 2.0865236e+00 4.6577857e-02 2.1707665e-03 9.9400189e-03
       695 2.0861555e+00 4.6749794e-02 2.1877781e-03 1.4368670e-02
       696 2.0862294e+00 4.6848508e-02 2.1968023e-03 1.3045280e-02
       697 2.0867393e+00 4.6896409e-02 2.2001035e-03 1.3918589e-02
       698 2.0866927e+00 4.6841932e-02 2.1950840e-03 1.2068131e-02
       699 2.0864959e+00 4.6882261e-02 2.1992795e-03 9.4110690e-03
       700 2.0865795e+00 4.6662010e-02 2.1784903e-03 1.0434564e-02
       701 2.0862382e+00 4.6957771e-02 2.2070269e-03 1.1754962e-02
       702 2.0861373e+00 4.7004516e-02 2.2117142e-03 1.4448791e-02
       703 2.0867568e+00 4.6582803e-02 2.1707562e-03 1.3628934e-02
       704 2.0859623e+00 4.7081821e-02 2.2195479e-03 1.8314317e-02
       705 2.0863175e+00 4.6899737e-02 2.2013622e-03 1.0192421e-02
       706 2.0864575e+00 4.6896087e-02 2.2006660e-03 9.5386828e-03
       707 2.0866493e+00 4.6772983e-02 2.1887142e-03 1.1487671e-02
       708 2.0867187e+00 4.6793665e-02 2.1905153e-03 1.2841691e-02
       709 2.0869423e+00 4.6854486e-02 2.1958445e-03 1.9232311e-02
       710 2.0862887e+00 4.6731135e-02 2.1856533e-03 1.0861463e-02
       711 2.0863845e+00 4.6907839e-02 2.2019482e-03 9.5779692e-03
       712 2.0864467e+00 4.6808470e-02 2.1924820e-03 9.3925932e-03
       713 2.0862342e+00 4.6671101e-02 2.1801976e-03 1.2319797e-02
       714 2.0867159e+00 4.6695766e-02 2.1813679e-03 1.2257299e-02
       715 2.0862988e+00 4.6462526e-02 2.1605933e-03 1.1627820e-02
       716 2.0866636e+00 4.6560694e-02 2.1688722e-03 1.1478782e-02
       717 2.0862319e+00 4.6972804e-02 2.2084567e-03 1.2191210e-02
       718 2.0860497e+00 4.6986032e-02 2.2102498e-03 1.7044583e-02
       719 2.0866291e+00 4.6933907e-02 2.2038349e-03 1.0935890e-02
       720 2.0872626e+00 4.6489549e-02 2.1614286e-03 2.8588851e-02
       721 2.0860722e+00 4.6721223e-02 2.1853637e-03 1.6334825e-02
       722 2.0865557e+00 4.6634308e-02 2.1759573e-03 1.0188953e-02
       723 2.0865392e+00 4.6434640e-02 2.1574108e-03 9.5606088e-03
       724 2.0861090e+00 4.6677189e-02 2.1811363e-03 1.5046809e-02
       725 2.0863274e+00 4.6986440e-02 2.2094762e-03 1.0426575e-02
       726 2.0867537e+00 4.6522710e-02 2.1651669e-03 1.3126611e-02
       727 2.0865732e+00 4.6842409e-02 2.1953719e-03 1.0362041e-02
       728 2.0861124e+00 4.7088461e-02 2.2196888e-03 1.4278566e-02
       729 2.0864926e+00 4.6961935e-02 2.2067639e-03 9.5635730e-03
       730 2.0864550e+00 4.6773306e-02 2.1891713e-03 9.3216922e-03
       731 2.0864473e+00 4.6776696e-02 2.1895068e-03 9.4472914e-03
       732 2.0862914e+00 4.6778000e-02 2.1900284e-03 1.0814981e-02
       733 2.0866024e+00 4.6764115e-02 2.1879810e-03 1.0151124e-02
       734 2.0864053e+00 4.6691585e-02 2.1816547e-03 9.5049444e-03
       735 2.0866126e+00 4.6743133e-02 2.1859977e-03 1.0884832e-02
       736 2.0863811e+00 4.6894201e-02 2.2006775e-03 9.7335407e-03
       737 2.0862074e+00 4.7069831e-02 2.2176516e-03 1.2239432e-02
       738 2.0865036e+00 4.6728179e-02 2.1848381e-03 9.3728297e-03
       739 2.0866078e+00 4.6731984e-02 2.1849655e-03 1.0913401e-02
       740 2.0869218e+00 4.6705419e-02 2.1819272e-03 1.7770813e-02
       741 2.0860404e+00 4.7051395e-02 2.2164262e-03 1.6160709e-02
       742 2.0863036e+00 4.6785922e-02 2.1907368e-03 1.0496691e-02
       743 2.0863003e+00 4.6816393e-02 2.1935977e-03 1.0643541e-02
       744 2.0869888e+00 4.6326779e-02 2.1466082e-03 1.9340634e-02
       745 2.0865617e+00 4.6337999e-02 2.1483957e-03 9.7868727e-03
       746 2.0860304e+00 4.6948350e-02 2.2067723e-03 1.6850460e-02
       747 2.0864897e+00 4.6633507e-02 2.1760314e-03 9.4124824e-03
       748 2.0864082e+00 4.7075518e-02 2.2176476e-03 9.5365566e-03
       749 2.0862829e+00 4.6730681e-02 2.1856269e-03 1.1362332e-02
       750 2.0866491e+00 4.6818543e-02 2.1929787e-03 1.1173172e-02
       751 2.0863016e+00 4.7053280e-02 2.2158308e-03 1.1002041e-02
       752 2.0865385e+00 4.6805224e-02 2.1919654e-03 9.7431794e-03
       753 2.0866665e+00 4.6719296e-02 2.1836608e-03 1.1268239e-02
       754 2.0866057e+00 4.6692668e-02 2.1812968e-03 1.0662348e-02
       755 2.0863317e+00 4.6844824e-02 2.1961768e-03 1.0346912e-02
       756 2.0866521e+00 4.6574432e-02 2.1701744e-03 1.1121265e-02
       757 2.0864977e+00 4.6538506e-02 2.1671615e-03 9.2817901e-03
       758 2.0864851e+00 4.6749430e-02 2.1868673e-03 9.3223824e-03
       759 2.0861851e+00 4.6929242e-02 2.2045011e-03 1.3120547e-02
       760 2.0864123e+00 4.6892781e-02 2.2004659e-03 9.4624365e-03
       761 2.0865208e+00 4.6730648e-02 2.1850296e-03 9.6002736e-03
       762 2.0864459e+00 4.6644345e-02 2.1771460e-03 9.3642047e-03
       763 2.0860776e+00 4.6662949e-02 2.1799048e-03 1.5917089e-02
       764 2.0870355e+00 4.6536750e-02 2.1660473e-03 2.1532635e-02
       765 2.0861821e+00 4.6998533e-02 2.2110183e-03 1.2555310e-02
       766 2.0867737e+00 4.6474028e-02 2.1606040e-03 1.4357219e-02
       767 2.0863898e+00 4.6720316e-02 2.1843774e-03 9.4882078e-03
       768 2.0861198e+00 4.6939007e-02 2.2056132e-03 1.5005973e-02
       769 2.0868133e+00 4.6518960e-02 2.1647145e-03 1.4732557e-02
       770 2.0864886e+00 4.6563990e-02 2.1695552e-03 9.2449503e-03
       771 2.0860129e+00 4.6824840e-02 2.1952475e-03 1.8128414e-02
       772 2.0866714e+00 4.6646589e-02 2.1768629e-03 1.1639471e-02
       773 2.0863194e+00 4.6923547e-02 2.2035910e-03 1.0323654e-02
       774 2.0867595e+00 4.6486189e-02 2.1617597e-03 1.3679248e-02
       775 2.0864643e+00 4.6749156e-02 2.1868907e-03 9.3402125e-03
       776 2.0862631e+00 4.6682049e-02 2.1811386e-03 1.1538813e-02
       777 2.0863436e+00 4.6872400e-02 2.1987299e-03 1.0039314e-02
       778 2.0863211e+00 4.7265876e-02 2.2358304e-03 1.0409617e-02
       779 2.0867913e+00 4.6857503e-02 2.1963639e-03 1.4786617e-02
       780 2.0860742e+00 4.6909512e-02 2.2029871e-03 1.7001103e-02
       781 2.0869161e+00 4.6837520e-02 2.1942926e-03 1.8717991e-02
       782 2.0865492e+00 4.6754698e-02 2.1872147e-03 9.8288329e-03
       783 2.0859320e+00 4.7100211e-02 2.2213831e-03 1.9184368e-02
       784 2.0864994e+00 4.7017893e-02 2.2120074e-03 9.5407710e-03
       785 2.0866660e+00 4.6833711e-02 2.1943656e-03 1.1550291e-02
       786 2.0867522e+00 4.6395494e-02 2.1533487e-03 1.3395227e-02
       787 2.0863871e+00 4.6593557e-02 2.1725556e-03 9.8398134e-03
       788 2.0866302e+00 4.6664911e-02 2.1786550e-03 1.1197047e-02
       789 2.0864127e+00 4.6723615e-02 2.1846283e-03 9.4858566e-03
       790 2.0864159e+00 4.6796901e-02 2.1914741e-03 9.4277023e-03
       791 2.0864940e+00 4.6703294e-02 2.1825351e-03 9.3294087e-03
       792 2.0859722e+00 4.6999697e-02 2.2117882e-03 1.9553726e-02
       793 2.0866322e+00 4.6902468e-02 2.2008783e-03 1.1299215e-02
       794 2.0862092e+00 4.6983205e-02 2.2094989e-03 1.2323011e-02
       795 2.0864361e+00 4.6809623e-02 2.1926155e-03 9.5125519e-03
       796 2.0869654e+00 4.6483818e-02 2.1612147e-03 1.8869212e-02
       797 2.0864094e+00 4.6584934e-02 2.1716963e-03 9.4590588e-03
       798 2.0864896e+00 4.6641874e-02 2.1768121e-03 9.2059332e-03
       799 2.0859585e+00 4.6705534e-02 2.1842698e-03 1.9713639e-02
       800 2.0864879e+00 4.6641270e-02 2.1767597e-03 9.5638431e-03
       801 2.0867919e+00 4.6773293e-02 2.1884781e-03 1.4886822e-02
       802 2.0865543e+00 4.6748756e-02 2.1866479e-03 9.8478744e-03
       803 2.0863479e+00 4.6762591e-02 2.1884367e-03 1.0089189e-02
       804 2.0866416e+00 4.6524673e-02 2.1655630e-03 1.1207311e-02
       805 2.0863015e+00 4.6486114e-02 2.1627786e-03 1.2080496e-02
       806 2.0863069e+00 4.6626994e-02 2.1758819e-03 1.1019566e-02
       807 2.0868633e+00 4.6281629e-02 2.1426088e-03 1.5633052e-02
       808 2.0864227e+00 4.6699609e-02 2.1823610e-03 9.4294495e-03
       809 2.0865112e+00 4.6688869e-02 2.1811484e-03 9.4290807e-03
       810 2.0864836e+00 4.6649584e-02 2.1775453e-03 9.2446230e-03
       811 2.0862791e+00 4.6784736e-02 2.1906923e-03 1.1990875e-02
       812 2.0862849e+00 4.6733615e-02 2.1858956e-03 1.0993958e-02
       813 2.0867405e+00 4.6565063e-02 2.1691332e-03 1.3130305e-02
       814 2.0860046e+00 4.7022943e-02 2.2138661e-03 1.8712851e-02
       815 2.0866599e+00 4.6862926e-02 2.1971150e-03 1.1352564e-02
       816 2.0864831e+00 4.6971423e-02 2.2076773e-03 9.4185762e-03
       817 2.0865167e+00 4.6668732e-02 2.1792560e-03 9.5813039e-03
       818 2.0862438e+00 4.7158267e-02 2.2258808e-03 1.1739201e-02
       819 2.0865907e+00 4.7051627e-02 2.2149788e-03 1.0347133e-02
       820 2.0869370e+00 4.6667151e-02 2.1783320e-03 1.8358584e-02
       821 2.0864572e+00 4.6669048e-02 2.1794240e-03 9.4481052e-03
       822 2.0861469e+00 4.6746374e-02 2.1874843e-03 1.4388873e-02
       823 2.0867008e+00 4.6728241e-02 2.1844305e-03 1.1977912e-02
       824 2.0863985e+00 4.6623298e-02 2.1752994e-03 9.7462247e-03
       825 2.0866983e+00 4.6431121e-02 2.1567556e-03 1.1213686e-02
       826 2.0858791e+00 4.6965501e-02 2.2088960e-03 2.2089606e-02
       827 2.0865855e+00 4.6885222e-02 2.1993582e-03 1.0379231e-02
       828 2.0867253e+00 4.6895667e-02 2.2000595e-03 1.3643793e-02
       829 2.0859676e+00 4.6998551e-02 2.2116960e-03 1.8938083e-02
       830 2.0867195e+00 4.6657224e-02 2.1777633e-03 1.2606175e-02
       831 2.0865937e+00 4.6624369e-02 2.1749486e-03 9.9976690e-03
       832 2.0866615e+00 4.6818625e-02 2.1929617e-03 1.1437130e-02
       833 2.0860618e+00 4.6957346e-02 2.2075164e-03 1.6375620e-02
       834 2.0863109e+00 4.6610104e-02 2.1742963e-03 1.0774542e-02
       835 2.0867791e+00 4.6545242e-02 2.1672189e-03 1.4515658e-02
       836 2.0866339e+00 4.6787057e-02 2.1900622e-03 1.0450737e-02
       837 2.0864504e+00 4.6636358e-02 2.1763901e-03 9.3881859e-03
       838 2.0862955e+00 4.6821383e-02 2.1940779e-03 1.1316234e-02
       839 2.0866951e+00 4.6662360e-02 2.1782886e-03 1.2649917e-02
       840 2.0861797e+00 4.6828562e-02 2.1950776e-03 1.3111578e-02
       841 2.0867398e+00 4.6541613e-02 2.1669511e-03 1.3323918e-02
       842 2.0861252e+00 4.6971630e-02 2.2086604e-03 1.5316647e-02
       843 2.0868106e+00 4.6532068e-02 2.1659388e-03 1.4221221e-02
       844 2.0862501e+00 4.6884163e-02 2.2000859e-03 1.1827825e-02
       845 2.0861691e+00 4.6972488e-02 2.2086093e-03 1.3247643e-02
       846 2.0867272e+00 4.6664867e-02 2.1784623e-03 1.3268307e-02
       847 2.0866977e+00 4.6648897e-02 2.1770273e-03 1.2277775e-02
       848 2.0868438e+00 4.6466788e-02 2.1598132e-03 1.5364838e-02
       849 2.0862920e+00 4.6942181e-02 2.2054138e-03 1.1251971e-02
       850 2.0861995e+00 4.6504737e-02 2.1647958e-03 1.3286985e-02
       851 2.0865550e+00 4.6677900e-02 2.1800264e-03 1.0307551e-02
       852 2.0866164e+00 4.6485377e-02 2.1619597e-03 1.0328774e-02
       853 2.0865614e+00 4.6729017e-02 2.1847872e-03 1.0009994e-02
       854 2.0865639e+00 4.6476686e-02 2.1612630e-03 9.8668385e-03
       855 2.0863446e+00 4.6615092e-02 2.1746720e-03 1.0283377e-02
       856 2.0863077e+00 4.6621635e-02 2.1753798e-03 1.0534851e-02
       857 2.0863460e+00 4.6626981e-02 2.1757771e-03 1.0011732e-02
       858 2.0866991e+00 4.6740385e-02 2.1855687e-03 1.2757414e-02
       859 2.0861394e+00 4.6720503e-02 2.1850889e-03 1.4534671e-02
       860 2.0866430e+00 4.6392898e-02 2.1533160e-03 1.0648740e-02
       861 2.0864015e+00 4.6796693e-02 2.1914905e-03 9.4728978e-03
       862 2.0867393e+00 4.6363959e-02 2.1504470e-03 1.2276224e-02
       863 2.0866207e+00 4.6708015e-02 2.1826992e-03 1.0980559e-02
       864 2.0859003e+00 4.6738193e-02 2.1875219e-03 2.1531969e-02
       865 2.0864452e+00 4.6606599e-02 2.1736277e-03 9.2796829e-03
       866 2.0864095e+00 4.6536436e-02 2.1671799e-03 9.5919674e-03
       867 2.0865656e+00 4.6751250e-02 2.1868563e-03 9.8710565e-03
       868 2.0865198e+00 4.6843662e-02 2.1956070e-03 9.6994885e-03
       869 2.0863579e+00 4.6765732e-02 2.1887044e-03 9.8013385e-03
       870 2.0865897e+00 4.6512502e-02 2.1645382e-03 9.9232446e-03
       871 2.0869272e+00 4.6338409e-02 2.1477712e-03 1.7636239e-02
       872 2.0863071e+00 4.6513407e-02 2.1653018e-03 1.1139449e-02
       873 2.0863196e+00 4.6613659e-02 2.1746043e-03 1.0412835e-02
       874 2.0864931e+00 4.6886212e-02 2.1996565e-03 9.5572349e-03
       875 2.0863292e+00 4.6709242e-02 2.1834992e-03 1.0352141e-02
       876 2.0867350e+00 4.6415637e-02 2.1552495e-03 1.2354628e-02
       877 2.0867329e+00 4.6357964e-02 2.1499029e-03 1.2447088e-02
       878 2.0862185e+00 4.6650474e-02 2.1783175e-03 1.2683767e-02
       879 2.0863168e+00 4.6520333e-02 2.1659202e-03 1.0776534e-02
       880 2.0865432e+00 4.6646120e-02 2.1770866e-03 9.5486205e-03
       881 2.0862714e+00 4.6682207e-02 2.1811304e-03 1.1796858e-02
       882 2.0864617e+00 4.6588303e-02 2.1718832e-03 9.3052896e-03
       883 2.0867085e+00 4.6554048e-02 2.1681668e-03 1.2257017e-02
       884 2.0863771e+00 4.6732274e-02 2.1855268e-03 9.8130483e-03
       885 2.0865110e+00 4.6650927e-02 2.1776073e-03 9.3479576e-03
       886 2.0864196e+00 4.6634862e-02 2.1763255e-03 9.4435947e-03
       887 2.0862908e+00 4.6680933e-02 2.1809582e-03 1.0867860e-02
       888 2.0865065e+00 4.6591834e-02 2.1721076e-03 9.3375678e-03
       889 2.0866067e+00 4.6678813e-02 2.1800011e-03 1.0736140e-02
       890 2.0865315e+00 4.6388629e-02 2.1531570e-03 9.2974354e-03
       891 2.0865257e+00 4.6543552e-02 2.1675674e-03 9.2387289e-03
       892 2.0862906e+00 4.6774602e-02 2.1897128e-03 1.1105727e-02
       893 2.0863707e+00 4.6715703e-02 2.1839949e-03 9.8231692e-03
       894 2.0865522e+00 4.6667704e-02 2.1790809e-03 9.7673100e-03
       895 2.0865906e+00 4.6754849e-02 2.1871392e-03 1.0131385e-02
       896 2.0866295e+00 4.6446773e-02 2.1583451e-03 1.0532689e-02
       897 2.0869056e+00 4.6203878e-02 2.1353532e-03 1.7031679e-02
       898 2.0858932e+00 4.6705780e-02 2.1845179e-03 2.1866720e-02
       899 2.0862812e+00 4.6805082e-02 2.1925905e-03 1.0894199e-02
       900 2.0864291e+00 4.6682270e-02 2.1807261e-03 9.3254333e-03
       901 2.0864219e+00 4.6612557e-02 2.1742399e-03 9.4241974e-03
       902 2.0869206e+00 4.6631008e-02 2.1749836e-03 1.7120906e-02
       903 2.0861203e+00 4.6904082e-02 2.2023345e-03 1.5589340e-02
       904 2.0860726e+00 4.7235082e-02 2.2336429e-03 1.6166230e-02
       905 2.0867062e+00 4.6526500e-02 2.1656068e-03 1.2339502e-02
       906 2.0871574e+00 4.6585819e-02 2.1704817e-03 2.5627923e-02
       907 2.0860243e+00 4.6805831e-02 2.1934302e-03 1.8068825e-02
       908 2.0863812e+00 4.6588938e-02 2.1721403e-03 9.5269022e-03
       909 2.0866652e+00 4.6553708e-02 2.1682185e-03 1.1245614e-02
       910 2.0859532e+00 4.6933615e-02 2.2056450e-03 1.9891539e-02
       911 2.0868296e+00 4.6646039e-02 2.1765269e-03 1.5449326e-02
       912 2.0868742e+00 4.6495339e-02 2.1624191e-03 1.6214284e-02
       913 2.0861779e+00 4.6767732e-02 2.1893894e-03 1.3620718e-02
       914 2.0864967e+00 4.6440384e-02 2.1580404e-03 9.2379071e-03
       915 2.0864575e+00 4.6592115e-02 2.1722484e-03 9.2709571e-03
       916 2.0863923e+00 4.6507079e-02 2.1644914e-03 9.6579685e-03
       917 2.0867279e+00 4.6325432e-02 2.1468967e-03 1.2236582e-02
       918 2.0866270e+00 4.6572638e-02 2.1700581e-03 1.0549349e-02
       919 2.0861657e+00 4.6554270e-02 2.1695045e-03 1.5425193e-02
       920 2.0864834e+00 4.6348055e-02 2.1495043e-03 9.1582050e-03
       921 2.0862332e+00 4.6625397e-02 2.1759364e-03 1.2293840e-02
       922 2.0866729e+00 4.6571822e-02 2.1698903e-03 1.1837003e-02
       923 2.0867093e+00 4.6478484e-02 2.1611353e-03 1.2050455e-02
       924 2.0865059e+00 4.6337512e-02 2.1484751e-03 9.1293798e-03
       925 2.0862794e+00 4.6536952e-02 2.1675678e-03 1.1097893e-02
       926 2.0864546e+00 4.6617027e-02 2.1745775e-03 9.4063139e-03
       927 2.0863997e+00 4.6403492e-02 2.1548485e-03 9.5980711e-03
       928 2.0863688e+00 4.6597474e-02 2.1729673e-03 9.8324445e-03
       929 2.0868660e+00 4.6638762e-02 2.1757895e-03 1.6693968e-02
       930 2.0861451e+00 4.6492506e-02 2.1638192e-03 1.4017622e-02
       931 2.0865651e+00 4.6578120e-02 2.1706994e-03 9.7263599e-03
       932 2.0865037e+00 4.6484349e-02 2.1621098e-03 9.2234778e-03
       933 2.0866474e+00 4.6480657e-02 2.1614577e-03 1.0903727e-02
       934 2.0866780e+00 4.6242225e-02 2.1392891e-03 1.1118184e-02
       935 2.0857006e+00 4.6831196e-02 2.1969631e-03 2.8211218e-02
       936 2.0868748e+00 4.6783992e-02 2.1893435e-03 1.6434120e-02
       937 2.0864099e+00 4.6569218e-02 2.1702310e-03 9.4261038e-03
       938 2.0864051e+00 4.6836691e-02 2.1952266e-03 9.8829735e-03
       939 2.0867720e+00 4.6432453e-02 2.1567444e-03 1.3184124e-02
       940 2.0861389e+00 4.6644970e-02 2.1780382e-03 1.4715021e-02
       941 2.0865020e+00 4.6660143e-02 2.1784880e-03 9.3255669e-03
       942 2.0869107e+00 4.6133892e-02 2.1288833e-03 1.6652796e-02
       943 2.0863338e+00 4.6691228e-02 2.1818043e-03 1.0353899e-02
       944 2.0858769e+00 4.6676062e-02 2.1818003e-03 2.2539895e-02
       945 2.0867926e+00 4.6692828e-02 2.1809560e-03 1.5106886e-02
       946 2.0864262e+00 4.6878852e-02 2.1991255e-03 9.5222556e-03
       947 2.0864778e+00 4.6567046e-02 2.1698650e-03 9.3196075e-03
       948 2.0863345e+00 4.6749767e-02 2.1872725e-03 1.0494902e-02
       949 2.0865008e+00 4.6565474e-02 2.1696652e-03 9.3060901e-03
       950 2.0867189e+00 4.6572068e-02 2.1698254e-03 1.2859995e-02
       951 2.0863418e+00 4.6620618e-02 2.1751946e-03 1.0756778e-02
       952 2.0865497e+00 4.6620773e-02 2.1747082e-03 9.5898738e-03
       953 2.0863916e+00 4.6588065e-02 2.1720327e-03 9.5169980e-03
       954 2.0861913e+00 4.6624919e-02 2.1760122e-03 1.3101751e-02
       955 2.0868111e+00 4.6452010e-02 2.1584938e-03 1.5132640e-02
       956 2.0865718e+00 4.6459322e-02 2.1596323e-03 9.7700345e-03
       957 2.0864206e+00 4.6432173e-02 2.1574592e-03 9.6613337e-03
       958 2.0866979e+00 4.6469787e-02 2.1603485e-03 1.1410012e-02
       959 2.0866200e+00 4.6348943e-02 2.1492864e-03 1.0163477e-02
       960 2.0864674e+00 4.6388510e-02 2.1532936e-03 9.3059994e-03
       961 2.0864391e+00 4.6359222e-02 2.1506449e-03 9.2147869e-03
       962 2.0867067e+00 4.6291129e-02 2.1437593e-03 1.1657889e-02
       963 2.0865965e+00 4.6310066e-02 2.1457330e-03 1.0174203e-02
       964 2.0859445e+00 4.6572234e-02 2.1718834e-03 1.9764054e-02
       965 2.0862863e+00 4.6527102e-02 2.1666323e-03 1.1428154e-02
       966 2.0863138e+00 4.6482783e-02 2.1624358e-03 1.0841698e-02
       967 2.0865182e+00 4.6616427e-02 2.1743733e-03 9.4139552e-03
       968 2.0871362e+00 4.6550010e-02 2.1671679e-03 2.4086073e-02
       969 2.0859067e+00 4.6626755e-02 2.1770951e-03 2.0260346e-02
       970 2.0864834e+00 4.6695915e-02 2.1818707e-03 9.4122874e-03
       971 2.0867102e+00 4.6387621e-02 2.1526955e-03 1.1864401e-02
       972 2.0865705e+00 4.6336774e-02 2.1482631e-03 9.6731464e-03
       973 2.0862598e+00 4.6733582e-02 2.1859617e-03 1.1469524e-02
       974 2.0865585e+00 4.6444234e-02 2.1582592e-03 9.8565244e-03
       975 2.0859939e+00 4.6895755e-02 2.2019560e-03 1.8040415e-02
       976 2.0868275e+00 4.6523409e-02 2.1651049e-03 1.5491056e-02
       977 2.0866225e+00 4.6306583e-02 2.1453564e-03 1.0445430e-02
       978 2.0861433e+00 4.6552100e-02 2.1693696e-03 1.4149966e-02
       979 2.0863321e+00 4.6601381e-02 2.1734269e-03 1.0390976e-02
       980 2.0869080e+00 4.6320124e-02 2.1461052e-03 1.7757408e-02
       981 2.0863971e+00 4.6716454e-02 2.1839980e-03 9.8500190e-03
       982 2.0866314e+00 4.6224282e-02 2.1377227e-03 1.0199026e-02
       983 2.0858841e+00 4.6634380e-02 2.1778854e-03 2.2699274e-02
       984 2.0867414e+00 4.6510045e-02 2.1640106e-03 1.3519179e-02
       985 2.0864945e+00 4.6507955e-02 2.1643262e-03 9.3120086e-03
       986 2.0865596e+00 4.6355173e-02 2.1499921e-03 9.9111051e-03
       987 2.0861904e+00 4.6851974e-02 2.1972394e-03 1.3122658e-02
       988 2.0863870e+00 4.6621927e-02 2.1752005e-03 9.8255671e-03
       989 2.0867163e+00 4.6695123e-02 2.1813072e-03 1.2088979e-02
       990 2.0866283e+00 4.6253076e-02 2.1403920e-03 1.0460445e-02
       991 2.0858379e+00 4.6762995e-02 2.1900632e-03 2.2931610e-02
       992 2.0869180e+00 4.6661043e-02 2.1777895e-03 1.7715376e-02
       993 2.0864051e+00 4.6775211e-02 2.1894713e-03 9.6937721e-03
       994 2.0867658e+00 4.6461199e-02 2.1594258e-03 1.4539530e-02
       995 2.0864916e+00 4.6413230e-02 2.1555309e-03 9.2257889e-03
       996 2.0859514e+00 4.7082889e-02 2.2196853e-03 1.9527649e-02
       997 2.0863818e+00 4.6718342e-02 2.1842131e-03 9.6308936e-03
       998 2.0862362e+00 4.6846212e-02 2.1965679e-03 1.1851742e-02
       999 2.0867275e+00 4.6547456e-02 2.1675176e-03 1.2580501e-02

Final Weights:        -0.0827749100        -0.5248583704         0.2532721292         0.3546898278 