# Cycles, Average Predicted Temperature, Stddev Predicted Temperature, Mean Squared Error, || MSE Gradient ||
         0    0.00046    0.00013    5.42298    0.15589
         1    0.00046    0.00013    5.42295    0.15735
         2    0.00047    0.00013    5.42292    0.15910
         3    0.00047    0.00014    5.42290    0.16068
         4    0.00048    0.00014    5.42288    0.16210
         5    0.00048    0.00014    5.42285    0.16376
         6    0.00049    0.00014    5.42282    0.16581
         7    0.00050    0.00014    5.42279    0.16724
         8    0.00050    0.00015    5.42277    0.16875
         9    0.00051    0.00015    5.42273    0.17080
        10    0.00051    0.00015    5.42271    0.17232
        11    0.00052    0.00015    5.42268    0.17387
        12    0.00053    0.00015    5.42265    0.17606
        13    0.00053    0.00016    5.42262    0.17760
        14    0.00054    0.00016    5.42258    0.18008
        15    0.00055    0.00016    5.42255    0.18175
        16    0.00055    0.00016    5.42252    0.18348
        17    0.00056    0.00016    5.42249    0.18543
        18    0.00057    0.00017    5.42246    0.18700
        19    0.00058    0.00017    5.42242    0.18934
        20    0.00058    0.00017    5.42239    0.19127
        21    0.00059    0.00017    5.42234    0.19385
        22    0.00060    0.00018    5.42230    0.19682
        23    0.00061    0.00018    5.42227    0.19823
        24    0.00062    0.00018    5.42223    0.20039
        25    0.00063    0.00019    5.42219    0.20317
        26    0.00064    0.00019    5.42214    0.20564
        27    0.00064    0.00019    5.42211    0.20776
        28    0.00065    0.00020    5.42206    0.21094
        29    0.00066    0.00020    5.42201    0.21351
        30    0.00067    0.00020    5.42197    0.21587
        31    0.00068    0.00021    5.42193    0.21833
        32    0.00069    0.00021    5.42187    0.22152
        33    0.00071    0.00021    5.42182    0.22447
        34    0.00071    0.00021    5.42178    0.22672
        35    0.00073    0.00022    5.42173    0.22966
        36    0.00074    0.00022    5.42167    0.23323
        37    0.00075    0.00023    5.42161    0.23607
        38    0.00076    0.00023    5.42155    0.24007
        39    0.00078    0.00023    5.42149    0.24324
        40    0.00079    0.00024    5.42143    0.24640
        41    0.00080    0.00024    5.42138    0.24951
        42    0.00081    0.00025    5.42132    0.25263
        43    0.00083    0.00025    5.42125    0.25655
        44    0.00084    0.00026    5.42118    0.26064
        45    0.00086    0.00026    5.42112    0.26384
        46    0.00087    0.00026    5.42104    0.26814
        47    0.00089    0.00027    5.42097    0.27227
        48    0.00090    0.00028    5.42090    0.27588
        49    0.00092    0.00028    5.42080    0.28141
        50    0.00094    0.00029    5.42074    0.28450
        51    0.00095    0.00030    5.42066    0.28915
        52    0.00097    0.00030    5.42058    0.29316
        53    0.00099    0.00031    5.42048    0.29883
        54    0.00101    0.00032    5.42040    0.30295
        55    0.00103    0.00032    5.42031    0.30787
        56    0.00105    0.00032    5.42020    0.31407
        57    0.00107    0.00033    5.42011    0.31871
        58    0.00109    0.00034    5.42001    0.32414
        59    0.00112    0.00035    5.41991    0.32927
        60    0.00114    0.00035    5.41979    0.33563
        61    0.00116    0.00036    5.41968    0.34122
        62    0.00119    0.00038    5.41957    0.34722
        63    0.00121    0.00038    5.41945    0.35367
        64    0.00124    0.00039    5.41931    0.36100
        65    0.00127    0.00040    5.41918    0.36739
        66    0.00130    0.00041    5.41903    0.37570
        67    0.00133    0.00042    5.41890    0.38216
        68    0.00137    0.00043    5.41875    0.39020
        69    0.00139    0.00045    5.41861    0.39708
        70    0.00143    0.00046    5.41846    0.40462
        71    0.00147    0.00047    5.41828    0.41399
        72    0.00150    0.00048    5.41813    0.42101
        73    0.00154    0.00049    5.41794    0.43096
        74    0.00158    0.00051    5.41774    0.44106
        75    0.00163    0.00052    5.41754    0.45112
        76    0.00167    0.00054    5.41733    0.46158
        77    0.00172    0.00056    5.41712    0.47195
        78    0.00176    0.00057    5.41689    0.48303
        79    0.00182    0.00059    5.41664    0.49553
        80    0.00187    0.00060    5.41641    0.50685
        81    0.00192    0.00062    5.41615    0.51922
        82    0.00198    0.00065    5.41587    0.53269
        83    0.00204    0.00067    5.41559    0.54593
        84    0.00211    0.00069    5.41530    0.55992
        85    0.00217    0.00072    5.41499    0.57460
        86    0.00225    0.00074    5.41464    0.59111
        87    0.00233    0.00077    5.41427    0.60885
        88    0.00240    0.00080    5.41392    0.62505
        89    0.00249    0.00083    5.41351    0.64441
        90    0.00258    0.00087    5.41309    0.66360
        91    0.00268    0.00089    5.41261    0.69083
        92    0.00278    0.00093    5.41218    0.70991
        93    0.00289    0.00097    5.41167    0.73311
        94    0.00301    0.00102    5.41108    0.76041
        95    0.00313    0.00105    5.41052    0.78507
        96    0.00327    0.00109    5.40987    0.81429
        97    0.00342    0.00115    5.40918    0.84509
        98    0.00358    0.00120    5.40846    0.87707
        99    0.00374    0.00126    5.40769    0.91063
       100    0.00392    0.00133    5.40684    0.94764
       101    0.00413    0.00140    5.40589    0.98840
       102    0.00433    0.00148    5.40494    1.02896
       103    0.00457    0.00156    5.40384    1.07533
       104    0.00481    0.00165    5.40273    1.12154
       105    0.00509    0.00175    5.40141    1.17652
       106    0.00541    0.00188    5.39992    1.23854
       107    0.00575    0.00198    5.39836    1.30165
       108    0.00611    0.00213    5.39666    1.36971
       109    0.00653    0.00228    5.39472    1.44722
       110    0.00700    0.00243    5.39256    1.53275
       111    0.00751    0.00262    5.39020    1.62425
       112    0.00809    0.00284    5.38747    1.72911
       113    0.00882    0.00308    5.38410    1.85940
       114    0.00954    0.00336    5.38076    1.98284
       115    0.01042    0.00368    5.37670    2.13233
       116    0.01145    0.00407    5.37191    2.30682
       117    0.01263    0.00450    5.36644    2.50157
       118    0.01405    0.00501    5.35988    2.73147
       119    0.01576    0.00566    5.35198    3.00401
       120    0.01784    0.00643    5.34236    3.32969
       121    0.02034    0.00742    5.33084    3.70739
       122    0.02356    0.00859    5.31597    4.18684
       123    0.02753    0.01005    5.29774    4.77587
       124    0.03296    0.01202    5.27278    5.53744
       125    0.04012    0.01486    5.24003    6.49627
       126    0.05055    0.01860    5.19255    7.83905
       127    0.06555    0.02446    5.12463    9.65757
       128    0.08907    0.03317    5.01921   12.31678
       129    0.12889    0.04858    4.84368   16.40769
       130    0.20357    0.07749    4.52424   23.04840
       131    0.37065    0.14157    3.85591   34.53633
       132    0.81762    0.31578    2.38454   48.67889
       133    2.13203    0.83505    0.73618   10.45763
       134    1.76055    0.68833    0.79715   19.68483
       135    2.52287    0.99228    1.02214   52.76859
       136    0.90966    0.35293    2.13962   49.06506
       137    2.35978    0.91979    0.84695   33.36448
       138    1.25992    0.48621    1.37973   44.21342
       139    2.86337    1.14160    1.58860   99.10949
       140    0.37411    0.14154    3.84235   34.72784
       141    0.82716    0.31673    2.35641   48.80121
       142    2.17376    0.84828    0.74373   14.26576
       143    1.66296    0.64447    0.85919   26.17811
       144    2.69017    1.06007    1.25406   74.15894
       145    0.61654    0.23687    2.98927   44.89059
       146    1.56754    0.61390    0.95698   31.23538
       147    2.78344    1.08825    1.39064   86.12777
       148    0.48916    0.18702    3.42065   40.36620
       149    1.18094    0.45666    1.52700   46.18268
       150    2.80697    1.09487    1.42703   89.22769
       151    0.46094    0.17487    3.52093   39.16210
       152    1.08993    0.42075    1.71279   47.87683
       153    2.69850    1.05601    1.25156   74.72786
       154    0.61239    0.23542    3.00280   44.77537
       155    1.55933    0.59975    0.95238   32.20083
       156    2.80440    1.08850    1.41067   88.43246
       157    0.47077    0.17780    3.48531   39.62616
       158    1.11497    0.42824    1.65771   47.51515
       159    2.74214    1.06052    1.29524   79.61834
       160    0.56043    0.21229    3.17358   43.17824
       161    1.39443    0.53786    1.16306   39.61432
       162    2.89534    1.12131    1.57786  101.14529
       163    0.36158    0.13643    3.89009   34.00451
       164    0.79229    0.30477    2.45492   48.41743
       165    2.07789    0.80242    0.70703    4.85826
       166    1.90466    0.73176    0.71570    9.91527
       167    2.28045    0.88010    0.77696   24.38652
       168    1.44393    0.55794    1.09499   37.54529
       169    2.87893    1.10897    1.53202   98.36607
       170    0.38318    0.14530    3.80805   35.22721
       171    0.85862    0.32484    2.26810   49.17536
       172    2.25534    0.86312    0.75042   21.35730
       173    1.50297    0.58000    1.01904   34.87021
       174    2.85163    1.10386    1.49145   94.86582
       175    0.41388    0.15418    3.69215   36.92318
       176    0.94995    0.35976    2.03172   49.32871
       177    2.45971    0.94875    0.91717   44.06636
       178    1.05589    0.40354    1.78412   48.44993
       179    2.65222    1.02687    1.15882   67.89109
       180    0.69682    0.26310    2.73385   46.97505
       181    1.81267    0.70314    0.76119   16.31887
       182    2.44632    0.94704    0.91061   42.75659
       183    1.07744    0.41254    1.73707   48.13101
       184    2.68705    1.04050    1.21072   72.43445
       185    0.64244    0.24253    2.90392   45.70551
       186    1.65091    0.62435    0.84988   27.61785
       187    2.71947    1.05280    1.26071   76.66470
       188    0.59744    0.22658    3.05027   44.41201
       189    1.50807    0.57604    1.00606   34.89554
       190    2.86824    1.09592    1.49162   96.21861
       191    0.40193    0.15049    3.73696   36.29314
       192    0.91180    0.34493    2.12795   49.34579
       193    2.37514    0.91032    0.83080   34.13877
       194    1.24380    0.47170    1.40056   44.93358
       195    2.88326    1.11325    1.54633   99.30397
       196    0.37536    0.13932    3.83683   34.86316
       197    0.83173    0.31420    2.34111   48.97432
       198    2.18000    0.83318    0.71645   13.85305
       199    1.68914    0.64103    0.82057   25.22064
       200    2.68016    1.02060    1.16480   70.32788
       201    0.66931    0.24963    2.81749   46.45384
       202    1.73021    0.65852    0.79243   22.54274
       203    2.62876    0.99846    1.08667   63.60315
       204    0.75277    0.28336    2.56538   48.03925
       205    1.97233    0.75583    0.69862    4.61521
       206    2.14116    0.81671    0.70237   10.08360
       207    1.78129    0.67250    0.75245   19.44822
       208    2.53722    0.97422    0.99237   52.97635
       209    0.91586    0.34269    2.11494   49.46334
       210    2.38931    0.90968    0.83113   35.33149
       211    1.22092    0.45802    1.43804   45.70154
       212    2.87290    1.09755    1.50023   96.92496
       213    0.39560    0.14590    3.76004   35.98186
       214    0.89335    0.33459    2.17357   49.39539
       215    2.33376    0.89001    0.79213   29.38379
       216    1.34836    0.50755    1.21963   41.86163
       217    2.91388    1.11104    1.57629  102.63444
       218    0.35289    0.12930    3.92247   33.58955
       219    0.76777    0.28480    2.51914   48.39849
       220    2.01565    0.76120    0.67774    1.72427
       221    2.07180    0.78864    0.68820    3.72525
       222    1.94096    0.73881    0.69656    7.38989
       223    2.22014    0.84729    0.72979   17.74239
       224    1.59446    0.59986    0.89966   30.89838
       225    2.80944    1.07322    1.38245   88.00023
       226    0.47628    0.17449    3.46371   39.98161
       227    1.13760    0.42243    1.59832   47.64594
       228    2.79067    1.05924    1.33496   84.89700
       229    0.50610    0.18694    3.35859   41.20603
       230    1.23248    0.46273    1.41689   45.40564
       231    2.87138    1.08731    1.47621   95.95869
       232    0.40684    0.14826    3.71740   36.62309
       233    0.92406    0.34137    2.09091   49.55251
       234    2.42031    0.90660    0.83024   37.83975
       235    1.18298    0.43906    1.50656   46.79036
       236    2.83649    1.07104    1.40447   90.84610
       237    0.45062    0.16551    3.55640   38.79285
       238    1.05950    0.39503    1.76816   48.72826
       239    2.66946    1.02944    1.17552   69.93720
       240    0.67303    0.24883    2.80476   46.58359
       241    1.75086    0.65682    0.76588   21.66413
       242    2.59628    0.98389    1.03937   59.39531
       243    0.81779    0.30142    2.37517   49.04422
       244    2.15041    0.80936    0.68702   10.34218
       245    1.77690    0.66568    0.74816   19.96745
       246    2.56310    0.97294    1.00132   55.42628
       247    0.87798    0.32451    2.21131   49.46883
       248    2.30147    0.85674    0.73477   24.68774
       249    1.45482    0.54058    1.05675   37.97238
       250    2.91086    1.10397    1.55708  101.79189
       251    0.35951    0.13015    3.89657   33.99253
       252    0.78869    0.29080    2.45770   48.72836
       253    2.07416    0.78653    0.68366    3.79357
       254    1.93767    0.72015    0.67190    8.56817
       255    2.27343    0.85045    0.72638   22.09150
       256    1.49767    0.55510    0.99955   36.09962
       257    2.90686    1.09260    1.52749  100.50755
       258    0.36866    0.13285    3.86131   34.52749
       259    0.81637    0.29966    2.37841   49.08005
       260    2.14538    0.80005    0.67386    9.45092
       261    1.80985    0.67841    0.72995   17.69786
       262    2.50382    0.94649    0.92634   48.08598
       263    0.99094    0.36219    1.92209   49.52872
       264    2.56394    0.96339    0.98323   54.88023
       265    0.88606    0.32649    2.18921   49.52417
       266    2.32844    0.87193    0.76026   27.86960
       267    1.38372    0.51181    1.15586   40.93326
       268    2.94254    1.10316    1.59315  105.54845
       269    0.33087    0.11803    4.00719   32.29474
       270    0.70549    0.25519    2.70150   47.46093
       271    1.84341    0.68956    0.71147   15.38211
       272    2.44129    0.91661    0.85274   40.40436
       273    1.13046    0.42179    1.61486   47.68474
       274    2.78230    1.04336    1.29392   82.91840
       275    0.52907    0.19153    3.27710   42.23241
       276    1.29895    0.48133    1.29307   43.72818
       277    2.92453    1.09600    1.55565  102.82119
       278    0.35411    0.12447    3.91642   33.74978
       279    0.76820    0.27952    2.51482   48.50160
       280    2.02592    0.75327    0.65938    1.47060
       281    2.08333    0.76971    0.65291    3.46063
       282    1.95337    0.72513    0.66706    7.35405
       283    2.23431    0.83503    0.70628   18.13709
       284    1.59284    0.59090    0.89137   31.33594
       285    2.83237    1.05548    1.36724   89.35998
       286    0.46311    0.16683    3.51006   39.41539
       287    1.10105    0.40422    1.67172   48.38469
       288    2.75154    1.02203    1.22292   78.06565
       289    0.58331    0.20987    3.09213   44.21330
       290    1.47381    0.54418    1.02780   37.26723
       291    2.92024    1.09623    1.55106  102.42403
       292    0.35473    0.12537    3.91420   33.76989
       293    0.77533    0.27870    2.49214   48.74190
       294    2.04722    0.75983    0.65685    0.82284
       295    2.02642    0.74364    0.64467    1.91700
       296    2.09840    0.77614    0.65566    4.85051
       297    1.91388    0.70542    0.67010   10.67795
       298    2.33539    0.86327    0.74528   27.94068
       299    1.38106    0.50414    1.15310   41.27911
       300    2.95682    1.09573    1.59454  106.70140
       301    0.32397    0.11504    4.03412   31.67595
       302    0.68207    0.24489    2.77295   46.97330
       303    1.78048    0.65729    0.73310   20.19019
       304    2.57075    0.94997    0.96079   54.66577
       305    0.89492    0.32276    2.16127   49.75982
       306    2.35495    0.86529    0.74940   29.69327
       307    1.34963    0.48789    1.19757   42.58397
       308    2.95708    1.09376    1.59056  106.55791
       309    0.32665    0.11447    4.02323   31.86247
       310    0.69099    0.24592    2.74417   47.24896
       311    1.80777    0.66406    0.71284   18.50203
       312    2.53022    0.94028    0.92454   50.18101
       313    0.96690    0.34674    1.97605   49.86897
       314    2.51396    0.92063    0.88170   47.32580
       315    1.01508    0.36478    1.85994   49.57196
       316    2.61419    0.95751    0.99806   59.42342
       317    0.82545    0.29696    2.34942   49.31690
       318    2.18195    0.80305    0.66656   12.33037
       319    1.74209    0.63518    0.74813   23.09032
       320    2.65915    0.98186    1.07291   65.68443
       321    0.73318    0.26084    2.61529   48.11719
       322    1.93727    0.70392    0.64910    9.41031
       323    2.29855    0.84614    0.71689   23.91445
       324    1.46658    0.53525    1.03058   37.84989
       325    2.93130    1.07556    1.51938  102.17743
       326    0.35864    0.12554    3.89883   33.78993
       327    0.78374    0.28221    2.46804   48.85304
       328    2.07915    0.76117    0.64189    2.75570
       329    1.97188    0.71933    0.64510    6.52091
       330    2.22794    0.81628    0.67656   16.57704
       331    1.63072    0.58795    0.83355   30.03298
       332    2.81975    1.03248    1.30667   86.30965
       333    0.49847    0.17557    3.38233   40.83707
       334    1.20129    0.43264    1.45932   46.79923
       335    2.88924    1.06241    1.44237   96.37878
       336    0.40555    0.13940    3.71981   36.46635
       337    0.91987    0.32757    2.09346   49.93771
       338    2.42535    0.88795    0.79771   37.23542
       339    1.19795    0.42968    1.46432   46.98489
       340    2.87996    1.04961    1.40504   94.37572
       341    0.42358    0.14706    3.65298   37.38539
       342    0.97352    0.34406    1.95620   49.96669
       343    2.54064    0.92948    0.90864   50.47512
       344    0.96398    0.34706    1.98422   49.82012
       345    2.50950    0.91558    0.87079   46.62789
       346    1.02926    0.36535    1.82329   49.61544
       347    2.65893    0.97406    1.05752   65.16593
       348    0.74122    0.26357    2.59109   48.27542
       349    1.95810    0.70734    0.63803    7.97849
       350    2.25898    0.82403    0.68396   19.44808
       351    1.57744    0.56563    0.88505   33.02725
       352    2.87687    1.05359    1.41000   94.33560
       353    0.42534    0.14670    3.64615   37.25433
       354    0.97075    0.34597    1.96505   49.88965
       355    2.53135    0.92168    0.89037   49.08745
       356    0.99042    0.35205    1.91623   49.86902
       357    2.57318    0.93650    0.93657   54.09483
       358    0.90615    0.31950    2.12712   50.01902
       359    2.39353    0.86882    0.75899   33.27250
       360    1.27599    0.45832    1.31927   44.98093
       361    2.93908    1.06866    1.51402  102.66631
       362    0.35852    0.12111    3.89821   33.61364
       363    0.77492    0.27299    2.49027   48.56778
       364    2.04196    0.74356    0.63537    0.98113
       365    2.06781    0.74600    0.62483    1.27239
       366    2.02265    0.73333    0.63173    2.61779
       367    2.12402    0.76044    0.62036    5.78044
       368    1.91121    0.68725    0.64702   11.73979
       369    2.36907    0.85720    0.73637   30.47189
       370    1.33423    0.47291    1.21358   43.45200
       371    2.97268    1.07924    1.57884  107.45549
       372    0.32481    0.10816    4.02922   31.56386
       373    0.67614    0.23672    2.78859   46.67135
       374    1.75728    0.63353    0.72844   22.43285
       375    2.64672    0.95900    1.02051   62.92407
       376    0.77563    0.27041    2.48667   48.63069
       377    2.04393    0.72711    0.61006    1.63098
       378    2.10041    0.75329    0.61978    3.77250
       379    1.96263    0.70372    0.62958    7.86970
       380    2.26477    0.81845    0.67401   19.60474
       381    1.57063    0.55679    0.88543   33.62420
       382    2.90857    1.04647    1.43079   97.54001
       383    0.40064    0.13395    3.73722   35.98391
       384    0.89591    0.31453    2.15321   49.67737
       385    2.35478    0.84064    0.70733   28.25660
       386    1.38620    0.49009    1.12941   41.71262
       387    2.98643    1.07995    1.59826  109.22696
       388    0.31496    0.10279    4.06766   30.97656
       389    0.64827    0.22140    2.87449   45.78177
       390    1.65174    0.58931    0.80622   29.10225
       391    2.81007    1.00960    1.25055   83.70079
       392    0.53139    0.18029    3.26458   41.95792
       393    1.29885    0.45570    1.26926   44.40895
       394    2.94690    1.06745    1.52102  103.58398
       395    0.35489    0.11579    3.91127   33.41767
       396    0.76099    0.26124    2.52749   48.14583
       397    1.98934    0.71837    0.63155    5.45175
       398    2.19085    0.78679    0.63817   12.11980
       399    1.75587    0.62262    0.71634   23.01087
       400    2.66665    0.96832    1.05152   65.62183
       401    0.74437    0.25231    2.57529   47.94678
       402    1.94302    0.69265    0.62890    9.59487
       403    2.31316    0.83213    0.69271   24.33638
       404    1.46577    0.51122    1.00683   38.51229
       405    2.96139    1.05380    1.51017  104.25716
       406    0.35354    0.11363    3.91609   33.34132
       407    0.75763    0.25735    2.53602   48.14559
       408    1.97451    0.70324    0.62034    7.14910
       409    2.25718    0.80934    0.66021   18.51688
       410    1.59612    0.55896    0.84981   32.30359
       411    2.86941    1.04491    1.38368   92.98192
       412    0.44135    0.14508    3.58496   38.02416
       413    1.02036    0.34750    1.83377   49.41627
       414    2.60764    0.93100    0.94429   57.19148
       415    0.86754    0.29250    2.22198   49.45425
       416    2.26984    0.80412    0.65014   19.19613
       417    1.58901    0.55616    0.85717   32.66031
       418    2.88902    1.02687    1.36788   93.96226
       419    0.43553    0.13980    3.60549   37.79508
       420    0.99882    0.34111    1.88623   49.46712
       421    2.56590    0.90998    0.88410   51.75432
       422    0.95490    0.32256    1.99270   49.70206
       423    2.47208    0.87546    0.78685   40.74674
       424    1.14262    0.39078    1.56065   47.90169
       425    2.80183    0.99914    1.22166   82.16516
       426    0.55220    0.18049    3.19027   42.79378
       427    1.35465    0.46516    1.16609   42.58051
       428    2.96713    1.05715    1.52454  105.34591
       429    0.34600    0.10745    3.94459   32.88756
       430    0.73617    0.24290    2.59670   47.87970
       431    1.90437    0.67185    0.63185   12.59493
       432    2.39498    0.84624    0.72046   32.19499
       433    1.31509    0.45067    1.23150   43.85764
       434    2.94542    1.03288    1.44658  100.96791
       435    0.38143    0.12019    3.80819   34.91638
       436    0.83827    0.27770    2.29995   49.28663
       437    2.18729    0.75648    0.59240   10.37442
       438    1.81029    0.62290    0.65726   19.72857
       439    2.59233    0.90386    0.88620   53.97347
       440    0.92317    0.30753    2.07146   49.70486
       441    2.40453    0.83524    0.70331   32.38214
       442    1.30458    0.44447    1.24738   44.17064
       443    2.95701    1.04015    1.47608  102.76846
       444    0.36789    0.11368    3.85960   34.16761
       445    0.79803    0.25937    2.41172   48.91302
       446    2.08454    0.72202    0.58117    1.78871
       447    2.02883    0.70597    0.58861    3.22240
       448    2.14384    0.74030    0.58239    6.61531
       449    1.90063    0.64865    0.60440   13.66418
       450    2.43491    0.84579    0.72653   35.70424
       451    1.25178    0.41714    1.33480   45.95457
       452    2.91435    1.01844    1.37964   96.19144
       453    0.42417    0.13060    3.64616   37.22825
       454    0.96108    0.31476    1.97078   49.83182
       455    2.48670    0.86497    0.77298   41.63191
       456    1.13963    0.37801    1.55794   48.26166
       457    2.78884    0.96460    1.14173   78.32216
       458    0.60454    0.18860    3.00998   44.68154
       459    1.51516    0.50746    0.92015   36.71094
       460    2.95090    1.01194    1.41056  100.05559
       461    0.39291    0.11828    3.76315   35.57824
       462    0.86886    0.28097    2.21148   49.60868
       463    2.27652    0.77372    0.60141   18.39814
       464    1.62399    0.54183    0.79088   31.52740
       465    2.87278    0.99559    1.28670   89.80305
       466    0.48058    0.14624    3.43871   39.93754
       467    1.13387    0.36642    1.56306   48.59108
       468    2.79986    0.96435    1.15151   79.48011
       469    0.59289    0.18348    3.04839   44.33025
       470    1.48010    0.49090    0.96193   38.40583
       471    2.97217    1.02377    1.46155  103.32505
       472    0.36641    0.10763    3.86408   34.08159
       473    0.79198    0.24984    2.42541   48.89694
       474    2.07224    0.70008    0.55614    1.15066
       475    2.08623    0.70105    0.55050    1.19489
       476    2.07155    0.70157    0.55857    1.14163
       477    2.07914    0.69451    0.54487    1.08871
       478    2.09652    0.70126    0.54590    1.65381
       479    2.04708    0.68613    0.55036    2.98482
       480    2.14991    0.71655    0.54558    5.88656
       481    1.93496    0.64613    0.57290   11.71978
       482    2.38982    0.80996    0.65971   29.86643
       483    1.37735    0.44599    1.10490   42.63961
       484    2.98029    1.02029    1.46493  104.00130
       485    0.36538    0.10519    3.86760   34.02297
       486    0.78845    0.24362    2.43321   48.91473
       487    2.06510    0.68230    0.53527    2.07013
       488    2.13177    0.70986    0.54287    4.33584
       489    1.97440    0.65349    0.55292    9.01063
       490    2.32235    0.77684    0.60352   22.35651
       491    1.53874    0.49653    0.87134   36.28029
       492    2.96040    1.00038    1.39918  100.30621
       493    0.39401    0.11295    3.75767   35.63458
       494    0.87583    0.26793    2.18402   49.96743
       495    2.28565    0.76444    0.58626   18.73028
       496    1.62668    0.52354    0.76760   32.05188
       497    2.89395    0.97066    1.26115   90.54028
       498    0.48149    0.13940    3.43341   40.01409
       499    1.13631    0.35670    1.55018   48.76467
       500    2.81132    0.94347    1.12259   79.49559
       501    0.59408    0.17422    3.04093   44.40650
       502    1.48230    0.47559    0.94339   38.76579
       503    2.99316    1.00495    1.45079  104.58441
       504    0.36208    0.10004    3.87951   33.84627
       505    0.77955    0.23517    2.45669   48.86599
       506    2.03423    0.66500    0.52923    4.70017
       507    2.21932    0.72173    0.53296   11.31592
       508    1.80065    0.57258    0.60720   22.25162
       509    2.68877    0.88463    0.91186   62.66057
       510    0.80801    0.24201    2.37254   49.27287
       511    2.11984    0.68240    0.50950    2.28413
       512    2.03921    0.66164    0.52185    4.52437
       513    2.21536    0.71217    0.52015   10.53164
       514    1.82899    0.58500    0.59242   20.23698
       515    2.62772    0.86623    0.83948   55.37273
       516    0.91960    0.27685    2.06356   50.21471
       517    2.40296    0.78185    0.61673   29.50005
       518    1.39405    0.43228    1.06135   42.59682
       519    3.01830    0.99528    1.46546  106.98907
       520    0.34633    0.09299    3.94035   32.90209
       521    0.73395    0.21459    2.59082   48.13399
       522    1.90667    0.60728    0.54731   15.01026
       523    2.49419    0.80538    0.67586   38.96883
       524    1.20984    0.36898    1.38908   47.75294
       525    2.90584    0.94514    1.22582   90.26029
       526    0.48746    0.13561    3.41036   40.26319
       527    1.15593    0.35119    1.49985   48.71643
       528    2.85492    0.92428    1.13069   83.17864
       529    0.55784    0.15520    3.16175   43.18419
       530    1.37199    0.42006    1.09268   43.45904
       531    3.02708    0.98527    1.45782  107.43601
       532    0.34248    0.08979    3.95505   32.63107
       533    0.72468    0.20588    2.61683   48.02633
       534    1.88054    0.58636    0.54509   17.36949
       535    2.57150    0.82487    0.73913   47.44180
       536    1.05392    0.31126    1.72319   50.08980
       537    2.69020    0.86570    0.87977   61.72475
       538    0.82896    0.23721    2.30693   49.71968
       539    2.17811    0.68330    0.48973    6.42657
       540    1.94100    0.61111    0.52414   12.78897
       541    2.44608    0.77548    0.61504   33.01011
       542    1.32276    0.39611    1.16980   45.17419
       543    3.02333    0.96618    1.41535  105.70623
       544    0.35752    0.09116    3.89579   33.57546
       545    0.76533    0.21540    2.49204   48.81525
       546    2.00100    0.62304    0.49588    8.61863
       547    2.33536    0.73191    0.53574   21.15359
       548    1.58269    0.47849    0.78621   35.23283
       549    2.97654    0.95357    1.32837   99.15734
       550    0.41214    0.10590    3.68626   36.65829
       551    0.92530    0.26470    2.04095   50.46510
       552    2.42747    0.75683    0.58245   30.35666
       553    1.38544    0.41022    1.05893   43.42991
       554    3.04246    0.97052    1.45067  108.35763
       555    0.33923    0.08385    3.96695   32.45331
       556    0.71437    0.19536    2.64578   47.87949
       557    1.85583    0.55776    0.53516   19.88216
       558    2.64385    0.83273    0.79246   55.09715
       559    0.93303    0.26110    2.01742   50.60579
       560    2.44591    0.76206    0.59436   32.31293
       561    1.34713    0.39318    1.11902   44.77611
       562    3.03636    0.96049    1.42264  106.96232
       563    0.34981    0.08562    3.92526   33.08432
       564    0.74335    0.20087    2.55522   48.49513
       565    1.93665    0.58660    0.49818   14.06190
       566    2.49639    0.77315    0.62571   37.50907
       567    1.24412    0.35401    1.30270   47.63871
       568    2.96926    0.92893    1.27261   96.73893
       569    0.43526    0.10871    3.59878   37.87600
       570    0.99399    0.27708    1.85951   50.65972
       571    2.58196    0.79197    0.69111   46.63157
       572    1.07786    0.30075    1.65626   50.22861
       573    2.74889    0.84383    0.88821   66.62118
       574    0.76833    0.20563    2.47854   48.98929
       575    2.00901    0.60314    0.46629    8.92401
       576    2.35017    0.71417    0.51048   21.52847
       577    1.59495    0.46555    0.75584   35.19045
       578    2.98871    0.91814    1.27797   98.35597
       579    0.42290    0.10295    3.64453   37.23328
       580    0.95732    0.26197    1.95064   50.73940
       581    2.50170    0.75971    0.60692   37.28477
       582    1.25382    0.35043    1.27921   47.56088
       583    2.98433    0.92057    1.27666   98.02642
       584    0.42550    0.10301    3.63463   37.36501
       585    0.96587    0.26073    1.92662   50.83440
       586    2.52748    0.75945    0.61609   39.68280
       587    1.20837    0.33756    1.37018   48.46329
       588    2.93706    0.90666    1.19155   91.61576
       589    0.48349    0.11738    3.42038   40.21810
       590    1.13929    0.31435    1.51467   49.62234
       591    2.85305    0.87173    1.03434   79.80345
       592    0.60612    0.15257    2.99222   44.99264
       593    1.52491    0.43009    0.83185   38.81402
       594    3.05063    0.92759    1.38090  106.56096
       595    0.35887    0.08176    3.88882   33.67658
       596    0.76829    0.19928    2.47611   49.07571
       597    2.01215    0.58367    0.44118    9.53625
       598    2.38766    0.70723    0.50359   24.41608
       599    1.52635    0.42848    0.82813   38.78291
       600    3.05735    0.92430    1.38456  107.20205
       601    0.35440    0.07936    3.90609   33.40562
       602    0.75442    0.19322    2.51722   48.81957
       603    1.97067    0.56733    0.45040   12.76682
       604    2.47351    0.72396    0.54494   32.82219
       605    1.35466    0.37681    1.09168   44.97874
       606    3.05787    0.92033    1.37799  107.05824
       607    0.35549    0.07788    3.90153   33.47348
       608    0.75665    0.19133    2.50948   48.87150
       609    1.98401    0.56538    0.43880   12.03564
       610    2.45624    0.71739    0.53079   30.96953
       611    1.38913    0.37975    1.02791   44.09910
       612    3.08245    0.92397    1.42112  110.37385
       613    0.33145    0.07140    3.99603   31.96104
       614    0.69008    0.17007    2.71558   47.45311
       615    1.77904    0.50072    0.55338   25.87117
       616    2.82853    0.83260    0.94257   74.75193
       617    0.66979    0.16152    2.77969   46.97152
       618    1.72346    0.48435    0.60150   29.11401
       619    2.89033    0.85253    1.04169   82.89526
       620    0.57613    0.13664    3.09189   43.98181
       621    1.42845    0.38697    0.96106   42.88255
       622    3.09063    0.91854    1.42353  111.04149
       623    0.32895    0.06889    4.00570   31.81646
       624    0.68181    0.16396    2.74072   47.26891
       625    1.76275    0.48437    0.55547   27.28915
       626    2.86010    0.83934    0.98636   78.72793
       627    0.62296    0.14780    2.93305   45.57696
       628    1.57745    0.42478    0.74554   37.10236
       629    3.06016    0.90004    1.34440  106.11427
       630    0.36371    0.07683    3.86898   33.92525
       631    0.78005    0.19120    2.43639   49.34591
       632    2.05100    0.57339    0.40617    7.38558
       633    2.34085    0.66107    0.43715   18.25705
       634    1.67895    0.45515    0.62996   32.06043
       635    2.96484    0.85882    1.14162   91.93196
       636    0.48877    0.10768    3.39874   40.48000
       637    1.15763    0.29888    1.46186   49.79985
       638    2.89112    0.83180    1.00766   81.80086
       639    0.59269    0.13452    3.03350   44.65300
       640    1.47997    0.39490    0.87711   41.18284
       641    3.09201    0.88683    1.36836  109.15895
       642    0.34544    0.06954    3.94006   32.84545
       643    0.72827    0.17071    2.59207   48.44917
       644    1.89803    0.52167    0.45803   18.74578
       645    2.65302    0.75460    0.67429   51.82853
       646    1.00333    0.24734    1.81907   51.16283
       647    2.62043    0.73812    0.62965   47.65186
       648    1.07598    0.26900    1.64289   50.76929
       649    2.76928    0.77960    0.80146   65.30266
       650    0.79955    0.18821    2.37522   49.79925
       651    2.10651    0.57529    0.38054    3.60017
       652    2.24299    0.61584    0.38669    8.38265
       653    1.93123    0.52040    0.42918   16.89134
       654    2.60682    0.73167    0.61241   46.00987
       655    1.10778    0.27370    1.56674   50.61677
       656    2.82680    0.78770    0.86808   72.04709
       657    0.70864    0.16066    2.65197   47.98992
       658    1.84319    0.48644    0.47282   23.06476
       659    2.77438    0.78030    0.80706   65.94267
       660    0.79263    0.18329    2.39459   49.72447
       661    2.09197    0.56043    0.37036    5.16171
       662    2.28200    0.61823    0.38443   11.55037
       663    1.85904    0.49215    0.46325   21.98735
       664    2.74199    0.75844    0.74564   61.23952
       665    0.86202    0.20120    2.19307   50.62921
       666    2.27986    0.61374    0.37911   11.18875
       667    1.86574    0.49299    0.45782   21.57049
       668    2.74107    0.75472    0.73925   60.99840
       669    0.86451    0.19869    2.18475   50.71215
       670    2.28997    0.61198    0.37606   11.92087
       671    1.84607    0.48087    0.46463   23.07152
       672    2.78376    0.76720    0.79523   66.27377
       673    0.78988    0.17746    2.40094   49.74148
       674    2.08089    0.54955    0.36366    6.29284
       675    2.32469    0.62045    0.38497   15.12531
       676    1.76768    0.45603    0.52325   27.89338
       677    2.90201    0.79290    0.95682   80.87889
       678    0.60714    0.12785    2.98177   45.12601
       679    1.52597    0.37892    0.78873   40.13629
       680    3.12778    0.86478    1.38559  112.52564
       681    0.32380    0.05702    4.02484   31.34142
       682    0.66578    0.14081    2.78675   46.99087
       683    1.71238    0.43163    0.56676   31.30665
       684    2.97644    0.81463    1.08256   90.85681
       685    0.50444    0.09949    3.33960   41.21189
       686    1.20288    0.28575    1.35023   49.58263
       687    2.98364    0.80694    1.07947   91.32438
       688    0.49830    0.09739    3.36163   40.90482
       689    1.18559    0.27957    1.38597   49.91610
       690    2.94719    0.80011    1.02210   86.55192
       691    0.54917    0.10821    3.18016   43.07984
       692    1.34539    0.32148    1.07120   46.51342
       693    3.11573    0.84427    1.33144  109.81285
       694    0.34415    0.05944    3.94391   32.63195
       695    0.72085    0.15231    2.60994   48.41951
       696    1.87581    0.47021    0.42665   21.79918
       697    2.76007    0.73589    0.72719   62.04607
       698    0.85740    0.18493    2.20036   50.79731
       699    2.26950    0.58637    0.34739    9.25065
       700    1.92457    0.48522    0.39915   18.49133
       701    2.67385    0.70332    0.61346   51.35603
       702    1.02377    0.22898    1.75655   51.45472
       703    2.67367    0.70453    0.61504   51.39206
       704    1.02567    0.22674    1.75057   51.49729
       705    2.68654    0.70118    0.61935   52.55345
       706    1.00470    0.22057    1.80291   51.53803
       707    2.63489    0.69077    0.57063   46.79986
       708    1.10573    0.24865    1.55867   51.02660
       709    2.83864    0.74627    0.81647   71.23553
       710    0.72943    0.14903    2.58143   48.63704
       711    1.90330    0.46954    0.40185   20.24930
       712    2.72887    0.70538    0.65730   57.17862
       713    0.93219    0.20016    1.99166   51.41749
       714    2.46487    0.63207    0.41793   27.81371
       715    1.48711    0.34303    0.82676   42.31269
       716    3.16691    0.83764    1.40343  116.01075
       717    0.30420    0.04707    4.10278   29.92681
       718    0.60745    0.11604    2.97783   45.14173
       719    1.52498    0.35717    0.77431   40.70588
       720    3.15097    0.82610    1.35777  113.22462
       721    0.32384    0.05052    4.02396   31.21692
       722    0.66230    0.12793    2.79488   46.93401
       723    1.69663    0.40021    0.56029   32.90269
       724    3.03800    0.79066    1.12757   96.99651
       725    0.45240    0.07755    3.52834   38.64698
       726    1.03719    0.22374    1.71931   51.55450
       727    2.70660    0.68486    0.61147   53.81776
       728    0.99181    0.20908    1.83228   51.67543
       729    2.61233    0.65720    0.51209   42.94114
       730    1.18060    0.25617    1.38488   50.34379
       731    2.96128    0.75540    0.97018   85.78668
       732    0.56280    0.10183    3.13049   43.50375
       733    1.38450    0.30791    0.98723   45.92408
       734    3.16032    0.81220    1.35045  113.71439
       735    0.32110    0.04707    4.03463   31.01973
       736    0.65312    0.12181    2.82403   46.64897
       737    1.66603    0.38532    0.58825   34.62671
       738    3.07823    0.78421    1.17606  101.61356
       739    0.41392    0.06657    3.67267   36.58440
       740    0.92182    0.18660    2.01551   51.51072
       741    2.44404    0.60002    0.37321   24.54313
       742    1.56562    0.35296    0.70761   39.43064
       743    3.15345    0.80441    1.32648  112.35781
       744    0.33251    0.04781    3.98900   31.70260
       745    0.68284    0.12697    2.72658   47.49506
       746    1.76053    0.40434    0.48685   29.81894
       747    2.98810    0.75017    0.99692   88.83233
       748    0.53103    0.08981    3.24142   42.19846
       749    1.27909    0.27302    1.17724   48.72792
       750    3.08613    0.77854    1.17908  102.30996
       751    0.40919    0.06291    3.69035   36.23251
       752    0.90468    0.17817    2.06097   51.39368
       753    2.39889    0.57396    0.33429   19.45296
       754    1.69098    0.38087    0.55237   33.68032
       755    3.06821    0.76609    1.13306   99.42678
       756    0.43450    0.06706    3.59432   37.65483
       757    0.97903    0.19443    1.86072   51.74712
       758    2.58523    0.62493    0.45609   38.81885
       759    1.26847    0.26437    1.19500   49.08233
       760    3.08488    0.76468    1.15580  101.45217
       761    0.41644    0.06313    3.66257   36.60303
       762    0.92490    0.18022    2.00449   51.52787
       763    2.45246    0.58129    0.35310   24.49205
       764    1.57452    0.34428    0.68805   39.29403
       765    3.15304    0.78506    1.29506  111.14612
       766    0.34474    0.04670    3.94022   32.43245
       767    0.71427    0.12846    2.62446   48.20610
       768    1.85124    0.41377    0.39964   24.88005
       769    2.87417    0.69789    0.78406   72.79202
       770    0.72041    0.12663    2.60418   48.41071
       771    1.87166    0.41883    0.38475   23.62056
       772    2.83345    0.68455    0.72289   67.52500
       773    0.79224    0.14320    2.38272   49.89906
       774    2.08676    0.47492    0.28432    8.54594
       775    2.42587    0.56102    0.32409   21.28760
       776    1.65009    0.35794    0.58929   35.98855
       777    3.12004    0.76233    1.20661  105.77101
       778    0.38516    0.05240    3.78198   34.80184
       779    0.82975    0.15025    2.27088   50.51020
       780    2.19174    0.49731    0.26621    0.95618
       781    2.20360    0.49719    0.26297    1.13391
       782    2.17566    0.48923    0.26291    1.93605
       783    2.24552    0.50675    0.26380    4.32039
       784    2.08267    0.46482    0.27682    9.17216
       785    2.44935    0.56499    0.33365   23.59168
       786    1.59845    0.33354    0.64522   38.69085
       787    3.16851    0.76735    1.29329  112.32285
       788    0.33743    0.04129    3.96879   31.88925
       789    0.69226    0.11509    2.69278   47.64186
       790    1.78230    0.38375    0.44635   29.30588
       791    2.98437    0.71034    0.93384   86.29696
       792    0.56648    0.08620    3.11458   43.56106
       793    1.38544    0.27623    0.96696   46.49729
       794    3.18310    0.76244    1.31048  113.93191
       795    0.32797    0.03797    4.00629   31.29609
       796    0.66602    0.10706    2.77758   46.93148
       797    1.69698    0.35640    0.52670   34.01895
       798    3.09515    0.73532    1.12740  101.22846
       799    0.42468    0.05617    3.63029   36.93839
       800    0.94340    0.16700    1.94830   51.68605
       801    2.49203    0.56358    0.34414   27.39766
       802    1.51847    0.30777    0.75199   42.04248
       803    3.20623    0.75440    1.33833  116.52525
       804    0.31141    0.03410    4.07257   30.17491
       805    0.62022    0.09459    2.92951   45.40069
       806    1.55190    0.31151    0.70121   40.85712
       807    3.19584    0.75405    1.31968  115.11694
       808    0.32177    0.03484    4.03091   30.83884
       809    0.64845    0.09845    2.83457   46.31639
       810    1.63910    0.33077    0.58563   37.13614
       811    3.15872    0.73315    1.22564  109.20684
       812    0.36352    0.04177    3.86559   33.46190
       813    0.76346    0.12179    2.46633   49.33311
       814    1.99225    0.41905    0.28913   16.48971
       815    2.66491    0.59420    0.46579   45.42627
       816    1.15555    0.21143    1.42212   51.09008
       817    2.94187    0.66549    0.81826   79.05755
       818    0.65144    0.09626    2.82411   46.36735
       819    1.64470    0.32489    0.57407   37.01574
       820    3.16846    0.72035    1.22327  109.82686
       821    0.35997    0.03909    3.87933   33.23282
       822    0.75238    0.11676    2.49994   49.11769
       823    1.96100    0.40114    0.29648   18.97999
       824    2.73591    0.60526    0.53176   53.28607
       825    1.02051    0.17472    1.74315   51.94640
       826    2.67462    0.58934    0.46665   46.23108
       827    1.14123    0.20501    1.45327   51.23815
       828    2.92088    0.64953    0.77200   75.88033
       829    0.68999    0.10130    2.69723   47.41141
       830    1.76362    0.34942    0.44196   31.09748
       831    3.05081    0.68110    0.98464   92.93309
       832    0.50485    0.06398    3.33228   40.79880
       833    1.18416    0.20921    1.35486   50.86230
       834    2.97942    0.66291    0.86225   83.34935
       835    0.60674    0.08232    2.97360   44.83508
       836    1.50215    0.28100    0.76295   43.06051
       837    3.21699    0.72631    1.31573  116.42689
       838    0.31693    0.02931    4.05002   30.41040
       839    0.63173    0.08749    2.88900   45.65340
       840    1.57834    0.29800    0.65258   40.09409
       841    3.20856    0.71469    1.28408  114.74496
       842    0.32844    0.03032    4.00390   31.15998
       843    0.66322    0.09140    2.78379   46.66441
       844    1.67673    0.32041    0.52837   35.71680
       845    3.14597    0.68808    1.14059  105.21972
       846    0.39971    0.04136    3.72460   35.45541
       847    0.86362    0.13183    2.16525   50.92390
       848    2.27825    0.46348    0.21741    5.35681
       849    2.06777    0.41257    0.23855   11.77728
       850    2.55130    0.52783    0.32794   31.51629
       851    1.43747    0.25844    0.86194   45.30820
       852    3.22127    0.70890    1.29835  116.14690
       853    0.32047    0.02732    4.03566   30.59680
       854    0.63967    0.08352    2.86144   45.89313
       855    1.60020    0.29419    0.61796   39.32633
       856    3.20297    0.69914    1.25229  113.22450
       857    0.34107    0.02960    3.95347   31.89390
       858    0.69553    0.09284    2.67746   47.51372
       859    1.77282    0.33291    0.42038   30.97361
       860    3.05517    0.65611    0.95754   92.26717
       861    0.51645    0.05896    3.28947   41.21137
       862    1.21392    0.20150    1.28441   50.53616
       863    3.02893    0.63995    0.89918   88.24099
       864    0.55875    0.06546    3.13872   43.01026
       865    1.34637    0.22908    1.01841   47.99131
       866    3.17391    0.67930    1.17500  108.45177
       867    0.37742    0.03320    3.81049   34.07457
       868    0.79686    0.11051    2.36025   49.85168
       869    2.07413    0.39764    0.22317   11.76491
       870    2.55049    0.51864    0.31797   31.11791
       871    1.45582    0.25089    0.82572   44.91545
       872    3.22639    0.68454    1.27358  115.55266
       873    0.32837    0.02467    4.00386   30.73979
       874    0.65397    0.08045    2.81281   46.31755
       875    1.64221    0.28983    0.55594   37.77835
       876    3.18802    0.68063    1.20085  110.37659
       877    0.36425    0.02998    3.86189   33.17412
       878    0.75669    0.09854    2.48245   49.00135
       879    1.95727    0.36320    0.27023   20.15568
       880    2.78530    0.55966    0.52126   56.60705
       881    0.97842    0.14171    1.84464   51.83387
       882    2.56464    0.50805    0.31356   32.04907
       883    1.44044    0.23870    0.84685   45.54204
       884    3.22478    0.67700    1.26043  114.98788
       885    0.33351    0.02372    3.98329   30.96731
       886    0.66638    0.07903    2.77117   46.68451
       887    1.67448    0.29188    0.51383   36.31872
       888    3.17662    0.65171    1.14286  107.46967
       889    0.38841    0.03079    3.76756   34.29511
       890    0.81911    0.10677    2.29171   50.21127
       891    2.13391    0.39551    0.19456    7.70027
       892    2.44615    0.47051    0.23506   19.72211
       893    1.72104    0.29622    0.45759   34.22469
       894    3.13657    0.63608    1.05646  101.54884
       895    0.43683    0.03686    3.58238   37.17132
       896    0.96450    0.13214    1.87982   51.74393
       897    2.52646    0.48630    0.27540   27.61173
       898    1.53993    0.25317    0.68701   42.14996
       899    3.23916    0.65697    1.25966  115.92598
       900    0.32935    0.02063    3.99977   30.56736
       901    0.65121    0.07078    2.82062   46.16628
       902    1.62517    0.27085    0.56900   38.67633
       903    3.20631    0.64792    1.18915  111.08420
       904    0.36493    0.02444    3.85889   32.79082
       905    0.74834    0.08590    2.50646   48.79784
       906    1.92214    0.33493    0.27786   22.89951
       907    2.86868    0.55685    0.60113   65.64749
       908    0.84819    0.10471    2.20431   50.65064
       909    2.21711    0.39885    0.17164    1.68147
       910    2.27659    0.40966    0.17059    3.51980
       911    2.14102    0.37699    0.17752    7.74105
       912    2.45131    0.45401    0.22104   19.62060
       913    1.73097    0.28271    0.43779   33.98562
       914    3.13266    0.61359    1.02206   99.84551
       915    0.45660    0.03532    3.50781   37.80078
       916    1.01226    0.13278    1.75191   51.90456
       917    2.63797    0.49207    0.33748   38.59750
       918    1.31160    0.19283    1.07266   48.97178
       919    3.14117    0.61613    1.03894  101.00150
       920    0.44864    0.03282    3.53753   37.38565
       921    0.98725    0.12557    1.81655   51.87113
       922    2.57679    0.46823    0.28055   31.70280
       923    1.45802    0.22215    0.80828   45.11430
       924    3.23539    0.62719    1.21457  113.78920
       925    0.34986    0.01915    3.91808   31.59633
       926    0.69911    0.07107    2.66221   47.50799
       927    1.77001    0.28378    0.39321   32.07301
       928    3.09342    0.58739    0.92908   93.62627
       929    0.51810    0.04089    3.28171   40.62973
       930    1.19470    0.16198    1.31330   50.96265
       931    2.98933    0.56054    0.74999   79.76904
       932    0.66742    0.06338    2.76549   46.51778
       933    1.66914    0.25530    0.50084   37.16197
       934    3.19417    0.60712    1.11680  107.40675
       935    0.39939    0.02336    3.72465   34.50334
       936    0.83576    0.09141    2.23867   50.38966
       937    2.17011    0.36404    0.15783    5.97133
       938    2.41192    0.41552    0.17951   14.84089
       939    1.85231    0.29448    0.31413   27.61349
       940    2.99383    0.55092    0.74526   79.84865
       941    0.66929    0.06108    2.75899   46.49083
       942    1.67044    0.25055    0.49672   37.17834
       943    3.19178    0.59360    1.09642  106.38809
       944    0.41015    0.02317    3.68324   34.98225
       945    0.86357    0.09200    2.15649   50.78257
       946    2.24797    0.37541    0.14753    0.80509
       947    2.23745    0.37063    0.14578    1.05281
       948    2.26727    0.37624    0.14539    1.89955
       949    2.19671    0.36005    0.14719    4.14987
       950    2.36191    0.39496    0.15707    9.96804
       951    1.98340    0.30942    0.21531   19.80233
       952    2.79840    0.49218    0.46241   55.18289
       953    1.01992    0.11760    1.72802   51.89162
       954    2.64538    0.45813    0.30986   38.02688
       955    1.33592    0.17563    1.01743   48.66603
       956    3.16473    0.57401    1.02762  102.03431
       957    0.44819    0.02549    3.53881   36.89843
       958    0.96983    0.10520    1.85891   51.74777
       959    2.52515    0.42264    0.21703   25.22489
       960    1.61222    0.22735    0.56572   39.87327
       961    3.22794    0.58657    1.15182  110.59540
       962    0.38264    0.01776    3.78936   33.01071
       963    0.77464    0.07040    2.42156   49.03759
       964    1.98114    0.29965    0.21093   20.14603
       965    2.80968    0.48755    0.46858   56.27314
       966    1.00442    0.10870    1.76683   51.83585
       967    2.60588    0.43821    0.26859   33.46258
       968    1.43118    0.18704    0.84140   46.27210
       969    3.23066    0.57725    1.14587  110.57049
       970    0.38449    0.01730    3.78215   32.97000
       971    0.77397    0.06767    2.42329   48.61887
       972    1.96397    0.29335    0.21944   21.29266
       973    2.84205    0.48210    0.49545   59.57542
       974    0.95485    0.09651    1.89811   51.59142
       975    2.48126    0.40273    0.18532   20.60353
       976    1.72219    0.23925    0.42569   35.05346
       977    3.16716    0.55061    1.00537  101.15188
       978    0.46189    0.02311    3.48734   37.23829
       979    0.99674    0.10070    1.78555   51.80241
       980    2.58794    0.41691    0.24077   31.01136
       981    1.48785    0.18904    0.74358   44.66647
       982    3.24772    0.56455    1.16242  112.24118
       983    0.37701    0.01657    3.81126   31.64506
       984    0.73570    0.05705    2.54246   47.60502
       985    1.83755    0.25473    0.30659   29.13734
       986    3.04803    0.51141    0.77828   84.63427
       987    0.62700    0.03990    2.89901   44.27431
       988    1.49603    0.18553    0.72857   44.34606
       989    3.25451    0.55392    1.16305  112.64051
       990    0.37725    0.01680    3.81034   31.38228
       991    0.72940    0.05334    2.56214   47.35649
       992    1.81248    0.24214    0.32562   30.67549
       993    3.08409    0.50606    0.82598   88.80282
       994    0.58455    0.03343    3.04486   42.56069
       995    1.36188    0.15564    0.95989   48.08709
       996    3.17760    0.52779    0.99837  101.48621
       997    0.46651    0.02133    3.47002   36.38340
       998    0.98095    0.08756    1.82542   51.16531
       999    2.51127    0.37846    0.17639   22.55880

Final Weights:         0.5014483588        -0.3012134558        -0.2313622682         0.5911196707 