# Cycles, Average Predicted Temperature, Stddev Predicted Temperature, Mean Squared Error, || MSE Gradient ||
         0 1.9946424e-02 4.3677517e-02 5.0609833e+00 9.4964479e-01
         1 1.9804866e-02 4.3992969e-02 5.0616478e+00 9.4677618e-01
         2 2.0464335e-02 4.4977589e-02 5.0587690e+00 9.9778161e-01
         3 2.1001456e-02 4.5964469e-02 5.0564434e+00 1.0576799e+00
         4 2.1135293e-02 4.6563449e-02 5.0558971e+00 1.0594460e+00
         5 2.1886170e-02 4.7793932e-02 5.0526377e+00 1.1322022e+00
         6 2.1814431e-02 4.8216669e-02 5.0530007e+00 1.1254939e+00
         7 2.2667780e-02 4.9465919e-02 5.0492879e+00 1.1861936e+00
         8 2.3386241e-02 5.0809924e-02 5.0461951e+00 1.2545180e+00
         9 2.3578807e-02 5.1454696e-02 5.0453962e+00 1.2576562e+00
        10 2.3573868e-02 5.1059244e-02 5.0453778e+00 1.2491253e+00
        11 2.4550365e-02 5.2757489e-02 5.0411694e+00 1.2839189e+00
        12 2.4578167e-02 5.3230055e-02 5.0410947e+00 1.2894369e+00
        13 2.5163599e-02 5.4441066e-02 5.0385973e+00 1.3135083e+00
        14 2.5569556e-02 5.5187216e-02 5.0368573e+00 1.3200225e+00
        15 2.5812410e-02 5.5366944e-02 5.0357875e+00 1.3180929e+00
        16 2.6271373e-02 5.6294030e-02 5.0338320e+00 1.3428487e+00
        17 2.7110022e-02 5.7647668e-02 5.0302249e+00 1.3886511e+00
        18 2.7129822e-02 5.8017416e-02 5.0301789e+00 1.3976226e+00
        19 2.8047946e-02 5.9538143e-02 5.0262415e+00 1.4330045e+00
        20 2.8516594e-02 6.0337909e-02 5.0242370e+00 1.4505631e+00
        21 2.9053769e-02 6.1558205e-02 5.0219788e+00 1.4651674e+00
        22 3.0204198e-02 6.3364046e-02 5.0170514e+00 1.5020069e+00
        23 3.0152541e-02 6.3426107e-02 5.0172906e+00 1.5057244e+00
        24 3.0634155e-02 6.4221410e-02 5.0152357e+00 1.5137749e+00
        25 3.1353470e-02 6.5757826e-02 5.0122155e+00 1.5240407e+00
        26 3.2102594e-02 6.6828803e-02 5.0090052e+00 1.5641979e+00
        27 3.2806281e-02 6.8299517e-02 5.0060560e+00 1.5791090e+00
        28 3.3199619e-02 6.9128819e-02 5.0044108e+00 1.5832073e+00
        29 3.3913519e-02 7.0385002e-02 5.0013940e+00 1.6175957e+00
        30 3.4890628e-02 7.1116660e-02 4.9971303e+00 1.6551610e+00
        31 3.5226089e-02 7.2380191e-02 4.9958127e+00 1.6312548e+00
        32 3.5031151e-02 7.2189436e-02 4.9966561e+00 1.6296170e+00
        33 3.7138548e-02 7.5905569e-02 4.9877944e+00 1.6894894e+00
        34 3.7236157e-02 7.6034878e-02 4.9873783e+00 1.7025294e+00
        35 3.7141972e-02 7.5430804e-02 4.9877073e+00 1.7129596e+00
        36 3.8670552e-02 7.8629220e-02 4.9813787e+00 1.7456678e+00
        37 3.9090128e-02 7.9133600e-02 4.9795867e+00 1.7790156e+00
        38 3.9214495e-02 7.9172189e-02 4.9790381e+00 1.7806038e+00
        39 3.9913026e-02 8.0690230e-02 4.9761658e+00 1.8009255e+00
        40 4.0143021e-02 8.1475301e-02 4.9752678e+00 1.7871971e+00
        41 4.1402860e-02 8.3963735e-02 4.9700646e+00 1.8525219e+00
        42 4.2475548e-02 8.5279523e-02 4.9655090e+00 2.1028704e+00
        43 4.3215481e-02 8.5512062e-02 4.9622540e+00 2.1479299e+00
        44 4.4128057e-02 8.7724472e-02 4.9585754e+00 2.1710434e+00
        45 4.5551211e-02 8.9962924e-02 4.9526420e+00 2.1901313e+00
        46 4.5810793e-02 9.0419838e-02 4.9515700e+00 2.2162309e+00
        47 4.7405555e-02 9.2587035e-02 4.9448777e+00 2.2417434e+00
        48 4.7724879e-02 9.3448604e-02 4.9436191e+00 2.2652234e+00
        49 4.9571523e-02 9.6617141e-02 4.9360203e+00 2.3501446e+00
        50 4.9594110e-02 9.6049378e-02 4.9358106e+00 2.3394700e+00
        51 5.0494481e-02 9.8097934e-02 4.9322122e+00 2.3757451e+00
        52 5.2564455e-02 1.0027941e-01 4.9234640e+00 2.4369666e+00
        53 5.3072180e-02 1.0191956e-01 4.9215450e+00 2.4065449e+00
        54 5.5024459e-02 1.0447324e-01 4.9134230e+00 2.5292927e+00
        55 5.5761982e-02 1.0591507e-01 4.9104608e+00 2.5305411e+00
        56 5.6634122e-02 1.0719563e-01 4.9068737e+00 2.5466468e+00
        57 5.7998617e-02 1.0912388e-01 4.9012546e+00 2.5754979e+00
        58 5.9093136e-02 1.1098301e-01 4.8968247e+00 2.5925226e+00
        59 6.0516902e-02 1.1361611e-01 4.8911248e+00 2.6678285e+00
        60 6.0062501e-02 1.1278255e-01 4.8929435e+00 2.6521891e+00
        61 6.3360237e-02 1.1842818e-01 4.8796895e+00 2.7120379e+00
        62 6.3363048e-02 1.1849970e-01 4.8796941e+00 2.7042352e+00
        63 6.5466458e-02 1.2167885e-01 4.8711825e+00 2.7641385e+00
        64 6.6894131e-02 1.2344134e-01 4.8653242e+00 2.7819466e+00
        65 6.9169941e-02 1.2731595e-01 4.8562770e+00 2.8326493e+00
        66 6.9531581e-02 1.2819023e-01 4.8549093e+00 2.8125291e+00
        67 7.1204493e-02 1.3042874e-01 4.8481313e+00 2.8661585e+00
        68 7.2501781e-02 1.3389230e-01 4.8433457e+00 2.8511390e+00
        69 7.2549706e-02 1.3356611e-01 4.8430479e+00 2.8302922e+00
        70 7.4720627e-02 1.3636531e-01 4.8342708e+00 2.8857472e+00
        71 7.6530069e-02 1.4062496e-01 4.8275124e+00 2.8904035e+00
        72 7.8511316e-02 1.4337590e-01 4.8196092e+00 2.9481541e+00
        73 7.9594381e-02 1.4534673e-01 4.8154341e+00 2.9288149e+00
        74 8.1962098e-02 1.5049583e-01 4.8065944e+00 2.9691904e+00
        75 8.1865791e-02 1.5077960e-01 4.8071012e+00 2.9257316e+00
        76 8.4844131e-02 1.5393597e-01 4.7950427e+00 2.9831582e+00
        77 8.4133815e-02 1.5458382e-01 4.7983462e+00 2.9283865e+00
        78 8.6376149e-02 1.5868873e-01 4.7898380e+00 2.9677982e+00
        79 8.9058085e-02 1.6267094e-01 4.7794166e+00 2.9962379e+00
        80 9.0375581e-02 1.6644693e-01 4.7749164e+00 2.9983904e+00
        81 9.1733858e-02 1.6849883e-01 4.7696867e+00 3.0240958e+00
        82 9.4120981e-02 1.7236538e-01 4.7606147e+00 3.0554787e+00
        83 9.4550347e-02 1.7404252e-01 4.7593280e+00 3.0028849e+00
        84 9.6071233e-02 1.7706469e-01 4.7537767e+00 2.8376328e+00
        85 9.7278478e-02 1.7845382e-01 4.7490251e+00 2.8480575e+00
        86 9.8049646e-02 1.8072242e-01 4.7464907e+00 2.8412138e+00
        87 1.0164676e-01 1.8822881e-01 4.7336535e+00 2.8865590e+00
        88 1.0269638e-01 1.8785153e-01 4.7289625e+00 2.9207751e+00
        89 1.0303447e-01 1.9026044e-01 4.7284085e+00 2.8950345e+00
        90 1.0683502e-01 1.9606703e-01 4.7142011e+00 2.9560224e+00
        91 1.0748605e-01 1.9730724e-01 4.7118738e+00 2.9510469e+00
        92 1.0900267e-01 2.0141892e-01 4.7069586e+00 2.9546913e+00
        93 1.0944545e-01 2.0106920e-01 4.7049051e+00 2.9697604e+00
        94 1.1210911e-01 2.0584668e-01 4.6953506e+00 2.9800589e+00
        95 1.1421092e-01 2.1105024e-01 4.6884569e+00 2.9937575e+00
        96 1.1629516e-01 2.1538162e-01 4.6813253e+00 3.0043573e+00
        97 1.1666825e-01 2.1644066e-01 4.6801763e+00 2.9966036e+00
        98 1.1864721e-01 2.1851408e-01 4.6725626e+00 3.0430154e+00
        99 1.2067455e-01 2.2338239e-01 4.6659982e+00 3.0382057e+00
       100 1.2130748e-01 2.2571610e-01 4.6643269e+00 3.0276421e+00
       101 1.2461222e-01 2.2899226e-01 4.6516312e+00 3.0895441e+00
       102 1.2670330e-01 2.3347657e-01 4.6447405e+00 3.1182106e+00
       103 1.2720690e-01 2.3618402e-01 4.6438544e+00 3.0797950e+00
       104 1.2749290e-01 2.3639844e-01 4.6427306e+00 3.2402902e+00
       105 1.3260465e-01 2.4400152e-01 4.6245137e+00 3.3133780e+00
       106 1.3395259e-01 2.4877079e-01 4.6211057e+00 3.3149909e+00
       107 1.3420466e-01 2.4979999e-01 4.6205424e+00 3.2808353e+00
       108 1.3703948e-01 2.5400804e-01 4.6105659e+00 3.3245176e+00
       109 1.3992311e-01 2.5885258e-01 4.6007622e+00 3.3591757e+00
       110 1.4088586e-01 2.5976479e-01 4.5971363e+00 3.3517028e+00
       111 1.4194592e-01 2.6261676e-01 4.5941150e+00 3.3467674e+00
       112 1.4443196e-01 2.6785986e-01 4.5863257e+00 3.3705392e+00
       113 1.4768206e-01 2.7209566e-01 4.5748121e+00 3.4185354e+00
       114 1.4875918e-01 2.7472176e-01 4.5716790e+00 3.3937351e+00
       115 1.4959602e-01 2.7703643e-01 4.5694080e+00 3.3796395e+00
       116 1.5510306e-01 2.8714807e-01 4.5517978e+00 3.4348426e+00
       117 1.5737363e-01 2.8941980e-01 4.5435124e+00 3.2919946e+00
       118 1.5507414e-01 2.8843488e-01 4.5526608e+00 3.2317559e+00
       119 1.6093170e-01 2.9739048e-01 4.5331744e+00 3.2714659e+00
       120 1.6109548e-01 3.0150019e-01 4.5349451e+00 3.2417736e+00
       121 1.6496002e-01 3.0467297e-01 4.5205897e+00 3.2978036e+00
       122 1.6595734e-01 3.0676877e-01 4.5176750e+00 3.2898844e+00
       123 1.6602000e-01 3.0833182e-01 4.5183728e+00 3.2718075e+00
       124 1.6874767e-01 3.1315855e-01 4.5099066e+00 3.3661223e+00
       125 1.7260296e-01 3.1789267e-01 4.4967133e+00 3.4773128e+00
       126 1.7795967e-01 3.2603444e-01 4.4795231e+00 3.5398614e+00
       127 1.7520778e-01 3.2468298e-01 4.4901610e+00 3.4530062e+00
       128 1.7980179e-01 3.3348431e-01 4.4767353e+00 3.4562606e+00
       129 1.8103988e-01 3.3605527e-01 4.4732845e+00 3.4677690e+00
       130 1.8320856e-01 3.4005273e-01 4.4669349e+00 3.4790873e+00
       131 1.8832125e-01 3.4658940e-01 4.4501195e+00 3.4998066e+00
       132 1.8976486e-01 3.5388054e-01 4.4492209e+00 3.3257115e+00
       133 1.8924752e-01 3.4981335e-01 4.4485106e+00 3.3296721e+00
       134 1.9300976e-01 3.5645527e-01 4.4375653e+00 3.3379965e+00
       135 1.9383603e-01 3.5932217e-01 4.4361871e+00 3.3204134e+00
       136 1.9762426e-01 3.6490234e-01 4.4245189e+00 3.4410483e+00
       137 2.0082841e-01 3.7439234e-01 4.4182699e+00 3.4546384e+00
       138 2.0321177e-01 3.7794770e-01 4.4110911e+00 3.4835218e+00
       139 2.0255020e-01 3.7679422e-01 4.4129546e+00 3.4341477e+00
       140 2.0818563e-01 3.8842829e-01 4.3985962e+00 3.4559304e+00
       141 2.1015464e-01 3.9038128e-01 4.3920049e+00 3.4209178e+00
       142 2.1044931e-01 3.9019783e-01 4.3906483e+00 3.3347381e+00
       143 2.1409770e-01 3.9817747e-01 4.3819304e+00 3.3198862e+00
       144 2.2171013e-01 4.0896750e-01 4.3594090e+00 3.3743182e+00
       145 2.2343909e-01 4.0952816e-01 4.3527909e+00 3.4530467e+00
       146 2.2455743e-01 4.1256033e-01 4.3507092e+00 3.4685741e+00
       147 2.2347813e-01 4.1639126e-01 4.3582996e+00 3.3940802e+00
       148 2.2814266e-01 4.2301102e-01 4.3447934e+00 3.4262472e+00
       149 2.3058281e-01 4.2823797e-01 4.3392879e+00 3.3796753e+00
       150 2.3566386e-01 4.3314962e-01 4.3228281e+00 3.3763271e+00
       151 2.3836083e-01 4.4139403e-01 4.3190768e+00 3.3272654e+00
       152 2.4169988e-01 4.4823359e-01 4.3116105e+00 3.3141252e+00
       153 2.4045356e-01 4.4585629e-01 4.3145404e+00 3.3181040e+00
       154 2.4659234e-01 4.5429554e-01 4.2972668e+00 3.3663865e+00
       155 2.4619846e-01 4.5577219e-01 4.3002041e+00 3.3426277e+00
       156 2.5320384e-01 4.6872440e-01 4.2838839e+00 3.3101079e+00
       157 2.5285516e-01 4.7028334e-01 4.2867537e+00 3.2712278e+00
       158 2.5744644e-01 4.7414052e-01 4.2719025e+00 3.3405684e+00
       159 2.6095283e-01 4.8111310e-01 4.2644675e+00 3.2994902e+00
       160 2.6144502e-01 4.8760780e-01 4.2687825e+00 3.1836232e+00
       161 2.6585377e-01 4.8972870e-01 4.2531715e+00 3.2604327e+00
       162 2.6271618e-01 4.9113265e-01 4.2671296e+00 3.1514992e+00
       163 2.6704428e-01 4.9816514e-01 4.2567372e+00 3.1608164e+00
       164 2.7049936e-01 5.0281986e-01 4.2475733e+00 3.1640603e+00
       165 2.7265938e-01 5.0609549e-01 4.2422485e+00 3.1752739e+00
       166 2.7670424e-01 5.1408197e-01 4.2342611e+00 3.1479250e+00
       167 2.8133132e-01 5.1711789e-01 4.2189744e+00 3.1656303e+00
       168 2.8322147e-01 5.2129081e-01 4.2157965e+00 3.1639216e+00
       169 2.8424803e-01 5.3041253e-01 4.2213135e+00 3.0493243e+00
       170 2.8692190e-01 5.3459581e-01 4.2151609e+00 3.0202546e+00
       171 2.9165815e-01 5.4247024e-01 4.2048876e+00 3.0030422e+00
       172 2.9598202e-01 5.4889411e-01 4.1948160e+00 3.0172552e+00
       173 2.9602048e-01 5.5574872e-01 4.2022361e+00 2.9196102e+00
       174 3.0028691e-01 5.5453810e-01 4.1840734e+00 3.0089708e+00
       175 3.0505873e-01 5.6466743e-01 4.1766425e+00 2.9580649e+00
       176 3.0868066e-01 5.7329423e-01 4.1722448e+00 2.8958130e+00
       177 3.0996312e-01 5.7241152e-01 4.1662066e+00 2.9166569e+00
       178 3.1191368e-01 5.7608589e-01 4.1627872e+00 2.8835115e+00
       179 3.1680994e-01 5.8819571e-01 4.1577438e+00 2.8120906e+00
       180 3.1692720e-01 5.8507882e-01 4.1536290e+00 2.8539925e+00
       181 3.2118677e-01 5.9689327e-01 4.1509799e+00 2.7746974e+00
       182 3.2317335e-01 5.9767591e-01 4.1441791e+00 2.8012508e+00
       183 3.2894625e-01 6.0604627e-01 4.1318197e+00 2.7802149e+00
       184 3.2801480e-01 6.0660432e-01 4.1361118e+00 2.7285047e+00
       185 3.3400083e-01 6.1279413e-01 4.1204556e+00 2.7563077e+00
       186 3.3270705e-01 6.1770945e-01 4.1315130e+00 2.6285856e+00
       187 3.3516859e-01 6.2274720e-01 4.1282348e+00 2.6151765e+00
       188 3.4195555e-01 6.2991112e-01 4.1110026e+00 2.6160306e+00
       189 3.4377699e-01 6.3713470e-01 4.1131379e+00 2.5305728e+00
       190 3.4829838e-01 6.4572494e-01 4.1067673e+00 2.4793322e+00
       191 3.4669576e-01 6.4327768e-01 4.1097722e+00 2.4792612e+00
       192 3.5159799e-01 6.5074138e-01 4.1006055e+00 2.4471045e+00
       193 3.5515098e-01 6.5756332e-01 4.0959169e+00 2.4046661e+00
       194 3.5711845e-01 6.5777304e-01 4.0886651e+00 2.4142361e+00
       195 3.6694739e-01 6.7703878e-01 4.0768906e+00 2.3094485e+00
       196 3.6379475e-01 6.7102067e-01 4.0807820e+00 2.3504694e+00
       197 3.6550669e-01 6.7504929e-01 4.0796838e+00 2.3031827e+00
       198 3.7205505e-01 6.8754706e-01 4.0718242e+00 2.2058790e+00
       199 3.7149455e-01 6.8436706e-01 4.0695885e+00 2.2488394e+00
       200 3.6723930e-01 6.8058406e-01 4.0805933e+00 2.2091089e+00
       201 3.7427187e-01 6.9341078e-01 4.0715155e+00 2.1735054e+00
       202 3.8461213e-01 7.0684812e-01 4.0512504e+00 2.1247545e+00
       203 3.7846004e-01 7.0253675e-01 4.0683999e+00 2.0617426e+00
       204 3.7631077e-01 7.0081978e-01 4.0741224e+00 2.0656099e+00
       205 3.8422660e-01 7.1112862e-01 4.0587733e+00 2.0065549e+00
       206 3.8802859e-01 7.1604151e-01 4.0514661e+00 2.0042373e+00
       207 3.8901592e-01 7.2360569e-01 4.0586421e+00 1.8879047e+00
       208 3.9329214e-01 7.2195437e-01 4.0401933e+00 1.9785962e+00
       209 3.9398353e-01 7.2847672e-01 4.0470601e+00 1.9076294e+00
       210 3.9270686e-01 7.2864576e-01 4.0520960e+00 1.8379245e+00
       211 4.0187613e-01 7.4199609e-01 4.0374018e+00 1.7959372e+00
       212 4.0138150e-01 7.4290989e-01 4.0406062e+00 1.7556879e+00
       213 4.0350775e-01 7.4802752e-01 4.0402979e+00 1.7289765e+00
       214 4.0685062e-01 7.5475119e-01 4.0379399e+00 1.6583839e+00
       215 4.0660398e-01 7.4856145e-01 4.0295535e+00 1.7440508e+00
       216 4.0798653e-01 7.6019119e-01 4.0419516e+00 1.5741406e+00
       217 4.1232998e-01 7.6395964e-01 4.0315461e+00 1.5957359e+00
       218 4.1250736e-01 7.6295046e-01 4.0293464e+00 1.5837919e+00
       219 4.1361790e-01 7.6664987e-01 4.0308824e+00 1.5542920e+00
       220 4.2121426e-01 7.7297691e-01 4.0124903e+00 1.5818577e+00
       221 4.2080130e-01 7.7335113e-01 4.0145954e+00 1.5450444e+00
       222 4.2015258e-01 7.8017958e-01 4.0276022e+00 1.4432182e+00
       223 4.2180659e-01 7.7842097e-01 4.0187473e+00 1.4900116e+00
       224 4.2735061e-01 7.9503867e-01 4.0244416e+00 1.2885160e+00
       225 4.2954963e-01 7.9209224e-01 4.0116696e+00 1.4003266e+00
       226 4.3393030e-01 8.0233925e-01 4.0119092e+00 1.2618013e+00
       227 4.3143333e-01 7.9759167e-01 4.0134848e+00 1.2873800e+00
       228 4.3379731e-01 7.9817537e-01 4.0057330e+00 1.3303847e+00
       229 4.2840536e-01 7.9961428e-01 4.0278538e+00 1.2282151e+00
       230 4.3888975e-01 8.1168299e-01 4.0088111e+00 1.1863851e+00
       231 4.4004949e-01 8.0859315e-01 3.9995607e+00 1.2641377e+00
       232 4.4272272e-01 8.1728242e-01 4.0039162e+00 1.1496456e+00
       233 4.4042403e-01 8.1207339e-01 4.0038310e+00 1.2021409e+00
       234 4.4325414e-01 8.2239205e-01 4.0103533e+00 1.0552612e+00
       235 4.4539862e-01 8.2253781e-01 4.0027664e+00 1.1016650e+00
       236 4.4684608e-01 8.2341405e-01 3.9989310e+00 1.0995435e+00
       237 4.5766157e-01 8.4044695e-01 3.9879694e+00 9.8493492e-01
       238 4.5061694e-01 8.2974061e-01 3.9956604e+00 1.0666346e+00
       239 4.5732326e-01 8.4395376e-01 3.9951021e+00 8.9868180e-01
       240 4.5453034e-01 8.3523042e-01 3.9905825e+00 1.0251578e+00
       241 4.6084604e-01 8.4718061e-01 3.9878059e+00 9.1985596e-01
       242 4.6017004e-01 8.4492488e-01 3.9864343e+00 9.2776957e-01
       243 4.5812966e-01 8.4712424e-01 3.9975421e+00 8.7074698e-01
       244 4.5909448e-01 8.4472808e-01 3.9899944e+00 9.2993210e-01
       245 4.6700739e-01 8.5783620e-01 3.9837282e+00 8.2114908e-01
       246 4.7245831e-01 8.6120453e-01 3.9699012e+00 8.2340194e-01
       247 4.6586058e-01 8.5824703e-01 3.9885681e+00 7.8646982e-01
       248 4.7065754e-01 8.6392969e-01 3.9810767e+00 7.6431547e-01
       249 4.6823855e-01 8.5920420e-01 3.9816411e+00 8.0346910e-01
       250 4.7489931e-01 8.7084733e-01 3.9778373e+00 6.9611554e-01
       251 4.6957346e-01 8.6095934e-01 3.9798538e+00 7.7907338e-01
       252 4.7184796e-01 8.6995381e-01 3.9872412e+00 6.7334690e-01
       253 4.7383907e-01 8.7621422e-01 3.9910195e+00 6.1473018e-01
       254 4.7570503e-01 8.7391414e-01 3.9802975e+00 6.7773610e-01
       255 4.7886154e-01 8.6917633e-01 3.9607267e+00 7.9572357e-01
       256 4.7761458e-01 8.7810034e-01 3.9807859e+00 6.4304347e-01
       257 4.8410140e-01 8.8542110e-01 3.9704951e+00 5.9982051e-01
       258 4.9259363e-01 8.9189732e-01 3.9517589e+00 5.8581905e-01
       259 4.8082130e-01 8.7917986e-01 3.9712031e+00 6.8456993e-01
       260 4.8862702e-01 8.9223230e-01 3.9664663e+00 5.3764388e-01
       261 4.8014741e-01 8.8256500e-01 3.9795776e+00 6.1389739e-01
       262 4.8563146e-01 8.9036892e-01 3.9738211e+00 5.3680845e-01
       263 4.8168738e-01 8.8331177e-01 3.9753885e+00 6.1581689e-01
       264 4.8855134e-01 8.9827974e-01 3.9775638e+00 4.5445662e-01
       265 4.9009949e-01 8.9770683e-01 3.9710239e+00 4.6238637e-01
       266 4.8992120e-01 8.9147153e-01 3.9605023e+00 5.6996836e-01
       267 4.8252439e-01 8.8651127e-01 3.9780595e+00 5.7019169e-01
       268 4.8934092e-01 8.9802080e-01 3.9742874e+00 4.8340311e-01
       269 4.9519468e-01 9.0184999e-01 3.9603762e+00 4.6572878e-01
       270 4.8262463e-01 8.9822653e-01 3.9986100e+00 3.7881232e-01
       271 4.9579049e-01 9.0345376e-01 3.9611579e+00 4.6484449e-01
       272 4.9468574e-01 9.1006695e-01 3.9770706e+00 3.3419686e-01
       273 5.0056402e-01 9.0317577e-01 3.9437477e+00 5.2876931e-01
       274 4.9384639e-01 9.0486665e-01 3.9706119e+00 4.3012676e-01
       275 5.0032584e-01 9.1198894e-01 3.9605877e+00 3.7303341e-01
       276 4.8901140e-01 8.9811077e-01 3.9756221e+00 4.7413354e-01
       277 5.0027967e-01 9.1899572e-01 3.9735803e+00 2.6591249e-01
       278 4.9931377e-01 9.1714036e-01 3.9735917e+00 2.7718798e-01
       279 4.9178771e-01 9.0570526e-01 3.9794442e+00 3.7220112e-01
       280 5.0624539e-01 9.2009126e-01 3.9545251e+00 3.1469672e-01
       281 4.9881684e-01 9.1806384e-01 3.9770458e+00 2.7170111e-01
       282 4.9759243e-01 9.1484154e-01 3.9754764e+00 3.1623002e-01
       283 5.0706418e-01 9.2835199e-01 3.9669083e+00 2.0410623e-01
       284 5.0189126e-01 9.1808929e-01 3.9662162e+00 3.2656630e-01
       285 4.9646560e-01 9.1827766e-01 3.9857690e+00 2.4088997e-01
       286 5.0099123e-01 9.1598279e-01 3.9655348e+00 3.1920585e-01
       287 5.0261033e-01 9.2233072e-01 3.9714811e+00 2.4135979e-01
       288 5.1065555e-01 9.2888231e-01 3.9552493e+00 2.4372647e-01
       289 4.9900871e-01 9.1936125e-01 3.9787503e+00 2.6853150e-01
       290 5.0245484e-01 9.1889173e-01 3.9656986e+00 3.0483657e-01
       291 5.0458625e-01 9.1954058e-01 3.9593647e+00 3.3850798e-01
       292 5.0710750e-01 9.3067093e-01 3.9710666e+00 2.0137976e-01
       293 5.0915578e-01 9.3675219e-01 3.9752086e+00 1.3304473e-01
       294 5.0573868e-01 9.2399774e-01 3.9635159e+00 2.7919321e-01
       295 5.0814501e-01 9.3133500e-01 3.9686478e+00 1.8217708e-01
       296 4.9901175e-01 9.1342368e-01 3.9678573e+00 3.6889713e-01
       297 5.0994410e-01 9.2834056e-01 3.9567459e+00 2.4753358e-01
       298 5.0510154e-01 9.2181419e-01 3.9617329e+00 2.9248159e-01
       299 5.0799654e-01 9.3431715e-01 3.9747344e+00 1.4877470e-01
       300 5.0263485e-01 9.2212615e-01 3.9710172e+00 2.9819865e-01
       301 5.1130687e-01 9.3524236e-01 3.9648149e+00 1.8543131e-01
       302 5.0436770e-01 9.3172375e-01 3.9826904e+00 1.7452893e-01
       303 5.1817919e-01 9.3959495e-01 3.9488611e+00 1.8985334e-01
       304 5.0651206e-01 9.2980567e-01 3.9715556e+00 2.1707510e-01
       305 5.1327083e-01 9.3293537e-01 3.9536041e+00 2.4445435e-01
       306 5.1054176e-01 9.4026493e-01 3.9769253e+00 1.2426557e-01
       307 5.1497409e-01 9.4264590e-01 3.9658383e+00 1.1599553e-01
       308 5.1486233e-01 9.3998939e-01 3.9612292e+00 1.3972754e-01
       309 5.1346736e-01 9.4922321e-01 3.9835702e+00 1.4397366e-01
       310 5.1416320e-01 9.3901065e-01 3.9618436e+00 1.4840767e-01
       311 5.0988046e-01 9.2828257e-01 3.9568621e+00 2.9614952e-01
       312 5.1297149e-01 9.3573542e-01 3.9598878e+00 1.9220218e-01
       313 5.1792266e-01 9.4423670e-01 3.9585038e+00 1.1976293e-01
       314 5.1396644e-01 9.4275484e-01 3.9695800e+00 1.1514269e-01
       315 5.1499032e-01 9.3930227e-01 3.9594888e+00 1.5683183e-01
       316 5.0719780e-01 9.3584990e-01 3.9804150e+00 1.2758442e-01
       317 5.1635891e-01 9.4491804e-01 3.9652705e+00 1.1075160e-01
       318 5.1866057e-01 9.4860347e-01 3.9641854e+00 9.7833859e-02
       319 5.0608629e-01 9.2150475e-01 3.9576892e+00 3.4769842e-01
       320 5.0954675e-01 9.4000867e-01 3.9799442e+00 1.0604719e-01
       321 5.0370451e-01 9.2586836e-01 3.9741547e+00 2.4314826e-01
       322 5.0326137e-01 9.2739730e-01 3.9785531e+00 2.1454860e-01
       323 5.0885306e-01 9.4233732e-01 3.9867693e+00 9.0516163e-02
       324 5.0621184e-01 9.3446597e-01 3.9813021e+00 1.4617219e-01
       325 5.1332394e-01 9.4240739e-01 3.9711808e+00 1.0890802e-01
       326 5.1665314e-01 9.4451656e-01 3.9634805e+00 1.1528681e-01
       327 5.1764984e-01 9.3869686e-01 3.9490283e+00 1.7913435e-01
       328 5.2162662e-01 9.5151546e-01 3.9593431e+00 8.8310006e-02
       329 5.0827152e-01 9.4085542e-01 3.9860263e+00 9.5545283e-02
       330 5.1398746e-01 9.4588007e-01 3.9754086e+00 9.7834208e-02
       331 5.1273194e-01 9.4011884e-01 3.9689519e+00 1.2536264e-01
       332 5.1299598e-01 9.3778888e-01 3.9636489e+00 1.6457235e-01
       333 5.1503936e-01 9.4292655e-01 3.9661385e+00 1.3389827e-01
       334 5.1178165e-01 9.3890113e-01 3.9700030e+00 1.7747890e-01
       335 5.1632398e-01 9.3908747e-01 3.9544081e+00 1.8477724e-01
       336 5.1370568e-01 9.4791972e-01 3.9802605e+00 9.4430457e-02
       337 5.1053866e-01 9.3481492e-01 3.9667170e+00 2.2881624e-01
       338 5.1197633e-01 9.3659715e-01 3.9649976e+00 1.8108473e-01
       339 5.0757515e-01 9.3808779e-01 3.9832791e+00 1.1702454e-01
       340 5.1651326e-01 9.4890793e-01 3.9722856e+00 8.6405989e-02
       341 5.1292404e-01 9.4340224e-01 3.9744615e+00 1.2323524e-01
       342 5.1183495e-01 9.4245023e-01 3.9764927e+00 1.1640727e-01
       343 5.2376011e-01 9.5281916e-01 3.9543735e+00 8.9451870e-02
       344 5.2671808e-01 9.6068224e-01 3.9591024e+00 1.3017417e-01
       345 5.2030184e-01 9.4863687e-01 3.9585053e+00 1.0436779e-01
       346 5.1562665e-01 9.4255311e-01 3.9633743e+00 1.3354602e-01
       347 5.0564445e-01 9.3494865e-01 3.9842054e+00 1.7852861e-01
       348 5.2024295e-01 9.5198992e-01 3.9650842e+00 1.0080286e-01
       349 5.1599974e-01 9.4005249e-01 3.9573583e+00 2.0177335e-01
       350 5.1221929e-01 9.4002760e-01 3.9705815e+00 1.4767752e-01
       351 5.1984481e-01 9.5053226e-01 3.9637038e+00 9.1715761e-02
       352 5.1363753e-01 9.4110778e-01 3.9676319e+00 1.2820836e-01
       353 5.2079736e-01 9.5512544e-01 3.9691251e+00 1.3378999e-01
       354 5.1061470e-01 9.3718374e-01 3.9708840e+00 1.8766809e-01
       355 5.1376386e-01 9.3573227e-01 3.9570994e+00 2.2211736e-01
       356 5.1907080e-01 9.4580631e-01 3.9574504e+00 1.3554381e-01
       357 5.1341869e-01 9.3899710e-01 3.9644320e+00 1.8083249e-01
       358 5.2319350e-01 9.5161816e-01 3.9540645e+00 9.1259288e-02
       359 5.1646207e-01 9.4405136e-01 3.9632717e+00 1.1930564e-01
       360 5.2426970e-01 9.6138618e-01 3.9689939e+00 1.5014128e-01
       361 5.1498573e-01 9.4439110e-01 3.9690907e+00 1.1112763e-01
       362 5.2333018e-01 9.5146696e-01 3.9532995e+00 1.0238947e-01
       363 5.1441037e-01 9.4003322e-01 3.9628976e+00 2.2647902e-01
       364 5.1630923e-01 9.4173308e-01 3.9594358e+00 1.9590873e-01
       365 5.2538741e-01 9.6416432e-01 3.9704440e+00 2.2021870e-01
       366 5.1808048e-01 9.5153773e-01 3.9717922e+00 9.1220091e-02
       367 5.2266083e-01 9.5070008e-01 3.9541784e+00 1.0002153e-01
       368 5.1812746e-01 9.5710257e-01 3.9822489e+00 1.5349789e-01
       369 5.1379374e-01 9.3935887e-01 3.9637947e+00 1.9646101e-01
       370 5.2092470e-01 9.5874955e-01 3.9756159e+00 1.3012564e-01
       371 5.1895463e-01 9.4330399e-01 3.9531299e+00 2.0027895e-01
       372 5.1559042e-01 9.4306538e-01 3.9644674e+00 1.6849464e-01
       373 5.1715640e-01 9.5024810e-01 3.9725768e+00 9.4775604e-02
       374 5.2533014e-01 9.5603638e-01 3.9550364e+00 9.3354821e-02
       375 5.1809686e-01 9.5014814e-01 3.9690922e+00 1.0187014e-01
       376 5.2039847e-01 9.5666086e-01 3.9734554e+00 1.1760965e-01
       377 5.2591932e-01 9.5481548e-01 3.9506489e+00 1.0724882e-01
       378 5.1884795e-01 9.4290445e-01 3.9527497e+00 2.0419599e-01
       379 5.1405701e-01 9.4198713e-01 3.9678151e+00 1.3714954e-01
       380 5.2212014e-01 9.4994641e-01 3.9546349e+00 1.2537455e-01
       381 5.2646659e-01 9.6013624e-01 3.9589302e+00 1.2003398e-01
       382 5.2386833e-01 9.5894698e-01 3.9657107e+00 1.0549767e-01
       383 5.1840613e-01 9.5186664e-01 3.9712779e+00 9.8710811e-02
       384 5.2756058e-01 9.6170627e-01 3.9581357e+00 1.7936858e-01
       385 5.2304839e-01 9.5208783e-01 3.9554654e+00 1.0503124e-01
       386 5.1341973e-01 9.3794541e-01 3.9624544e+00 2.1787230e-01
       387 5.2005641e-01 9.5004954e-01 3.9620461e+00 1.0685050e-01
       388 5.1839099e-01 9.5221670e-01 3.9719974e+00 9.2809702e-02
       389 5.2339600e-01 9.5268051e-01 3.9553805e+00 9.7024767e-02
       390 5.2607141e-01 9.6204002e-01 3.9639671e+00 1.5330892e-01
       391 5.1508750e-01 9.4474135e-01 3.9693954e+00 1.3431131e-01
       392 5.2565217e-01 9.5829373e-01 3.9582347e+00 1.1343884e-01
       393 5.2405411e-01 9.6073925e-01 3.9685028e+00 1.2608529e-01
       394 5.1523440e-01 9.4373430e-01 3.9669782e+00 1.4803057e-01
       395 5.2520552e-01 9.5618736e-01 3.9557598e+00 1.1493578e-01
       396 5.1639254e-01 9.5583679e-01 3.9859065e+00 1.5926392e-01
       397 5.1820580e-01 9.5227232e-01 3.9727518e+00 9.7686342e-02
       398 5.2300250e-01 9.5332770e-01 3.9579881e+00 1.0134997e-01
       399 5.2420280e-01 9.5297267e-01 3.9531209e+00 1.0391878e-01
       400 5.1629945e-01 9.5309079e-01 3.9809909e+00 1.5152945e-01
       401 5.2276016e-01 9.5782853e-01 3.9674363e+00 1.3231150e-01
       402 5.2285821e-01 9.5333347e-01 3.9585030e+00 1.0156214e-01
       403 5.2144308e-01 9.4782307e-01 3.9529715e+00 1.6089031e-01
       404 5.1911581e-01 9.4997447e-01 3.9651947e+00 1.0076080e-01
       405 5.2614910e-01 9.6202050e-01 3.9636587e+00 1.5485753e-01
       406 5.2140304e-01 9.5181423e-01 3.9606932e+00 1.0152086e-01
       407 5.2142570e-01 9.5511245e-01 3.9669035e+00 1.0239622e-01
       408 5.1987371e-01 9.4979262e-01 3.9621971e+00 1.0671994e-01
       409 5.2911230e-01 9.6106371e-01 3.9514975e+00 1.0388993e-01
       410 5.1845398e-01 9.5003705e-01 3.9676306e+00 1.0313091e-01
       411 5.1505431e-01 9.4739292e-01 3.9745289e+00 9.5819183e-02
       412 5.2340828e-01 9.5559142e-01 3.9608924e+00 1.1597596e-01
       413 5.2186284e-01 9.5636586e-01 3.9677715e+00 1.0513515e-01
       414 5.2744485e-01 9.6332269e-01 3.9616504e+00 1.6228463e-01
       415 5.1657428e-01 9.4616311e-01 3.9668701e+00 1.2797526e-01
       416 5.2712692e-01 9.6569702e-01 3.9673382e+00 2.0807690e-01
       417 5.1919924e-01 9.4616188e-01 3.9576736e+00 1.2792109e-01
       418 5.2815198e-01 9.5718694e-01 3.9474039e+00 9.5958223e-02
       419 5.2656171e-01 9.6283758e-01 3.9637932e+00 1.3076581e-01
       420 5.2299584e-01 9.5185889e-01 3.9552131e+00 9.8724731e-02
       421 5.2402894e-01 9.5411952e-01 3.9559148e+00 1.0192782e-01
       422 5.2412479e-01 9.5582837e-01 3.9588441e+00 1.0327554e-01
       423 5.2440641e-01 9.5187890e-01 3.9503269e+00 1.3598575e-01
       424 5.2449211e-01 9.5467619e-01 3.9553610e+00 1.1394707e-01
       425 5.2429720e-01 9.5474743e-01 3.9561772e+00 9.7169817e-02
       426 5.2671378e-01 9.5862688e-01 3.9551726e+00 9.6958693e-02
       427 5.1655058e-01 9.4352081e-01 3.9619600e+00 1.6252687e-01
       428 5.1910701e-01 9.5084647e-01 3.9668831e+00 1.0377363e-01
       429 5.2319066e-01 9.5342247e-01 3.9575117e+00 1.2258852e-01
       430 5.1340042e-01 9.4469335e-01 3.9752261e+00 1.0703777e-01
       431 5.1860951e-01 9.5532153e-01 3.9771549e+00 1.0340878e-01
       432 5.2303877e-01 9.5138570e-01 3.9541625e+00 1.2429666e-01
       433 5.1739312e-01 9.5112110e-01 3.9734072e+00 9.1433490e-02
       434 5.2320217e-01 9.5559703e-01 3.9616228e+00 9.6094189e-02
       435 5.2529016e-01 9.5840657e-01 3.9597135e+00 1.1726888e-01
       436 5.2599499e-01 9.6022638e-01 3.9607472e+00 1.0624486e-01
       437 5.1758526e-01 9.5017142e-01 3.9709285e+00 1.0242914e-01
       438 5.1578610e-01 9.4903836e-01 3.9750826e+00 9.7417389e-02
       439 5.2383268e-01 9.6064812e-01 3.9691006e+00 1.3956982e-01
       440 5.1861165e-01 9.4956560e-01 3.9661830e+00 1.1726309e-01
       441 5.2003976e-01 9.5298179e-01 3.9676845e+00 1.0071889e-01
       442 5.2131622e-01 9.5220018e-01 3.9617316e+00 9.7827866e-02
       443 5.2673805e-01 9.5833774e-01 3.9545337e+00 1.2637779e-01
       444 5.2164049e-01 9.5429697e-01 3.9645956e+00 1.2525006e-01
       445 5.2222586e-01 9.5678267e-01 3.9673004e+00 1.0855682e-01
       446 5.2734776e-01 9.6265138e-01 3.9606957e+00 1.2164850e-01
       447 5.2305646e-01 9.5760253e-01 3.9659686e+00 1.0846170e-01
       448 5.1784052e-01 9.5538320e-01 3.9799657e+00 3.3950108e-01
       449 5.2321083e-01 9.5049231e-01 3.9518625e+00 4.4306305e-01
       450 5.1324040e-01 9.4088613e-01 3.9686093e+00 4.6193164e-01
       451 5.1876050e-01 9.4835610e-01 3.9633663e+00 4.1710637e-01
       452 5.2219592e-01 9.4992285e-01 3.9543254e+00 4.6471943e-01
       453 5.2027338e-01 9.4804238e-01 3.9574773e+00 4.4916104e-01
       454 5.2838425e-01 9.6742395e-01 3.9662974e+00 4.2437182e-01
       455 5.1849170e-01 9.4932059e-01 3.9661377e+00 4.2606488e-01
       456 5.2780778e-01 9.6285487e-01 3.9594852e+00 4.2548495e-01
       457 5.2977162e-01 9.5709175e-01 3.9415846e+00 4.6504029e-01
       458 5.1625275e-01 9.3866786e-01 3.9538699e+00 5.5037207e-01
       459 5.1490204e-01 9.3944163e-01 3.9600604e+00 5.1929182e-01
       460 5.1860875e-01 9.5197954e-01 3.9707833e+00 4.3108427e-01
       461 5.2162042e-01 9.4700887e-01 3.9508089e+00 5.0135836e-01
       462 5.1607580e-01 9.4181937e-01 3.9604167e+00 5.2140373e-01
       463 5.1825982e-01 9.3686715e-01 3.9434601e+00 5.9445692e-01
       464 5.1566345e-01 9.3911826e-01 3.9567820e+00 5.5326874e-01
       465 5.1921824e-01 9.4378260e-01 3.9531103e+00 5.1455741e-01
       466 5.0893681e-01 9.2640107e-01 3.9566938e+00 6.3258053e-01
       467 5.2529908e-01 9.5654714e-01 3.9561216e+00 4.9416636e-01
       468 5.1708886e-01 9.3606060e-01 3.9460514e+00 6.6947092e-01
       469 5.1861921e-01 9.3803324e-01 3.9443880e+00 6.0135578e-01
       470 5.2299208e-01 9.4897125e-01 3.9497372e+00 5.7857600e-01
       471 5.1626006e-01 9.3367433e-01 3.9444947e+00 6.4779958e-01
       472 5.2015509e-01 9.4882481e-01 3.9593753e+00 5.8489464e-01
       473 5.2176839e-01 9.3956878e-01 3.9362554e+00 6.4097575e-01
       474 5.1502395e-01 9.3034508e-01 3.9426241e+00 6.8844332e-01
       475 5.1642229e-01 9.3407893e-01 3.9446817e+00 7.6676615e-01
       476 5.1633974e-01 9.3433694e-01 3.9454531e+00 7.7099690e-01
       477 5.0964927e-01 9.2621661e-01 3.9538443e+00 8.1342757e-01
       478 5.1380335e-01 9.2421306e-01 3.9355356e+00 8.7876297e-01
       479 5.1254083e-01 9.2844456e-01 3.9478091e+00 8.3642809e-01
       480 5.2389562e-01 9.4230852e-01 3.9339815e+00 8.0360876e-01
       481 5.2081600e-01 9.4022088e-01 3.9408106e+00 8.3339531e-01
       482 5.1375970e-01 9.3014703e-01 3.9466926e+00 8.5989561e-01
       483 5.2309738e-01 9.4528382e-01 3.9423846e+00 8.4058420e-01
       484 5.1995993e-01 9.3583736e-01 3.9355810e+00 9.1217613e-01
       485 5.2444059e-01 9.4023389e-01 3.9281739e+00 9.4149915e-01
       486 5.1966651e-01 9.3722530e-01 3.9392073e+00 9.8019099e-01
       487 5.1818272e-01 9.3879629e-01 3.9473485e+00 9.8666231e-01
       488 5.2002976e-01 9.2616738e-01 3.9173312e+00 1.0913579e+00
       489 5.2306377e-01 9.3495578e-01 3.9230828e+00 1.1429715e+00
       490 5.2499718e-01 9.3764796e-01 3.9213760e+00 1.1642906e+00
       491 5.1941393e-01 9.2541989e-01 3.9181019e+00 1.2912669e+00
       492 5.2522648e-01 9.3573598e-01 3.9169942e+00 1.3011199e+00
       493 5.2510304e-01 9.2942747e-01 3.9056584e+00 1.3657855e+00
       494 5.2174549e-01 9.3172140e-01 3.9216507e+00 1.4054216e+00
       495 5.2734645e-01 9.3095723e-01 3.9006840e+00 1.4449239e+00
       496 5.2966883e-01 9.3437767e-01 3.8989792e+00 1.5133320e+00
       497 5.2752089e-01 9.3875570e-01 3.9146572e+00 1.4582678e+00
       498 5.3285652e-01 9.3860857e-01 3.8958237e+00 1.6475687e+00
       499 5.2976226e-01 9.2884388e-01 3.8883435e+00 1.7261792e+00
       500 5.3171233e-01 9.2777733e-01 3.8795831e+00 1.7792955e+00
       501 5.3531925e-01 9.3270684e-01 3.8762336e+00 1.7760131e+00
       502 5.3840083e-01 9.3022459e-01 3.8609327e+00 1.9044553e+00
       503 5.3741071e-01 9.3327534e-01 3.8700462e+00 1.8653652e+00
       504 5.4455807e-01 9.3584027e-01 3.8501361e+00 1.9394983e+00
       505 5.3757689e-01 9.3000876e-01 3.8633840e+00 2.0038336e+00
       506 5.4592886e-01 9.2985468e-01 3.8342425e+00 2.1987794e+00
       507 5.5048196e-01 9.4454684e-01 3.8461100e+00 2.1176490e+00
       508 5.4198333e-01 9.2070638e-01 3.8309270e+00 2.3162258e+00
       509 5.4053776e-01 9.1729830e-01 3.8296585e+00 2.4142817e+00
       510 5.5769446e-01 9.4062367e-01 3.8139738e+00 2.4838608e+00
       511 5.5879288e-01 9.3956279e-01 3.8082205e+00 2.6170017e+00
       512 5.5114329e-01 9.2947117e-01 3.8155850e+00 2.7075820e+00
       513 5.5720438e-01 9.2891434e-01 3.7937606e+00 2.9206675e+00
       514 5.5988150e-01 9.3041086e-01 3.7873839e+00 2.9350881e+00
       515 5.7167373e-01 9.3570035e-01 3.7570807e+00 3.0208552e+00
       516 5.6626532e-01 9.2851668e-01 3.7620797e+00 3.1460664e+00
       517 5.6491575e-01 9.2263149e-01 3.7557836e+00 3.2977963e+00
       518 5.7531424e-01 9.3052377e-01 3.7350737e+00 3.3823214e+00
       519 5.8107321e-01 9.3420636e-01 3.7224640e+00 3.4534704e+00
       520 5.8712867e-01 9.3372640e-01 3.7011595e+00 3.5809257e+00
       521 5.8258356e-01 9.2360931e-01 3.6976796e+00 3.7688819e+00
       522 5.9235637e-01 9.3047873e-01 3.6775460e+00 3.9023279e+00
       523 5.9716429e-01 9.3227606e-01 3.6647930e+00 4.0187959e+00
       524 6.0740131e-01 9.2627019e-01 3.6195025e+00 4.1882337e+00
       525 6.0547994e-01 9.2876291e-01 3.6305161e+00 4.2763786e+00
       526 6.1206253e-01 9.3158796e-01 3.6139121e+00 4.4091608e+00
       527 6.2302966e-01 9.3715163e-01 3.5880816e+00 4.5247473e+00
       528 6.2737630e-01 9.3568688e-01 3.5710468e+00 4.7342000e+00
       529 6.3344041e-01 9.2868182e-01 3.5381113e+00 4.9258444e+00
       530 6.3546244e-01 9.3216329e-01 3.5379788e+00 5.1072102e+00
       531 6.5328211e-01 9.3776504e-01 3.4905465e+00 5.2781932e+00
       532 6.5646384e-01 9.4053549e-01 3.4854776e+00 5.5345422e+00
       533 6.7293412e-01 9.4280891e-01 3.4369065e+00 5.6889684e+00
       534 6.7075236e-01 9.2750921e-01 3.4152613e+00 5.9161695e+00
       535 6.7570059e-01 9.2787104e-01 3.4001382e+00 6.1579991e+00
       536 6.8839569e-01 9.2780001e-01 3.3597087e+00 6.3225142e+00
       537 7.1564278e-01 9.5140001e-01 3.3186564e+00 6.4455053e+00
       538 7.1924639e-01 9.5012217e-01 3.3050428e+00 6.6285067e+00
       539 7.2096205e-01 9.2794958e-01 3.2580857e+00 6.8891477e+00
       540 7.3554843e-01 9.3553517e-01 3.2272681e+00 7.0916719e+00
       541 7.4654452e-01 9.3087951e-01 3.1849717e+00 7.2953342e+00
       542 7.4916534e-01 9.2685336e-01 3.1695179e+00 7.5376010e+00
       543 7.7731039e-01 9.3948159e-01 3.1083165e+00 7.8884781e+00
       544 7.7467989e-01 9.1390185e-01 3.0687631e+00 8.2547682e+00
       545 7.9461817e-01 9.2776509e-01 3.0350963e+00 8.4453236e+00
       546 8.1643454e-01 9.2708089e-01 2.9699638e+00 9.6939181e+00
       547 8.2813586e-01 9.2015614e-01 2.9233109e+00 1.0086678e+01
       548 8.4669292e-01 9.1352951e-01 2.8580208e+00 1.0482290e+01
       549 8.5849994e-01 9.1254737e-01 2.8227759e+00 1.0842933e+01
       550 8.8204248e-01 9.0078860e-01 2.7355853e+00 1.1222809e+01
       551 8.9872419e-01 8.9246767e-01 2.6746622e+00 1.1604156e+01
       552 9.2290596e-01 8.9234046e-01 2.6087396e+00 1.2026593e+01
       553 9.3958364e-01 8.7826404e-01 2.5391883e+00 1.2510339e+01
       554 9.7133160e-01 8.8014698e-01 2.4590830e+00 1.2865611e+01
       555 9.8826364e-01 8.6007352e-01 2.3804868e+00 1.3247760e+01
       556 1.0185287e+00 8.5645010e-01 2.2976488e+00 1.3637473e+01
       557 1.0486460e+00 8.4411526e-01 2.2022468e+00 1.4204082e+01
       558 1.0834013e+00 8.4372805e-01 2.1179607e+00 1.4490058e+01
       559 1.1109026e+00 8.2898148e-01 2.0288291e+00 1.4771547e+01
       560 1.1437506e+00 8.1536186e-01 1.9314181e+00 1.4852211e+01
       561 1.1786084e+00 8.0001645e-01 1.8293843e+00 1.4974383e+01
       562 1.2199700e+00 8.0366346e-01 1.7467276e+00 1.5133218e+01
       563 1.2548563e+00 7.8767587e-01 1.6492965e+00 1.5143036e+01
       564 1.3008351e+00 7.8521984e-01 1.5542724e+00 1.4948741e+01
       565 1.3384898e+00 7.7222983e-01 1.4625330e+00 1.4809150e+01
       566 1.3836711e+00 7.5731017e-01 1.3576541e+00 1.4490214e+01
       567 1.4284397e+00 7.5104016e-01 1.2709146e+00 1.4181822e+01
       568 1.4820331e+00 7.6016713e-01 1.1974626e+00 1.3699391e+01
       569 1.5307980e+00 7.5351167e-01 1.1129957e+00 1.3221456e+01
       570 1.5677866e+00 7.2449812e-01 1.0168577e+00 1.2829399e+01
       571 1.6234067e+00 7.2969778e-01 9.4948884e-01 1.2147757e+01
       572 1.6701050e+00 7.2663048e-01 8.8688905e-01 1.1560813e+01
       573 1.7233067e+00 7.2019971e-01 8.1667104e-01 1.0774721e+01
       574 1.7725002e+00 7.1927061e-01 7.6404627e-01 1.0094876e+01
       575 1.8176539e+00 7.1069836e-01 7.0897278e-01 9.3373509e+00
       576 1.8711538e+00 7.1477793e-01 6.6933661e-01 8.5579486e+00
       577 1.9130490e+00 6.9524485e-01 6.1019846e-01 7.8234364e+00
       578 1.9641840e+00 7.0280225e-01 5.8695679e-01 7.0507942e+00
       579 2.0097257e+00 6.9956424e-01 5.5670942e-01 6.3380999e+00
       580 2.0453471e+00 6.8143647e-01 5.1445922e-01 5.6054262e+00
       581 2.0949043e+00 6.9402454e-01 5.1204393e-01 5.0201211e+00
       582 2.1246105e+00 6.8441242e-01 4.8932224e-01 4.5616040e+00
       583 2.1627767e+00 6.7610718e-01 4.6844370e-01 4.0976841e+00
       584 2.1887226e+00 6.6499434e-01 4.4869172e-01 3.7316177e+00
       585 2.2254992e+00 6.6936238e-01 4.4995447e-01 3.6746040e+00
       586 2.2563965e+00 6.6110496e-01 4.3722332e-01 3.6944317e+00
       587 2.2802341e+00 6.6624049e-01 4.4399846e-01 3.6454647e+00
       588 2.3095551e+00 6.6910505e-01 4.4933129e-01 4.0320178e+00
       589 2.3285576e+00 6.6373683e-01 4.4407164e-01 4.2739904e+00
       590 2.3426250e+00 6.6140266e-01 4.4284687e-01 4.4697636e+00
       591 2.3501807e+00 6.5693345e-01 4.3812182e-01 4.5723473e+00
       592 2.3579904e+00 6.5339811e-01 4.3481543e-01 4.6674287e+00
       593 2.3637500e+00 6.4984710e-01 4.3124372e-01 4.7438524e+00
       594 2.3718268e+00 6.4407249e-01 4.2536464e-01 4.8620745e+00
       595 2.3748835e+00 6.4317436e-01 4.2484536e-01 4.9139583e+00
       596 2.3724906e+00 6.3684571e-01 4.1624443e-01 4.8018044e+00
       597 2.3707788e+00 6.3921165e-01 4.1891277e-01 4.7843977e+00
       598 2.3588039e+00 6.2675843e-01 4.0085762e-01 4.4345723e+00
       599 2.3587992e+00 6.3019435e-01 4.0517558e-01 4.4668044e+00
       600 2.3468983e+00 6.1883063e-01 3.8899066e-01 4.1370553e+00
       601 2.3412143e+00 6.1396738e-01 3.8214412e-01 3.9794600e+00
       602 2.3340704e+00 6.0878411e-01 3.7482817e-01 3.8068391e+00
       603 2.3226963e+00 6.0501325e-01 3.6890446e-01 3.5663151e+00
       604 2.3121679e+00 6.0529116e-01 3.6822489e-01 3.3937858e+00
       605 2.3031129e+00 5.9843898e-01 3.5928029e-01 3.1904134e+00
       606 2.2925210e+00 5.9420274e-01 3.5362146e-01 3.0039808e+00
       607 2.2825531e+00 5.8667890e-01 3.4437083e-01 2.7992437e+00
       608 2.2772302e+00 5.8994035e-01 3.4809433e-01 2.7770322e+00
       609 2.2667607e+00 5.8194643e-01 3.3866753e-01 2.5976343e+00
       610 2.2627142e+00 5.8355026e-01 3.4057278e-01 2.5810820e+00
       611 2.2568244e+00 5.7699290e-01 3.3307360e-01 2.4644573e+00
       612 2.2410381e+00 5.7808595e-01 3.3497563e-01 2.4016203e+00
       613 2.2289931e+00 5.7056944e-01 3.2716490e-01 2.3181951e+00
       614 2.2307845e+00 5.6736991e-01 3.2338323e-01 2.2881625e+00
       615 2.2178227e+00 5.6271559e-01 3.1928696e-01 2.2600615e+00
       616 2.2120062e+00 5.6502948e-01 3.2252775e-01 2.2782398e+00
       617 2.2061216e+00 5.5671185e-01 3.1390512e-01 2.2682030e+00
       618 2.2023738e+00 5.5468843e-01 3.1214303e-01 2.2689329e+00
       619 2.2022577e+00 5.5618723e-01 3.1382355e-01 2.2936922e+00
       620 2.1997371e+00 5.4777231e-01 3.0487755e-01 2.2730151e+00
       621 2.1955199e+00 5.4786201e-01 3.0557937e-01 2.2972800e+00
       622 2.1945007e+00 5.4448531e-01 3.0204204e-01 2.2867492e+00
       623 2.1927071e+00 5.4627452e-01 3.0426476e-01 2.3002432e+00
       624 2.1904273e+00 5.4142275e-01 2.9934142e-01 2.2912550e+00
       625 2.1917568e+00 5.4595300e-01 3.0405986e-01 2.3137847e+00
       626 2.1899243e+00 5.3502040e-01 2.9252913e-01 2.2645480e+00
       627 2.1915840e+00 5.3854952e-01 2.9605755e-01 2.2690377e+00
       628 2.1901029e+00 5.3642646e-01 2.9400737e-01 2.2610273e+00
       629 2.1935138e+00 5.3465323e-01 2.9158024e-01 2.2391838e+00
       630 2.1986840e+00 5.3327172e-01 2.8934916e-01 2.1929748e+00
       631 2.1977397e+00 5.2913391e-01 2.8508717e-01 2.1384944e+00
       632 2.2015794e+00 5.3135581e-01 2.8690955e-01 2.1416436e+00
       633 2.1958000e+00 5.2533494e-01 2.8136221e-01 2.1259367e+00
       634 2.2062625e+00 5.2954951e-01 2.8438196e-01 2.0626807e+00
       635 2.2014931e+00 5.2197795e-01 2.7704322e-01 2.0293265e+00
       636 2.2088578e+00 5.2887805e-01 2.8335140e-01 2.0436188e+00
       637 2.2110911e+00 5.2410066e-01 2.7805643e-01 1.9804933e+00
       638 2.2102641e+00 5.1780897e-01 2.7159784e-01 1.9456010e+00
       639 2.2132221e+00 5.2072598e-01 2.7428743e-01 1.9372693e+00
       640 2.2122093e+00 5.1825240e-01 2.7183183e-01 1.9286857e+00
       641 2.2141522e+00 5.1041739e-01 2.6355455e-01 1.8653148e+00
       642 2.2234190e+00 5.2154096e-01 2.7409953e-01 1.8607264e+00
       643 2.2202270e+00 5.1097015e-01 2.6348741e-01 1.8089878e+00
       644 2.2266097e+00 5.1414351e-01 2.6615624e-01 1.8263124e+00
       645 2.2262082e+00 5.1114656e-01 2.6311784e-01 1.7866304e+00
       646 2.2254822e+00 5.0613148e-01 2.5807904e-01 1.7515118e+00
       647 2.2235437e+00 5.0427183e-01 2.5637324e-01 1.7269337e+00
       648 2.2281746e+00 5.0871312e-01 2.6047092e-01 1.7528945e+00
       649 2.2246049e+00 5.0292239e-01 2.5491835e-01 1.7316111e+00
       650 2.2304960e+00 5.0575499e-01 2.5728497e-01 1.7379345e+00
       651 2.2283254e+00 5.0044237e-01 2.5211210e-01 1.7087600e+00
       652 2.2294798e+00 4.9949727e-01 2.5107405e-01 1.6879430e+00
       653 2.2314184e+00 4.9392051e-01 2.4538380e-01 1.6568356e+00
       654 2.2303518e+00 4.9670568e-01 2.4822457e-01 1.6700846e+00
       655 2.2274180e+00 4.9483341e-01 2.4660461e-01 1.6674005e+00
       656 2.2347524e+00 4.9365625e-01 2.4488212e-01 1.6551112e+00
       657 2.2290799e+00 4.9401692e-01 2.4566116e-01 1.7555053e+00
       658 2.2336667e+00 4.9439961e-01 2.4569255e-01 1.7643105e+00
       659 2.2318107e+00 4.8786526e-01 2.3940937e-01 1.7162241e+00
       660 2.2310088e+00 4.8686136e-01 2.3849143e-01 1.7104267e+00
       661 2.2346998e+00 4.9141743e-01 2.4268034e-01 1.7383513e+00
       662 2.2304436e+00 4.8604261e-01 2.3773834e-01 1.7159999e+00
       663 2.2367665e+00 4.9076437e-01 2.4190065e-01 1.7374804e+00
       664 2.2305979e+00 4.8369743e-01 2.3545219e-01 1.6948928e+00
       665 2.2297374e+00 4.7855967e-01 2.3057549e-01 1.6581485e+00
       666 2.2340595e+00 4.8083926e-01 2.3244021e-01 1.6720664e+00
       667 2.2345805e+00 4.8220152e-01 2.3371580e-01 1.6852334e+00
       668 2.2313952e+00 4.7754515e-01 2.2947746e-01 1.6520851e+00
       669 2.2302327e+00 4.7783713e-01 2.2984563e-01 1.6601719e+00
       670 2.2328201e+00 4.7625888e-01 2.2814495e-01 1.6468087e+00
       671 2.2308695e+00 4.7262517e-01 2.2484266e-01 1.6187003e+00
       672 2.2316073e+00 4.6417371e-01 2.1686934e-01 1.5772408e+00
       673 2.2353172e+00 4.7784367e-01 2.2948162e-01 1.6479653e+00
       674 2.2307353e+00 4.6875697e-01 2.2121150e-01 1.5994336e+00
       675 2.2345988e+00 4.7083124e-01 2.2287828e-01 1.6132295e+00
       676 2.2294217e+00 4.6254447e-01 2.1552853e-01 1.5655143e+00
       677 2.2319106e+00 4.6274176e-01 2.1551934e-01 1.5708795e+00
       678 2.2303145e+00 4.6200388e-01 2.1495853e-01 1.5673326e+00
       679 2.2305125e+00 4.6309129e-01 2.1594913e-01 1.5742768e+00
       680 2.2319078e+00 4.6325076e-01 2.1599087e-01 1.5769090e+00
       681 2.2310491e+00 4.6025718e-01 2.1329104e-01 1.5498148e+00
       682 2.2385796e+00 4.6445549e-01 2.1665561e-01 1.5680261e+00
       683 2.2345560e+00 4.5983606e-01 2.1264839e-01 1.5444650e+00
       684 2.2348864e+00 4.5862587e-01 2.1151410e-01 1.5342061e+00
       685 2.2360886e+00 4.5413457e-01 2.0733360e-01 1.4956452e+00
       686 2.2355352e+00 4.5728587e-01 2.1024270e-01 1.5378455e+00
       687 2.2342058e+00 4.5395850e-01 2.0730189e-01 1.5060468e+00
       688 2.2325458e+00 4.5324562e-01 2.0677405e-01 1.5038101e+00
       689 2.2349499e+00 4.5115464e-01 2.0471257e-01 1.4871611e+00
       690 2.2338837e+00 4.4938758e-01 2.0319540e-01 1.4859200e+00
       691 2.2324788e+00 4.4642965e-01 2.0064680e-01 1.4709674e+00
       692 2.2326905e+00 4.4443140e-01 1.9885115e-01 1.4589765e+00
       693 2.2347236e+00 4.4596120e-01 2.0006900e-01 1.4559795e+00
       694 2.2352843e+00 4.4716130e-01 2.0110250e-01 1.4613363e+00
       695 2.2373379e+00 4.4673532e-01 2.0058670e-01 1.4594988e+00
       696 2.2369252e+00 4.4603755e-01 1.9999022e-01 1.4543822e+00
       697 2.2369967e+00 4.4065932e-01 1.9521674e-01 1.4216809e+00
       698 2.2354387e+00 4.4024481e-01 1.9495433e-01 1.4273394e+00
       699 2.2351180e+00 4.3756996e-01 1.9262805e-01 1.4029007e+00
       700 2.2368643e+00 4.4027172e-01 1.9488384e-01 1.4193922e+00
       701 2.2340022e+00 4.3616329e-01 1.9147627e-01 1.4030675e+00
       702 2.2309924e+00 4.3165230e-01 1.8778240e-01 1.3985424e+00
       703 2.2361811e+00 4.3510927e-01 1.9040936e-01 1.3957216e+00
       704 2.2336510e+00 4.3083098e-01 1.8687802e-01 1.3765309e+00
       705 2.2325062e+00 4.3795846e-01 1.9315297e-01 1.4304743e+00
       706 2.2347262e+00 4.3432461e-01 1.8982529e-01 1.3873570e+00
       707 2.2343719e+00 4.2741378e-01 1.8389451e-01 1.3510161e+00
       708 2.2378928e+00 4.2934796e-01 1.8531890e-01 1.3600968e+00
       709 2.2336383e+00 4.2396608e-01 1.8101083e-01 1.3317217e+00
       710 2.2385601e+00 4.3037003e-01 1.8615627e-01 1.3656652e+00
       711 2.2361391e+00 4.2865303e-01 1.8483547e-01 1.3470064e+00
       712 2.2351145e+00 4.2128160e-01 1.7863901e-01 1.3143866e+00
       713 2.2360834e+00 4.2695998e-01 1.8339056e-01 1.3509222e+00
       714 2.2417831e+00 4.2448605e-01 1.8093929e-01 1.3242803e+00
       715 2.2363804e+00 4.1733882e-01 1.7524785e-01 1.2933398e+00
       716 2.2383371e+00 4.1850222e-01 1.7609572e-01 1.2840686e+00
       717 2.2385561e+00 4.1859564e-01 1.7616046e-01 1.2877021e+00
       718 2.2380913e+00 4.1860639e-01 1.7619814e-01 1.2855882e+00
       719 2.2376850e+00 4.2171406e-01 1.7883502e-01 1.3096357e+00
       720 2.2426154e+00 4.2032858e-01 1.7738207e-01 1.3046163e+00
       721 2.2403449e+00 4.2183061e-01 1.7877284e-01 1.2974377e+00
       722 2.2393437e+00 4.1929012e-01 1.7669472e-01 1.2963210e+00
       723 2.2405026e+00 4.1463708e-01 1.7274661e-01 1.2743632e+00
       724 2.2376880e+00 4.1088067e-01 1.6981501e-01 1.2537276e+00
       725 2.2412036e+00 4.1496587e-01 1.7297965e-01 1.2685747e+00
       726 2.2382962e+00 4.1172284e-01 1.7046983e-01 1.2484998e+00
       727 2.2361524e+00 4.0956481e-01 1.6883450e-01 1.2578749e+00
       728 2.2398931e+00 4.1114168e-01 1.6989551e-01 1.2469186e+00
       729 2.2421860e+00 4.1213137e-01 1.7058123e-01 1.2568164e+00
       730 2.2362292e+00 4.1207505e-01 1.7089195e-01 1.2707846e+00
       731 2.2389297e+00 4.0493712e-01 1.6488948e-01 1.2185881e+00
       732 2.2405944e+00 4.0520361e-01 1.6500740e-01 1.2189509e+00
       733 2.2406094e+00 4.0439002e-01 1.6434787e-01 1.2104001e+00
       734 2.2383204e+00 4.0410245e-01 1.6425143e-01 1.2146172e+00
       735 2.2392490e+00 4.0364794e-01 1.6382784e-01 1.2079296e+00
       736 2.2402556e+00 4.0310762e-01 1.6333268e-01 1.2117405e+00
       737 2.2412254e+00 4.0223167e-01 1.6257207e-01 1.1974166e+00
       738 2.2371596e+00 3.9812436e-01 1.5952865e-01 1.1842209e+00
       739 2.2355357e+00 3.9725840e-01 1.5894653e-01 1.1922946e+00
       740 2.2422130e+00 4.0243807e-01 1.6268390e-01 1.2028070e+00
       741 2.2401854e+00 3.9806960e-01 1.5930040e-01 1.1885011e+00
       742 2.2396776e+00 3.9704902e-01 1.5851863e-01 1.1825834e+00
       743 2.2379364e+00 3.9297140e-01 1.5540302e-01 1.1576893e+00
       744 2.2405348e+00 3.9658232e-01 1.5809839e-01 1.1722615e+00
       745 2.2416974e+00 3.9588893e-01 1.5748363e-01 1.1667803e+00
       746 2.2405187e+00 3.9628645e-01 1.5786473e-01 1.1659984e+00
       747 2.2410589e+00 3.9213173e-01 1.5455839e-01 1.1440598e+00
       748 2.2393708e+00 3.9067814e-01 1.5351831e-01 1.1472919e+00
       749 2.2420768e+00 3.9122819e-01 1.5379437e-01 1.1355250e+00
       750 2.2396158e+00 3.9052026e-01 1.5338043e-01 1.1426301e+00
       751 2.2414570e+00 3.8960613e-01 1.5256179e-01 1.1290902e+00
       752 2.2425249e+00 3.8741122e-01 1.5079823e-01 1.1173009e+00
       753 2.2416229e+00 3.8592435e-01 1.4969729e-01 1.1099202e+00
       754 2.2414990e+00 3.8781142e-01 1.5116423e-01 1.1250701e+00
       755 2.2433729e+00 3.8762772e-01 1.5092152e-01 1.1243019e+00
       756 2.2425916e+00 3.8545934e-01 1.4928613e-01 1.1124387e+00
       757 2.2424044e+00 3.8529524e-01 1.4916964e-01 1.1122548e+00
       758 2.2362334e+00 3.8329295e-01 1.4799932e-01 1.1139070e+00
       759 2.2396224e+00 3.8435359e-01 1.4860165e-01 1.1070320e+00
       760 2.2398623e+00 3.8540153e-01 1.4939418e-01 1.1229914e+00
       761 2.2439772e+00 3.8517013e-01 1.4899147e-01 1.1061727e+00
       762 2.2409028e+00 3.8086298e-01 1.4585651e-01 1.0878356e+00
       763 2.2475845e+00 3.8458199e-01 1.4836990e-01 1.1054866e+00
       764 2.2416648e+00 3.8173283e-01 1.4647733e-01 1.0884971e+00
       765 2.2415735e+00 3.7942001e-01 1.4472195e-01 1.0823170e+00
       766 2.2407555e+00 3.7924238e-01 1.4463304e-01 1.0821184e+00
       767 2.2406273e+00 3.7794000e-01 1.4365420e-01 1.0719855e+00
       768 2.2418999e+00 3.7484511e-01 1.4125335e-01 1.0544654e+00
       769 2.2433102e+00 3.7483931e-01 1.4117403e-01 1.0521778e+00
       770 2.2425811e+00 3.7597092e-01 1.4206192e-01 1.0621751e+00
       771 2.2391030e+00 3.7418081e-01 1.4091622e-01 1.0547933e+00
       772 2.2417372e+00 3.7145689e-01 1.3873361e-01 1.0362409e+00
       773 2.2421334e+00 3.7314986e-01 1.3997262e-01 1.0515427e+00
       774 2.2428475e+00 3.7318347e-01 1.3995958e-01 1.0454810e+00
       775 2.2410875e+00 3.6900791e-01 1.3695633e-01 1.0254236e+00
       776 2.2422648e+00 3.7149383e-01 1.3873238e-01 1.0374252e+00
       777 2.2425028e+00 3.7064731e-01 1.3809138e-01 1.0325346e+00
       778 2.2413745e+00 3.6789277e-01 1.3611853e-01 1.0221212e+00
       779 2.2434023e+00 3.7261371e-01 1.3950574e-01 1.0471152e+00
       780 2.2434916e+00 3.7177652e-01 1.3887795e-01 1.0399462e+00
       781 2.2424243e+00 3.6722804e-01 1.3557259e-01 1.0124229e+00
       782 2.2430122e+00 3.6689549e-01 1.3529733e-01 1.0109176e+00
       783 2.2439826e+00 3.6510227e-01 1.3393485e-01 1.0016034e+00
       784 2.2440073e+00 3.6659152e-01 1.3502327e-01 1.0061436e+00
       785 2.2445806e+00 3.6185643e-01 1.3154547e-01 9.8710674e-01
       786 2.2417078e+00 3.6146996e-01 1.3141555e-01 9.9291635e-01
       787 2.2449533e+00 3.6284089e-01 1.3224070e-01 9.8469243e-01
       788 2.2470537e+00 3.6445948e-01 1.3332052e-01 9.9367922e-01
       789 2.2438903e+00 3.6180053e-01 1.3153946e-01 9.9123718e-01
       790 2.2432379e+00 3.6101103e-01 1.3100223e-01 9.8152626e-01
       791 2.2439225e+00 3.6280006e-01 1.3226209e-01 9.8981059e-01
       792 2.2433310e+00 3.5866858e-01 1.2931160e-01 9.7460936e-01
       793 2.2455801e+00 3.6019861e-01 1.3030025e-01 9.7546121e-01
       794 2.2442257e+00 3.5653607e-01 1.2774096e-01 9.6171624e-01
       795 2.2451508e+00 3.5757823e-01 1.2843985e-01 9.6477417e-01
       796 2.2446671e+00 3.5988100e-01 1.3011548e-01 9.7915306e-01
       797 2.2435302e+00 3.5702933e-01 1.2812813e-01 9.6335309e-01
       798 2.2451436e+00 3.5536849e-01 1.2686477e-01 9.5614010e-01
       799 2.2451538e+00 3.5314242e-01 1.2528708e-01 9.3814099e-01
       800 2.2452240e+00 3.5238921e-01 1.2475230e-01 9.4159939e-01
       801 2.2442790e+00 3.5411790e-01 1.2601982e-01 9.4772884e-01
       802 2.2470921e+00 3.5371439e-01 1.2560198e-01 9.4757916e-01
       803 2.2432821e+00 3.5464820e-01 1.2644632e-01 9.5047738e-01
       804 2.2439780e+00 3.5519282e-01 1.2679735e-01 9.5712099e-01
       805 2.2451455e+00 3.5006293e-01 1.2312197e-01 9.2530744e-01
       806 2.2453454e+00 3.5193028e-01 1.2442326e-01 9.3303478e-01
       807 2.2443408e+00 3.5124741e-01 1.2399199e-01 9.3187032e-01
       808 2.2451541e+00 3.4791021e-01 1.2161901e-01 9.0948834e-01
       809 2.2443607e+00 3.4916507e-01 1.2253251e-01 9.1291456e-01
       810 2.2455895e+00 3.4859841e-01 1.2207761e-01 9.0991035e-01
       811 2.2436778e+00 3.4591942e-01 1.2031088e-01 8.9832334e-01
       812 2.2446699e+00 3.4423299e-01 1.1909735e-01 8.8893934e-01
       813 2.2438763e+00 3.4483687e-01 1.1955302e-01 8.9202532e-01
       814 2.2444041e+00 3.4583678e-01 1.2021718e-01 8.9470091e-01
       815 2.2457287e+00 3.4366189e-01 1.1865371e-01 8.7881114e-01
       816 2.2470014e+00 3.4487647e-01 1.1943190e-01 8.8721200e-01
       817 2.2440598e+00 3.4547495e-01 1.1998423e-01 8.9766605e-01
       818 2.2466600e+00 3.4073987e-01 1.1661105e-01 8.6986888e-01
       819 2.2462151e+00 3.4130658e-01 1.1701781e-01 8.6764787e-01
       820 2.2435625e+00 3.4184075e-01 1.1751162e-01 8.7847472e-01
       821 2.2441807e+00 3.4112165e-01 1.1698921e-01 8.6959367e-01
       822 2.2461187e+00 3.4139566e-01 1.1708306e-01 8.6301454e-01
       823 2.2434280e+00 3.3771176e-01 1.1471267e-01 8.5405469e-01
       824 2.2462782e+00 3.4082897e-01 1.1668912e-01 8.6361345e-01
       825 2.2434291e+00 3.3919491e-01 1.1571657e-01 8.6262220e-01
       826 2.2449166e+00 3.3637642e-01 1.1373807e-01 8.4614931e-01
       827 2.2387960e+00 3.3733379e-01 1.1471759e-01 8.8084130e-01
       828 2.2464658e+00 3.3817660e-01 1.1487958e-01 8.4948125e-01
       829 2.2490370e+00 3.3802785e-01 1.1466878e-01 8.5441188e-01
       830 2.2462960e+00 3.3687184e-01 1.1400656e-01 8.4235050e-01
       831 2.2453482e+00 3.3584323e-01 1.1335888e-01 8.3710548e-01
       832 2.2486390e+00 3.3563618e-01 1.1307380e-01 8.3455153e-01
       833 2.2433021e+00 3.3176845e-01 1.1074024e-01 8.3274594e-01
       834 2.2451256e+00 3.3209352e-01 1.1086497e-01 8.2674006e-01
       835 2.2455155e+00 3.3437742e-01 1.1236852e-01 8.3727627e-01
       836 2.2425342e+00 3.3076760e-01 1.1011749e-01 8.3239035e-01
       837 2.2433573e+00 3.3109944e-01 1.1029393e-01 8.2684989e-01
       838 2.2457855e+00 3.3061663e-01 1.0985491e-01 8.1789698e-01
       839 2.2465148e+00 3.3012495e-01 1.0949643e-01 8.1458953e-01
       840 2.2467922e+00 3.3324525e-01 1.1155385e-01 8.3001509e-01
       841 2.2477743e+00 3.2807166e-01 1.0808945e-01 8.0784881e-01
       842 2.2477303e+00 3.2978203e-01 1.0921651e-01 8.1417005e-01
       843 2.2480307e+00 3.2999711e-01 1.0934561e-01 8.1928034e-01
       844 2.2475406e+00 3.2745277e-01 1.0769381e-01 7.9894079e-01
       845 2.2472475e+00 3.2878166e-01 1.0857865e-01 8.0540985e-01
       846 2.2470906e+00 3.2732241e-01 1.0762814e-01 8.0047695e-01
       847 2.2453525e+00 3.2651342e-01 1.0717901e-01 8.0282141e-01
       848 2.2463657e+00 3.2868114e-01 1.0855203e-01 8.1093720e-01
       849 2.2451203e+00 3.2624519e-01 1.0701505e-01 8.0352610e-01
       850 2.2462488e+00 3.2383396e-01 1.0539452e-01 7.8728394e-01
       851 2.2451306e+00 3.2323233e-01 1.0505776e-01 7.8717925e-01
       852 2.2467238e+00 3.2522758e-01 1.0627750e-01 7.9093082e-01
       853 2.2478054e+00 3.2452492e-01 1.0577352e-01 7.8781923e-01
       854 2.2449254e+00 3.2380220e-01 1.0543641e-01 7.8730154e-01
       855 2.2502384e+00 3.2303803e-01 1.0471255e-01 7.7616916e-01
       856 2.2465839e+00 3.2327207e-01 1.0501566e-01 7.8822333e-01
       857 2.2453481e+00 3.2172856e-01 1.0407748e-01 7.7755333e-01
       858 2.2470467e+00 3.2046249e-01 1.0318633e-01 7.7367169e-01
       859 2.2476395e+00 3.2052941e-01 1.0320332e-01 7.7172193e-01
       860 2.2455077e+00 3.1990882e-01 1.0290228e-01 7.7544960e-01
       861 2.2428211e+00 3.1506735e-01 9.9962508e-02 7.6679276e-01
       862 2.2501032e+00 3.1924628e-01 1.0228231e-01 7.6023574e-01
       863 2.2471592e+00 3.1978467e-01 1.0274739e-01 7.6432012e-01
       864 2.2466739e+00 3.1819415e-01 1.0175428e-01 7.5970128e-01
       865 2.2456378e+00 3.1891025e-01 1.0225823e-01 7.6870759e-01
       866 2.2469785e+00 3.1901205e-01 1.0226183e-01 7.6303018e-01
       867 2.2488773e+00 3.1894088e-01 1.0213570e-01 7.5680536e-01
       868 2.2476015e+00 3.1522541e-01 9.9832919e-02 7.4300603e-01
       869 2.2475054e+00 3.1749752e-01 1.0127469e-01 7.6140826e-01
       870 2.2491500e+00 3.1752474e-01 1.0122337e-01 7.5825008e-01
       871 2.2480428e+00 3.1430954e-01 9.9237492e-02 7.3957224e-01
       872 2.2497387e+00 3.1717440e-01 1.0097777e-01 7.5663831e-01
       873 2.2479505e+00 3.1534401e-01 9.9892760e-02 7.5037093e-01
       874 2.2486580e+00 3.1338046e-01 9.8628681e-02 7.3953391e-01
       875 2.2486845e+00 3.1386055e-01 9.8928729e-02 7.3945606e-01
       876 2.2503630e+00 3.1506017e-01 9.9617191e-02 7.4310997e-01
       877 2.2472696e+00 3.1217112e-01 9.7931107e-02 7.3045293e-01
       878 2.2471343e+00 3.1032245e-01 9.6786269e-02 7.2815081e-01
       879 2.2476750e+00 3.0915748e-01 9.6041040e-02 7.2089672e-01
       880 2.2463783e+00 3.1075197e-01 9.7086946e-02 7.2819602e-01
       881 2.2479078e+00 3.0946281e-01 9.6219966e-02 7.2038552e-01
       882 2.2477375e+00 3.0925820e-01 9.6100643e-02 7.2287075e-01
       883 2.2469177e+00 3.0983253e-01 9.6492042e-02 7.2627974e-01
       884 2.2495027e+00 3.1075501e-01 9.6956080e-02 7.2174765e-01
       885 2.2495790e+00 3.1011358e-01 9.6554844e-02 7.2570067e-01
       886 2.2484499e+00 3.0641418e-01 9.4319607e-02 7.1154470e-01
       887 2.2482706e+00 3.0527794e-01 9.3632047e-02 7.0335693e-01
       888 2.2465142e+00 3.0859838e-01 9.5746938e-02 7.2109651e-01
       889 2.2483570e+00 3.0692515e-01 9.4636864e-02 7.1280752e-01
       890 2.2477566e+00 3.0530673e-01 9.3671390e-02 7.0147827e-01
       891 2.2485040e+00 3.0504048e-01 9.3477411e-02 7.0328196e-01
       892 2.2453593e+00 3.0415494e-01 9.3077904e-02 7.1026769e-01
       893 2.2488078e+00 3.0358664e-01 9.2580090e-02 6.9749290e-01
       894 2.2484190e+00 3.0289023e-01 9.2173728e-02 6.9300343e-01
       895 2.2481761e+00 3.0422693e-01 9.2995414e-02 6.9904672e-01
       896 2.2505368e+00 3.0523806e-01 9.3518038e-02 6.9900365e-01
       897 2.2472948e+00 3.0272293e-01 9.2120369e-02 6.9748584e-01
       898 2.2500480e+00 3.0205919e-01 9.1605993e-02 6.8250751e-01
       899 2.2477529e+00 3.0257863e-01 9.2013177e-02 6.9707460e-01
       900 2.2479000e+00 3.0061596e-01 9.0823022e-02 6.8266914e-01
       901 2.2479964e+00 3.0311622e-01 9.2328413e-02 6.9848138e-01
       902 2.2492830e+00 2.9672648e-01 8.8442704e-02 6.6218191e-01
       903 2.2484030e+00 3.0247415e-01 9.1922513e-02 6.9478998e-01
       904 2.2481861e+00 3.0185577e-01 9.1557872e-02 6.9123183e-01
       905 2.2467476e+00 2.9840942e-01 8.9551631e-02 6.7938621e-01
       906 2.2524632e+00 3.0308918e-01 9.2142684e-02 6.8921569e-01
       907 2.2485970e+00 2.9964467e-01 9.0210810e-02 6.8035097e-01
       908 2.2509356e+00 2.9923947e-01 8.9877310e-02 6.7275535e-01
       909 2.2509152e+00 3.0000314e-01 9.0335677e-02 6.7709677e-01
       910 2.2498751e+00 2.9804146e-01 8.9201599e-02 6.7116237e-01
       911 2.2518094e+00 2.9828453e-01 8.9275583e-02 6.6836165e-01
       912 2.2488416e+00 2.9779687e-01 8.9096841e-02 6.7268530e-01
       913 2.2500953e+00 2.9979218e-01 9.0239776e-02 6.8083751e-01
       914 2.2489425e+00 2.9485625e-01 8.7349981e-02 6.5762717e-01
       915 2.2485570e+00 2.9601948e-01 8.8053056e-02 6.6591448e-01
       916 2.2469646e+00 2.9661411e-01 8.8473687e-02 6.7273848e-01
       917 2.2487650e+00 2.9690726e-01 8.8570912e-02 6.6775485e-01
       918 2.2489858e+00 2.9378966e-01 8.6720388e-02 6.5246193e-01
       919 2.2512751e+00 2.9683619e-01 8.8432503e-02 6.6247547e-01
       920 2.2505088e+00 2.9540233e-01 8.7611350e-02 6.5902719e-01
       921 2.2487033e+00 2.9404097e-01 8.6879608e-02 6.5980270e-01
       922 2.2517739e+00 2.9391359e-01 8.6688355e-02 6.4981562e-01
       923 2.2467341e+00 2.9324023e-01 8.6493891e-02 6.6190744e-01
       924 2.2488338e+00 2.9088770e-01 8.5029838e-02 6.4625034e-01
       925 2.2492815e+00 2.9275514e-01 8.6101730e-02 6.5131311e-01
       926 2.2479526e+00 2.9136643e-01 8.5345226e-02 6.5027869e-01
       927 2.2492132e+00 2.8916862e-01 8.4017376e-02 6.4162949e-01
       928 2.2491717e+00 2.8943965e-01 8.4175858e-02 6.3692720e-01
       929 2.2513408e+00 2.9052706e-01 8.4724401e-02 6.3436447e-01
       930 2.2491731e+00 2.9190730e-01 8.5610364e-02 6.4660712e-01
       931 2.2503679e+00 2.9029646e-01 8.4626129e-02 6.3657919e-01
       932 2.2485471e+00 2.8948794e-01 8.4229203e-02 6.3583957e-01
       933 2.2478510e+00 2.8868124e-01 8.3792012e-02 6.4007421e-01
       934 2.2477087e+00 2.8782120e-01 8.3302285e-02 6.3546228e-01
       935 2.2513892e+00 2.8687590e-01 8.2614485e-02 6.2293111e-01
       936 2.2507052e+00 2.9082278e-01 8.4919405e-02 6.3938135e-01
       937 2.2504665e+00 2.8641456e-01 8.2383695e-02 6.2286895e-01
       938 2.2484734e+00 2.8543363e-01 8.1901338e-02 6.2450490e-01
       939 2.2487039e+00 2.8662932e-01 8.2575856e-02 6.2927905e-01
       940 2.2502531e+00 2.8672549e-01 8.2569934e-02 6.2091605e-01
       941 2.2520479e+00 2.8809896e-01 8.3294705e-02 6.2767918e-01
       942 2.2497531e+00 2.8443695e-01 8.1281988e-02 6.1135994e-01
       943 2.2519634e+00 2.8643816e-01 8.2343412e-02 6.1808107e-01
       944 2.2492525e+00 2.8382588e-01 8.0954450e-02 6.1561940e-01
       945 2.2509350e+00 2.8664421e-01 8.2497979e-02 6.2409237e-01
       946 2.2512235e+00 2.8374423e-01 8.0833417e-02 6.0651904e-01
       947 2.2492058e+00 2.8262690e-01 8.0277146e-02 6.0992646e-01
       948 2.2525703e+00 2.8243165e-01 8.0043698e-02 6.0464383e-01
       949 2.2508002e+00 2.8193475e-01 7.9825213e-02 6.0284347e-01
       950 2.2500297e+00 2.8127270e-01 7.9481273e-02 6.0470802e-01
       951 2.2509311e+00 2.8153203e-01 7.9593501e-02 6.0040105e-01
       952 2.2484448e+00 2.8008542e-01 7.8878012e-02 6.0074032e-01
       953 2.2502295e+00 2.8151309e-01 7.9608942e-02 5.9977872e-01
       954 2.2490048e+00 2.8046467e-01 7.9067686e-02 5.9819668e-01
       955 2.2503197e+00 2.7610875e-01 7.6591952e-02 5.8209949e-01
       956 2.2504078e+00 2.7766608e-01 7.7451047e-02 5.8769141e-01
       957 2.2494569e+00 2.8033407e-01 7.8976402e-02 5.9702279e-01
       958 2.2494875e+00 2.7817698e-01 7.7770439e-02 5.9211091e-01
       959 2.2532200e+00 2.8117493e-01 7.9314235e-02 5.9731323e-01
       960 2.2516268e+00 2.7730216e-01 7.7204788e-02 5.8107697e-01
       961 2.2500215e+00 2.8024523e-01 7.8904641e-02 5.9660259e-01
       962 2.2497397e+00 2.7837622e-01 7.7871454e-02 5.9347161e-01
       963 2.2505037e+00 2.7914535e-01 7.8271130e-02 5.9202235e-01
       964 2.2501962e+00 2.7876607e-01 7.8071106e-02 5.9012701e-01
       965 2.2518404e+00 2.7549226e-01 7.6196831e-02 5.7716103e-01
       966 2.2493984e+00 2.7606768e-01 7.6604885e-02 5.8406882e-01
       967 2.2527549e+00 2.7394001e-01 7.5313090e-02 5.6768043e-01
       968 2.2542734e+00 2.7580717e-01 7.6291959e-02 5.7495042e-01
       969 2.2534211e+00 2.7757216e-01 7.7294813e-02 5.8129468e-01
       970 2.2525590e+00 2.7555330e-01 7.6206059e-02 5.7487923e-01
       971 2.2535184e+00 2.7325320e-01 7.4912764e-02 5.6336912e-01
       972 2.2518533e+00 2.7271874e-01 7.4675912e-02 5.6325761e-01
       973 2.2553864e+00 2.7466144e-01 7.5629314e-02 5.7323913e-01
       974 2.2509399e+00 2.7049635e-01 7.3501167e-02 5.6023463e-01
       975 2.2548070e+00 2.7243296e-01 7.4426455e-02 5.6255119e-01
       976 2.2517428e+00 2.7244515e-01 7.4530598e-02 5.6341245e-01
       977 2.2502234e+00 2.7600255e-01 7.6536960e-02 5.8295677e-01
       978 2.2521953e+00 2.7544310e-01 7.6157559e-02 5.7629237e-01
       979 2.2511091e+00 2.7205094e-01 7.4338465e-02 5.6452509e-01
       980 2.2490784e+00 2.7042383e-01 7.3533335e-02 5.6540563e-01
       981 2.2512691e+00 2.7132155e-01 7.3936371e-02 5.5996864e-01
       982 2.2520070e+00 2.6955052e-01 7.2952573e-02 5.5616539e-01
       983 2.2515566e+00 2.7040678e-01 7.3430595e-02 5.5538069e-01
       984 2.2486422e+00 2.6944077e-01 7.3020350e-02 5.6138751e-01
       985 2.2518699e+00 2.7100069e-01 7.3741194e-02 5.5811028e-01
       986 2.2504840e+00 2.7055272e-01 7.3548512e-02 5.6039244e-01
       987 2.2507968e+00 2.6936566e-01 7.2895997e-02 5.5557880e-01
       988 2.2496569e+00 2.6886174e-01 7.2667994e-02 5.5879409e-01
       989 2.2518900e+00 2.6885098e-01 7.2579977e-02 5.4715518e-01
       990 2.2513037e+00 2.6797655e-01 7.2131185e-02 5.4758176e-01
       991 2.2516030e+00 2.6707862e-01 7.1640129e-02 5.4232203e-01
       992 2.2484453e+00 2.6591702e-01 7.1142014e-02 5.4969808e-01
       993 2.2497335e+00 2.6625350e-01 7.1269302e-02 5.4674635e-01
       994 2.2524938e+00 2.6817461e-01 7.2196229e-02 5.4557674e-01
       995 2.2521705e+00 2.6626208e-01 7.1184999e-02 5.3756698e-01
       996 2.2529154e+00 2.6715799e-01 7.1638103e-02 5.4286320e-01
       997 2.2494600e+00 2.6564828e-01 7.0958094e-02 5.4910316e-01
       998 2.2509131e+00 2.6314474e-01 6.9579025e-02 5.3224149e-01
       999 2.2503413e+00 2.6533520e-01 7.0757866e-02 5.3834027e-01
      1000 2.2536813e+00 2.6659017e-01 7.1310692e-02 5.3847706e-01

Final Weights:         0.1422330613        -0.7978502136         0.5478703213         0.1045776411 