# Initial Weights:         0.2494165353        0.7515733644        0.5163305115        0.4847323439
# Cycles, Avg Output L, Var Output L, Avg Output S, Var Output S, MSE, || MSE Gradient ||
         0  1.0085345e+00  8.6597396e-15  1.0074638e+00  1.2656542e-14  1.1465875e-06  2.6910751e-03
         1  1.0085149e+00 -1.3100632e-14  1.0074466e+00  3.1086245e-15  1.1413052e-06  2.6847782e-03
         2  1.0084954e+00 -2.8865799e-15  1.0074295e+00 -3.9968029e-15  1.1360435e-06  2.6784917e-03
         3  1.0084758e+00 -2.6645353e-15  1.0074124e+00 -9.5479180e-15  1.1308024e-06  2.6722156e-03
         4  1.0084563e+00 -5.1070259e-15  1.0073954e+00 -1.1990409e-14  1.1255818e-06  2.6659502e-03
         5  1.0084368e+00  6.6613381e-16  1.0073783e+00 -3.5527137e-15  1.1203820e-06  2.6596956e-03
         6  1.0084174e+00  1.6209256e-14  1.0073613e+00 -1.3322676e-15  1.1152029e-06  2.6534519e-03
         7  1.0083979e+00  1.6209256e-14  1.0073443e+00  1.2434498e-14  1.1100445e-06  2.6472192e-03
         8  1.0083785e+00  1.5543122e-15  1.0073274e+00 -6.2172489e-15  1.1049069e-06  2.6409976e-03
         9  1.0083592e+00  1.5543122e-14  1.0073105e+00 -8.4376950e-15  1.0997901e-06  2.6347871e-03
        10  1.0083399e+00 -2.6645353e-15  1.0072936e+00 -3.7747583e-15  1.0946941e-06  2.6285880e-03
        11  1.0083206e+00 -1.7763568e-15  1.0072767e+00 -1.0880186e-14  1.0896188e-06  2.6224001e-03
        12  1.0083013e+00  1.1768364e-14  1.0072599e+00  5.7731597e-15  1.0845643e-06  2.6162236e-03
        13  1.0082821e+00  7.9936058e-15  1.0072431e+00 -8.6597396e-15  1.0795305e-06  2.6100585e-03
        14  1.0082629e+00 -6.2172489e-15  1.0072263e+00 -1.2212453e-14  1.0745175e-06  2.6039049e-03
        15  1.0082438e+00  9.3258734e-15  1.0072096e+00 -2.6645353e-15  1.0695251e-06  2.5977628e-03
        16  1.0082247e+00 -7.5495166e-15  1.0071929e+00  3.9968029e-15  1.0645533e-06  2.5916322e-03
        17  1.0082056e+00  1.7763568e-15  1.0071762e+00  1.2656542e-14  1.0596022e-06  2.5855131e-03
        18  1.0081865e+00  1.0880186e-14  1.0071596e+00  8.6597396e-15  1.0546716e-06  2.5794057e-03
        19  1.0081675e+00  2.2204460e-15  1.0071430e+00  1.0880186e-14  1.0497615e-06  2.5733098e-03
        20  1.0081486e+00 -8.8817842e-16  1.0071264e+00 -3.1086245e-15  1.0448718e-06  2.5672255e-03
        21  1.0081296e+00  6.4392935e-15  1.0071098e+00 -7.1054274e-15  1.0400026e-06  2.5611528e-03
        22  1.0081107e+00  9.1038288e-15  1.0070933e+00 -7.1054274e-15  1.0351537e-06  2.5550918e-03
        23  1.0080918e+00 -1.9984014e-15  1.0070768e+00 -7.1054274e-15  1.0303251e-06  2.5490424e-03
        24  1.0080730e+00  8.8817842e-15  1.0070603e+00 -7.5495166e-15  1.0255167e-06  2.5430047e-03
        25  1.0080542e+00  6.8833828e-15  1.0070439e+00  0.0000000e+00  1.0207286e-06  2.5369785e-03
        26  1.0080354e+00 -6.6613381e-16  1.0070275e+00  1.1546319e-14  1.0159605e-06  2.5309640e-03
        27  1.0080167e+00 -1.0214052e-14  1.0070111e+00 -1.4432899e-14  1.0112124e-06  2.5249612e-03
        28  1.0079980e+00  9.5479180e-15  1.0069948e+00 -1.1546319e-14  1.0064844e-06  2.5189699e-03
        29  1.0079793e+00 -3.3306691e-15  1.0069784e+00  5.1070259e-15  1.0017763e-06  2.5129903e-03
        30  1.0079607e+00  1.4876989e-14  1.0069622e+00  2.2204460e-15  9.9708802e-07  2.5070223e-03
        31  1.0079421e+00  9.5479180e-15  1.0069459e+00 -7.9936058e-15  9.9241955e-07  2.5010659e-03
        32  1.0079235e+00  6.4392935e-15  1.0069297e+00 -2.6645353e-15  9.8777079e-07  2.4951211e-03
        33  1.0079050e+00 -4.8849813e-15  1.0069135e+00  9.1038288e-15  9.8314169e-07  2.4891880e-03
        34  1.0078865e+00 -6.6613381e-16  1.0068973e+00  5.7731597e-15  9.7853217e-07  2.4832663e-03
        35  1.0078681e+00  8.6597396e-15  1.0068812e+00 -6.2172489e-15  9.7394217e-07  2.4773563e-03
        36  1.0078497e+00  1.0436096e-14  1.0068651e+00  4.4408921e-15  9.6937162e-07  2.4714578e-03
        37  1.0078313e+00 -1.9984014e-15  1.0068490e+00  4.2188475e-15  9.6482045e-07  2.4655709e-03
        38  1.0078129e+00  6.6613381e-16  1.0068330e+00  2.2204460e-15  9.6028858e-07  2.4596954e-03
        39  1.0077946e+00 -9.5479180e-15  1.0068170e+00  2.6645353e-15  9.5577596e-07  2.4538316e-03
        40  1.0077763e+00 -1.8429702e-14  1.0068010e+00  4.4408921e-15  9.5128251e-07  2.4479792e-03
        41  1.0077581e+00 -1.9984014e-14  1.0067850e+00  6.8833828e-15  9.4680816e-07  2.4421383e-03
        42  1.0077399e+00 -1.3100632e-14  1.0067691e+00 -8.8817842e-15  9.4235284e-07  2.4363089e-03
        43  1.0077217e+00 -7.5495166e-15  1.0067532e+00 -1.2878587e-14  9.3791649e-07  2.4304909e-03
        44  1.0077035e+00  7.3274720e-15  1.0067374e+00  1.1324275e-14  9.3349902e-07  2.4246844e-03
        45  1.0076854e+00  1.5543122e-15  1.0067215e+00 -9.7699626e-15  9.2910038e-07  2.4188893e-03
        46  1.0076673e+00  6.6613381e-16  1.0067057e+00  4.2188475e-15  9.2472049e-07  2.4131056e-03
        47  1.0076493e+00 -8.2156504e-15  1.0066899e+00 -8.8817842e-15  9.2035928e-07  2.4073334e-03
        48  1.0076313e+00 -1.1102230e-14  1.0066742e+00 -1.1102230e-15  9.1601668e-07  2.4015725e-03
        49  1.0076133e+00  1.5765167e-14  1.0066585e+00 -3.3306691e-15  9.1169263e-07  2.3958230e-03
        50  1.0075954e+00  1.3988810e-14  1.0066428e+00 -7.3274720e-15  9.0738705e-07  2.3900848e-03
        51  1.0075775e+00  7.7715612e-15  1.0066272e+00  6.4392935e-15  9.0309987e-07  2.3843580e-03
        52  1.0075596e+00  7.7715612e-15  1.0066115e+00 -5.3290705e-15  8.9883103e-07  2.3786425e-03
        53  1.0075418e+00  2.2204460e-16  1.0065959e+00 -1.7763568e-15  8.9458046e-07  2.3729383e-03
        54  1.0075240e+00  5.3290705e-15  1.0065804e+00  1.2434498e-14  8.9034808e-07  2.3672453e-03
        55  1.0075062e+00 -1.0658141e-14  1.0065648e+00  5.7731597e-15  8.8613383e-07  2.3615637e-03
        56  1.0074885e+00  4.6629367e-15  1.0065493e+00 -2.2204460e-16  8.8193764e-07  2.3558933e-03
        57  1.0074708e+00  1.0214052e-14  1.0065339e+00  4.4408921e-15  8.7775944e-07  2.3502341e-03
        58  1.0074531e+00  5.9952043e-15  1.0065184e+00  1.1324275e-14  8.7359917e-07  2.3445862e-03
        59  1.0074355e+00  3.9968029e-15  1.0065030e+00  1.3988810e-14  8.6945675e-07  2.3389494e-03
        60  1.0074179e+00 -4.6629367e-15  1.0064876e+00 -1.4432899e-14  8.6533212e-07  2.3333239e-03
        61  1.0074003e+00 -6.4392935e-15  1.0064723e+00 -5.5511151e-15  8.6122520e-07  2.3277095e-03
        62  1.0073828e+00 -1.1768364e-14  1.0064569e+00 -1.5543122e-15  8.5713594e-07  2.3221062e-03
        63  1.0073653e+00  1.3100632e-14  1.0064416e+00 -4.2188475e-15  8.5306426e-07  2.3165141e-03
        64  1.0073478e+00 -1.2878587e-14  1.0064264e+00 -3.1086245e-15  8.4901010e-07  2.3109331e-03
        65  1.0073304e+00 -7.1054274e-15  1.0064111e+00 -5.9952043e-15  8.4497339e-07  2.3053632e-03
        66  1.0073130e+00 -1.0214052e-14  1.0063959e+00  1.1324275e-14  8.4095406e-07  2.2998044e-03
        67  1.0072956e+00 -1.5099033e-14  1.0063807e+00  2.2204460e-15  8.3695205e-07  2.2942566e-03
        68  1.0072783e+00  7.9936058e-15  1.0063656e+00  1.1768364e-14  8.3296729e-07  2.2887199e-03
        69  1.0072610e+00 -9.3258734e-15  1.0063505e+00  1.4210855e-14  8.2899972e-07  2.2831942e-03
        70  1.0072437e+00 -1.3100632e-14  1.0063354e+00  2.2204460e-16  8.2504926e-07  2.2776796e-03
        71  1.0072265e+00 -4.6629367e-15  1.0063203e+00 -7.5495166e-15  8.2111585e-07  2.2721759e-03
        72  1.0072092e+00 -9.9920072e-15  1.0063053e+00  5.1070259e-15  8.1719944e-07  2.2666832e-03
        73  1.0071921e+00 -7.5495166e-15  1.0062903e+00 -3.7747583e-15  8.1329994e-07  2.2612015e-03
        74  1.0071749e+00 -9.3258734e-15  1.0062753e+00  7.5495166e-15  8.0941730e-07  2.2557307e-03
        75  1.0071578e+00  1.9984014e-15  1.0062603e+00 -1.4654944e-14  8.0555146e-07  2.2502709e-03
        76  1.0071408e+00  4.4408921e-15  1.0062454e+00 -3.9968029e-15  8.0170234e-07  2.2448219e-03
        77  1.0071237e+00  1.1546319e-14  1.0062305e+00  1.3100632e-14  7.9786988e-07  2.2393839e-03
        78  1.0071067e+00  6.4392935e-15  1.0062156e+00  1.1768364e-14  7.9405402e-07  2.2339567e-03
        79  1.0070898e+00  1.2434498e-14  1.0062008e+00 -8.4376950e-15  7.9025470e-07  2.2285404e-03
        80  1.0070728e+00  3.5527137e-15  1.0061860e+00  1.1102230e-15  7.8647185e-07  2.2231349e-03
        81  1.0070559e+00  1.2656542e-14  1.0061712e+00 -7.3274720e-15  7.8270540e-07  2.2177403e-03
        82  1.0070391e+00 -8.8817842e-16  1.0061565e+00 -1.2212453e-14  7.7895530e-07  2.2123564e-03
        83  1.0070222e+00 -1.0436096e-14  1.0061417e+00  4.4408921e-15  7.7522148e-07  2.2069834e-03
        84  1.0070054e+00  1.3100632e-14  1.0061271e+00 -1.8207658e-14  7.7150387e-07  2.2016211e-03
        85  1.0069886e+00  8.4376950e-15  1.0061124e+00  4.2188475e-15  7.6780242e-07  2.1962696e-03
        86  1.0069719e+00 -3.9968029e-15  1.0060978e+00  7.5495166e-15  7.6411706e-07  2.1909288e-03
        87  1.0069552e+00 -7.3274720e-15  1.0060831e+00  4.2188475e-15  7.6044773e-07  2.1855988e-03
        88  1.0069385e+00 -1.1546319e-14  1.0060686e+00  7.3274720e-15  7.5679437e-07  2.1802794e-03
        89  1.0069219e+00 -1.0436096e-14  1.0060540e+00 -1.5543122e-15  7.5315692e-07  2.1749708e-03
        90  1.0069052e+00 -2.6645353e-15  1.0060395e+00 -4.4408921e-15  7.4953530e-07  2.1696728e-03
        91  1.0068887e+00  3.3306691e-15  1.0060250e+00 -1.7763568e-15  7.4592948e-07  2.1643854e-03
        92  1.0068721e+00 -1.1546319e-14  1.0060105e+00 -5.9952043e-15  7.4233937e-07  2.1591088e-03
        93  1.0068556e+00  1.3322676e-14  1.0059961e+00  3.1086245e-15  7.3876492e-07  2.1538427e-03
        94  1.0068391e+00  3.9968029e-15  1.0059817e+00  9.9920072e-15  7.3520607e-07  2.1485872e-03
        95  1.0068227e+00  3.7747583e-15  1.0059673e+00 -1.7763568e-15  7.3166276e-07  2.1433424e-03
        96  1.0068063e+00 -1.1102230e-15  1.0059529e+00 -1.3100632e-14  7.2813492e-07  2.1381081e-03
        97  1.0067899e+00 -1.1546319e-14  1.0059386e+00  6.6613381e-15  7.2462251e-07  2.1328843e-03
        98  1.0067735e+00 -1.4654944e-14  1.0059243e+00  3.9968029e-15  7.2112545e-07  2.1276711e-03
        99  1.0067572e+00  1.4210855e-14  1.0059100e+00 -4.4408921e-16  7.1764368e-07  2.1224684e-03
       100  1.0067409e+00 -1.0880186e-14  1.0058958e+00  1.0658141e-14  7.1417716e-07  2.1172763e-03
       101  1.0067246e+00  7.7715612e-15  1.0058816e+00 -1.5543122e-14  7.1072581e-07  2.1120946e-03
       102  1.0067084e+00 -4.4408921e-16  1.0058674e+00  8.2156504e-15  7.0728959e-07  2.1069234e-03
       103  1.0066922e+00 -9.5479180e-15  1.0058532e+00  6.8833828e-15  7.0386842e-07  2.1017626e-03
       104  1.0066760e+00  7.9936058e-15  1.0058391e+00  1.2212453e-14  7.0046225e-07  2.0966123e-03
       105  1.0066599e+00 -5.3290705e-15  1.0058250e+00 -1.4654944e-14  6.9707103e-07  2.0914724e-03
       106  1.0066438e+00  9.9920072e-15  1.0058109e+00 -1.4432899e-14  6.9369469e-07  2.0863429e-03
       107  1.0066277e+00 -5.1070259e-15  1.0057969e+00  4.4408921e-15  6.9033318e-07  2.0812238e-03
       108  1.0066117e+00 -1.5099033e-14  1.0057828e+00  4.2188475e-15  6.8698643e-07  2.0761151e-03
       109  1.0065957e+00 -7.1054274e-15  1.0057689e+00 -9.7699626e-15  6.8365439e-07  2.0710167e-03
       110  1.0065797e+00 -9.5479180e-15  1.0057549e+00 -3.1086245e-15  6.8033701e-07  2.0659287e-03
       111  1.0065638e+00  5.9952043e-15  1.0057409e+00  2.2204460e-15  6.7703422e-07  2.0608509e-03
       112  1.0065479e+00 -3.5527137e-15  1.0057270e+00  3.1086245e-15  6.7374597e-07  2.0557835e-03
       113  1.0065320e+00  1.1546319e-14  1.0057131e+00 -8.4376950e-15  6.7047219e-07  2.0507264e-03
       114  1.0065161e+00 -4.6629367e-15  1.0056993e+00  6.8833828e-15  6.6721284e-07  2.0456796e-03
       115  1.0065003e+00 -1.2656542e-14  1.0056855e+00 -1.2434498e-14  6.6396786e-07  2.0406430e-03
       116  1.0064845e+00 -1.5321078e-14  1.0056717e+00 -1.2434498e-14  6.6073719e-07  2.0356167e-03
       117  1.0064687e+00 -8.4376950e-15  1.0056579e+00  0.0000000e+00  6.5752077e-07  2.0306006e-03
       118  1.0064530e+00  7.9936058e-15  1.0056441e+00 -3.1086245e-15  6.5431855e-07  2.0255946e-03
       119  1.0064373e+00 -7.5495166e-15  1.0056304e+00 -9.5479180e-15  6.5113047e-07  2.0205989e-03
       120  1.0064217e+00 -7.1054274e-15  1.0056167e+00  1.7763568e-15  6.4795647e-07  2.0156134e-03
       121  1.0064060e+00 -1.5543122e-15  1.0056030e+00 -3.9968029e-15  6.4479651e-07  2.0106380e-03
       122  1.0063904e+00 -5.1070259e-15  1.0055894e+00  0.0000000e+00  6.4165052e-07  2.0056728e-03
       123  1.0063749e+00 -1.1768364e-14  1.0055758e+00  7.7715612e-15  6.3851846e-07  2.0007177e-03
       124  1.0063593e+00  9.9920072e-15  1.0055622e+00  5.3290705e-15  6.3540025e-07  1.9957727e-03
       125  1.0063438e+00 -8.6597396e-15  1.0055486e+00  8.8817842e-15  6.3229586e-07  1.9908378e-03
       126  1.0063283e+00 -9.7699626e-15  1.0055351e+00 -2.4424907e-15  6.2920522e-07  1.9859130e-03
       127  1.0063129e+00 -1.5987212e-14  1.0055216e+00 -9.3258734e-15  6.2612829e-07  1.9809982e-03
       128  1.0062974e+00 -1.4432899e-14  1.0055081e+00 -1.3988810e-14  6.2306500e-07  1.9760935e-03
       129  1.0062821e+00 -1.6431301e-14  1.0054946e+00 -1.3766766e-14  6.2001530e-07  1.9711988e-03
       130  1.0062667e+00 -1.7985613e-14  1.0054812e+00 -7.1054274e-15  6.1697915e-07  1.9663142e-03
       131  1.0062514e+00 -3.9968029e-15  1.0054678e+00  4.4408921e-15  6.1395648e-07  1.9614395e-03
       132  1.0062361e+00  3.1086245e-15  1.0054544e+00 -1.0214052e-14  6.1094724e-07  1.9565748e-03
       133  1.0062208e+00 -2.6645353e-15  1.0054411e+00 -8.2156504e-15  6.0795138e-07  1.9517201e-03
       134  1.0062056e+00  6.4392935e-15  1.0054278e+00  0.0000000e+00  6.0496885e-07  1.9468753e-03
       135  1.0061904e+00  9.9920072e-15  1.0054145e+00 -1.7319479e-14  6.0199958e-07  1.9420405e-03
       136  1.0061752e+00  2.4424907e-15  1.0054012e+00 -9.1038288e-15  5.9904354e-07  1.9372156e-03
       137  1.0061600e+00  3.9968029e-15  1.0053880e+00 -1.7763568e-15  5.9610067e-07  1.9324006e-03
       138  1.0061449e+00 -1.2878587e-14  1.0053747e+00  2.6645353e-15  5.9317091e-07  1.9275955e-03
       139  1.0061298e+00 -1.0214052e-14  1.0053616e+00  1.1546319e-14  5.9025422e-07  1.9228002e-03
       140  1.0061148e+00  4.4408921e-15  1.0053484e+00 -1.2212453e-14  5.8735054e-07  1.9180148e-03
       141  1.0060998e+00  1.2434498e-14  1.0053353e+00  1.1102230e-14  5.8445981e-07  1.9132393e-03
       142  1.0060848e+00  7.9936058e-15  1.0053221e+00 -6.6613381e-16  5.8158199e-07  1.9084735e-03
       143  1.0060698e+00  6.4392935e-15  1.0053091e+00 -6.2172489e-15  5.7871703e-07  1.9037176e-03
       144  1.0060549e+00  1.7763568e-15  1.0052960e+00  3.1086245e-15  5.7586488e-07  1.8989715e-03
       145  1.0060400e+00 -3.7747583e-15  1.0052830e+00  0.0000000e+00  5.7302548e-07  1.8942351e-03
       146  1.0060251e+00 -3.5527137e-15  1.0052700e+00 -8.8817842e-16  5.7019878e-07  1.8895085e-03
       147  1.0060102e+00  1.3100632e-14  1.0052570e+00  1.0880186e-14  5.6738473e-07  1.8847917e-03
       148  1.0059954e+00 -2.6645353e-15  1.0052440e+00 -3.7747583e-15  5.6458329e-07  1.8800846e-03
       149  1.0059806e+00  2.2204460e-16  1.0052311e+00  7.9936058e-15  5.6179440e-07  1.8753871e-03
       150  1.0059659e+00  1.4210855e-14  1.0052182e+00 -1.0658141e-14  5.5901800e-07  1.8706994e-03
       151  1.0059511e+00  6.6613381e-15  1.0052053e+00 -1.5099033e-14  5.5625406e-07  1.8660214e-03
       152  1.0059364e+00  7.5495166e-15  1.0051925e+00  1.7763568e-15  5.5350252e-07  1.8613530e-03
       153  1.0059218e+00 -4.8849813e-15  1.0051796e+00  3.7747583e-15  5.5076333e-07  1.8566943e-03
       154  1.0059071e+00 -1.1102230e-15  1.0051668e+00 -8.8817842e-15  5.4803645e-07  1.8520453e-03
       155  1.0058925e+00 -2.6645353e-15  1.0051541e+00 -1.1102230e-14  5.4532181e-07  1.8474058e-03
       156  1.0058779e+00 -1.3544721e-14  1.0051413e+00  1.5543122e-15  5.4261938e-07  1.8427759e-03
       157  1.0058634e+00  1.5543122e-15  1.0051286e+00  4.4408921e-16  5.3992911e-07  1.8381557e-03
       158  1.0058489e+00 -1.3322676e-14  1.0051159e+00  2.2204460e-15  5.3725094e-07  1.8335450e-03
       159  1.0058344e+00  1.1768364e-14  1.0051032e+00  1.3766766e-14  5.3458482e-07  1.8289439e-03
       160  1.0058199e+00  9.7699626e-15  1.0050906e+00 -8.8817842e-15  5.3193072e-07  1.8243523e-03
       161  1.0058055e+00 -4.8849813e-15  1.0050779e+00 -3.3306691e-15  5.2928858e-07  1.8197702e-03
       162  1.0057911e+00  1.9984014e-15  1.0050653e+00  5.7731597e-15  5.2665834e-07  1.8151976e-03
       163  1.0057767e+00 -9.3258734e-15  1.0050528e+00  7.9936058e-15  5.2403998e-07  1.8106346e-03
       164  1.0057623e+00 -1.0880186e-14  1.0050402e+00  7.9936058e-15  5.2143343e-07  1.8060810e-03
       165  1.0057480e+00 -8.2156504e-15  1.0050277e+00 -3.7747583e-15  5.1883864e-07  1.8015369e-03
       166  1.0057337e+00 -1.1546319e-14  1.0050152e+00 -2.4424907e-15  5.1625558e-07  1.7970022e-03
       167  1.0057195e+00 -1.0880186e-14  1.0050027e+00  1.3322676e-15  5.1368420e-07  1.7924770e-03
       168  1.0057052e+00  5.7731597e-15  1.0049903e+00 -8.6597396e-15  5.1112444e-07  1.7879612e-03
       169  1.0056910e+00  1.4654944e-14  1.0049779e+00  8.8817842e-15  5.0857626e-07  1.7834548e-03
       170  1.0056768e+00 -1.2656542e-14  1.0049655e+00  5.3290705e-15  5.0603961e-07  1.7789577e-03
       171  1.0056627e+00  6.6613381e-16  1.0049531e+00 -3.3306691e-15  5.0351445e-07  1.7744701e-03
       172  1.0056486e+00 -6.4392935e-15  1.0049408e+00 -1.1546319e-14  5.0100073e-07  1.7699918e-03
       173  1.0056345e+00 -1.3766766e-14  1.0049284e+00 -1.5099033e-14  4.9849840e-07  1.7655229e-03
       174  1.0056204e+00 -8.8817842e-16  1.0049162e+00 -1.2656542e-14  4.9600742e-07  1.7610632e-03
       175  1.0056064e+00  8.4376950e-15  1.0049039e+00  8.8817842e-15  4.9352775e-07  1.7566129e-03
       176  1.0055924e+00  3.7747583e-15  1.0048916e+00  8.6597396e-15  4.9105933e-07  1.7521719e-03
       177  1.0055784e+00  1.3322676e-14  1.0048794e+00 -2.2204460e-15  4.8860212e-07  1.7477402e-03
       178  1.0055645e+00 -1.5099033e-14  1.0048672e+00  1.2878587e-14  4.8615607e-07  1.7433177e-03
       179  1.0055506e+00 -1.1102230e-14  1.0048551e+00  4.4408921e-16  4.8372114e-07  1.7389045e-03
       180  1.0055367e+00 -9.9920072e-15  1.0048429e+00  1.5099033e-14  4.8129729e-07  1.7345005e-03
       181  1.0055228e+00  8.8817842e-16  1.0048308e+00  1.5321078e-14  4.7888447e-07  1.7301058e-03
       182  1.0055090e+00 -1.1768364e-14  1.0048187e+00 -3.7747583e-15  4.7648263e-07  1.7257202e-03
       183  1.0054952e+00  9.7699626e-15  1.0048066e+00 -1.5543122e-15  4.7409173e-07  1.7213439e-03
       184  1.0054814e+00 -6.4392935e-15  1.0047946e+00  1.5543122e-15  4.7171173e-07  1.7169767e-03
       185  1.0054676e+00 -1.1102230e-14  1.0047825e+00 -9.7699626e-15  4.6934258e-07  1.7126187e-03
       186  1.0054539e+00  8.4376950e-15  1.0047706e+00  6.6613381e-15  4.6698423e-07  1.7082698e-03
       187  1.0054402e+00 -6.6613381e-16  1.0047586e+00  2.4424907e-15  4.6463665e-07  1.7039301e-03
       188  1.0054266e+00  9.7699626e-15  1.0047466e+00  4.8849813e-15  4.6229978e-07  1.6995994e-03
       189  1.0054129e+00 -1.2212453e-14  1.0047347e+00  6.8833828e-15  4.5997359e-07  1.6952779e-03
       190  1.0053993e+00  1.2878587e-14  1.0047228e+00 -1.2212453e-14  4.5765804e-07  1.6909655e-03
       191  1.0053857e+00 -1.8651747e-14  1.0047109e+00  2.2204460e-15  4.5535307e-07  1.6866621e-03
       192  1.0053722e+00 -2.6645353e-15  1.0046991e+00  1.3988810e-14  4.5305864e-07  1.6823678e-03
       193  1.0053586e+00  7.3274720e-15  1.0046872e+00  7.9936058e-15  4.5077472e-07  1.6780825e-03
       194  1.0053451e+00  8.2156504e-15  1.0046754e+00  9.9920072e-15  4.4850125e-07  1.6738063e-03
       195  1.0053317e+00 -1.5543122e-15  1.0046637e+00 -1.6431301e-14  4.4623820e-07  1.6695390e-03
       196  1.0053182e+00  4.8849813e-15  1.0046519e+00 -2.2204460e-15  4.4398553e-07  1.6652808e-03
       197  1.0053048e+00 -2.8865799e-15  1.0046402e+00  6.2172489e-15  4.4174318e-07  1.6610316e-03
       198  1.0052914e+00 -3.5527137e-15  1.0046285e+00 -2.6645353e-15  4.3951113e-07  1.6567913e-03
       199  1.0052781e+00 -1.0214052e-14  1.0046168e+00 -1.4432899e-14  4.3728932e-07  1.6525599e-03
       200  1.0052647e+00  8.6597396e-15  1.0046051e+00  9.7699626e-15  4.3507771e-07  1.6483375e-03
       201  1.0052514e+00 -1.1768364e-14  1.0045935e+00 -1.9984014e-15  4.3287627e-07  1.6441241e-03
       202  1.0052381e+00  5.9952043e-15  1.0045819e+00 -1.1102230e-14  4.3068495e-07  1.6399195e-03
       203  1.0052249e+00 -5.5511151e-15  1.0045703e+00 -3.5527137e-15  4.2850370e-07  1.6357238e-03
       204  1.0052117e+00 -8.4376950e-15  1.0045587e+00  9.1038288e-15  4.2633250e-07  1.6315371e-03
       205  1.0051985e+00  1.0214052e-14  1.0045472e+00  5.9952043e-15  4.2417129e-07  1.6273591e-03
       206  1.0051853e+00 -7.3274720e-15  1.0045357e+00  7.5495166e-15  4.2202003e-07  1.6231901e-03
       207  1.0051722e+00 -2.2204460e-15  1.0045242e+00 -1.2434498e-14  4.1987869e-07  1.6190298e-03
       208  1.0051590e+00 -1.4654944e-14  1.0045127e+00 -5.7731597e-15  4.1774722e-07  1.6148784e-03
       209  1.0051460e+00  6.8833828e-15  1.0045013e+00 -1.6653345e-14  4.1562559e-07  1.6107358e-03
       210  1.0051329e+00  1.4654944e-14  1.0044898e+00 -1.7541524e-14  4.1351375e-07  1.6066020e-03
       211  1.0051199e+00  6.8833828e-15  1.0044785e+00 -6.8833828e-15  4.1141165e-07  1.6024769e-03
       212  1.0051069e+00  1.0658141e-14  1.0044671e+00  8.8817842e-16  4.0931927e-07  1.5983606e-03
       213  1.0050939e+00 -2.2204460e-15  1.0044557e+00  5.3290705e-15  4.0723657e-07  1.5942531e-03
       214  1.0050809e+00  4.6629367e-15  1.0044444e+00 -4.6629367e-15  4.0516349e-07  1.5901543e-03
       215  1.0050680e+00  3.7747583e-15  1.0044331e+00  5.5511151e-15  4.0310000e-07  1.5860642e-03
       216  1.0050551e+00  1.2434498e-14  1.0044218e+00  6.4392935e-15  4.0104607e-07  1.5819829e-03
       217  1.0050422e+00 -4.2188475e-15  1.0044106e+00 -5.5511151e-15  3.9900165e-07  1.5779102e-03
       218  1.0050294e+00 -6.8833828e-15  1.0043993e+00 -9.7699626e-15  3.9696670e-07  1.5738462e-03
       219  1.0050166e+00  1.8207658e-14  1.0043881e+00  7.9936058e-15  3.9494118e-07  1.5697908e-03
       220  1.0050038e+00  4.6629367e-15  1.0043769e+00 -7.9936058e-15  3.9292506e-07  1.5657441e-03
       221  1.0049910e+00  6.6613381e-15  1.0043658e+00 -3.3306691e-15  3.9091829e-07  1.5617060e-03
       222  1.0049783e+00  8.8817842e-15  1.0043546e+00  1.0880186e-14  3.8892085e-07  1.5576766e-03
       223  1.0049655e+00 -8.8817842e-15  1.0043435e+00 -4.6629367e-15  3.8693268e-07  1.5536558e-03
       224  1.0049529e+00 -9.9920072e-15  1.0043324e+00  7.1054274e-15  3.8495374e-07  1.5496435e-03
       225  1.0049402e+00  4.6629367e-15  1.0043213e+00 -9.3258734e-15  3.8298401e-07  1.5456398e-03
       226  1.0049276e+00  9.5479180e-15  1.0043103e+00 -7.1054274e-15  3.8102345e-07  1.5416447e-03
       227  1.0049150e+00 -5.1070259e-15  1.0042993e+00 -1.4210855e-14  3.7907200e-07  1.5376581e-03
       228  1.0049024e+00  8.6597396e-15  1.0042883e+00 -2.8865799e-15  3.7712965e-07  1.5336801e-03
       229  1.0048898e+00  3.1086245e-15  1.0042773e+00 -5.1070259e-15  3.7519634e-07  1.5297106e-03
       230  1.0048773e+00 -1.5765167e-14  1.0042663e+00 -7.3274720e-15  3.7327204e-07  1.5257495e-03
       231  1.0048648e+00 -3.3306691e-15  1.0042554e+00  4.2188475e-15  3.7135672e-07  1.5217970e-03
       232  1.0048523e+00  4.2188475e-15  1.0042445e+00 -5.3290705e-15  3.6945034e-07  1.5178530e-03
       233  1.0048399e+00 -2.2204460e-16  1.0042336e+00 -1.7763568e-15  3.6755285e-07  1.5139174e-03
       234  1.0048274e+00  6.2172489e-15  1.0042227e+00  3.9968029e-15  3.6566422e-07  1.5099902e-03
       235  1.0048150e+00  1.5765167e-14  1.0042119e+00 -7.7715612e-15  3.6378442e-07  1.5060715e-03
       236  1.0048027e+00  7.3274720e-15  1.0042011e+00 -8.2156504e-15  3.6191341e-07  1.5021612e-03
       237  1.0047903e+00 -4.6629367e-15  1.0041903e+00  1.3322676e-14  3.6005115e-07  1.4982593e-03
       238  1.0047780e+00  7.1054274e-15  1.0041795e+00  9.7699626e-15  3.5819760e-07  1.4943659e-03
       239  1.0047657e+00  4.6629367e-15  1.0041688e+00  2.2204460e-16  3.5635273e-07  1.4904807e-03
       240  1.0047534e+00 -4.4408921e-16  1.0041580e+00  1.1546319e-14  3.5451650e-07  1.4866040e-03
       241  1.0047412e+00  1.6431301e-14  1.0041473e+00  1.3100632e-14  3.5268888e-07  1.4827356e-03
       242  1.0047290e+00 -5.9952043e-15  1.0041366e+00  2.6645353e-15  3.5086982e-07  1.4788755e-03
       243  1.0047168e+00  1.2878587e-14  1.0041260e+00  1.0880186e-14  3.4905930e-07  1.4750238e-03
       244  1.0047046e+00  1.4876989e-14  1.0041153e+00  4.4408921e-15  3.4725728e-07  1.4711803e-03
       245  1.0046925e+00  1.1102230e-15  1.0041047e+00 -5.3290705e-15  3.4546372e-07  1.4673452e-03
       246  1.0046804e+00  9.1038288e-15  1.0040941e+00  5.1070259e-15  3.4367858e-07  1.4635183e-03
       247  1.0046683e+00  9.7699626e-15  1.0040835e+00  8.8817842e-16  3.4190184e-07  1.4596997e-03
       248  1.0046562e+00 -3.5527137e-15  1.0040730e+00 -7.3274720e-15  3.4013345e-07  1.4558893e-03
       249  1.0046442e+00  6.8833828e-15  1.0040625e+00 -8.2156504e-15  3.3837338e-07  1.4520872e-03
       250  1.0046322e+00 -1.6875390e-14  1.0040520e+00  1.0880186e-14  3.3662160e-07  1.4482933e-03
       251  1.0046202e+00 -1.1546319e-14  1.0040415e+00  8.4376950e-15  3.3487807e-07  1.4445076e-03
       252  1.0046082e+00 -8.4376950e-15  1.0040310e+00 -2.8865799e-15  3.3314275e-07  1.4407302e-03
       253  1.0045963e+00 -9.5479180e-15  1.0040206e+00 -8.2156504e-15  3.3141561e-07  1.4369609e-03
       254  1.0045844e+00  7.7715612e-15  1.0040102e+00  1.0658141e-14  3.2969662e-07  1.4331997e-03
       255  1.0045725e+00  4.2188475e-15  1.0039998e+00  3.3306691e-15  3.2798575e-07  1.4294467e-03
       256  1.0045606e+00  8.2156504e-15  1.0039894e+00  7.7715612e-15  3.2628295e-07  1.4257019e-03
       257  1.0045488e+00 -1.1324275e-14  1.0039790e+00  8.2156504e-15  3.2458819e-07  1.4219652e-03
       258  1.0045370e+00 -3.5527137e-15  1.0039687e+00 -5.5511151e-15  3.2290144e-07  1.4182366e-03
       259  1.0045252e+00  1.1546319e-14  1.0039584e+00 -5.1070259e-15  3.2122267e-07  1.4145161e-03
       260  1.0045134e+00  6.6613381e-16  1.0039481e+00  7.1054274e-15  3.1955184e-07  1.4108037e-03
       261  1.0045017e+00  9.1038288e-15  1.0039379e+00  7.3274720e-15  3.1788892e-07  1.4070993e-03
       262  1.0044900e+00  1.3988810e-14  1.0039276e+00  1.7319479e-14  3.1623388e-07  1.4034030e-03
       263  1.0044783e+00  6.4392935e-15  1.0039174e+00 -1.2656542e-14  3.1458667e-07  1.3997148e-03
       264  1.0044666e+00  5.7731597e-15  1.0039072e+00  8.8817842e-15  3.1294728e-07  1.3960346e-03
       265  1.0044550e+00 -9.1038288e-15  1.0038970e+00 -1.2878587e-14  3.1131566e-07  1.3923624e-03
       266  1.0044434e+00 -2.4424907e-15  1.0038869e+00  4.2188475e-15  3.0969178e-07  1.3886982e-03
       267  1.0044318e+00  1.3100632e-14  1.0038767e+00 -1.2434498e-14  3.0807561e-07  1.3850420e-03
       268  1.0044202e+00 -8.8817842e-15  1.0038666e+00 -9.7699626e-15  3.0646712e-07  1.3813938e-03
       269  1.0044087e+00  5.3290705e-15  1.0038565e+00  1.1768364e-14  3.0486627e-07  1.3777536e-03
       270  1.0043972e+00  6.4392935e-15  1.0038465e+00  1.1768364e-14  3.0327303e-07  1.3741213e-03
       271  1.0043857e+00  6.6613381e-16  1.0038364e+00 -5.1070259e-15  3.0168737e-07  1.3704969e-03
       272  1.0043742e+00  7.9936058e-15  1.0038264e+00  2.8865799e-15  3.0010926e-07  1.3668804e-03
       273  1.0043628e+00  1.3322676e-15  1.0038164e+00 -1.7763568e-15  2.9853866e-07  1.3632719e-03
       274  1.0043514e+00  2.2204460e-16  1.0038064e+00  1.0658141e-14  2.9697554e-07  1.3596713e-03
       275  1.0043400e+00 -4.2188475e-15  1.0037965e+00  4.2188475e-15  2.9541987e-07  1.3560785e-03
       276  1.0043286e+00  1.3322676e-15  1.0037865e+00  1.6875390e-14  2.9387163e-07  1.3524936e-03
       277  1.0043173e+00 -3.5527137e-15  1.0037766e+00  6.4392935e-15  2.9233077e-07  1.3489166e-03
       278  1.0043060e+00 -4.4408921e-15  1.0037667e+00 -1.4654944e-14  2.9079726e-07  1.3453474e-03
       279  1.0042947e+00  1.3988810e-14  1.0037568e+00 -1.3544721e-14  2.8927108e-07  1.3417860e-03
       280  1.0042834e+00  0.0000000e+00  1.0037470e+00 -1.3322676e-15  2.8775219e-07  1.3382325e-03
       281  1.0042721e+00  1.6875390e-14  1.0037371e+00 -1.0880186e-14  2.8624056e-07  1.3346867e-03
       282  1.0042609e+00  5.3290705e-15  1.0037273e+00 -1.1990409e-14  2.8473616e-07  1.3311488e-03
       283  1.0042497e+00 -1.8207658e-14  1.0037175e+00 -1.2434498e-14  2.8323897e-07  1.3276186e-03
       284  1.0042386e+00  2.4424907e-15  1.0037078e+00 -9.9920072e-15  2.8174894e-07  1.3240962e-03
       285  1.0042274e+00  9.7699626e-15  1.0036980e+00  5.5511151e-15  2.8026604e-07  1.3205815e-03
       286  1.0042163e+00  4.8849813e-15  1.0036883e+00 -1.0880186e-14  2.7879026e-07  1.3170746e-03
       287  1.0042052e+00  1.0214052e-14  1.0036786e+00  9.7699626e-15  2.7732155e-07  1.3135754e-03
       288  1.0041941e+00  7.3274720e-15  1.0036689e+00 -9.5479180e-15  2.7585989e-07  1.3100839e-03
       289  1.0041831e+00 -1.4210855e-14  1.0036592e+00  1.0880186e-14  2.7440524e-07  1.3066001e-03
       290  1.0041720e+00 -2.2204460e-15  1.0036496e+00  8.4376950e-15  2.7295758e-07  1.3031240e-03
       291  1.0041610e+00  1.0436096e-14  1.0036399e+00 -2.8865799e-15  2.7151687e-07  1.2996555e-03
       292  1.0041500e+00  5.3290705e-15  1.0036303e+00 -9.1038288e-15  2.7008309e-07  1.2961947e-03
       293  1.0041391e+00  1.3544721e-14  1.0036208e+00  2.4424907e-15  2.6865621e-07  1.2927416e-03
       294  1.0041281e+00 -1.8207658e-14  1.0036112e+00  3.9968029e-15  2.6723619e-07  1.2892960e-03
       295  1.0041172e+00  1.4210855e-14  1.0036017e+00 -4.4408921e-15  2.6582301e-07  1.2858581e-03
       296  1.0041064e+00 -6.2172489e-15  1.0035921e+00  7.1054274e-15  2.6441663e-07  1.2824278e-03
       297  1.0040955e+00 -1.1102230e-15  1.0035826e+00 -9.7699626e-15  2.6301704e-07  1.2790051e-03
       298  1.0040846e+00  1.1768364e-14  1.0035732e+00  2.4424907e-15  2.6162419e-07  1.2755900e-03
       299  1.0040738e+00 -8.6597396e-15  1.0035637e+00  3.5527137e-15  2.6023806e-07  1.2721824e-03
       300  1.0040630e+00  9.9920072e-15  1.0035543e+00  7.1054274e-15  2.5885862e-07  1.2687824e-03
       301  1.0040523e+00 -1.0658141e-14  1.0035448e+00  3.5527137e-15  2.5748584e-07  1.2653899e-03
       302  1.0040415e+00 -9.5479180e-15  1.0035354e+00  1.0436096e-14  2.5611969e-07  1.2620050e-03
       303  1.0040308e+00  1.0214052e-14  1.0035261e+00 -1.5543122e-15  2.5476015e-07  1.2586275e-03
       304  1.0040201e+00 -2.4424907e-15  1.0035167e+00  1.3322676e-15  2.5340718e-07  1.2552576e-03
       305  1.0040094e+00 -1.5543122e-15  1.0035074e+00 -1.2434498e-14  2.5206076e-07  1.2518952e-03
       306  1.0039988e+00 -9.1038288e-15  1.0034981e+00  4.4408921e-15  2.5072085e-07  1.2485402e-03
       307  1.0039881e+00 -1.3100632e-14  1.0034888e+00 -5.5511151e-15  2.4938744e-07  1.2451927e-03
       308  1.0039775e+00  2.8865799e-15  1.0034795e+00 -4.6629367e-15  2.4806049e-07  1.2418526e-03
       309  1.0039670e+00 -1.3766766e-14  1.0034702e+00  3.5527137e-15  2.4673997e-07  1.2385200e-03
       310  1.0039564e+00  2.2204460e-15  1.0034610e+00  5.7731597e-15  2.4542585e-07  1.2351947e-03
       311  1.0039459e+00  1.2656542e-14  1.0034518e+00  6.8833828e-15  2.4411812e-07  1.2318769e-03
       312  1.0039353e+00 -8.6597396e-15  1.0034426e+00 -8.6597396e-15  2.4281673e-07  1.2285665e-03
       313  1.0039249e+00 -3.7747583e-15  1.0034334e+00  4.4408921e-15  2.4152167e-07  1.2252635e-03
       314  1.0039144e+00 -6.6613381e-16  1.0034243e+00  1.0214052e-14  2.4023290e-07  1.2219679e-03
       315  1.0039039e+00 -1.3988810e-14  1.0034151e+00 -1.2434498e-14  2.3895040e-07  1.2186796e-03
       316  1.0038935e+00 -8.8817842e-16  1.0034060e+00  1.3544721e-14  2.3767414e-07  1.2153986e-03
       317  1.0038831e+00 -1.0880186e-14  1.0033969e+00 -1.9984014e-15  2.3640409e-07  1.2121250e-03
       318  1.0038727e+00 -3.5527137e-15  1.0033878e+00  1.3988810e-14  2.3514022e-07  1.2088587e-03
       319  1.0038624e+00  5.3290705e-15  1.0033788e+00 -4.4408921e-16  2.3388252e-07  1.2055997e-03
       320  1.0038521e+00 -3.9968029e-15  1.0033697e+00 -1.2656542e-14  2.3263095e-07  1.2023480e-03
       321  1.0038418e+00  5.1070259e-15  1.0033607e+00 -1.2434498e-14  2.3138548e-07  1.1991036e-03
       322  1.0038315e+00  2.2204460e-15  1.0033517e+00 -1.3100632e-14  2.3014609e-07  1.1958665e-03
       323  1.0038212e+00 -5.3290705e-15  1.0033428e+00  5.5511151e-15  2.2891275e-07  1.1926366e-03
       324  1.0038110e+00  2.2204460e-15  1.0033338e+00 -1.9317881e-14  2.2768544e-07  1.1894139e-03
       325  1.0038007e+00  1.6875390e-14  1.0033249e+00 -8.2156504e-15  2.2646412e-07  1.1861985e-03
       326  1.0037906e+00  9.3258734e-15  1.0033159e+00 -8.4376950e-15  2.2524878e-07  1.1829903e-03
       327  1.0037804e+00  4.2188475e-15  1.0033071e+00 -1.1102230e-15  2.2403938e-07  1.1797893e-03
       328  1.0037702e+00  4.8849813e-15  1.0032982e+00 -5.3290705e-15  2.2283591e-07  1.1765955e-03
       329  1.0037601e+00 -2.2204460e-16  1.0032893e+00 -7.1054274e-15  2.2163833e-07  1.1734089e-03
       330  1.0037500e+00  7.9936058e-15  1.0032805e+00  5.3290705e-15  2.2044661e-07  1.1702295e-03
       331  1.0037399e+00  1.7763568e-15  1.0032717e+00 -3.5527137e-15  2.1926074e-07  1.1670572e-03
       332  1.0037299e+00  3.3306691e-15  1.0032629e+00  2.4424907e-15  2.1808069e-07  1.1638920e-03
       333  1.0037198e+00 -5.5511151e-15  1.0032541e+00 -3.9968029e-15  2.1690642e-07  1.1607340e-03
       334  1.0037098e+00  2.4424907e-15  1.0032453e+00  9.1038288e-15  2.1573792e-07  1.1575831e-03
       335  1.0036998e+00 -8.8817842e-15  1.0032366e+00  1.1102230e-14  2.1457516e-07  1.1544393e-03
       336  1.0036898e+00  2.4424907e-15  1.0032279e+00 -1.2656542e-14  2.1341812e-07  1.1513026e-03
       337  1.0036799e+00  8.8817842e-16  1.0032192e+00  7.9936058e-15  2.1226677e-07  1.1481730e-03
       338  1.0036699e+00  5.3290705e-15  1.0032105e+00 -1.3100632e-14  2.1112108e-07  1.1450504e-03
       339  1.0036600e+00  1.0436096e-14  1.0032018e+00  5.9952043e-15  2.0998103e-07  1.1419350e-03
       340  1.0036502e+00 -7.5495166e-15  1.0031932e+00  4.4408921e-16  2.0884659e-07  1.1388265e-03
       341  1.0036403e+00 -4.2188475e-15  1.0031845e+00 -8.4376950e-15  2.0771775e-07  1.1357251e-03
       342  1.0036305e+00 -7.3274720e-15  1.0031759e+00  3.7747583e-15  2.0659447e-07  1.1326307e-03
       343  1.0036206e+00 -1.4876989e-14  1.0031673e+00  5.9952043e-15  2.0547673e-07  1.1295433e-03
       344  1.0036108e+00 -1.1546319e-14  1.0031588e+00 -1.1990409e-14  2.0436450e-07  1.1264629e-03
       345  1.0036011e+00  1.1768364e-14  1.0031502e+00  1.5987212e-14  2.0325777e-07  1.1233894e-03
       346  1.0035913e+00 -2.4424907e-15  1.0031417e+00  8.8817842e-16  2.0215651e-07  1.1203230e-03
       347  1.0035816e+00  4.4408921e-16  1.0031332e+00 -2.2204460e-15  2.0106068e-07  1.1172635e-03
       348  1.0035719e+00 -1.2656542e-14  1.0031247e+00  2.8865799e-15  1.9997028e-07  1.1142109e-03
       349  1.0035622e+00  2.6645353e-15  1.0031162e+00  1.4210855e-14  1.9888527e-07  1.1111653e-03
       350  1.0035525e+00  8.6597396e-15  1.0031078e+00 -1.1324275e-14  1.9780563e-07  1.1081266e-03
       351  1.0035429e+00 -7.9936058e-15  1.0030993e+00 -7.5495166e-15  1.9673134e-07  1.1050948e-03
       352  1.0035332e+00  4.8849813e-15  1.0030909e+00 -6.4392935e-15  1.9566237e-07  1.1020699e-03
       353  1.0035236e+00  1.1546319e-14  1.0030825e+00  1.7541524e-14  1.9459870e-07  1.0990519e-03
       354  1.0035141e+00 -1.9984014e-15  1.0030741e+00 -3.7747583e-15  1.9354031e-07  1.0960408e-03
       355  1.0035045e+00  7.9936058e-15  1.0030658e+00 -8.2156504e-15  1.9248717e-07  1.0930365e-03
       356  1.0034950e+00  2.4424907e-15  1.0030574e+00 -2.8865799e-15  1.9143926e-07  1.0900390e-03
       357  1.0034854e+00  2.6645353e-15  1.0030491e+00 -8.6597396e-15  1.9039655e-07  1.0870484e-03
       358  1.0034760e+00 -9.7699626e-15  1.0030408e+00  7.5495166e-15  1.8935903e-07  1.0840647e-03
       359  1.0034665e+00 -3.1086245e-15  1.0030325e+00  7.1054274e-15  1.8832666e-07  1.0810877e-03
       360  1.0034570e+00 -1.1324275e-14  1.0030242e+00  1.7763568e-14  1.8729943e-07  1.0781175e-03
       361  1.0034476e+00  7.9936058e-15  1.0030160e+00  1.4876989e-14  1.8627732e-07  1.0751541e-03
       362  1.0034382e+00  8.4376950e-15  1.0030078e+00 -1.2212453e-14  1.8526029e-07  1.0721975e-03
       363  1.0034288e+00  9.3258734e-15  1.0029996e+00 -2.2204460e-16  1.8424834e-07  1.0692477e-03
       364  1.0034194e+00 -5.3290705e-15  1.0029914e+00 -1.1990409e-14  1.8324142e-07  1.0663046e-03
       365  1.0034101e+00  4.8849813e-15  1.0029832e+00 -5.5511151e-15  1.8223953e-07  1.0633682e-03
       366  1.0034008e+00 -1.1102230e-15  1.0029750e+00 -5.3290705e-15  1.8124264e-07  1.0604386e-03
       367  1.0033914e+00 -1.2212453e-14  1.0029669e+00 -1.1990409e-14  1.8025073e-07  1.0575157e-03
       368  1.0033822e+00 -1.3322676e-15  1.0029588e+00  2.2204460e-15  1.7926377e-07  1.0545994e-03
       369  1.0033729e+00  9.1038288e-15  1.0029507e+00  3.1086245e-15  1.7828175e-07  1.0516899e-03
       370  1.0033637e+00  1.0436096e-14  1.0029426e+00  6.6613381e-16  1.7730463e-07  1.0487871e-03
       371  1.0033544e+00  1.4210855e-14  1.0029345e+00  5.5511151e-15  1.7633241e-07  1.0458909e-03
       372  1.0033452e+00 -8.6597396e-15  1.0029265e+00  1.3988810e-14  1.7536505e-07  1.0430013e-03
       373  1.0033361e+00  1.9095836e-14  1.0029184e+00  1.2656542e-14  1.7440254e-07  1.0401185e-03
       374  1.0033269e+00  9.3258734e-15  1.0029104e+00  1.2212453e-14  1.7344484e-07  1.0372422e-03
       375  1.0033178e+00 -4.4408921e-15  1.0029024e+00  1.0658141e-14  1.7249195e-07  1.0343726e-03
       376  1.0033086e+00  1.9984014e-15  1.0028945e+00 -8.4376950e-15  1.7154384e-07  1.0315095e-03
       377  1.0032995e+00  2.8865799e-15  1.0028865e+00  7.5495166e-15  1.7060049e-07  1.0286531e-03
       378  1.0032905e+00 -1.0436096e-14  1.0028786e+00 -2.2204460e-16  1.6966188e-07  1.0258032e-03
       379  1.0032814e+00  1.5543122e-15  1.0028707e+00 -6.8833828e-15  1.6872798e-07  1.0229600e-03
       380  1.0032724e+00  6.6613381e-16  1.0028627e+00 -9.5479180e-15  1.6779877e-07  1.0201232e-03
       381  1.0032634e+00 -2.6645353e-15  1.0028549e+00 -9.7699626e-15  1.6687424e-07  1.0172931e-03
       382  1.0032544e+00 -1.3766766e-14  1.0028470e+00 -4.8849813e-15  1.6595436e-07  1.0144694e-03
       383  1.0032454e+00  6.6613381e-16  1.0028391e+00 -2.4424907e-15  1.6503910e-07  1.0116523e-03
       384  1.0032364e+00 -4.4408921e-15  1.0028313e+00  4.8849813e-15  1.6412846e-07  1.0088417e-03
       385  1.0032275e+00  6.4392935e-15  1.0028235e+00 -1.3322676e-14  1.6322241e-07  1.0060376e-03
       386  1.0032186e+00  1.7985613e-14  1.0028157e+00  7.9936058e-15  1.6232092e-07  1.0032400e-03
       387  1.0032097e+00 -1.0214052e-14  1.0028079e+00 -6.4392935e-15  1.6142399e-07  1.0004488e-03
       388  1.0032008e+00 -1.0880186e-14  1.0028002e+00  1.3322676e-14  1.6053158e-07  9.9766417e-04
       389  1.0031920e+00 -7.3274720e-15  1.0027924e+00 -1.3322676e-15  1.5964367e-07  9.9488596e-04
       390  1.0031832e+00 -1.7319479e-14  1.0027847e+00  2.6645353e-15  1.5876025e-07  9.9211418e-04
       391  1.0031743e+00  6.2172489e-15  1.0027770e+00  9.1038288e-15  1.5788130e-07  9.8934884e-04
       392  1.0031655e+00 -1.3544721e-14  1.0027693e+00 -1.1102230e-15  1.5700679e-07  9.8658991e-04
       393  1.0031568e+00  3.3306691e-15  1.0027616e+00 -1.3544721e-14  1.5613671e-07  9.8383739e-04
       394  1.0031480e+00 -1.9984014e-15  1.0027540e+00 -2.4424907e-15  1.5527103e-07  9.8109127e-04
       395  1.0031393e+00  1.6875390e-14  1.0027463e+00  2.8865799e-15  1.5440973e-07  9.7835153e-04
       396  1.0031306e+00 -4.6629367e-15  1.0027387e+00 -9.7699626e-15  1.5355280e-07  9.7561817e-04
       397  1.0031219e+00 -6.2172489e-15  1.0027311e+00  3.1086245e-15  1.5270022e-07  9.7289117e-04
       398  1.0031132e+00 -1.0880186e-14  1.0027235e+00 -8.8817842e-16  1.5185196e-07  9.7017051e-04
       399  1.0031046e+00  8.8817842e-16  1.0027160e+00 -3.5527137e-15  1.5100800e-07  9.6745619e-04
       400  1.0030959e+00 -3.3306691e-15  1.0027084e+00 -4.2188475e-15  1.5016833e-07  9.6474820e-04
       401  1.0030873e+00 -1.1102230e-14  1.0027009e+00  8.4376950e-15  1.4933293e-07  9.6204653e-04
       402  1.0030787e+00  5.9952043e-15  1.0026934e+00 -1.9984014e-15  1.4850177e-07  9.5935116e-04
       403  1.0030702e+00 -8.2156504e-15  1.0026859e+00 -3.3306691e-15  1.4767484e-07  9.5666208e-04
       404  1.0030616e+00 -7.9936058e-15  1.0026784e+00 -5.3290705e-15  1.4685212e-07  9.5397928e-04
       405  1.0030531e+00 -8.4376950e-15  1.0026709e+00 -5.7731597e-15  1.4603359e-07  9.5130275e-04
       406  1.0030446e+00  6.8833828e-15  1.0026635e+00  1.5321078e-14  1.4521922e-07  9.4863248e-04
       407  1.0030361e+00  8.2156504e-15  1.0026561e+00 -2.8865799e-15  1.4440901e-07  9.4596845e-04
       408  1.0030276e+00  1.5543122e-15  1.0026486e+00  1.5543122e-15  1.4360293e-07  9.4331066e-04
       409  1.0030191e+00  1.3544721e-14  1.0026412e+00  1.5543122e-15  1.4280096e-07  9.4065909e-04
       410  1.0030107e+00 -3.1086245e-15  1.0026339e+00  4.4408921e-16  1.4200308e-07  9.3801374e-04
       411  1.0030023e+00 -9.9920072e-15  1.0026265e+00 -5.7731597e-15  1.4120928e-07  9.3537458e-04
       412  1.0029939e+00 -9.9920072e-15  1.0026192e+00  8.6597396e-15  1.4041953e-07  9.3274162e-04
       413  1.0029855e+00  1.5765167e-14  1.0026118e+00 -4.8849813e-15  1.3963382e-07  9.3011483e-04
       414  1.0029772e+00 -4.2188475e-15  1.0026045e+00 -9.1038288e-15  1.3885213e-07  9.2749421e-04
       415  1.0029688e+00  8.8817842e-15  1.0025972e+00  8.6597396e-15  1.3807444e-07  9.2487975e-04
       416  1.0029605e+00  1.6209256e-14  1.0025900e+00  4.8849813e-15  1.3730073e-07  9.2227143e-04
       417  1.0029522e+00  7.5495166e-15  1.0025827e+00  1.3766766e-14  1.3653098e-07  9.1966924e-04
       418  1.0029439e+00 -5.7731597e-15  1.0025755e+00 -8.4376950e-15  1.3576518e-07  9.1707318e-04
       419  1.0029357e+00 -1.3988810e-14  1.0025682e+00 -4.8849813e-15  1.3500331e-07  9.1448323e-04
       420  1.0029274e+00  5.7731597e-15  1.0025610e+00  1.0658141e-14  1.3424534e-07  9.1189937e-04
       421  1.0029192e+00 -9.5479180e-15  1.0025538e+00  2.4424907e-15  1.3349127e-07  9.0932161e-04
       422  1.0029110e+00  1.1768364e-14  1.0025467e+00  7.3274720e-15  1.3274107e-07  9.0674992e-04
       423  1.0029028e+00  8.8817842e-16  1.0025395e+00 -8.8817842e-16  1.3199472e-07  9.0418429e-04
       424  1.0028946e+00  7.1054274e-15  1.0025324e+00  8.2156504e-15  1.3125221e-07  9.0162472e-04
       425  1.0028865e+00 -1.1324275e-14  1.0025252e+00 -6.6613381e-16  1.3051352e-07  8.9907120e-04
       426  1.0028784e+00 -5.7731597e-15  1.0025181e+00  1.0214052e-14  1.2977863e-07  8.9652371e-04
       427  1.0028703e+00 -3.7747583e-15  1.0025110e+00  6.4392935e-15  1.2904752e-07  8.9398223e-04
       428  1.0028622e+00 -6.4392935e-15  1.0025039e+00  6.6613381e-15  1.2832018e-07  8.9144677e-04
       429  1.0028541e+00 -6.4392935e-15  1.0024969e+00  7.9936058e-15  1.2759659e-07  8.8891731e-04
       430  1.0028460e+00  3.5527137e-15  1.0024898e+00 -1.1546319e-14  1.2687674e-07  8.8639384e-04
       431  1.0028380e+00 -4.8849813e-15  1.0024828e+00 -7.1054274e-15  1.2616059e-07  8.8387634e-04
       432  1.0028300e+00 -1.1990409e-14  1.0024758e+00  9.9920072e-15  1.2544814e-07  8.8136481e-04
       433  1.0028220e+00  8.6597396e-15  1.0024688e+00 -1.3988810e-14  1.2473938e-07  8.7885923e-04
       434  1.0028140e+00  5.3290705e-15  1.0024618e+00  1.1102230e-14  1.2403427e-07  8.7635960e-04
       435  1.0028061e+00  5.7731597e-15  1.0024549e+00 -3.1086245e-15  1.2333281e-07  8.7386590e-04
       436  1.0027981e+00 -7.9936058e-15  1.0024479e+00  2.8865799e-15  1.2263498e-07  8.7137812e-04
       437  1.0027902e+00 -1.0880186e-14  1.0024410e+00 -1.5987212e-14  1.2194076e-07  8.6889625e-04
       438  1.0027823e+00 -9.5479180e-15  1.0024341e+00 -3.7747583e-15  1.2125014e-07  8.6642028e-04
       439  1.0027744e+00  1.4876989e-14  1.0024272e+00 -1.1102230e-14  1.2056309e-07  8.6395020e-04
       440  1.0027665e+00 -8.4376950e-15  1.0024203e+00  5.3290705e-15  1.1987961e-07  8.6148600e-04
       441  1.0027587e+00  7.9936058e-15  1.0024134e+00 -1.3766766e-14  1.1919967e-07  8.5902767e-04
       442  1.0027509e+00 -5.1070259e-15  1.0024066e+00 -7.3274720e-15  1.1852326e-07  8.5657519e-04
       443  1.0027431e+00 -2.8865799e-15  1.0023998e+00  1.1324275e-14  1.1785036e-07  8.5412856e-04
       444  1.0027353e+00 -4.2188475e-15  1.0023929e+00  8.8817842e-15  1.1718095e-07  8.5168776e-04
       445  1.0027275e+00 -6.4392935e-15  1.0023861e+00 -1.1990409e-14  1.1651503e-07  8.4925279e-04
       446  1.0027197e+00 -7.9936058e-15  1.0023794e+00  9.1038288e-15  1.1585256e-07  8.4682363e-04
       447  1.0027120e+00  9.7699626e-15  1.0023726e+00 -1.0658141e-14  1.1519355e-07  8.4440027e-04
       448  1.0027043e+00  6.2172489e-15  1.0023658e+00  5.1070259e-15  1.1453796e-07  8.4198270e-04
       449  1.0026966e+00 -1.1768364e-14  1.0023591e+00  8.6597396e-15  1.1388579e-07  8.3957091e-04
       450  1.0026889e+00 -3.3306691e-15  1.0023524e+00 -3.1086245e-15  1.1323702e-07  8.3716489e-04
       451  1.0026812e+00 -1.0658141e-14  1.0023457e+00  8.8817842e-16  1.1259163e-07  8.3476463e-04
       452  1.0026736e+00 -3.5527137e-15  1.0023390e+00  8.8817842e-16  1.1194960e-07  8.3237012e-04
       453  1.0026660e+00  2.2204460e-16  1.0023323e+00  5.5511151e-15  1.1131093e-07  8.2998134e-04
       454  1.0026583e+00  7.5495166e-15  1.0023257e+00 -1.0214052e-14  1.1067559e-07  8.2759830e-04
       455  1.0026508e+00  3.7747583e-15  1.0023190e+00  1.3988810e-14  1.1004356e-07  8.2522096e-04
       456  1.0026432e+00 -1.1990409e-14  1.0023124e+00 -1.2434498e-14  1.0941485e-07  8.2284933e-04
       457  1.0026356e+00  1.3322676e-15  1.0023058e+00 -1.3766766e-14  1.0878942e-07  8.2048340e-04
       458  1.0026281e+00 -9.7699626e-15  1.0022992e+00 -1.5543122e-14  1.0816726e-07  8.1812315e-04
       459  1.0026206e+00  7.1054274e-15  1.0022926e+00  1.7763568e-15  1.0754836e-07  8.1576857e-04
       460  1.0026131e+00 -7.1054274e-15  1.0022861e+00 -1.3322676e-15  1.0693270e-07  8.1341966e-04
       461  1.0026056e+00  8.6597396e-15  1.0022795e+00  6.8833828e-15  1.0632027e-07  8.1107639e-04
       462  1.0025981e+00 -1.7319479e-14  1.0022730e+00 -6.4392935e-15  1.0571105e-07  8.0873877e-04
       463  1.0025907e+00  3.3306691e-15  1.0022665e+00  6.4392935e-15  1.0510502e-07  8.0640678e-04
       464  1.0025832e+00 -5.5511151e-15  1.0022600e+00 -1.7763568e-14  1.0450218e-07  8.0408041e-04
       465  1.0025758e+00  9.7699626e-15  1.0022535e+00  1.1990409e-14  1.0390250e-07  8.0175964e-04
       466  1.0025684e+00  6.4392935e-15  1.0022470e+00 -2.4424907e-15  1.0330597e-07  7.9944448e-04
       467  1.0025610e+00  8.8817842e-16  1.0022405e+00  4.8849813e-15  1.0271258e-07  7.9713490e-04
       468  1.0025537e+00 -1.9984014e-15  1.0022341e+00 -8.8817842e-15  1.0212231e-07  7.9483090e-04
       469  1.0025463e+00 -4.2188475e-15  1.0022277e+00 -7.1054274e-15  1.0153514e-07  7.9253247e-04
       470  1.0025390e+00  1.0214052e-14  1.0022213e+00 -1.3322676e-14  1.0095107e-07  7.9023960e-04
       471  1.0025317e+00 -1.1324275e-14  1.0022149e+00 -7.3274720e-15  1.0037007e-07  7.8795227e-04
       472  1.0025244e+00 -1.1102230e-14  1.0022085e+00  6.2172489e-15  9.9792134e-08  7.8567047e-04
       473  1.0025171e+00 -6.6613381e-15  1.0022021e+00  2.2204460e-16  9.9217246e-08  7.8339420e-04
       474  1.0025099e+00 -1.0658141e-14  1.0021958e+00 -5.3290705e-15  9.8645391e-08  7.8112345e-04
       475  1.0025026e+00  3.5527137e-15  1.0021895e+00 -5.5511151e-15  9.8076554e-08  7.7885820e-04
       476  1.0024954e+00  5.5511151e-15  1.0021831e+00 -4.2188475e-15  9.7510722e-08  7.7659844e-04
       477  1.0024882e+00  1.4654944e-14  1.0021768e+00  1.5543122e-15  9.6947880e-08  7.7434417e-04
       478  1.0024810e+00  6.2172489e-15  1.0021706e+00  2.2204460e-16  9.6388014e-08  7.7209537e-04
       479  1.0024739e+00 -1.5321078e-14  1.0021643e+00  2.8865799e-15  9.5831109e-08  7.6985203e-04
       480  1.0024667e+00  5.3290705e-15  1.0021580e+00 -3.3306691e-15  9.5277151e-08  7.6761414e-04
       481  1.0024596e+00 -1.3766766e-14  1.0021518e+00  2.8865799e-15  9.4726126e-08  7.6538170e-04
       482  1.0024524e+00  2.4424907e-15  1.0021456e+00  1.0436096e-14  9.4178021e-08  7.6315469e-04
       483  1.0024453e+00  1.3322676e-15  1.0021393e+00 -4.8849813e-15  9.3632821e-08  7.6093309e-04
       484  1.0024383e+00 -1.2878587e-14  1.0021332e+00 -9.1038288e-15  9.3090513e-08  7.5871691e-04
       485  1.0024312e+00  2.2204460e-16  1.0021270e+00 -9.5479180e-15  9.2551082e-08  7.5650613e-04
       486  1.0024241e+00  7.1054274e-15  1.0021208e+00  6.8833828e-15  9.2014515e-08  7.5430074e-04
       487  1.0024171e+00  1.9984014e-15  1.0021147e+00 -1.5543122e-15  9.1480798e-08  7.5210073e-04
       488  1.0024101e+00  1.0658141e-14  1.0021085e+00  2.8865799e-15  9.0949917e-08  7.4990609e-04
       489  1.0024031e+00 -7.7715612e-15  1.0021024e+00  6.6613381e-15  9.0421859e-08  7.4771680e-04
       490  1.0023961e+00 -3.3306691e-15  1.0020963e+00  1.1324275e-14  8.9896610e-08  7.4553287e-04
       491  1.0023891e+00 -1.3100632e-14  1.0020902e+00 -2.2204460e-15  8.9374158e-08  7.4335427e-04
       492  1.0023822e+00 -1.7763568e-15  1.0020841e+00 -5.3290705e-15  8.8854487e-08  7.4118101e-04
       493  1.0023753e+00 -1.7097435e-14  1.0020780e+00 -8.8817842e-16  8.8337586e-08  7.3901306e-04
       494  1.0023683e+00  3.7747583e-15  1.0020720e+00  8.6597396e-15  8.7823440e-08  7.3685042e-04
       495  1.0023615e+00 -8.8817842e-15  1.0020660e+00  2.2204460e-16  8.7312036e-08  7.3469308e-04
       496  1.0023546e+00  7.5495166e-15  1.0020599e+00  1.6875390e-14  8.6803362e-08  7.3254102e-04
       497  1.0023477e+00 -1.0436096e-14  1.0020539e+00 -3.5527137e-15  8.6297404e-08  7.3039425e-04
       498  1.0023409e+00 -1.2878587e-14  1.0020479e+00  1.6653345e-14  8.5794148e-08  7.2825274e-04
       499  1.0023340e+00  6.2172489e-15  1.0020420e+00  3.7747583e-15  8.5293583e-08  7.2611649e-04
       500  1.0023272e+00  1.3988810e-14  1.0020360e+00  9.3258734e-15  8.4795694e-08  7.2398548e-04
       501  1.0023204e+00  4.2188475e-15  1.0020301e+00 -9.5479180e-15  8.4300470e-08  7.2185972e-04
       502  1.0023136e+00 -3.5527137e-15  1.0020241e+00 -6.2172489e-15  8.3807896e-08  7.1973918e-04
       503  1.0023069e+00  1.3988810e-14  1.0020182e+00 -1.3988810e-14  8.3317961e-08  7.1762385e-04
       504  1.0023001e+00  3.1086245e-15  1.0020123e+00 -3.5527137e-15  8.2830652e-08  7.1551374e-04
       505  1.0022934e+00  1.0436096e-14  1.0020064e+00  1.1990409e-14  8.2345955e-08  7.1340882e-04
       506  1.0022867e+00  2.2204460e-16  1.0020005e+00  6.6613381e-16  8.1863859e-08  7.1130909e-04
       507  1.0022800e+00  6.2172489e-15  1.0019947e+00  1.9984014e-15  8.1384350e-08  7.0921453e-04
       508  1.0022733e+00  1.3100632e-14  1.0019888e+00 -3.1086245e-15  8.0907416e-08  7.0712514e-04
       509  1.0022666e+00 -1.3544721e-14  1.0019830e+00  1.1990409e-14  8.0433045e-08  7.0504091e-04
       510  1.0022600e+00 -7.7715612e-15  1.0019772e+00 -1.7319479e-14  7.9961224e-08  7.0296183e-04
       511  1.0022533e+00 -3.7747583e-15  1.0019714e+00 -5.7731597e-15  7.9491940e-08  7.0088788e-04
       512  1.0022467e+00 -2.4424907e-15  1.0019656e+00  6.8833828e-15  7.9025182e-08  6.9881906e-04
       513  1.0022401e+00 -8.6597396e-15  1.0019598e+00 -7.7715612e-15  7.8560938e-08  6.9675536e-04
       514  1.0022335e+00 -4.4408921e-16  1.0019541e+00  4.4408921e-15  7.8099194e-08  6.9469676e-04
       515  1.0022269e+00 -1.7541524e-14  1.0019483e+00  4.4408921e-16  7.7639939e-08  6.9264326e-04
       516  1.0022204e+00 -9.3258734e-15  1.0019426e+00 -1.3988810e-14  7.7183160e-08  6.9059485e-04
       517  1.0022139e+00 -1.9984014e-15  1.0019369e+00 -1.2434498e-14  7.6728846e-08  6.8855152e-04
       518  1.0022073e+00  1.3100632e-14  1.0019312e+00  5.1070259e-15  7.6276985e-08  6.8651325e-04
       519  1.0022008e+00 -6.4392935e-15  1.0019255e+00  9.1038288e-15  7.5827564e-08  6.8448004e-04
       520  1.0021943e+00  8.4376950e-15  1.0019198e+00  3.5527137e-15  7.5380572e-08  6.8245188e-04
       521  1.0021879e+00  7.7715612e-15  1.0019141e+00 -1.3544721e-14  7.4935997e-08  6.8042876e-04
       522  1.0021814e+00  3.7747583e-15  1.0019085e+00 -7.3274720e-15  7.4493826e-08  6.7841066e-04
       523  1.0021750e+00 -8.8817842e-15  1.0019028e+00 -1.3322676e-14  7.4054049e-08  6.7639759e-04
       524  1.0021685e+00  1.5099033e-14  1.0018972e+00 -5.9952043e-15  7.3616654e-08  6.7438952e-04
       525  1.0021621e+00 -1.1102230e-14  1.0018916e+00 -4.2188475e-15  7.3181628e-08  6.7238645e-04
       526  1.0021557e+00 -4.8849813e-15  1.0018860e+00  1.0436096e-14  7.2748961e-08  6.7038837e-04
       527  1.0021494e+00 -2.2204460e-15  1.0018804e+00  4.6629367e-15  7.2318640e-08  6.6839527e-04
       528  1.0021430e+00  1.0658141e-14  1.0018749e+00  6.8833828e-15  7.1890655e-08  6.6640714e-04
       529  1.0021366e+00  9.1038288e-15  1.0018693e+00 -9.3258734e-15  7.1464993e-08  6.6442397e-04
       530  1.0021303e+00  3.1086245e-15  1.0018638e+00 -1.9984014e-15  7.1041644e-08  6.6244575e-04
       531  1.0021240e+00  5.1070259e-15  1.0018582e+00 -7.1054274e-15  7.0620596e-08  6.6047247e-04
       532  1.0021177e+00  3.7747583e-15  1.0018527e+00 -3.9968029e-15  7.0201837e-08  6.5850413e-04
       533  1.0021114e+00  1.5543122e-15  1.0018472e+00 -9.3258734e-15  6.9785357e-08  6.5654070e-04
       534  1.0021051e+00 -1.3544721e-14  1.0018418e+00  4.8849813e-15  6.9371145e-08  6.5458218e-04
       535  1.0020989e+00  1.0658141e-14  1.0018363e+00 -9.7699626e-15  6.8959188e-08  6.5262857e-04
       536  1.0020926e+00 -3.5527137e-15  1.0018308e+00 -3.5527137e-15  6.8549476e-08  6.5067985e-04
       537  1.0020864e+00 -1.4210855e-14  1.0018254e+00  1.4876989e-14  6.8141998e-08  6.4873601e-04
       538  1.0020802e+00 -4.4408921e-16  1.0018199e+00  1.4210855e-14  6.7736743e-08  6.4679704e-04
       539  1.0020740e+00 -5.9952043e-15  1.0018145e+00 -1.7763568e-15  6.7333700e-08  6.4486294e-04
       540  1.0020678e+00 -3.5527137e-15  1.0018091e+00 -4.4408921e-15  6.6932858e-08  6.4293369e-04
       541  1.0020617e+00 -2.4424907e-15  1.0018037e+00  3.1086245e-15  6.6534206e-08  6.4100928e-04
       542  1.0020555e+00 -1.2656542e-14  1.0017984e+00  9.3258734e-15  6.6137734e-08  6.3908971e-04
       543  1.0020494e+00 -6.4392935e-15  1.0017930e+00 -1.6431301e-14  6.5743430e-08  6.3717497e-04
       544  1.0020433e+00 -2.6645353e-15  1.0017876e+00  8.8817842e-16  6.5351284e-08  6.3526504e-04
       545  1.0020372e+00 -1.3544721e-14  1.0017823e+00 -4.6629367e-15  6.4961285e-08  6.3335991e-04
       546  1.0020311e+00 -9.1038288e-15  1.0017770e+00 -1.4876989e-14  6.4573422e-08  6.3145959e-04
       547  1.0020250e+00  1.1768364e-14  1.0017717e+00  5.5511151e-15  6.4187685e-08  6.2956405e-04
       548  1.0020190e+00 -2.6645353e-15  1.0017664e+00  1.9984014e-15  6.3804064e-08  6.2767328e-04
       549  1.0020129e+00  5.1070259e-15  1.0017611e+00 -8.8817842e-15  6.3422548e-08  6.2578729e-04
       550  1.0020069e+00 -1.0436096e-14  1.0017558e+00  9.9920072e-15  6.3043126e-08  6.2390606e-04
       551  1.0020009e+00  1.0214052e-14  1.0017506e+00 -9.9920072e-15  6.2665788e-08  6.2202957e-04
       552  1.0019949e+00  0.0000000e+00  1.0017453e+00  1.0658141e-14  6.2290524e-08  6.2015782e-04
       553  1.0019889e+00 -1.9984014e-15  1.0017401e+00  1.1102230e-15  6.1917323e-08  6.1829081e-04
       554  1.0019830e+00  8.4376950e-15  1.0017349e+00  6.6613381e-15  6.1546175e-08  6.1642851e-04
       555  1.0019770e+00 -7.7715612e-15  1.0017297e+00  2.2204460e-16  6.1177070e-08  6.1457093e-04
       556  1.0019711e+00 -8.8817842e-15  1.0017245e+00 -9.9920072e-15  6.0809998e-08  6.1271805e-04
       557  1.0019652e+00  1.7763568e-15  1.0017193e+00 -2.2204460e-16  6.0444948e-08  6.1086986e-04
       558  1.0019593e+00  4.4408921e-16  1.0017141e+00  1.2434498e-14  6.0081911e-08  6.0902636e-04
       559  1.0019534e+00  8.8817842e-16  1.0017090e+00 -1.4210855e-14  5.9720876e-08  6.0718753e-04
       560  1.0019475e+00 -1.3322676e-15  1.0017038e+00  6.6613381e-15  5.9361834e-08  6.0535336e-04
       561  1.0019416e+00  8.2156504e-15  1.0016987e+00  9.7699626e-15  5.9004774e-08  6.0352385e-04
       562  1.0019358e+00  7.5495166e-15  1.0016936e+00 -9.5479180e-15  5.8649687e-08  6.0169899e-04
       563  1.0019299e+00 -3.3306691e-15  1.0016885e+00  3.5527137e-15  5.8296563e-08  5.9987876e-04
       564  1.0019241e+00  1.1324275e-14  1.0016834e+00  2.8865799e-15  5.7945391e-08  5.9806317e-04
       565  1.0019183e+00  1.1324275e-14  1.0016783e+00  4.6629367e-15  5.7596163e-08  5.9625219e-04
       566  1.0019125e+00 -5.7731597e-15  1.0016733e+00 -9.7699626e-15  5.7248868e-08  5.9444581e-04
       567  1.0019068e+00 -1.2434498e-14  1.0016682e+00 -8.8817842e-15  5.6903496e-08  5.9264404e-04
       568  1.0019010e+00 -1.5543122e-15  1.0016632e+00  2.2204460e-16  5.6560039e-08  5.9084686e-04
       569  1.0018953e+00 -4.4408921e-16  1.0016582e+00  7.5495166e-15  5.6218486e-08  5.8905427e-04
       570  1.0018895e+00 -4.8849813e-15  1.0016531e+00 -2.6645353e-15  5.5878828e-08  5.8726624e-04
       571  1.0018838e+00 -5.1070259e-15  1.0016481e+00 -1.2656542e-14  5.5541056e-08  5.8548278e-04
       572  1.0018781e+00 -2.4424907e-15  1.0016432e+00  3.5527137e-15  5.5205159e-08  5.8370387e-04
       573  1.0018724e+00 -1.3766766e-14  1.0016382e+00 -1.3100632e-14  5.4871129e-08  5.8192951e-04
       574  1.0018668e+00  3.9968029e-15  1.0016332e+00 -5.9952043e-15  5.4538956e-08  5.8015968e-04
       575  1.0018611e+00  4.4408921e-16  1.0016283e+00 -1.0658141e-14  5.4208630e-08  5.7839438e-04
       576  1.0018555e+00  4.8849813e-15  1.0016233e+00 -1.1768364e-14  5.3880143e-08  5.7663359e-04
       577  1.0018498e+00 -5.3290705e-15  1.0016184e+00  8.8817842e-16  5.3553485e-08  5.7487732e-04
       578  1.0018442e+00  4.6629367e-15  1.0016135e+00  2.8865799e-15  5.3228647e-08  5.7312554e-04
       579  1.0018386e+00  2.6645353e-15  1.0016086e+00 -7.9936058e-15  5.2905620e-08  5.7137826e-04
       580  1.0018330e+00  1.1102230e-14  1.0016037e+00 -2.2204460e-15  5.2584394e-08  5.6963545e-04
       581  1.0018275e+00 -1.1102230e-14  1.0015988e+00  1.1324275e-14  5.2264961e-08  5.6789712e-04
       582  1.0018219e+00 -9.7699626e-15  1.0015940e+00 -1.2878587e-14  5.1947311e-08  5.6616325e-04
       583  1.0018164e+00  1.2434498e-14  1.0015891e+00 -8.8817842e-15  5.1631436e-08  5.6443383e-04
       584  1.0018108e+00 -3.5527137e-15  1.0015843e+00 -2.2204460e-15  5.1317326e-08  5.6270886e-04
       585  1.0018053e+00  5.3290705e-15  1.0015795e+00 -6.6613381e-16  5.1004973e-08  5.6098833e-04
       586  1.0017998e+00 -6.6613381e-16  1.0015747e+00 -9.5479180e-15  5.0694367e-08  5.5927222e-04
       587  1.0017943e+00  1.7763568e-15  1.0015699e+00 -6.2172489e-15  5.0385500e-08  5.5756053e-04
       588  1.0017889e+00 -6.8833828e-15  1.0015651e+00  1.6875390e-14  5.0078363e-08  5.5585325e-04
       589  1.0017834e+00  1.7763568e-14  1.0015603e+00  4.4408921e-15  4.9772947e-08  5.5415037e-04
       590  1.0017780e+00  4.4408921e-16  1.0015555e+00 -9.7699626e-15  4.9469243e-08  5.5245188e-04
       591  1.0017725e+00  8.8817842e-16  1.0015508e+00 -5.5511151e-15  4.9167243e-08  5.5075778e-04
       592  1.0017671e+00  1.3322676e-15  1.0015460e+00 -3.7747583e-15  4.8866938e-08  5.4906804e-04
       593  1.0017617e+00 -6.8833828e-15  1.0015413e+00  9.3258734e-15  4.8568320e-08  5.4738267e-04
       594  1.0017563e+00 -1.3322676e-14  1.0015366e+00 -2.2204460e-16  4.8271379e-08  5.4570166e-04
       595  1.0017509e+00  1.1768364e-14  1.0015319e+00 -1.0436096e-14  4.7976108e-08  5.4402499e-04
       596  1.0017456e+00  4.2188475e-15  1.0015272e+00  6.2172489e-15  4.7682497e-08  5.4235266e-04
       597  1.0017402e+00 -1.2878587e-14  1.0015225e+00 -1.4654944e-14  4.7390539e-08  5.4068466e-04
       598  1.0017349e+00  2.8865799e-15  1.0015179e+00  1.4654944e-14  4.7100224e-08  5.3902098e-04
       599  1.0017296e+00  3.9968029e-15  1.0015132e+00 -2.2204460e-16  4.6811545e-08  5.3736162e-04
       600  1.0017243e+00 -8.4376950e-15  1.0015086e+00 -3.7747583e-15  4.6524493e-08  5.3570655e-04
       601  1.0017190e+00 -1.7763568e-15  1.0015039e+00  4.8849813e-15  4.6239060e-08  5.3405578e-04
       602  1.0017137e+00 -9.5479180e-15  1.0014993e+00  1.1102230e-14  4.5955238e-08  5.3240929e-04
       603  1.0017084e+00 -1.5099033e-14  1.0014947e+00 -7.3274720e-15  4.5673018e-08  5.3076708e-04
       604  1.0017032e+00  1.1324275e-14  1.0014901e+00  4.4408921e-15  4.5392392e-08  5.2912913e-04
       605  1.0016979e+00 -1.0214052e-14  1.0014855e+00 -5.3290705e-15  4.5113351e-08  5.2749545e-04
       606  1.0016927e+00 -7.5495166e-15  1.0014810e+00  2.2204460e-15  4.4835889e-08  5.2586601e-04
       607  1.0016875e+00 -1.9984014e-15  1.0014764e+00  1.3100632e-14  4.4559996e-08  5.2424082e-04
       608  1.0016823e+00 -1.6431301e-14  1.0014719e+00 -1.6209256e-14  4.4285666e-08  5.2261985e-04
       609  1.0016771e+00 -1.1768364e-14  1.0014673e+00  7.7715612e-15  4.4012888e-08  5.2100312e-04
       610  1.0016719e+00 -8.8817842e-15  1.0014628e+00 -5.1070259e-15  4.3741657e-08  5.1939059e-04
       611  1.0016668e+00  1.1546319e-14  1.0014583e+00 -5.5511151e-15  4.3471963e-08  5.1778227e-04
       612  1.0016616e+00  4.2188475e-15  1.0014538e+00 -1.5987212e-14  4.3203798e-08  5.1617815e-04
       613  1.0016565e+00  1.0436096e-14  1.0014493e+00  1.3322676e-15  4.2937156e-08  5.1457822e-04
       614  1.0016514e+00  7.7715612e-15  1.0014448e+00  1.1324275e-14  4.2672028e-08  5.1298247e-04
       615  1.0016463e+00  3.7747583e-15  1.0014403e+00 -7.3274720e-15  4.2408406e-08  5.1139089e-04
       616  1.0016412e+00  2.6645353e-15  1.0014359e+00  6.2172489e-15  4.2146283e-08  5.0980348e-04
       617  1.0016361e+00 -1.3100632e-14  1.0014314e+00  3.7747583e-15  4.1885651e-08  5.0822022e-04
       618  1.0016310e+00  4.4408921e-15  1.0014270e+00 -9.1038288e-15  4.1626502e-08  5.0664110e-04
       619  1.0016260e+00  2.6645353e-15  1.0014226e+00 -8.8817842e-15  4.1368828e-08  5.0506612e-04
       620  1.0016210e+00 -6.6613381e-16  1.0014182e+00 -1.3322676e-14  4.1112622e-08  5.0349527e-04
       621  1.0016159e+00  6.6613381e-16  1.0014138e+00 -1.0436096e-14  4.0857876e-08  5.0192855e-04
       622  1.0016109e+00 -9.1038288e-15  1.0014094e+00 -4.4408921e-15  4.0604583e-08  5.0036593e-04
       623  1.0016059e+00  2.2204460e-16  1.0014050e+00  2.2204460e-15  4.0352735e-08  4.9880741e-04
       624  1.0016009e+00 -6.2172489e-15  1.0014007e+00  1.0658141e-14  4.0102325e-08  4.9725299e-04
       625  1.0015960e+00 -1.1546319e-14  1.0013963e+00  2.2204460e-15  3.9853345e-08  4.9570266e-04
       626  1.0015910e+00 -5.7731597e-15  1.0013920e+00  2.4424907e-15  3.9605788e-08  4.9415640e-04
       627  1.0015860e+00  2.2204460e-15  1.0013876e+00  2.8865799e-15  3.9359647e-08  4.9261422e-04
       628  1.0015811e+00 -6.6613381e-15  1.0013833e+00 -1.1990409e-14  3.9114913e-08  4.9107609e-04
       629  1.0015762e+00  1.5987212e-14  1.0013790e+00  1.3322676e-15  3.8871581e-08  4.8954202e-04
       630  1.0015713e+00  1.2656542e-14  1.0013747e+00 -1.4432899e-14  3.8629642e-08  4.8801199e-04
       631  1.0015664e+00 -8.8817842e-15  1.0013704e+00 -2.4424907e-15  3.8389089e-08  4.8648599e-04
       632  1.0015615e+00  8.6597396e-15  1.0013662e+00  1.0436096e-14  3.8149915e-08  4.8496402e-04
       633  1.0015566e+00 -3.7747583e-15  1.0013619e+00  9.3258734e-15  3.7912113e-08  4.8344607e-04
       634  1.0015518e+00 -1.2212453e-14  1.0013577e+00  6.6613381e-15  3.7675676e-08  4.8193213e-04
       635  1.0015469e+00 -1.1768364e-14  1.0013534e+00 -3.7747583e-15  3.7440597e-08  4.8042220e-04
       636  1.0015421e+00 -3.7747583e-15  1.0013492e+00 -1.0658141e-14  3.7206868e-08  4.7891625e-04
       637  1.0015373e+00  1.7763568e-15  1.0013450e+00 -6.6613381e-15  3.6974482e-08  4.7741429e-04
       638  1.0015325e+00 -8.4376950e-15  1.0013408e+00 -1.3322676e-14  3.6743433e-08  4.7591631e-04
       639  1.0015277e+00  1.9984014e-15  1.0013366e+00  2.6645353e-15  3.6513714e-08  4.7442229e-04
       640  1.0015229e+00 -2.2204460e-16  1.0013324e+00  1.0658141e-14  3.6285317e-08  4.7293224e-04
       641  1.0015181e+00 -1.3322676e-14  1.0013282e+00 -9.7699626e-15  3.6058236e-08  4.7144614e-04
       642  1.0015134e+00 -9.5479180e-15  1.0013241e+00  1.3766766e-14  3.5832464e-08  4.6996398e-04
       643  1.0015086e+00 -5.1070259e-15  1.0013199e+00  9.7699626e-15  3.5607993e-08  4.6848575e-04
       644  1.0015039e+00  1.3100632e-14  1.0013158e+00 -7.9936058e-15  3.5384818e-08  4.6701145e-04
       645  1.0014992e+00 -9.3258734e-15  1.0013116e+00 -2.8865799e-15  3.5162931e-08  4.6554107e-04
       646  1.0014945e+00  1.3322676e-15  1.0013075e+00 -1.3322676e-14  3.4942325e-08  4.6407460e-04