# Cycles, Average Predicted Temperature, Stddev Predicted Temperature, Mean Squared Error, || MSE Gradient ||
         0    0.00077    0.00021    4.70204    0.20394
         1    0.00078    0.00021    4.70200    0.20572
         2    0.00079    0.00022    4.70196    0.20760
         3    0.00080    0.00022    4.70192    0.20953
         4    0.00081    0.00022    4.70187    0.21145
         5    0.00082    0.00022    4.70183    0.21343
         6    0.00083    0.00022    4.70178    0.21545
         7    0.00084    0.00022    4.70174    0.21742
         8    0.00085    0.00023    4.70169    0.21952
         9    0.00086    0.00023    4.70164    0.22154
        10    0.00087    0.00023    4.70159    0.22375
        11    0.00088    0.00023    4.70154    0.22583
        12    0.00089    0.00023    4.70149    0.22812
        13    0.00091    0.00023    4.70143    0.23036
        14    0.00092    0.00024    4.70138    0.23259
        15    0.00093    0.00024    4.70132    0.23492
        16    0.00094    0.00024    4.70127    0.23719
        17    0.00096    0.00024    4.70121    0.23958
        18    0.00097    0.00024    4.70116    0.24199
        19    0.00098    0.00025    4.70110    0.24438
        20    0.00100    0.00025    4.70104    0.24681
        21    0.00101    0.00025    4.70098    0.24931
        22    0.00103    0.00025    4.70092    0.25192
        23    0.00104    0.00025    4.70085    0.25458
        24    0.00106    0.00025    4.70079    0.25719
        25    0.00107    0.00026    4.70072    0.25996
        26    0.00109    0.00026    4.70065    0.26274
        27    0.00110    0.00026    4.70058    0.26555
        28    0.00112    0.00026    4.70051    0.26827
        29    0.00114    0.00026    4.70044    0.27123
        30    0.00115    0.00027    4.70037    0.27413
        31    0.00117    0.00027    4.70029    0.27714
        32    0.00119    0.00027    4.70021    0.28025
        33    0.00121    0.00027    4.70013    0.28333
        34    0.00123    0.00028    4.70005    0.28659
        35    0.00124    0.00028    4.69997    0.28990
        36    0.00126    0.00028    4.69989    0.29313
        37    0.00128    0.00028    4.69980    0.29636
        38    0.00130    0.00028    4.69971    0.29984
        39    0.00132    0.00029    4.69962    0.30334
        40    0.00135    0.00029    4.69953    0.30688
        41    0.00137    0.00029    4.69944    0.31034
        42    0.00139    0.00029    4.69934    0.31405
        43    0.00141    0.00029    4.69923    0.31806
        44    0.00144    0.00030    4.69914    0.32164
        45    0.00146    0.00030    4.69903    0.32571
        46    0.00148    0.00030    4.69893    0.32964
        47    0.00151    0.00030    4.69881    0.33373
        48    0.00154    0.00031    4.69870    0.33785
        49    0.00156    0.00031    4.69859    0.34215
        50    0.00159    0.00031    4.69847    0.34642
        51    0.00162    0.00031    4.69835    0.35071
        52    0.00165    0.00031    4.69823    0.35524
        53    0.00168    0.00032    4.69810    0.35977
        54    0.00171    0.00032    4.69796    0.36475
        55    0.00174    0.00032    4.69784    0.36931
        56    0.00177    0.00032    4.69770    0.37422
        57    0.00180    0.00033    4.69755    0.37940
        58    0.00183    0.00033    4.69741    0.38438
        59    0.00187    0.00033    4.69726    0.38965
        60    0.00190    0.00033    4.69711    0.39495
        61    0.00194    0.00033    4.69695    0.40045
        62    0.00198    0.00034    4.69679    0.40590
        63    0.00202    0.00034    4.69662    0.41196
        64    0.00205    0.00034    4.69646    0.41759
        65    0.00210    0.00034    4.69628    0.42364
        66    0.00214    0.00035    4.69610    0.42954
        67    0.00218    0.00035    4.69592    0.43586
        68    0.00223    0.00035    4.69572    0.44254
        69    0.00227    0.00035    4.69552    0.44914
        70    0.00232    0.00035    4.69532    0.45573
        71    0.00236    0.00036    4.69511    0.46263
        72    0.00242    0.00036    4.69489    0.46981
        73    0.00247    0.00036    4.69467    0.47706
        74    0.00252    0.00036    4.69444    0.48456
        75    0.00257    0.00036    4.69421    0.49210
        76    0.00263    0.00036    4.69397    0.49990
        77    0.00269    0.00037    4.69371    0.50799
        78    0.00275    0.00037    4.69345    0.51642
        79    0.00281    0.00037    4.69318    0.52485
        80    0.00288    0.00037    4.69290    0.53360
        81    0.00294    0.00037    4.69262    0.54233
        82    0.00301    0.00037    4.69232    0.55159
        83    0.00308    0.00037    4.69201    0.56123
        84    0.00315    0.00037    4.69170    0.57077
        85    0.00323    0.00037    4.69137    0.58095
        86    0.00331    0.00037    4.69103    0.59118
        87    0.00339    0.00038    4.69067    0.60169
        88    0.00347    0.00037    4.69031    0.61278
        89    0.00356    0.00037    4.68993    0.62421
        90    0.00365    0.00037    4.68954    0.63535
        91    0.00375    0.00037    4.68912    0.64776
        92    0.00384    0.00037    4.68871    0.65972
        93    0.00394    0.00037    4.68827    0.67274
        94    0.00405    0.00037    4.68781    0.68574
        95    0.00416    0.00037    4.68734    0.69943
        96    0.00427    0.00037    4.68684    0.71320
        97    0.00439    0.00037    4.68632    0.72781
        98    0.00452    0.00036    4.68579    0.74230
        99    0.00464    0.00036    4.68523    0.75811
       100    0.00478    0.00036    4.68466    0.77397
       101    0.00492    0.00035    4.68405    0.79069
       102    0.00507    0.00035    4.68340    0.80819
       103    0.00522    0.00035    4.68275    0.82589
       104    0.00538    0.00034    4.68206    0.84421
       105    0.00554    0.00033    4.68134    0.86288
       106    0.00572    0.00033    4.68059    0.88288
       107    0.00590    0.00032    4.67980    0.90356
       108    0.00609    0.00032    4.67897    0.92506
       109    0.00629    0.00031    4.67810    0.94709
       110    0.00650    0.00031    4.67721    0.96991
       111    0.00672    0.00030    4.67625    0.99412
       112    0.00695    0.00030    4.67525    1.01909
       113    0.00720    0.00030    4.67420    1.04531
       114    0.00745    0.00029    4.67309    1.07235
       115    0.00772    0.00029    4.67194    1.10042
       116    0.00800    0.00029    4.67070    1.13053
       117    0.00830    0.00030    4.66940    1.16117
       118    0.00862    0.00031    4.66803    1.19357
       119    0.00896    0.00032    4.66660    1.22711
       120    0.00931    0.00034    4.66508    1.26229
       121    0.00968    0.00037    4.66344    1.30009
       122    0.01008    0.00040    4.66174    1.33848
       123    0.01050    0.00044    4.65990    1.37967
       124    0.01095    0.00048    4.65797    1.42304
       125    0.01143    0.00054    4.65592    1.46800
       126    0.01194    0.00059    4.65372    1.51590
       127    0.01247    0.00066    4.65141    1.56449
       128    0.01305    0.00074    4.64892    1.61804
       129    0.01367    0.00083    4.64623    1.67473
       130    0.01433    0.00093    4.64339    1.73330
       131    0.01505    0.00104    4.64030    1.79728
       132    0.01581    0.00116    4.63703    1.86254
       133    0.01662    0.00130    4.63353    1.93161
       134    0.01751    0.00145    4.62973    2.00680
       135    0.01846    0.00162    4.62562    2.08620
       136    0.01950    0.00181    4.62116    2.17154
       137    0.02062    0.00203    4.61635    2.26199
       138    0.02184    0.00226    4.61111    2.35963
       139    0.02317    0.00253    4.60539    2.46429
       140    0.02461    0.00283    4.59921    2.57507
       141    0.02619    0.00316    4.59243    2.69490
       142    0.02792    0.00354    4.58505    2.82283
       143    0.02985    0.00397    4.57678    2.96512
       144    0.03197    0.00445    4.56773    3.11688
       145    0.03428    0.00500    4.55783    3.27841
       146    0.03687    0.00562    4.54679    3.45703
       147    0.03974    0.00634    4.53458    3.64824
       148    0.04297    0.00715    4.52086    3.86001
       149    0.04658    0.00810    4.50552    4.09115
       150    0.05064    0.00917    4.48833    4.34455
       151    0.05525    0.01044    4.46884    4.62453
       152    0.06050    0.01190    4.44668    4.93575
       153    0.06651    0.01362    4.42143    5.28035
       154    0.07338    0.01565    4.39265    5.65936
       155    0.08132    0.01803    4.35949    6.08481
       156    0.09065    0.02090    4.32075    6.56682
       157    0.10151    0.02432    4.27589    7.10303
       158    0.11420    0.02848    4.22378    7.69819
       159    0.12954    0.03346    4.16128    8.39215
       160    0.14775    0.03972    4.08778    9.16176
       161    0.16969    0.04743    4.00022   10.02980
       162    0.19644    0.05697    3.89496   11.01476
       163    0.22972    0.06909    3.76631   12.14580
       164    0.27049    0.08426    3.61214   13.38137
       165    0.32174    0.10383    3.42384   14.74893
       166    0.38606    0.12907    3.19618   16.19572
       167    0.46732    0.16169    2.92248   17.64840
       168    0.56991    0.20310    2.59892   18.96357
       169    0.69847    0.25598    2.22852   19.87299
       170    0.85553    0.32114    1.82881   19.99126
       171    1.03725    0.39687    1.43879   18.89381
       172    1.23347    0.47836    1.10439   16.40515
       173    1.42451    0.55357    0.86098   12.93553
       174    1.58605    0.61255    0.71527    9.46638
       175    1.70118    0.64894    0.64015    7.06635
       176    1.77801    0.66522    0.59553    5.83906
       177    1.82361    0.66565    0.56251    5.35265
       178    1.85508    0.65911    0.53308    5.09198
       179    1.87094    0.64691    0.50744    4.93907
       180    1.88665    0.63585    0.48413    4.80099
       181    1.90083    0.62380    0.46114    4.65947
       182    1.91248    0.61117    0.43943    4.52383
       183    1.92287    0.59954    0.42012    4.40697
       184    1.93039    0.58532    0.39962    4.28053
       185    1.94234    0.57420    0.38116    4.15250
       186    1.94964    0.56297    0.36513    4.04927
       187    1.95737    0.55077    0.34822    3.93325
       188    1.96624    0.54031    0.33312    3.83345
       189    1.97371    0.52966    0.31875    3.72944
       190    1.97961    0.51843    0.30471    3.63010
       191    1.98642    0.50863    0.29211    3.54074
       192    1.99242    0.49869    0.27994    3.44853
       193    1.99983    0.48930    0.26810    3.35946
       194    2.00564    0.47936    0.25654    3.27063
       195    2.01048    0.47003    0.24612    3.18785
       196    2.01760    0.46200    0.23642    3.11713
       197    2.02025    0.45259    0.22702    3.04108
       198    2.02626    0.44366    0.21726    2.95423
       199    2.03077    0.43585    0.20912    2.88964
       200    2.03457    0.42772    0.20107    2.82192
       201    2.03911    0.41950    0.19290    2.75164
       202    2.04303    0.41205    0.18570    2.69009
       203    2.04742    0.40433    0.17831    2.62038
       204    2.05181    0.39753    0.17181    2.56628
       205    2.05440    0.39021    0.16544    2.50793
       206    2.05729    0.38284    0.15909    2.44769
       207    2.06143    0.37554    0.15264    2.38621
       208    2.06537    0.36926    0.14713    2.32757
       209    2.06709    0.36295    0.14215    2.28275
       210    2.07169    0.35688    0.13687    2.22895
       211    2.07306    0.35068    0.13222    2.18294
       212    2.07551    0.34401    0.12712    2.12911
       213    2.07932    0.33854    0.12269    2.08306
       214    2.08213    0.33306    0.11850    2.03853
       215    2.08336    0.32700    0.11429    1.99375
       216    2.08587    0.32185    0.11053    1.95507
       217    2.08837    0.31609    0.10644    1.91272
       218    2.09080    0.31137    0.10310    1.87591
       219    2.09244    0.30620    0.09965    1.83446
       220    2.09460    0.30123    0.09630    1.79572
       221    2.09662    0.29597    0.09287    1.75193
       222    2.09846    0.29141    0.08992    1.71955
       223    2.10022    0.28698    0.08711    1.68490
       224    2.10251    0.28227    0.08412    1.65046
       225    2.10369    0.27808    0.08162    1.61751
       226    2.10500    0.27313    0.07872    1.58263
       227    2.10710    0.26935    0.07640    1.55306
       228    2.10863    0.26546    0.07414    1.52178
       229    2.10925    0.26115    0.07179    1.49072
       230    2.11219    0.25721    0.06940    1.46221
       231    2.11255    0.25353    0.06749    1.43494
       232    2.11367    0.24979    0.06548    1.40483
       233    2.11634    0.24613    0.06337    1.37615
       234    2.11627    0.24259    0.06165    1.35645
       235    2.11873    0.23931    0.05981    1.33070
       236    2.11830    0.23561    0.05810    1.30348
       237    2.12022    0.23236    0.05639    1.27783
       238    2.12094    0.22870    0.05463    1.25425
       239    2.12204    0.22584    0.05323    1.23061
       240    2.12397    0.22261    0.05160    1.20859
       241    2.12449    0.21933    0.05010    1.18383
       242    2.12475    0.21674    0.04895    1.16450
       243    2.12673    0.21309    0.04721    1.13892
       244    2.12696    0.21083    0.04623    1.12180
       245    2.12802    0.20765    0.04481    1.09806
       246    2.12808    0.20522    0.04381    1.07796
       247    2.13067    0.20252    0.04250    1.06128
       248    2.13064    0.19997    0.04148    1.04242
       249    2.13193    0.19764    0.04045    1.02505
       250    2.13081    0.19487    0.03945    1.00640
       251    2.13316    0.19250    0.03836    0.98875
       252    2.13388    0.19006    0.03737    0.97018
       253    2.13526    0.18788    0.03645    0.95448
       254    2.13488    0.18526    0.03550    0.93637
       255    2.13567    0.18307    0.03464    0.91763
       256    2.13608    0.18103    0.03387    0.90812
       257    2.13668    0.17841    0.03289    0.88566
       258    2.13763    0.17671    0.03222    0.87462
       259    2.13778    0.17448    0.03143    0.85715
       260    2.13937    0.17256    0.03067    0.84335
       261    2.13902    0.17085    0.03010    0.83013
       262    2.14087    0.16838    0.02915    0.81570
       263    2.13997    0.16696    0.02873    0.80306
       264    2.14073    0.16512    0.02808    0.78891
       265    2.14085    0.16344    0.02752    0.77740
       266    2.14210    0.16161    0.02685    0.76158
       267    2.14182    0.16022    0.02642    0.75047
       268    2.14329    0.15785    0.02559    0.73520
       269    2.14337    0.15611    0.02504    0.72303
       270    2.14450    0.15497    0.02462    0.71277
       271    2.14411    0.15360    0.02422    0.70275
       272    2.14506    0.15184    0.02364    0.69111
       273    2.14401    0.15007    0.02315    0.67897
       274    2.14565    0.14896    0.02274    0.66992
       275    2.14719    0.14772    0.02231    0.65953
       276    2.14512    0.14542    0.02173    0.64651
       277    2.14749    0.14468    0.02140    0.63725
       278    2.14652    0.14327    0.02104    0.62629
       279    2.14744    0.14169    0.02055    0.61514
       280    2.14745    0.14153    0.02050    0.60724
       281    2.14898    0.13953    0.01988    0.60141
       282    2.14795    0.13830    0.01958    0.58614
       283    2.14886    0.13648    0.01904    0.57612
       284    2.14857    0.13653    0.01907    0.57028
       285    2.15000    0.13476    0.01853    0.56048
       286    2.14927    0.13330    0.01817    0.55112
       287    2.14993    0.13229    0.01787    0.54091
       288    2.14980    0.13152    0.01767    0.53479
       289    2.15054    0.13053    0.01739    0.52512
       290    2.15104    0.12999    0.01723    0.51960
       291    2.15058    0.12892    0.01697    0.51233
       292    2.15155    0.12740    0.01654    0.50223
       293    2.15181    0.12645    0.01629    0.49261
       294    2.15192    0.12509    0.01594    0.48618
       295    2.15131    0.12468    0.01586    0.47984
       296    2.15372    0.12366    0.01553    0.47534
       297    2.15218    0.12282    0.01537    0.46520
       298    2.15310    0.12209    0.01517    0.45932
       299    2.15312    0.12112    0.01493    0.45108
       300    2.15192    0.12044    0.01480    0.44761
       301    2.15413    0.11973    0.01456    0.43701
       302    2.15440    0.11891    0.01436    0.43262
       303    2.15401    0.11815    0.01419    0.42508
       304    2.15387    0.11716    0.01396    0.41756
       305    2.15364    0.11659    0.01383    0.41294
       306    2.15499    0.11577    0.01360    0.40676
       307    2.15507    0.11474    0.01337    0.39841
       308    2.15539    0.11446    0.01329    0.39387
       309    2.15449    0.11390    0.01319    0.38908
       310    2.15455    0.11404    0.01322    0.38440
       311    2.15564    0.11282    0.01291    0.37645
       312    2.15656    0.11233    0.01278    0.37435
       313    2.15548    0.11121    0.01256    0.36585
       314    2.15558    0.11059    0.01242    0.36036
       315    2.15529    0.11034    0.01237    0.35581
       316    2.15638    0.11006    0.01228    0.35145
       317    2.15676    0.10924    0.01209    0.34516
       318    2.15581    0.10909    0.01208    0.34136
       319    2.15704    0.10824    0.01186    0.33308
       320    2.15648    0.10781    0.01179    0.32977
       321    2.15758    0.10696    0.01157    0.32538
       322    2.15703    0.10690    0.01157    0.32185
       323    2.15781    0.10596    0.01136    0.31652
       324    2.15674    0.10634    0.01146    0.31125
       325    2.15705    0.10577    0.01134    0.30668
       326    2.15911    0.10497    0.01112    0.30572
       327    2.15681    0.10480    0.01114    0.30043
       328    2.15862    0.10391    0.01091    0.29568
       329    2.15839    0.10377    0.01088    0.28962
       330    2.15836    0.10318    0.01076    0.28748
       331    2.15726    0.10319    0.01079    0.28412
       332    2.15830    0.10255    0.01063    0.27533
       333    2.15782    0.10283    0.01070    0.27385
       334    2.15883    0.10229    0.01057    0.27099
       335    2.15993    0.10129    0.01035    0.26862
       336    2.15724    0.10181    0.01051    0.26813
       337    2.15896    0.10177    0.01046    0.25686
       338    2.15994    0.10022    0.01013    0.25925
       339    2.15866    0.09962    0.01003    0.25088
       340    2.16058    0.09935    0.00994    0.25010
       341    2.15943    0.09969    0.01003    0.24512
       342    2.15873    0.09961    0.01003    0.24436
       343    2.15940    0.09901    0.00990    0.23666
       344    2.15985    0.09849    0.00979    0.23341
       345    2.15897    0.09887    0.00988    0.23199
       346    2.16095    0.09832    0.00974    0.23113
       347    2.16023    0.09751    0.00959    0.22514
       348    2.15975    0.09796    0.00968    0.22093
       349    2.15978    0.09760    0.00961    0.21921
       350    2.16088    0.09654    0.00939    0.21577
       351    2.15959    0.09712    0.00952    0.21303
       352    2.15971    0.09663    0.00943    0.21036
       353    2.16075    0.09665    0.00941    0.20595
       354    2.16053    0.09608    0.00931    0.20490
       355    2.16135    0.09557    0.00919    0.20066
       356    2.16137    0.09571    0.00922    0.19884
       357    2.15982    0.09589    0.00928    0.19687
       358    2.16072    0.09599    0.00929    0.19299
       359    2.15998    0.09591    0.00928    0.19394
       360    2.16135    0.09558    0.00920    0.18896
       361    2.16152    0.09489    0.00906    0.18564
       362    2.16083    0.09496    0.00909    0.18282
       363    2.16158    0.09433    0.00896    0.17921
       364    2.16081    0.09452    0.00900    0.17854
       365    2.16058    0.09448    0.00900    0.17642
       366    2.16154    0.09460    0.00901    0.17349
       367    2.16201    0.09426    0.00894    0.17375
       368    2.16200    0.09411    0.00891    0.16837
       369    2.16141    0.09307    0.00872    0.16528
       370    2.16080    0.09350    0.00881    0.16500
       371    2.16160    0.09392    0.00888    0.16335
       372    2.16210    0.09357    0.00881    0.16044
       373    2.16115    0.09337    0.00878    0.16052
       374    2.16275    0.09310    0.00871    0.15950
       375    2.16142    0.09289    0.00869    0.15384
       376    2.16242    0.09295    0.00868    0.15153
       377    2.16167    0.09265    0.00864    0.15030
       378    2.16056    0.09334    0.00879    0.15638
       379    2.16191    0.09253    0.00861    0.14568
       380    2.16241    0.09276    0.00865    0.14261
       381    2.16223    0.09272    0.00865    0.14275
       382    2.16277    0.09219    0.00854    0.14022
       383    2.16197    0.09243    0.00860    0.13676
       384    2.16205    0.09269    0.00864    0.13529
       385    2.16291    0.09176    0.00846    0.13762
       386    2.16210    0.09201    0.00852    0.13291
       387    2.16288    0.09138    0.00839    0.13021
       388    2.16170    0.09207    0.00853    0.13321
       389    2.16210    0.09196    0.00851    0.12791
       390    2.16248    0.09199    0.00851    0.12540
       391    2.16350    0.09164    0.00843    0.12579
       392    2.16284    0.09143    0.00840    0.12409
       393    2.16327    0.09073    0.00827    0.11925
       394    2.16240    0.09127    0.00838    0.11902
       395    2.16306    0.09137    0.00839    0.11938
       396    2.16319    0.09073    0.00827    0.11660
       397    2.16195    0.09119    0.00837    0.11965
       398    2.16301    0.09128    0.00837    0.11565
       399    2.16291    0.09093    0.00831    0.11278
       400    2.16288    0.09122    0.00836    0.11092
       401    2.16302    0.09105    0.00833    0.10934
       402    2.16360    0.09063    0.00824    0.10922
       403    2.16352    0.09023    0.00817    0.10621
       404    2.16266    0.08997    0.00814    0.10494
       405    2.16273    0.09052    0.00824    0.10385
       406    2.16294    0.09101    0.00832    0.10418
       407    2.16299    0.09033    0.00820    0.10133
       408    2.16340    0.09040    0.00821    0.10146
       409    2.16229    0.09067    0.00827    0.10423
       410    2.16326    0.09057    0.00824    0.09830
       411    2.16525    0.09010    0.00813    0.11539
       412    2.16258    0.09101    0.00833    0.09768
       413    2.16328    0.08989    0.00811    0.09361
       414    2.16351    0.08981    0.00810    0.09252
       415    2.16325    0.09036    0.00820    0.08985
       416    2.16392    0.08970    0.00807    0.09362
       417    2.16336    0.08926    0.00800    0.08887
       418    2.16414    0.08959    0.00805    0.09148
       419    2.16284    0.08983    0.00811    0.08990
       420    2.16325    0.09086    0.00829    0.08756
       421    2.16433    0.08959    0.00805    0.08665
       422    2.16336    0.08969    0.00808    0.08620
       423    2.16400    0.08990    0.00811    0.08635
       424    2.16316    0.08970    0.00808    0.08641
       425    2.16398    0.08900    0.00795    0.08060
       426    2.16389    0.08948    0.00803    0.07772
       427    2.16421    0.08900    0.00795    0.07725
       428    2.16338    0.08956    0.00806    0.07847
       429    2.16435    0.08955    0.00804    0.07986
       430    2.16314    0.08960    0.00806    0.08050
       431    2.16395    0.08950    0.00804    0.07603
       432    2.16294    0.08956    0.00806    0.08090
       433    2.16440    0.08932    0.00800    0.07423
       434    2.16479    0.08912    0.00796    0.07768
       435    2.16353    0.08925    0.00800    0.07426
       436    2.16399    0.08970    0.00807    0.06954
       437    2.16403    0.08967    0.00807    0.06953
       438    2.16380    0.08973    0.00808    0.06918
       439    2.16420    0.08909    0.00796    0.06653
       440    2.16485    0.08883    0.00791    0.07122
       441    2.16450    0.08895    0.00793    0.06586
       442    2.16329    0.08949    0.00804    0.07163
       443    2.16358    0.08941    0.00803    0.06989
       444    2.16439    0.08890    0.00793    0.06756
       445    2.16391    0.08958    0.00805    0.06492
       446    2.16420    0.08923    0.00799    0.06205
       447    2.16423    0.08917    0.00798    0.06185
       448    2.16469    0.08905    0.00795    0.06394
       449    2.16390    0.08896    0.00794    0.06369
       450    2.16390    0.08901    0.00795    0.06263
       451    2.16548    0.08783    0.00773    0.06947
       452    2.16250    0.08963    0.00808    0.08484
       453    2.16542    0.08833    0.00782    0.06902
       454    2.16373    0.08932    0.00801    0.06060
       455    2.16484    0.08875    0.00790    0.06055
       456    2.16427    0.08860    0.00787    0.05747
       457    2.16349    0.08941    0.00803    0.06296
       458    2.16393    0.08897    0.00794    0.05946
       459    2.16460    0.08910    0.00796    0.05601
       460    2.16471    0.08882    0.00791    0.05522
       461    2.16442    0.08955    0.00804    0.05430
       462    2.16393    0.08942    0.00802    0.05595
       463    2.16478    0.08907    0.00795    0.05247
       464    2.16540    0.08797    0.00775    0.05974
       465    2.16391    0.08894    0.00794    0.05504
       466    2.16502    0.08873    0.00789    0.05609
       467    2.16399    0.08897    0.00794    0.05321
       468    2.16461    0.08840    0.00784    0.04981
       469    2.16472    0.08870    0.00789    0.04824
       470    2.16492    0.08843    0.00784    0.05170
       471    2.16397    0.08860    0.00788    0.05351
       472    2.16594    0.08774    0.00771    0.06350
       473    2.16424    0.08863    0.00788    0.04923
       474    2.16422    0.08843    0.00784    0.04898
       475    2.16489    0.08938    0.00801    0.04881
       476    2.16437    0.08879    0.00791    0.04823
       477    2.16488    0.08834    0.00782    0.04519
       478    2.16483    0.08868    0.00788    0.04714
       479    2.16447    0.08886    0.00792    0.04628
       480    2.16536    0.08785    0.00773    0.04887
       481    2.16432    0.08873    0.00790    0.04606
       482    2.16397    0.08816    0.00780    0.05136
       483    2.16480    0.08854    0.00786    0.04284
       484    2.16450    0.08882    0.00791    0.04464
       485    2.16548    0.08813    0.00778    0.05179
       486    2.16471    0.08842    0.00784    0.04307
       487    2.16428    0.08822    0.00781    0.04599
       488    2.16465    0.08842    0.00784    0.04281
       489    2.16427    0.08813    0.00779    0.04543
       490    2.16520    0.08864    0.00787    0.04020
       491    2.16493    0.08850    0.00785    0.04056
       492    2.16501    0.08851    0.00785    0.04186
       493    2.16453    0.08815    0.00779    0.04073
       494    2.16501    0.08791    0.00775    0.03825
       495    2.16462    0.08856    0.00786    0.03913
       496    2.16490    0.08837    0.00783    0.03726
       497    2.16520    0.08857    0.00786    0.04168
       498    2.16365    0.08847    0.00786    0.05712
       499    2.16583    0.08824    0.00780    0.05105
       500    2.16497    0.08851    0.00785    0.03775
       501    2.16363    0.08913    0.00797    0.05649
       502    2.16582    0.08865    0.00787    0.05049
       503    2.16511    0.08838    0.00783    0.03566
       504    2.16544    0.08803    0.00776    0.04178
       505    2.16513    0.08819    0.00779    0.03667
       506    2.16533    0.08817    0.00779    0.03958
       507    2.16445    0.08854    0.00786    0.03956
       508    2.16487    0.08844    0.00784    0.03554
       509    2.16386    0.08869    0.00789    0.05130
       510    2.16543    0.08845    0.00784    0.03984
       511    2.16425    0.08891    0.00793    0.04219
       512    2.16449    0.08850    0.00785    0.03843
       513    2.16555    0.08840    0.00783    0.03853
       514    2.16569    0.08797    0.00775    0.04250
       515    2.16467    0.08853    0.00786    0.03631
       516    2.16457    0.08837    0.00783    0.03736
       517    2.16538    0.08827    0.00781    0.03634
       518    2.16447    0.08896    0.00794    0.03817
       519    2.16508    0.08859    0.00786    0.03392
       520    2.16539    0.08812    0.00778    0.03639
       521    2.16478    0.08837    0.00783    0.03411
       522    2.16583    0.08781    0.00772    0.04201
       523    2.16442    0.08870    0.00789    0.03888
       524    2.16514    0.08830    0.00781    0.03213
       525    2.16524    0.08850    0.00785    0.03400
       526    2.16525    0.08793    0.00775    0.03193
       527    2.16571    0.08746    0.00766    0.03513
       528    2.16456    0.08800    0.00776    0.03675
       529    2.16443    0.08825    0.00781    0.03899
       530    2.16573    0.08792    0.00774    0.03676
       531    2.16482    0.08817    0.00779    0.03283
       532    2.16576    0.08791    0.00774    0.03708
       533    2.16434    0.08801    0.00777    0.04150
       534    2.16579    0.08771    0.00770    0.03713
       535    2.16464    0.08846    0.00785    0.03476
       536    2.16541    0.08779    0.00772    0.03253
       537    2.16413    0.08906    0.00796    0.04463
       538    2.16554    0.08879    0.00790    0.03362
       539    2.16541    0.08803    0.00776    0.03314
       540    2.16553    0.08771    0.00771    0.03296
       541    2.16390    0.08856    0.00787    0.05224
       542    2.16545    0.08837    0.00782    0.03121
       543    2.16555    0.08804    0.00776    0.03498
       544    2.16539    0.08841    0.00783    0.03019
       545    2.16613    0.08799    0.00775    0.04489
       546    2.16423    0.08844    0.00785    0.04384
       547    2.16525    0.08780    0.00772    0.02928
       548    2.16567    0.08779    0.00772    0.03231
       549    2.16515    0.08744    0.00766    0.02824
       550    2.16538    0.08796    0.00775    0.02911
       551    2.16542    0.08793    0.00775    0.03066
       552    2.16424    0.08860    0.00788    0.04305
       553    2.16536    0.08794    0.00775    0.02886
       554    2.16489    0.08819    0.00780    0.03050
       555    2.16549    0.08836    0.00782    0.02883
       556    2.16498    0.08850    0.00785    0.02932
       557    2.16561    0.08763    0.00769    0.02988
       558    2.16467    0.08821    0.00780    0.03408
       559    2.16520    0.08765    0.00770    0.02795
       560    2.16608    0.08735    0.00764    0.03686
       561    2.16500    0.08804    0.00777    0.02898
       562    2.16540    0.08809    0.00777    0.02911
       563    2.16547    0.08803    0.00776    0.02686
       564    2.16494    0.08779    0.00773    0.02997
       565    2.16523    0.08817    0.00779    0.02652
       566    2.16537    0.08823    0.00780    0.02691
       567    2.16514    0.08832    0.00782    0.02773
       568    2.16440    0.08842    0.00784    0.04025
       569    2.16588    0.08810    0.00777    0.03412
       570    2.16551    0.08802    0.00776    0.02754
       571    2.16540    0.08811    0.00778    0.02809
       572    2.16505    0.08783    0.00773    0.02849
       573    2.16484    0.08851    0.00785    0.03084
       574    2.16519    0.08802    0.00776    0.02735
       575    2.16590    0.08799    0.00775    0.03367
       576    2.16477    0.08822    0.00780    0.03245
       577    2.16582    0.08790    0.00774    0.03307
       578    2.16532    0.08809    0.00778    0.02744
       579    2.16608    0.08764    0.00769    0.03503
       580    2.16555    0.08751    0.00767    0.02677
       581    2.16603    0.08770    0.00770    0.03533
       582    2.16341    0.08836    0.00784    0.07032
       583    2.16402    0.08843    0.00785    0.05192
       584    2.16640    0.08804    0.00776    0.04755
       585    2.16509    0.08769    0.00771    0.02735
       586    2.16658    0.08728    0.00762    0.04940
       587    2.16437    0.08809    0.00778    0.04164
       588    2.16498    0.08800    0.00776    0.02927
       589    2.16566    0.08813    0.00778    0.02808
       590    2.16527    0.08769    0.00771    0.02670
       591    2.16508    0.08803    0.00777    0.02785
       592    2.16475    0.08892    0.00793    0.03215
       593    2.16612    0.08840    0.00782    0.03911
       594    2.16569    0.08832    0.00781    0.02867
       595    2.16616    0.08803    0.00776    0.03678
       596    2.16397    0.08862    0.00788    0.05321
       597    2.16595    0.08813    0.00778    0.03270
       598    2.16517    0.08809    0.00778    0.02665
       599    2.16498    0.08814    0.00779    0.02921
       600    2.16541    0.08835    0.00782    0.02601
       601    2.16547    0.08798    0.00775    0.02592
       602    2.16551    0.08781    0.00772    0.02611
       603    2.16532    0.08815    0.00779    0.02560
       604    2.16607    0.08809    0.00777    0.03607
       605    2.16535    0.08784    0.00773    0.02584
       606    2.16490    0.08814    0.00779    0.03041
       607    2.16523    0.08771    0.00771    0.02608
       608    2.16515    0.08777    0.00772    0.02697
       609    2.16548    0.08802    0.00776    0.02589
       610    2.16523    0.08814    0.00778    0.02600
       611    2.16607    0.08761    0.00769    0.03349
       612    2.16447    0.08868    0.00789    0.03948
       613    2.16640    0.08705    0.00759    0.04066
       614    2.16512    0.08769    0.00771    0.02728
       615    2.16495    0.08824    0.00780    0.02951
       616    2.16625    0.08793    0.00774    0.03784
       617    2.16551    0.08793    0.00774    0.02562
       618    2.16487    0.08765    0.00770    0.03148
       619    2.16585    0.08730    0.00763    0.02935
       620    2.16416    0.08804    0.00778    0.04900
       621    2.16598    0.08778    0.00772    0.03093
       622    2.16571    0.08811    0.00778    0.02785
       623    2.16550    0.08720    0.00762    0.02448
       624    2.16545    0.08767    0.00770    0.02482
       625    2.16561    0.08788    0.00774    0.02588
       626    2.16484    0.08743    0.00766    0.03269
       627    2.16529    0.08828    0.00781    0.02542
       628    2.16497    0.08769    0.00771    0.03021
       629    2.16604    0.08770    0.00770    0.03411
       630    2.16593    0.08743    0.00766    0.02915
       631    2.16537    0.08790    0.00774    0.02491
       632    2.16459    0.08833    0.00782    0.03678
       633    2.16545    0.08753    0.00768    0.02556
       634    2.16597    0.08727    0.00763    0.02995
       635    2.16605    0.08761    0.00769    0.03213
       636    2.16523    0.08737    0.00765    0.02647
       637    2.16485    0.08831    0.00782    0.03106
       638    2.16488    0.08819    0.00780    0.03094
       639    2.16618    0.08741    0.00765    0.03450
       640    2.16629    0.08743    0.00765    0.03797
       641    2.16512    0.08773    0.00771    0.02780
       642    2.16560    0.08756    0.00768    0.02571
       643    2.16516    0.08750    0.00767    0.02715
       644    2.16450    0.08821    0.00780    0.04021
       645    2.16616    0.08790    0.00774    0.03613
       646    2.16565    0.08670    0.00753    0.02442
       647    2.16513    0.08806    0.00777    0.02724
       648    2.16534    0.08725    0.00763    0.02503
       649    2.16550    0.08783    0.00773    0.02567
       650    2.16578    0.08798    0.00775    0.02736
       651    2.16584    0.08761    0.00769    0.02813
       652    2.16575    0.08768    0.00770    0.02632
       653    2.16453    0.08771    0.00771    0.04058
       654    2.16555    0.08794    0.00775    0.02450
       655    2.16508    0.08743    0.00766    0.02827
       656    2.16574    0.08780    0.00772    0.02623
       657    2.16535    0.08812    0.00778    0.02520
       658    2.16584    0.08736    0.00764    0.02612
       659    2.16565    0.08741    0.00765    0.02487
       660    2.16560    0.08710    0.00760    0.02424
       661    2.16610    0.08812    0.00777    0.03272
       662    2.16567    0.08720    0.00762    0.02427
       663    2.16478    0.08734    0.00765    0.03478
       664    2.16532    0.08777    0.00772    0.02526
       665    2.16591    0.08748    0.00766    0.02852
       666    2.16572    0.08734    0.00764    0.02528
       667    2.16548    0.08752    0.00767    0.02434
       668    2.16437    0.08808    0.00778    0.04593
       669    2.16510    0.08775    0.00772    0.02757
       670    2.16687    0.08745    0.00765    0.05300
       671    2.16478    0.08792    0.00775    0.03505
       672    2.16558    0.08775    0.00771    0.02478
       673    2.16603    0.08761    0.00769    0.03061
       674    2.16452    0.08773    0.00772    0.04136
       675    2.16562    0.08790    0.00774    0.02501
       676    2.16626    0.08736    0.00764    0.03461
       677    2.16548    0.08760    0.00769    0.02416
       678    2.16550    0.08744    0.00766    0.02451
       679    2.16518    0.08767    0.00770    0.02732
       680    2.16654    0.08689    0.00756    0.04221
       681    2.16542    0.08737    0.00765    0.02474
       682    2.16572    0.08737    0.00765    0.02560
       683    2.16567    0.08667    0.00752    0.02404
       684    2.16574    0.08652    0.00750    0.02420
       685    2.16503    0.08697    0.00758    0.03047
       686    2.16549    0.08675    0.00754    0.02442
       687    2.16471    0.08766    0.00771    0.03793
       688    2.16588    0.08770    0.00770    0.02806
       689    2.16495    0.08740    0.00766    0.03103
       690    2.16650    0.08745    0.00765    0.04235
       691    2.16488    0.08773    0.00772    0.03214
       692    2.16519    0.08744    0.00766    0.02671
       693    2.16611    0.08732    0.00763    0.03065
       694    2.16513    0.08798    0.00776    0.02796
       695    2.16536    0.08760    0.00769    0.02472
       696    2.16495    0.08764    0.00770    0.03054
       697    2.16617    0.08721    0.00761    0.03205
       698    2.16548    0.08692    0.00757    0.02437
       699    2.16647    0.08748    0.00766    0.04069
       700    2.16476    0.08748    0.00767    0.03647
       701    2.16609    0.08733    0.00764    0.03073
       702    2.16554    0.08704    0.00759    0.02408
       703    2.16479    0.08783    0.00773    0.03583
       704    2.16607    0.08769    0.00770    0.03175
       705    2.16545    0.08728    0.00763    0.02434
       706    2.16581    0.08764    0.00769    0.02745
       707    2.16530    0.08704    0.00759    0.02541
       708    2.16564    0.08759    0.00768    0.02475
       709    2.16610    0.08642    0.00748    0.03017
       710    2.16484    0.08771    0.00771    0.03275
       711    2.16489    0.08744    0.00766    0.03333
       712    2.16483    0.08787    0.00774    0.03411
       713    2.16529    0.08758    0.00769    0.02605
       714    2.16615    0.08742    0.00765    0.03350
       715    2.16600    0.08787    0.00773    0.03039
       716    2.16529    0.08749    0.00767    0.02568
       717    2.16545    0.08759    0.00769    0.02439
       718    2.16555    0.08772    0.00771    0.02454
       719    2.16603    0.08763    0.00769    0.03020
       720    2.16558    0.08705    0.00759    0.02400
       721    2.16590    0.08664    0.00752    0.02635
       722    2.16605    0.08704    0.00759    0.02907
       723    2.16517    0.08694    0.00758    0.02800
       724    2.16413    0.08784    0.00774    0.05398
       725    2.16540    0.08733    0.00764    0.02483
       726    2.16551    0.08777    0.00772    0.02454
       727    2.16655    0.08732    0.00763    0.04158
       728    2.16478    0.08778    0.00772    0.03706
       729    2.16625    0.08763    0.00769    0.03415
       730    2.16533    0.08747    0.00767    0.02520
       731    2.16652    0.08663    0.00751    0.04023
       732    2.16480    0.08761    0.00769    0.03506
       733    2.16528    0.08765    0.00770    0.02609
       734    2.16558    0.08747    0.00766    0.02426
       735    2.16560    0.08768    0.00770    0.02411
       736    2.16693    0.08660    0.00750    0.05091
       737    2.16523    0.08739    0.00765    0.02745
       738    2.16440    0.08727    0.00764    0.04730
       739    2.16629    0.08750    0.00766    0.03632
       740    2.16457    0.08829    0.00782    0.03985
       741    2.16651    0.08763    0.00769    0.04175
       742    2.16658    0.08686    0.00755    0.04199
       743    2.16491    0.08692    0.00757    0.03445
       744    2.16538    0.08722    0.00762    0.02503
       745    2.16493    0.08754    0.00768    0.03203
       746    2.16562    0.08734    0.00764    0.02418
       747    2.16650    0.08685    0.00755    0.04067
       748    2.16423    0.08798    0.00777    0.05195
       749    2.16514    0.08783    0.00773    0.02800
       750    2.16538    0.08709    0.00760    0.02481
       751    2.16636    0.08757    0.00768    0.03867
       752    2.16538    0.08734    0.00764    0.02493
       753    2.16541    0.08751    0.00767    0.02470
       754    2.16587    0.08703    0.00759    0.02584
       755    2.16557    0.08716    0.00761    0.02410
       756    2.16583    0.08727    0.00763    0.02592
       757    2.16529    0.08727    0.00763    0.02596
       758    2.16595    0.08680    0.00755    0.02648
       759    2.16466    0.08788    0.00774    0.03885
       760    2.16641    0.08681    0.00754    0.03607
       761    2.16538    0.08709    0.00760    0.02568
       762    2.16602    0.08753    0.00767    0.02922
       763    2.16506    0.08749    0.00767    0.02886
       764    2.16594    0.08701    0.00758    0.02675
       765    2.16587    0.08632    0.00746    0.02483
       766    2.16509    0.08718    0.00762    0.02951
       767    2.16571    0.08754    0.00768    0.02441
       768    2.16560    0.08674    0.00754    0.02358
       769    2.16535    0.08728    0.00763    0.02519
       770    2.16570    0.08690    0.00756    0.02413
       771    2.16556    0.08716    0.00761    0.02417
       772    2.16475    0.08692    0.00758    0.03963
       773    2.16689    0.08716    0.00760    0.05194
       774    2.16640    0.08686    0.00755    0.03530
       775    2.16473    0.08774    0.00772    0.03751
       776    2.16557    0.08759    0.00768    0.02419
       777    2.16556    0.08655    0.00750    0.02354
       778    2.16557    0.08704    0.00759    0.02457
       779    2.16578    0.08703    0.00759    0.02514
       780    2.16522    0.08724    0.00763    0.02698
       781    2.16546    0.08726    0.00763    0.02425
       782    2.16571    0.08731    0.00763    0.02511
       783    2.16541    0.08743    0.00766    0.02477
       784    2.16556    0.08722    0.00762    0.02383
       785    2.16508    0.08747    0.00767    0.02907
       786    2.16633    0.08690    0.00756    0.03654
       787    2.16534    0.08693    0.00757    0.02539
       788    2.16500    0.08698    0.00758    0.03172
       789    2.16615    0.08694    0.00757    0.03102
       790    2.16560    0.08773    0.00771    0.02433
       791    2.16542    0.08694    0.00757    0.02504
       792    2.16520    0.08754    0.00768    0.02629
       793    2.16615    0.08663    0.00751    0.02931
       794    2.16649    0.08690    0.00756    0.03955
       795    2.16497    0.08732    0.00764    0.03244
       796    2.16528    0.08740    0.00765    0.02598
       797    2.16487    0.08703    0.00759    0.03538
       798    2.16665    0.08698    0.00757    0.04329
       799    2.16509    0.08675    0.00754    0.02956
       800    2.16600    0.08675    0.00754    0.02687
       801    2.16548    0.08733    0.00764    0.02450
       802    2.16542    0.08728    0.00763    0.02429
       803    2.16480    0.08719    0.00762    0.03588
       804    2.16701    0.08641    0.00747    0.05350
       805    2.16443    0.08729    0.00764    0.04760
       806    2.16654    0.08690    0.00756    0.03890
       807    2.16546    0.08737    0.00765    0.02402
       808    2.16525    0.08753    0.00768    0.02631
       809    2.16497    0.08744    0.00766    0.03069
       810    2.16598    0.08708    0.00759    0.02724
       811    2.16557    0.08696    0.00758    0.02391
       812    2.16562    0.08708    0.00760    0.02381
       813    2.16582    0.08677    0.00754    0.02445
       814    2.16512    0.08731    0.00764    0.02918
       815    2.16561    0.08781    0.00772    0.02452
       816    2.16602    0.08702    0.00758    0.02842
       817    2.16560    0.08703    0.00759    0.02405
       818    2.16526    0.08678    0.00755    0.02745
       819    2.16497    0.08769    0.00771    0.03212
       820    2.16638    0.08671    0.00753    0.03745
       821    2.16588    0.08729    0.00763    0.02646
       822    2.16552    0.08747    0.00766    0.02395
       823    2.16543    0.08687    0.00756    0.02457
       824    2.16665    0.08671    0.00753    0.04200
       825    2.16519    0.08686    0.00756    0.02857
       826    2.16593    0.08706    0.00759    0.02682
       827    2.16540    0.08674    0.00754    0.02521
       828    2.16514    0.08728    0.00763    0.02745
       829    2.16551    0.08649    0.00749    0.02398
       830    2.16559    0.08727    0.00763    0.02404
       831    2.16561    0.08683    0.00755    0.02389
       832    2.16535    0.08708    0.00760    0.02562
       833    2.16591    0.08676    0.00754    0.02729
       834    2.16597    0.08657    0.00751    0.02644
       835    2.16448    0.08727    0.00764    0.04489
       836    2.16564    0.08689    0.00756    0.02400
       837    2.16607    0.08690    0.00756    0.02915
       838    2.16618    0.08695    0.00757    0.03058
       839    2.16507    0.08727    0.00763    0.02974
       840    2.16565    0.08697    0.00758    0.02384
       841    2.16510    0.08727    0.00763    0.02862
       842    2.16531    0.08735    0.00765    0.02558
       843    2.16626    0.08680    0.00754    0.03262
       844    2.16557    0.08728    0.00763    0.02422
       845    2.16595    0.08667    0.00752    0.02584
       846    2.16525    0.08723    0.00762    0.02790
       847    2.16462    0.08722    0.00763    0.04119
       848    2.16622    0.08746    0.00766    0.03235
       849    2.16547    0.08674    0.00754    0.02460
       850    2.16665    0.08701    0.00758    0.04605
       851    2.16540    0.08623    0.00745    0.02512
       852    2.16450    0.08747    0.00767    0.04515
       853    2.16620    0.08679    0.00754    0.03041
       854    2.16574    0.08713    0.00760    0.02454
       855    2.16525    0.08697    0.00758    0.02755
       856    2.16552    0.08706    0.00759    0.02399
       857    2.16663    0.08685    0.00755    0.04202
       858    2.16466    0.08751    0.00768    0.03961
       859    2.16618    0.08678    0.00754    0.03051
       860    2.16621    0.08652    0.00749    0.03167
       861    2.16484    0.08733    0.00765    0.03567
       862    2.16519    0.08729    0.00764    0.02745
       863    2.16585    0.08695    0.00757    0.02474
       864    2.16491    0.08711    0.00761    0.03309
       865    2.16619    0.08672    0.00753    0.03223
       866    2.16587    0.08698    0.00758    0.02519
       867    2.16469    0.08727    0.00764    0.03928
       868    2.16646    0.08636    0.00747    0.03653
       869    2.16619    0.08655    0.00750    0.03067
       870    2.16541    0.08670    0.00753    0.02479
       871    2.16462    0.08709    0.00761    0.04026
       872    2.16665    0.08685    0.00755    0.04510
       873    2.16547    0.08655    0.00751    0.02428
       874    2.16588    0.08612    0.00743    0.02438
       875    2.16537    0.08663    0.00752    0.02519
       876    2.16524    0.08739    0.00765    0.02722
       877    2.16622    0.08649    0.00749    0.03038
       878    2.16497    0.08740    0.00766    0.03140
       879    2.16606    0.08626    0.00745    0.02724
       880    2.16475    0.08743    0.00766    0.03768
       881    2.16653    0.08700    0.00758    0.03965
       882    2.16525    0.08687    0.00756    0.02713
       883    2.16586    0.08692    0.00757    0.02551
       884    2.16578    0.08715    0.00761    0.02436
       885    2.16535    0.08715    0.00761    0.02553
       886    2.16501    0.08714    0.00761    0.03134
       887    2.16666    0.08692    0.00756    0.04276
       888    2.16525    0.08648    0.00750    0.02658
       889    2.16661    0.08643    0.00748    0.04080
       890    2.16475    0.08718    0.00762    0.03893
       891    2.16517    0.08739    0.00765    0.02839
       892    2.16571    0.08759    0.00768    0.02439
       893    2.16582    0.08672    0.00753    0.02433
       894    2.16516    0.08685    0.00756    0.02880
       895    2.16616    0.08691    0.00756    0.03012
       896    2.16527    0.08694    0.00757    0.02651
       897    2.16579    0.08717    0.00761    0.02502
       898    2.16578    0.08664    0.00752    0.02486
       899    2.16509    0.08739    0.00765    0.02989
       900    2.16641    0.08676    0.00754    0.03636
       901    2.16541    0.08656    0.00751    0.02468
       902    2.16495    0.08699    0.00759    0.03249
       903    2.16610    0.08656    0.00750    0.02795
       904    2.16479    0.08724    0.00763    0.03598
       905    2.16605    0.08685    0.00755    0.02864
       906    2.16516    0.08674    0.00754    0.02840
       907    2.16589    0.08699    0.00758    0.02622
       908    2.16516    0.08664    0.00752    0.02937
       909    2.16613    0.08677    0.00754    0.02908
       910    2.16511    0.08715    0.00761    0.02834
       911    2.16614    0.08662    0.00751    0.03021
       912    2.16568    0.08659    0.00751    0.02350
       913    2.16491    0.08731    0.00764    0.03306
       914    2.16633    0.08705    0.00759    0.03557
       915    2.16581    0.08669    0.00753    0.02461
       916    2.16564    0.08688    0.00756    0.02371
       917    2.16643    0.08626    0.00745    0.03572
       918    2.16540    0.08636    0.00747    0.02458
       919    2.16605    0.08678    0.00754    0.02868
       920    2.16500    0.08683    0.00756    0.03272
       921    2.16556    0.08685    0.00756    0.02392
       922    2.16458    0.08658    0.00752    0.04351
       923    2.16681    0.08648    0.00748    0.04854
       924    2.16461    0.08702    0.00759    0.04354
       925    2.16516    0.08664    0.00752    0.02891
       926    2.16608    0.08629    0.00746    0.02822
       927    2.16621    0.08668    0.00752    0.03146
       928    2.16581    0.08691    0.00756    0.02489
       929    2.16577    0.08674    0.00754    0.02404
       930    2.16647    0.08552    0.00732    0.03362
       931    2.16483    0.08650    0.00750    0.03670
       932    2.16511    0.08648    0.00750    0.02958
       933    2.16596    0.08693    0.00757    0.02718
       934    2.16648    0.08617    0.00743    0.03666
       935    2.16523    0.08631    0.00746    0.02727
       936    2.16553    0.08615    0.00743    0.02440
       937    2.16541    0.08699    0.00758    0.02432
       938    2.16523    0.08721    0.00762    0.02658
       939    2.16572    0.08654    0.00750    0.02375
       940    2.16573    0.08678    0.00754    0.02415
       941    2.16567    0.08671    0.00753    0.02399
       942    2.16522    0.08685    0.00756    0.02699
       943    2.16647    0.08596    0.00740    0.03633
       944    2.16576    0.08673    0.00753    0.02379
       945    2.16564    0.08572    0.00736    0.02303
       946    2.16508    0.08671    0.00754    0.03140
       947    2.16572    0.08659    0.00751    0.02358
       948    2.16551    0.08675    0.00754    0.02393
       949    2.16587    0.08675    0.00754    0.02504
       950    2.16418    0.08699    0.00759    0.05502
       951    2.16606    0.08663    0.00751    0.02846
       952    2.16593    0.08592    0.00739    0.02510
       953    2.16626    0.08660    0.00751    0.03143
       954    2.16570    0.08619    0.00744    0.02333
       955    2.16398    0.08763    0.00771    0.06067
       956    2.16650    0.08643    0.00748    0.03843
       957    2.16553    0.08713    0.00761    0.02423
       958    2.16573    0.08667    0.00752    0.02425
       959    2.16587    0.08614    0.00743    0.02413
       960    2.16535    0.08679    0.00755    0.02487
       961    2.16599    0.08677    0.00754    0.02750
       962    2.16588    0.08600    0.00741    0.02398
       963    2.16502    0.08702    0.00759    0.03061
       964    2.16548    0.08751    0.00767    0.02440
       965    2.16476    0.08744    0.00767    0.03678
       966    2.16679    0.08643    0.00748    0.04646
       967    2.16528    0.08737    0.00765    0.02531
       968    2.16638    0.08668    0.00752    0.03431
       969    2.16565    0.08675    0.00754    0.02382
       970    2.16514    0.08676    0.00754    0.02875
       971    2.16620    0.08626    0.00745    0.02978
       972    2.16547    0.08659    0.00751    0.02451
       973    2.16547    0.08699    0.00758    0.02443
       974    2.16487    0.08775    0.00772    0.03373
       975    2.16638    0.08627    0.00745    0.03413
       976    2.16578    0.08660    0.00751    0.02395
       977    2.16653    0.08638    0.00747    0.03909
       978    2.16393    0.08722    0.00763    0.06203
       979    2.16601    0.08635    0.00747    0.02658
       980    2.16548    0.08708    0.00760    0.02386
       981    2.16577    0.08689    0.00756    0.02400
       982    2.16566    0.08622    0.00745    0.02366
       983    2.16516    0.08663    0.00752    0.02894
       984    2.16638    0.08676    0.00753    0.03528
       985    2.16516    0.08703    0.00759    0.02898
       986    2.16572    0.08609    0.00742    0.02367
       987    2.16619    0.08659    0.00751    0.03005
       988    2.16520    0.08686    0.00756    0.02680
       989    2.16586    0.08614    0.00743    0.02422
       990    2.16601    0.08636    0.00747    0.02683
       991    2.16525    0.08649    0.00750    0.02619
       992    2.16542    0.08676    0.00754    0.02495
       993    2.16598    0.08638    0.00747    0.02664
       994    2.16560    0.08655    0.00750    0.02326
       995    2.16562    0.08633    0.00747    0.02327
       996    2.16574    0.08701    0.00758    0.02459
       997    2.16530    0.08652    0.00750    0.02638
       998    2.16445    0.08730    0.00764    0.04661
       999    2.16637    0.08660    0.00751    0.03561

Final Weights:         0.3475792895         0.2733731643        -0.2653931890        -0.3553191252 