# Cycles, Average Predicted Temperature, Stddev Predicted Temperature, Mean Squared Error, || MSE Gradient ||
         0    0.01594    0.02044    5.35152    1.16347
         1    0.01636    0.02090    5.34958    1.16585
         2    0.01661    0.02113    5.34847    1.16531
         3    0.01691    0.02141    5.34707    1.17063
         4    0.01694    0.02155    5.34693    1.15153
         5    0.01741    0.02210    5.34480    1.16111
         6    0.01762    0.02237    5.34382    1.15318
         7    0.01793    0.02259    5.34243    1.15078
         8    0.01815    0.02294    5.34141    1.14346
         9    0.01861    0.02337    5.33933    1.15013
        10    0.01889    0.02375    5.33801    1.15089
        11    0.01925    0.02404    5.33639    1.15189
        12    0.01934    0.02435    5.33598    1.13718
        13    0.01946    0.02452    5.33544    1.12847
        14    0.02000    0.02508    5.33296    1.14018
        15    0.02034    0.02535    5.33143    1.14358
        16    0.02055    0.02580    5.33045    1.13731
        17    0.02096    0.02611    5.32858    1.14582
        18    0.02123    0.02644    5.32735    1.13927
        19    0.02148    0.02680    5.32624    1.13716
        20    0.02166    0.02711    5.32542    1.09873
        21    0.02186    0.02734    5.32448    0.97469
        22    0.02194    0.02744    5.32412    0.96984
        23    0.02226    0.02791    5.32268    1.06774
        24    0.02263    0.02827    5.32099    0.85960
        25    0.02284    0.02845    5.32003    0.87531
        26    0.02287    0.02842    5.31990    0.88406
        27    0.02308    0.02867    5.31896    0.89439
        28    0.02323    0.02876    5.31828    0.90906
        29    0.02332    0.02894    5.31783    0.92166
        30    0.02377    0.02927    5.31578    0.94514
        31    0.02401    0.02959    5.31472    0.96457
        32    0.02391    0.02942    5.31515    0.97407
        33    0.02421    0.02975    5.31379    0.99662
        34    0.02453    0.02996    5.31235    1.02532
        35    0.02480    0.03021    5.31113    1.04847
        36    0.02493    0.03031    5.31050    1.07155
        37    0.02538    0.03063    5.30844    1.10524
        38    0.02557    0.03076    5.30760    1.12443
        39    0.02583    0.03084    5.30641    1.16294
        40    0.02593    0.03099    5.30592    1.19038
        41    0.02628    0.03121    5.30437    1.22632
        42    0.02677    0.03153    5.30213    1.26966
        43    0.02673    0.03134    5.30228    1.31178
        44    0.02735    0.03187    5.29945    1.36221
        45    0.02787    0.03201    5.29707    1.41409
        46    0.02819    0.03205    5.29561    1.46771
        47    0.02874    0.03241    5.29310    1.52561
        48    0.02944    0.03270    5.28990    1.58857
        49    0.02977    0.03260    5.28836    1.65182
        50    0.03027    0.03262    5.28608    1.72148
        51    0.03120    0.03316    5.28181    1.81629
        52    0.03182    0.03319    5.27898    1.89088
        53    0.03253    0.03345    5.27575    1.97909
        54    0.03347    0.03355    5.27144    2.08395
        55    0.03448    0.03384    5.26682    2.19054
        56    0.03569    0.03411    5.26127    2.30091
        57    0.03647    0.03424    5.25773    2.39633
        58    0.03794    0.03439    5.25098    2.54716
        59    0.03941    0.03470    5.24426    2.67612
        60    0.04100    0.03507    5.23704    2.81238
        61    0.04295    0.03555    5.22814    3.00242
        62    0.04498    0.03603    5.21891    3.16432
        63    0.04713    0.03647    5.20910    3.36074
        64    0.04985    0.03742    5.19677    3.53280
        65    0.05298    0.03837    5.18256    3.89168
        66    0.05625    0.03949    5.16778    4.09435
        67    0.06009    0.04127    5.15052    4.47489
        68    0.06445    0.04342    5.13093    4.97764
        69    0.07027    0.04626    5.10482    5.25909
        70    0.07681    0.04971    5.07568    5.62159
        71    0.08432    0.05456    5.04239    6.13337
        72    0.09332    0.06020    5.00274    6.53708
        73    0.10300    0.06729    4.96041    6.88609
        74    0.11453    0.07564    4.91044    7.31191
        75    0.12730    0.08539    4.85557    7.67611
        76    0.14177    0.09648    4.79408    8.05858
        77    0.15719    0.10939    4.72955    8.44313
        78    0.17500    0.12343    4.65576    8.81228
        79    0.19424    0.13985    4.57757    9.16066
        80    0.21570    0.15788    4.49177    9.50291
        81    0.23923    0.17817    4.39966    9.82777
        82    0.26497    0.19999    4.30098   10.12649
        83    0.29268    0.22439    4.19769   10.37887
        84    0.32213    0.25058    4.09105   10.57032
        85    0.35444    0.27938    3.97768   10.74415
        86    0.38877    0.30921    3.86083   10.84907
        87    0.42519    0.34213    3.74225   10.90822
        88    0.46290    0.37647    3.62475   10.88655
        89    0.50178    0.41177    3.50897   10.78376
        90    0.54232    0.44900    3.39449   10.63148
        91    0.58537    0.48649    3.27756   10.54935
        92    0.62817    0.52557    3.16967   10.25171
        93    0.67348    0.56497    3.06055    9.93135
        94    0.71651    0.60541    2.96725    9.50483
        95    0.75935    0.64444    2.87969    9.04920
        96    0.80139    0.68206    2.79936    8.56023
        97    0.84148    0.72068    2.73266    8.02200
        98    0.88333    0.75636    2.66257    7.51333
        99    0.91922    0.79044    2.61278    6.94861
       100    0.95484    0.82468    2.56892    6.38233
       101    0.98764    0.85333    2.52790    5.86535
       102    1.01836    0.88302    2.49798    5.32561
       103    1.04670    0.90806    2.46934    4.84872
       104    1.07402    0.93259    2.44516    4.37702
       105    1.09658    0.95333    2.42815    3.95550
       106    1.12018    0.97474    2.41182    3.53200
       107    1.13832    0.98986    2.39798    3.20965
       108    1.15463    1.00643    2.39248    2.87309
       109    1.17194    1.02127    2.38220    2.56710
       110    1.18803    1.03357    2.37050    2.31551
       111    1.19894    1.04590    2.37137    2.06803
       112    1.20674    1.05441    2.37167    1.89350
       113    1.21810    1.06305    2.36460    1.72459
       114    1.22648    1.07105    2.36310    1.57532
       115    1.23320    1.07621    2.35940    1.47974
       116    1.24320    1.08338    2.35309    1.35530
       117    1.24671    1.08742    2.35424    1.29068
       118    1.25342    1.09354    2.35311    1.20093
       119    1.25704    1.09454    2.34752    1.18508
       120    1.26601    1.09914    2.33845    1.12448
       121    1.26422    1.10367    2.35222    1.07581
       122    1.26705    1.10548    2.35023    1.06281
       123    1.27007    1.10741    2.34809    1.04100
       124    1.27467    1.10621    2.33571    1.05067
       125    1.27629    1.11137    2.34372    1.00991
       126    1.27641    1.10999    2.34042    1.02593
       127    1.27758    1.11148    2.34127    1.01896
       128    1.28092    1.11216    2.33577    1.00597
       129    1.28239    1.11473    2.33839    1.00437
       130    1.28104    1.11615    2.34440    0.99273
       131    1.28411    1.11585    2.33731    0.99469
       132    1.28575    1.11617    2.33459    0.99101
       133    1.28583    1.11595    2.33392    0.99475
       134    1.28529    1.11699    2.33740    0.98836
       135    1.28696    1.11736    2.33473    0.99083
       136    1.28778    1.11647    2.33102    0.99456
       137    1.28811    1.11670    2.33086    0.98720
       138    1.28677    1.11808    2.33674    0.98402
       139    1.28818    1.11801    2.33363    0.99009
       140    1.29079    1.11686    2.32563    0.99107
       141    1.29099    1.11756    2.32678    0.98651
       142    1.29048    1.11924    2.33161    0.97951
       143    1.29124    1.11620    2.32323    0.98845
       144    1.29264    1.11875    2.32603    0.98141
       145    1.29163    1.11625    2.32253    0.98836
       146    1.29303    1.11888    2.32551    0.98440
       147    1.29158    1.11881    2.32835    0.98298
       148    1.29174    1.11690    2.32377    0.98764
       149    1.29148    1.11691    2.32432    0.98933
       150    1.29392    1.11685    2.31913    0.98837
       151    1.29312    1.11665    2.32035    0.98251
       152    1.29680    1.11794    2.31560    0.96986
       153    1.29505    1.11786    2.31905    0.97693
       154    1.29631    1.11588    2.31201    0.98361
       155    1.29702    1.11491    2.30839    0.98576
       156    1.29726    1.11402    2.30591    0.98865
       157    1.29729    1.11641    2.31118    0.98557
       158    1.29700    1.11892    2.31740    0.97341
       159    1.29506    1.11690    2.31689    0.97899
       160    1.30030    1.11499    2.30181    0.98006
       161    1.29868    1.11676    2.30910    0.97948
       162    1.29783    1.11502    2.30696    0.98984
       163    1.29994    1.11620    2.30524    0.97440
       164    1.29805    1.11504    2.30656    0.98250
       165    1.29953    1.11574    2.30508    0.97926
       166    1.29869    1.11580    2.30695    0.98012
       167    1.29953    1.11657    2.30692    0.96373
       168    1.30369    1.11294    2.29027    0.97994
       169    1.29944    1.11270    2.29847    0.99272
       170    1.30376    1.11485    2.29439    0.97481
       171    1.30168    1.11414    2.29708    0.98097
       172    1.30031    1.11325    2.29789    0.99271
       173    1.30325    1.11633    2.29875    0.97217
       174    1.30047    1.11537    2.30231    0.97878
       175    1.30272    1.11259    2.29147    0.98308
       176    1.30472    1.11321    2.28878    0.97855
       177    1.30473    1.11174    2.28548    0.98880
       178    1.30467    1.11377    2.29010    0.97236
       179    1.30423    1.11387    2.29122    0.97534
       180    1.30343    1.11481    2.29498    0.97809
       181    1.30281    1.11536    2.29747    0.96427
       182    1.30523    1.11362    2.28863    0.96649
       183    1.30250    1.11202    2.29069    0.97962
       184    1.30626    1.11090    2.28047    0.97968
       185    1.30661    1.11422    2.28715    0.97070
       186    1.30549    1.11287    2.28644    0.98127
       187    1.30667    1.11386    2.28622    0.97110
       188    1.30617    1.11244    2.28408    0.97435
       189    1.30863    1.11052    2.27477    0.98338
       190    1.31036    1.11227    2.27516    0.97407
       191    1.30893    1.11263    2.27886    0.96704
       192    1.30793    1.11048    2.27613    0.97938
       193    1.31075    1.11129    2.27217    0.97663
       194    1.30761    1.11073    2.27734    0.98022
       195    1.30912    1.11093    2.27471    0.97685
       196    1.31254    1.11089    2.26765    0.97108
       197    1.30767    1.10948    2.27444    0.98040
       198    1.30848    1.11158    2.27745    0.98010
       199    1.31013    1.11137    2.27362    0.97178
       200    1.31066    1.10887    2.26699    0.98965
       201    1.30928    1.11138    2.27536    0.97128
       202    1.31256    1.11184    2.26971    0.96838
       203    1.31244    1.11079    2.26762    0.96769
       204    1.31268    1.10906    2.26330    0.97391
       205    1.31288    1.10905    2.26287    0.97694
       206    1.31247    1.11032    2.26651    0.97244
       207    1.31328    1.11026    2.26475    0.97793
       208    1.31302    1.10879    2.26201    0.97077
       209    1.30969    1.10972    2.27085    0.97742
       210    1.31654    1.10886    2.25501    0.97407
       211    1.31562    1.10839    2.25584    0.97448
       212    1.31447    1.10860    2.25863    0.96646
       213    1.31775    1.11011    2.25535    0.96305
       214    1.31483    1.10771    2.25594    0.97859
       215    1.31581    1.10637    2.25099    0.97667
       216    1.31571    1.10981    2.25880    0.96200
       217    1.31778    1.11051    2.25618    0.95876
       218    1.31910    1.10718    2.24611    0.96619
       219    1.31846    1.10945    2.25244    0.96183
       220    1.31845    1.10787    2.24896    0.96766
       221    1.31507    1.10797    2.25603    0.96683
       222    1.31793    1.10777    2.24980    0.96721
       223    1.32017    1.10727    2.24415    0.96333
       224    1.31769    1.10997    2.25515    0.96002
       225    1.31731    1.10727    2.24992    0.96961
       226    1.31773    1.10836    2.25152    0.95628
       227    1.31940    1.10541    2.24161    0.97133
       228    1.31930    1.10610    2.24332    0.96574
       229    1.31919    1.10531    2.24181    0.97048
       230    1.31949    1.10592    2.24255    0.97055
       231    1.32194    1.10651    2.23891    0.96993
       232    1.32294    1.10577    2.23526    0.96827
       233    1.31942    1.10612    2.24312    0.95466
       234    1.32268    1.10733    2.23924    0.95240
       235    1.32119    1.10595    2.23917    0.96498
       236    1.32140    1.10503    2.23674    0.96571
       237    1.32173    1.10657    2.23947    0.96351
       238    1.31986    1.10696    2.24409    0.96003
       239    1.32194    1.10362    2.23252    0.97087
       240    1.32500    1.10609    2.23182    0.95924
       241    1.32550    1.10601    2.23064    0.95935
       242    1.32480    1.10681    2.23381    0.94642
       243    1.32239    1.10523    2.23517    0.95726
       244    1.32420    1.10353    2.22777    0.96130
       245    1.32495    1.10661    2.23307    0.95322
       246    1.32480    1.10325    2.22595    0.96373
       247    1.32395    1.10431    2.23000    0.95845
       248    1.32539    1.10464    2.22782    0.95975
       249    1.32355    1.10547    2.23336    0.95555
       250    1.32705    1.10291    2.22068    0.96101
       251    1.32587    1.10436    2.22626    0.95794
       252    1.32791    1.10295    2.21904    0.96034
       253    1.32762    1.10252    2.21868    0.96083
       254    1.32681    1.10346    2.22238    0.96122
       255    1.32918    1.10389    2.21859    0.95450
       256    1.32960    1.10286    2.21547    0.95435
       257    1.33067    1.10110    2.20947    0.95870
       258    1.33078    1.10328    2.21403    0.95593
       259    1.33097    1.09965    2.20568    0.97065
       260    1.32883    1.10401    2.21953    0.95401
       261    1.33088    1.10214    2.21131    0.96294
       262    1.32941    1.10419    2.21879    0.95153
       263    1.33279    1.10100    2.20502    0.94889
       264    1.33119    1.10280    2.21216    0.94666
       265    1.33090    1.10024    2.20710    0.96604
       266    1.33168    1.10261    2.21078    0.94919
       267    1.33345    1.10033    2.20220    0.95177
       268    1.33146    1.10397    2.21419    0.94652
       269    1.33023    1.10166    2.21156    0.96079
       270    1.33046    1.10121    2.21012    0.95003
       271    1.33136    1.10075    2.20730    0.95807
       272    1.33621    1.10114    2.19851    0.94734
       273    1.33399    1.10009    2.20060    0.95506
       274    1.33385    1.10143    2.20384    0.94278
       275    1.33248    1.10067    2.20491    0.95522
       276    1.33430    1.10180    2.20377    0.94564
       277    1.33221    1.09944    2.20273    0.95594
       278    1.33631    1.09926    2.19417    0.94919
       279    1.33357    1.10022    2.20173    0.95006
       280    1.33471    1.10123    2.20168    0.94348
       281    1.33876    1.10073    2.19255    0.94097
       282    1.33607    1.09851    2.19300    0.95181
       283    1.34246    1.09979    2.18317    0.94887
       284    1.33545    1.10173    2.20131    0.94796
       285    1.33748    1.10005    2.19361    0.94488
       286    1.33744    1.09835    2.18993    0.95509
       287    1.33775    1.09655    2.18536    0.95623
       288    1.34037    1.10002    2.18780    1.09418
       289    1.33569    1.09700    2.19045    1.09733
       290    1.33693    1.09703    2.18805    1.09477
       291    1.33802    1.09621    2.18409    1.09189
       292    1.33506    1.09605    2.18960    1.09419
       293    1.33818    1.09599    2.18329    1.08933
       294    1.33878    1.09553    2.18107    1.08720
       295    1.33954    1.09321    2.17451    1.08358
       296    1.33567    1.09438    2.18474    1.09220
       297    1.33438    1.09445    2.18747    1.08882
       298    1.33765    1.09284    2.17744    1.07867
       299    1.33578    1.09165    2.17854    1.09412
       300    1.33682    1.09284    2.17909    1.07774
       301    1.33638    1.09203    2.17819    1.08006
       302    1.33875    1.09345    2.17659    1.07061
       303    1.33896    1.09064    2.17004    1.08709
       304    1.33977    1.09078    2.16873    1.07515
       305    1.33731    1.09205    2.17638    1.08743
       306    1.33675    1.08967    2.17231    1.08696
       307    1.33718    1.09015    2.17250    1.08010
       308    1.33862    1.09033    2.17005    1.08021
       309    1.33940    1.08939    2.16645    1.08250
       310    1.33812    1.08650    2.16270    1.09822
       311    1.34165    1.08909    2.16134    1.08302
       312    1.34110    1.08677    2.15738    1.09168
       313    1.34170    1.08854    2.16005    1.07476
       314    1.34241    1.08619    2.15353    1.08822
       315    1.33781    1.08954    2.16992    1.08163
       316    1.34351    1.08519    2.14919    1.09689
       317    1.34220    1.08855    2.15907    1.08530
       318    1.34293    1.08695    2.15415    1.08788
       319    1.34269    1.08906    2.15922    1.08259
       320    1.34460    1.08644    2.14977    1.08835
       321    1.34276    1.08492    2.15008    1.08823
       322    1.34369    1.08584    2.15025    1.08264
       323    1.34455    1.08544    2.14768    1.08782
       324    1.34380    1.08848    2.15577    1.07618
       325    1.34877    1.08498    2.13841    1.08538
       326    1.34774    1.08511    2.14070    1.08891
       327    1.34430    1.08667    2.15085    1.08398
       328    1.34639    1.08429    2.14158    1.08618
       329    1.34817    1.08554    2.14078    1.08031
       330    1.34942    1.08617    2.13971    1.07874
       331    1.34762    1.08659    2.14415    1.07333
       332    1.34889    1.08435    2.13679    1.08668
       333    1.34839    1.08529    2.13981    1.07471
       334    1.35062    1.08161    2.12745    1.09516
       335    1.34937    1.08410    2.13532    1.08105
       336    1.34885    1.08419    2.13654    1.08463
       337    1.35160    1.08315    2.12890    1.07737
       338    1.35430    1.08144    2.11991    1.08719
       339    1.35083    1.08323    2.13057    1.08039
       340    1.35022    1.08556    2.13681    1.07730
       341    1.35278    1.08316    2.12662    1.07417
       342    1.35276    1.08188    2.12387    1.08527
       343    1.35162    1.08415    2.13102    1.07363
       344    1.35117    1.08239    2.12809    1.08752
       345    1.35302    1.08302    2.12583    1.07825
       346    1.35378    1.08220    2.12258    1.07708
       347    1.35350    1.08208    2.12286    1.08051
       348    1.35517    1.08155    2.11846    1.07462
       349    1.35307    1.08240    2.12438    1.07023
       350    1.35565    1.07965    2.11343    1.08177
       351    1.35615    1.08209    2.11773    1.07274
       352    1.35608    1.07954    2.11234    1.08010
       353    1.35695    1.08271    2.11750    1.06106
       354    1.35787    1.08110    2.11224    1.06597
       355    1.35587    1.08090    2.11569    1.07849
       356    1.35905    1.08067    2.10902    1.07616
       357    1.35783    1.07969    2.10925    1.07444
       358    1.35595    1.08098    2.11569    1.07531
       359    1.35834    1.07938    2.10760    1.07310
       360    1.35937    1.07884    2.10444    1.07304
       361    1.35925    1.07978    2.10672    1.07102
       362    1.35804    1.07774    2.10465    1.07970
       363    1.36067    1.07948    2.10330    1.06671
       364    1.36037    1.07798    2.10063    1.07118
       365    1.36285    1.07870    2.09739    1.07280
       366    1.36015    1.07878    2.10280    1.07194
       367    1.36110    1.07650    2.09603    1.08271
       368    1.36563    1.07933    2.09340    1.06320
       369    1.36477    1.07757    2.09126    1.07336
       370    1.36498    1.07698    2.08957    1.07485
       371    1.36477    1.07738    2.09085    1.07342
       372    1.36166    1.07994    2.10239    1.05318
       373    1.36509    1.07756    2.09063    1.06676
       374    1.36600    1.07678    2.08719    1.06779
       375    1.36497    1.07765    2.09105    1.05321
       376    1.36417    1.07746    2.09218    1.06762
       377    1.36731    1.07606    2.08311    1.06870
       378    1.36625    1.07617    2.08538    1.06956
       379    1.36775    1.07565    2.08138    1.07316
       380    1.36993    1.07594    2.07781    1.06309
       381    1.36738    1.07760    2.08629    1.05329
       382    1.36759    1.07482    2.07990    1.07213
       383    1.36854    1.07581    2.08020    1.05742
       384    1.36872    1.07332    2.07452    1.07845
       385    1.36851    1.07718    2.08321    1.05750
       386    1.36999    1.07598    2.07778    1.05113
       387    1.36873    1.07559    2.07936    1.06381
       388    1.36813    1.07402    2.07715    1.07074
       389    1.36822    1.07417    2.07730    1.06068
       390    1.37041    1.07418    2.07311    1.06154
       391    1.37363    1.07396    2.06646    1.06636
       392    1.37064    1.07347    2.07116    1.06351
       393    1.37437    1.07429    2.06575    1.05696
       394    1.37091    1.07336    2.07038    1.06680
       395    1.37323    1.07319    2.06559    1.06066
       396    1.37418    1.07329    2.06398    1.05956
       397    1.37350    1.07296    2.06458    1.05715
       398    1.37415    1.07074    2.05857    1.06852
       399    1.37729    1.07137    2.05395    1.06357
       400    1.37647    1.07281    2.05857    1.06124
       401    1.37513    1.07252    2.06053    1.06000
       402    1.37541    1.07337    2.06181    1.04956
       403    1.37750    1.07144    2.05368    1.05649
       404    1.37781    1.07218    2.05468    1.04735
       405    1.37394    1.07138    2.06034    1.06569
       406    1.37682    1.07086    2.05373    1.06163
       407    1.37694    1.06970    2.05103    1.06080
       408    1.37833    1.07126    2.05172    1.05236
       409    1.38019    1.07064    2.04687    1.05767
       410    1.37529    1.07321    2.06168    1.04592
       411    1.37934    1.06986    2.04681    1.05770
       412    1.37924    1.07106    2.04958    1.05051
       413    1.37771    1.07001    2.05023    1.06033
       414    1.37801    1.06937    2.04829    1.05736
       415    1.37832    1.07023    2.04954    1.04991
       416    1.38139    1.06898    2.04103    1.05517
       417    1.38107    1.06861    2.04085    1.05537
       418    1.38467    1.06670    2.02997    1.05958
       419    1.38375    1.06741    2.03321    1.05844
       420    1.38146    1.07071    2.04460    1.04330
       421    1.38269    1.06874    2.03805    1.05474
       422    1.38217    1.06953    2.04075    1.04161
       423    1.38395    1.06822    2.03457    1.05558
       424    1.38645    1.06646    2.02608    1.05221
       425    1.38636    1.06838    2.03036    1.04321
       426    1.38405    1.06809    2.03410    1.04725
       427    1.38587    1.06710    2.02854    1.05893
       428    1.38582    1.06763    2.02977    1.04566
       429    1.38840    1.06663    2.02277    1.04216
       430    1.38414    1.06927    2.03645    1.04469
       431    1.38810    1.06594    2.02186    1.04724
       432    1.38655    1.06817    2.02956    1.03728
       433    1.38341    1.06875    2.03672    1.04223
       434    1.38813    1.06532    2.02050    1.05045
       435    1.39068    1.06518    2.01540    1.04550
       436    1.38873    1.06552    2.01980    1.04524
       437    1.39038    1.06568    2.01703    1.04464
       438    1.38884    1.06692    2.02257    1.03659
       439    1.39160    1.06431    2.01183    1.04868
       440    1.39103    1.06457    2.01345    1.04061
       441    1.39286    1.06408    2.00896    1.05134
       442    1.39084    1.06488    2.01448    1.04769
       443    1.38991    1.06594    2.01847    1.04298
       444    1.39352    1.06590    2.01161    1.03079
       445    1.38866    1.06655    2.02211    1.03138
       446    1.39426    1.06408    2.00635    1.04276
       447    1.39403    1.06343    2.00539    1.04414
       448    1.39172    1.06403    2.01100    1.03981
       449    1.39443    1.06515    2.00832    1.02986
       450    1.39465    1.06410    2.00567    1.03309
       451    1.39104    1.06567    2.01578    1.02729
       452    1.39419    1.06291    2.00399    1.04068
       453    1.39535    1.06226    2.00044    1.03649
       454    1.39548    1.06443    2.00482    1.02777
       455    1.39664    1.06221    1.99794    1.03594
       456    1.39620    1.06399    2.00255    1.02931
       457    1.39571    1.06225    1.99975    1.02823
       458    1.39895    1.06104    1.99114    1.03463
       459    1.39940    1.06235    1.99309    1.03029
       460    1.39891    1.06176    1.99274    1.03128
       461    1.39904    1.05943    1.98756    1.04282
       462    1.39913    1.06254    1.99400    1.02443
       463    1.39840    1.06008    1.99013    1.03940
       464    1.39629    1.06255    1.99930    1.02669
       465    1.40154    1.06073    1.98566    1.03466
       466    1.40292    1.06034    1.98230    1.02740
       467    1.40217    1.06049    1.98399    1.03090
       468    1.40063    1.06150    1.98901    1.02235
       469    1.39876    1.06099    1.99139    1.02825
       470    1.39950    1.06162    1.99136    1.02500
       471    1.40370    1.05933    1.97870    1.03291
       472    1.40179    1.06028    1.98426    1.02535
       473    1.40274    1.05828    1.97825    1.03342
       474    1.40480    1.06046    1.97906    1.02078
       475    1.40363    1.06009    1.98045    1.02335
       476    1.40368    1.05876    1.97753    1.01826
       477    1.40520    1.05884    1.97491    1.02112
       478    1.40491    1.05883    1.97539    1.02517
       479    1.40583    1.05853    1.97306    1.02351
       480    1.40733    1.05787    1.96892    1.02207
       481    1.40563    1.05681    1.96980    1.03292
       482    1.40382    1.05880    1.97735    1.02491
       483    1.40914    1.05723    1.96422    1.01688
       484    1.40897    1.05742    1.96492    1.02821
       485    1.41107    1.05629    1.95868    1.02556
       486    1.40837    1.05997    1.97145    1.00721
       487    1.40808    1.05843    1.96871    1.01505
       488    1.40870    1.05824    1.96717    1.01862
       489    1.40920    1.05664    1.96286    1.01451
       490    1.41021    1.05801    1.96390    1.01167
       491    1.40923    1.05733    1.96425    1.01528
       492    1.40900    1.05618    1.96226    1.01973
       493    1.40930    1.05692    1.96326    1.01532
       494    1.41091    1.05650    1.95941    1.01485
       495    1.41171    1.05658    1.95813    1.00556
       496    1.41365    1.05580    1.95292    1.01667
       497    1.41158    1.05512    1.95529    1.01657
       498    1.40867    1.05712    1.96486    1.00365
       499    1.41136    1.05522    1.95589    1.01631
       500    1.41331    1.05517    1.95222    1.01173
       501    1.41329    1.05416    1.95012    1.01592
       502    1.41357    1.05590    1.95327    1.00549
       503    1.41613    1.05611    1.94904    0.99972
       504    1.41576    1.05401    1.94528    1.00748
       505    1.41512    1.05355    1.94549    1.01410
       506    1.41854    1.05318    1.93846    1.00577
       507    1.41581    1.05639    1.95020    1.00562
       508    1.41533    1.05309    1.94413    1.00603
       509    1.41352    1.05600    1.95357    1.00068
       510    1.41758    1.05257    1.93893    1.00852
       511    1.41846    1.05335    1.93897    1.00862
       512    1.41972    1.05285    1.93563    1.00615
       513    1.41974    1.05250    1.93484    1.00134
       514    1.41827    1.05424    1.94118    1.00211
       515    1.41895    1.05189    1.93500    1.00786
       516    1.41893    1.05284    1.93703    1.00341
       517    1.42157    1.04993    1.92611    1.01393
       518    1.41880    1.05228    1.93610    1.00303
       519    1.42052    1.05120    1.93068    1.00634
       520    1.42171    1.05221    1.93066    0.99614
       521    1.42217    1.05138    1.92807    1.00557
       522    1.42088    1.05125    1.93014    1.00429
       523    1.42024    1.05398    1.93705    0.98890
       524    1.42647    1.05201    1.92162    0.99134
       525    1.42163    1.05240    1.93120    0.99921
       526    1.42288    1.05343    1.93110    0.98299
       527    1.42293    1.05166    1.92729    0.99497
       528    1.42290    1.05084    1.92561    1.00048
       529    1.42588    1.04910    1.91657    1.00477
       530    1.42455    1.05206    1.92518    0.98754
       531    1.42612    1.04938    1.91673    0.98937
       532    1.42381    1.05174    1.92585    0.98468
       533    1.42671    1.04979    1.91653    0.99653
       534    1.42580    1.04844    1.91533    0.99929
       535    1.42719    1.05058    1.91731    0.98205
       536    1.42370    1.05281    1.92830    0.97981
       537    1.42484    1.04953    1.91936    0.99086
       538    1.42559    1.05263    1.92452    0.97037
       539    1.42776    1.05110    1.91737    0.97675
       540    1.42805    1.04844    1.91128    0.99137
       541    1.42805    1.04940    1.91327    0.98462
       542    1.42865    1.04875    1.91083    0.98397
       543    1.42946    1.04865    1.90919    0.98314
       544    1.42932    1.04901    1.91017    0.98186
       545    1.42590    1.05028    1.91902    0.97865
       546    1.43084    1.04785    1.90501    0.98206
       547    1.42776    1.04922    1.91343    0.98103
       548    1.43007    1.04714    1.90490    0.98935
       549    1.42874    1.04808    1.90927    0.98373
       550    1.43219    1.04738    1.90160    0.98076
       551    1.43229    1.04851    1.90381    0.97405
       552    1.42807    1.04958    1.91362    0.97267
       553    1.43332    1.04687    1.89852    0.97809
       554    1.43333    1.04555    1.89572    0.98574
       555    1.43344    1.05004    1.90495    0.96099
       556    1.43619    1.04703    1.89371    0.97223
       557    1.43441    1.04718    1.89721    0.97302
       558    1.43480    1.04653    1.89516    0.97306
       559    1.43489    1.04572    1.89330    0.97667
       560    1.43322    1.04746    1.89991    0.96960
       561    1.43423    1.04612    1.89532    0.97230
       562    1.43717    1.04710    1.89212    0.97057
       563    1.43679    1.04534    1.88909    0.96562
       564    1.43847    1.04476    1.88490    0.97262
       565    1.43371    1.04777    1.89969    0.96083
       566    1.43568    1.04510    1.89058    0.96690
       567    1.44042    1.04357    1.87894    0.97436
       568    1.43986    1.04393    1.88069    0.96965
       569    1.44220    1.04342    1.87547    0.97100
       570    1.43912    1.04589    1.88611    0.96699
       571    1.44174    1.04341    1.87625    0.97236
       572    1.44174    1.04237    1.87410    0.97372
       573    1.44007    1.04564    1.88390    0.96608
       574    1.44007    1.04502    1.88258    0.96041
       575    1.44192    1.04386    1.87690    0.96296
       576    1.44132    1.04277    1.87568    0.96647
       577    1.44375    1.04297    1.87177    0.96123
       578    1.44334    1.04260    1.87173    0.96314
       579    1.44518    1.04412    1.87166    0.95376
       580    1.44195    1.04367    1.87642    0.96293
       581    1.44163    1.04403    1.87775    0.95972
       582    1.44166    1.04228    1.87405    0.96572
       583    1.44610    1.04239    1.86643    0.95914
       584    1.44158    1.04638    1.88276    0.94491
       585    1.44597    1.04103    1.86381    0.96536
       586    1.44704    1.04124    1.86237    0.95943
       587    1.44598    1.04226    1.86635    0.95342
       588    1.44445    1.04401    1.87270    0.95351
       589    1.44762    1.04190    1.86271    0.95017
       590    1.44616    1.04260    1.86675    0.95199
       591    1.44646    1.04156    1.86405    0.95200
       592    1.44525    1.04311    1.86943    0.95200
       593    1.44673    1.04163    1.86372    0.95706
       594    1.44698    1.04050    1.86092    0.95393
       595    1.44747    1.04213    1.86345    0.94945
       596    1.45039    1.04053    1.85498    0.94573
       597    1.44745    1.04266    1.86461    0.94416
       598    1.44913    1.04173    1.85969    0.94220
       599    1.45108    1.03981    1.85228    0.94535
       600    1.44891    1.04236    1.86140    0.93612
       601    1.45239    1.03994    1.85025    0.94593
       602    1.44977    1.04249    1.86015    0.93466
       603    1.44934    1.04106    1.85792    0.94340
       604    1.45207    1.03815    1.84707    0.94750
       605    1.45016    1.04033    1.85497    0.94473
       606    1.45006    1.04124    1.85704    0.93858
       607    1.45264    1.03905    1.84795    0.94721
       608    1.45255    1.03982    1.84972    0.93914
       609    1.45101    1.04042    1.85367    0.94284
       610    1.45493    1.03960    1.84508    0.93549
       611    1.45260    1.04167    1.85348    0.93059
       612    1.45395    1.04042    1.84851    0.93027
       613    1.45301    1.03780    1.84470    0.93571
       614    1.45699    1.03610    1.83422    0.94437
       615    1.45408    1.04071    1.84888    0.92465
       616    1.45325    1.03910    1.84699    0.93467
       617    1.45417    1.04046    1.84820    0.92392
       618    1.45687    1.03872    1.83987    0.93352
       619    1.45361    1.03755    1.84314    0.93573
       620    1.45766    1.03831    1.83764    0.93052
       621    1.45423    1.03946    1.84602    0.92680
       622    1.45794    1.03792    1.83634    0.92720
       623    1.46046    1.03812    1.83237    0.92566
       624    1.45618    1.03823    1.84006    0.92543
       625    1.45904    1.03880    1.83627    0.92029
       626    1.46091    1.03782    1.83097    0.92081
       627    1.45609    1.03887    1.84156    0.91980
       628    1.45965    1.03693    1.83131    0.92708
       629    1.46336    1.03426    1.81935    0.93491
       630    1.46012    1.03827    1.83329    0.90970
       631    1.46002    1.03788    1.83264    0.91819
       632    1.46064    1.03807    1.83196    0.91632
       633    1.45857    1.03741    1.83419    0.91964
       634    1.46076    1.03851    1.83267    0.91513
       635    1.45863    1.03794    1.83518    0.92091
       636    1.46281    1.03384    1.81942    0.93128
       637    1.46147    1.03525    1.82468    0.92600
       638    1.46262    1.03763    1.82760    0.91008
       639    1.46609    1.03527    1.81671    0.91285
       640    1.46047    1.03644    1.82888    0.91387
       641    1.46398    1.03567    1.82120    0.91393
       642    1.46725    1.03366    1.81140    0.92014
       643    1.46676    1.03454    1.81406    0.91409
       644    1.46461    1.03508    1.81887    0.91607
       645    1.46656    1.03437    1.81405    0.91429
       646    1.46489    1.03542    1.81910    0.91116
       647    1.46571    1.03480    1.81640    0.90315
       648    1.46821    1.03291    1.80819    0.91374
       649    1.46625    1.03471    1.81528    0.90646
       650    1.46302    1.03582    1.82315    0.90940
       651    1.46804    1.03513    1.81306    0.90101
       652    1.47088    1.03306    1.80389    0.90601
       653    1.46850    1.03400    1.80994    0.90722
       654    1.46892    1.03525    1.81179    0.90398
       655    1.46797    1.03238    1.80750    0.91165
       656    1.46914    1.03347    1.80773    0.90678
       657    1.46888    1.03564    1.81267    0.89755
       658    1.46850    1.03507    1.81213    0.89403
       659    1.46995    1.03257    1.80449    0.90809
       660    1.47126    1.03434    1.80589    0.89632
       661    1.47131    1.03252    1.80206    0.89884
       662    1.46998    1.03399    1.80737    0.89506
       663    1.47164    1.03200    1.80040    0.90247
       664    1.46926    1.03464    1.80995    0.88997
       665    1.47206    1.03206    1.79982    0.90155
       666    1.47263    1.03327    1.80133    0.89501
       667    1.47329    1.03273    1.79909    0.89420
       668    1.47294    1.03280    1.79984    0.88704
       669    1.46946    1.03493    1.81021    0.89227
       670    1.47385    1.03197    1.79656    0.89625
       671    1.47429    1.03261    1.79712    0.89491
       672    1.47815    1.03073    1.78666    0.88883
       673    1.47504    1.03097    1.79246    0.88905
       674    1.47841    1.03111    1.78701    0.89079
       675    1.47758    1.03034    1.78683    0.89494
       676    1.47450    1.03179    1.79507    0.88585
       677    1.47838    1.03139    1.78763    0.88596
       678    1.47509    1.03320    1.79699    0.88150
       679    1.47536    1.03037    1.79068    0.88930
       680    1.47671    1.03174    1.79121    0.88038
       681    1.47578    1.03136    1.79200    0.88735
       682    1.47679    1.03114    1.78984    0.87817
       683    1.48026    1.03092    1.78349    0.87685
       684    1.47796    1.02988    1.78522    0.88134
       685    1.47870    1.03025    1.78474    0.87977
       686    1.47689    1.03048    1.78830    0.88126
       687    1.47914    1.03057    1.78466    0.87713
       688    1.48139    1.03055    1.78079    0.87920
       689    1.47777    1.03132    1.78853    0.87263
       690    1.48047    1.03092    1.78311    0.87697
       691    1.48142    1.02883    1.77720    0.87689
       692    1.48092    1.03162    1.78380    0.86897
       693    1.48030    1.02942    1.78030    0.87543
       694    1.48385    1.02899    1.77340    0.87155
       695    1.48008    1.03121    1.78438    0.86620
       696    1.48061    1.02873    1.77837    0.87597
       697    1.48418    1.02935    1.77359    0.87244
       698    1.48605    1.02796    1.76758    0.86876
       699    1.48061    1.03025    1.78149    0.86525
       700    1.48297    1.02950    1.77597    0.86547
       701    1.48180    1.02835    1.77556    0.87386
       702    1.48456    1.02940    1.77306    0.86005
       703    1.48545    1.02982    1.77242    0.85921
       704    1.48413    1.03042    1.77589    0.85792
       705    1.48411    1.03099    1.77710    0.84862
       706    1.48731    1.02790    1.76533    0.86229
       707    1.48652    1.02931    1.76957    0.85974
       708    1.48644    1.02917    1.76940    0.85665
       709    1.48663    1.03022    1.77126    0.84658
       710    1.48859    1.02731    1.76197    0.85869
       711    1.48365    1.03050    1.77687    0.84575
       712    1.48481    1.02853    1.77084    0.85806
       713    1.48932    1.02881    1.76383    0.85408
       714    1.49028    1.02613    1.75669    0.86271
       715    1.48749    1.02802    1.76529    0.85513
       716    1.48723    1.02745    1.76455    0.85482
       717    1.48546    1.02929    1.77131    0.85040
       718    1.49363    1.02621    1.75125    0.85357
       719    1.48785    1.02742    1.76343    0.85407
       720    1.49314    1.02734    1.75441    0.84682
       721    1.49378    1.02472    1.74795    0.85125
       722    1.49082    1.02673    1.75704    0.84767
       723    1.49134    1.02744    1.75760    0.84427
       724    1.49180    1.02675    1.75543    0.84573
       725    1.49261    1.02603    1.75259    0.84505
       726    1.49097    1.02573    1.75473    0.85388
       727    1.49048    1.02759    1.75936    0.84212
       728    1.49430    1.02478    1.74722    0.84731
       729    1.49343    1.02845    1.75619    0.84080
       730    1.49006    1.02763    1.76016    0.84227
       731    1.49215    1.02606    1.75344    0.84111
       732    1.49264    1.02612    1.75273    0.84303
       733    1.49375    1.02590    1.75042    0.83701
       734    1.49445    1.02724    1.75201    0.83949
       735    1.49410    1.02717    1.75245    0.82785
       736    1.49408    1.02588    1.74984    0.83036
       737    1.49394    1.02741    1.75321    0.82975
       738    1.49317    1.02686    1.75336    0.83121
       739    1.49202    1.02625    1.75403    0.83735
       740    1.50002    1.02403    1.73616    0.83394
       741    1.49496    1.02673    1.75012    0.83486
       742    1.49581    1.02671    1.74865    0.82691
       743    1.49819    1.02689    1.74507    0.82390
       744    1.49824    1.02643    1.74402    0.82544
       745    1.49403    1.02813    1.75455    0.81522
       746    1.49637    1.02482    1.74383    0.82967
       747    1.50041    1.02422    1.73589    0.82082
       748    1.50082    1.02467    1.73613    0.81884
       749    1.49631    1.02592    1.74619    0.82360
       750    1.49597    1.02743    1.74985    0.81480
       751    1.49681    1.02512    1.74372    0.82078
       752    1.49997    1.02454    1.73728    0.82219
       753    1.50177    1.02414    1.73348    0.82188
       754    1.50070    1.02433    1.73565    0.81849
       755    1.50086    1.02599    1.73879    0.81231
       756    1.50040    1.02438    1.73624    0.81056
       757    1.50311    1.02281    1.72855    0.81897
       758    1.50357    1.02490    1.73207    0.80720
       759    1.50485    1.02430    1.72873    0.80558
       760    1.50349    1.02518    1.73276    0.80747
       761    1.50308    1.02354    1.73009    0.80874
       762    1.50220    1.02386    1.73221    0.81067
       763    1.49813    1.02649    1.74434    0.80752
       764    1.50368    1.02311    1.72822    0.81103
       765    1.50625    1.02505    1.72795    0.80548
       766    1.50581    1.02461    1.72776    0.79948
       767    1.50619    1.02386    1.72560    0.80380
       768    1.50274    1.02355    1.73066    0.80772
       769    1.50487    1.02382    1.72770    0.79970
       770    1.50637    1.02301    1.72359    0.79744
       771    1.50833    1.02303    1.72038    0.80095
       772    1.50354    1.02379    1.72984    0.79884
       773    1.50338    1.02489    1.73235    0.79077
       774    1.50927    1.02352    1.71986    0.79562
       775    1.50786    1.02419    1.72354    0.79083
       776    1.51003    1.02140    1.71428    0.80053
       777    1.50781    1.02408    1.72340    0.79451
       778    1.50724    1.02340    1.72294    0.79410
       779    1.51023    1.02328    1.71780    0.79216
       780    1.51066    1.02289    1.71629    0.78762
       781    1.50964    1.02299    1.71816    0.78740
       782    1.50553    1.02240    1.72370    0.79845
       783    1.50969    1.02259    1.71727    0.79249
       784    1.51142    1.02207    1.71336    0.78801
       785    1.51260    1.02062    1.70847    0.79027
       786    1.51200    1.02250    1.71331    0.78383
       787    1.50792    1.02200    1.71896    0.79678
       788    1.51275    1.02115    1.70931    0.79244
       789    1.51414    1.02110    1.70696    0.78846
       790    1.51089    1.02360    1.71737    0.77785
       791    1.51625    1.01942    1.70009    0.78196
       792    1.51522    1.02411    1.71133    0.76968
       793    1.51245    1.02339    1.71437    0.77200
       794    1.51336    1.02341    1.71294    0.77743
       795    1.51388    1.02101    1.70717    0.78107
       796    1.51514    1.02147    1.70606    0.77824
       797    1.51257    1.02064    1.70857    0.78649
       798    1.51210    1.02343    1.71504    0.77712
       799    1.51444    1.02168    1.70765    0.77752
       800    1.51375    1.02182    1.70905    0.77062
       801    1.51512    1.02190    1.70699    0.77351
       802    1.51737    1.02040    1.70027    0.77338
       803    1.51604    1.02279    1.70731    0.77325
       804    1.51411    1.01977    1.70428    0.78196
       805    1.51886    1.02110    1.69927    0.76694
       806    1.51667    1.02160    1.70384    0.76923
       807    1.51426    1.02089    1.70632    0.77214
       808    1.51654    1.02073    1.70229    0.76894
       809    1.51803    1.02059    1.69957    0.76754
       810    1.51901    1.02229    1.70147    0.75910
       811    1.51470    1.02046    1.70472    0.77070
       812    1.51775    1.02116    1.70120    0.76265
       813    1.51618    1.02044    1.70229    0.76448
       814    1.51599    1.02319    1.70820    0.75307
       815    1.52171    1.02026    1.69295    0.75676
       816    1.51858    1.02141    1.70036    0.75759
       817    1.51945    1.01996    1.69601    0.76382
       818    1.52223    1.02141    1.69447    0.75350
       819    1.51757    1.02126    1.70168    0.75488
       820    1.52360    1.02026    1.68991    0.75377
       821    1.52199    1.01969    1.69133    0.75595
       822    1.52043    1.02148    1.69751    0.75216
       823    1.51975    1.02129    1.69822    0.74909
       824    1.52232    1.01971    1.69083    0.75637
       825    1.52177    1.01915    1.69059    0.75345
       826    1.52105    1.02189    1.69735    0.74816
       827    1.52362    1.02089    1.69115    0.74467
       828    1.52035    1.02035    1.69532    0.74707
       829    1.52411    1.01984    1.68822    0.74329
       830    1.52137    1.02012    1.69320    0.74819
       831    1.52636    1.01983    1.68457    0.74479
       832    1.52066    1.02126    1.69670    0.73924
       833    1.52545    1.02051    1.68742    0.74009
       834    1.52136    1.02169    1.69644    0.73753
       835    1.52408    1.02060    1.68983    0.74185
       836    1.52340    1.02186    1.69348    0.73128
       837    1.52398    1.02158    1.69198    0.72490
       838    1.52518    1.01896    1.68471    0.74005
       839    1.52520    1.02143    1.68970    0.72348
       840    1.52988    1.01889    1.67702    0.73109
       841    1.52870    1.01931    1.67978    0.72461
       842    1.52610    1.01940    1.68413    0.73466
       843    1.52745    1.01940    1.68196    0.73174
       844    1.52392    1.02152    1.69197    0.72517
       845    1.52486    1.01904    1.68538    0.73554
       846    1.52736    1.01940    1.68210    0.72922
       847    1.52864    1.01945    1.68015    0.72734
       848    1.53023    1.01947    1.67764    0.72721
       849    1.52813    1.02071    1.68354    0.71889
       850    1.53055    1.01960    1.67740    0.71625
       851    1.52879    1.01841    1.67779    0.72389
       852    1.53008    1.01979    1.67855    0.72050
       853    1.52956    1.01930    1.67838    0.72202
       854    1.53234    1.01863    1.67256    0.71952
       855    1.52914    1.01939    1.67923    0.71919
       856    1.53380    1.01825    1.66946    0.71276
       857    1.53126    1.02020    1.67749    0.71090
       858    1.53169    1.01863    1.67360    0.71896
       859    1.53098    1.02020    1.67795    0.71161
       860    1.53262    1.02191    1.67882    0.70619
       861    1.53003    1.02140    1.68192    0.69946
       862    1.53122    1.01992    1.67698    0.70511
       863    1.53183    1.02028    1.67673    0.70369
       864    1.52980    1.01818    1.67571    0.71310
       865    1.53637    1.01905    1.66702    0.70061
       866    1.53446    1.01960    1.67117    0.70079
       867    1.53477    1.02000    1.67149    0.70149
       868    1.53306    1.01947    1.67315    0.70153
       869    1.53566    1.01858    1.66719    0.69872
       870    1.53434    1.01818    1.66846    0.70432
       871    1.53572    1.01982    1.66961    0.69509
       872    1.53734    1.01717    1.66166    0.70271
       873    1.53974    1.01875    1.66108    0.69365
       874    1.53530    1.01902    1.66865    0.69661
       875    1.53589    1.01897    1.66762    0.69947
       876    1.53604    1.01983    1.66913    0.68880
       877    1.53795    1.01655    1.65943    0.70603
       878    1.53852    1.01833    1.66216    0.69398
       879    1.53506    1.01945    1.66992    0.69804
       880    1.53840    1.01894    1.66358    0.69137
       881    1.53725    1.01938    1.66631    0.69286
       882    1.53790    1.02114    1.66887    0.68071
       883    1.53784    1.01833    1.66322    0.68841
       884    1.53467    1.01939    1.67042    0.68926
       885    1.53883    1.01866    1.66233    0.68169
       886    1.53961    1.02043    1.66471    0.67765
       887    1.54266    1.01642    1.65173    0.68389
       888    1.53940    1.01773    1.65953    0.68278
       889    1.53970    1.01780    1.65919    0.68338
       890    1.54168    1.01842    1.65734    0.67639
       891    1.54101    1.01826    1.65807    0.67932
       892    1.54027    1.01916    1.66107    0.67562
       893    1.53809    1.02088    1.66804    0.67435
       894    1.54189    1.01785    1.65585    0.67720
       895    1.54017    1.01672    1.65627    0.68394
       896    1.54466    1.01717    1.65012    0.68143
       897    1.54165    1.01759    1.65572    0.67612
       898    1.54334    1.01728    1.65240    0.67369
       899    1.54101    1.01917    1.65993    0.67521
       900    1.54134    1.01873    1.65851    0.67024
       901    1.54298    1.01826    1.65498    0.67013
       902    1.54437    1.01739    1.65102    0.66735
       903    1.54369    1.01821    1.65374    0.66793
       904    1.54081    1.01785    1.65756    0.67136
       905    1.54425    1.01787    1.65218    0.66989
       906    1.54772    1.01618    1.64331    0.66884
       907    1.54565    1.01808    1.65042    0.66171
       908    1.54475    1.02027    1.65630    0.65509
       909    1.54413    1.02035    1.65742    0.65801
       910    1.54443    1.01652    1.64915    0.66579
       911    1.54909    1.01784    1.64455    0.65778
       912    1.54629    1.01952    1.65234    0.65216
       913    1.54721    1.01844    1.64871    0.65152
       914    1.54611    1.01880    1.65116    0.65665
       915    1.54891    1.01694    1.64299    0.65489
       916    1.54429    1.01840    1.65320    0.66136
       917    1.54628    1.01593    1.64505    0.66408
       918    1.54944    1.01958    1.64753    0.64393
       919    1.55191    1.01826    1.64101    0.64670
       920    1.55018    1.01758    1.64231    0.64729
       921    1.55224    1.01694    1.63781    0.64503
       922    1.54904    1.01744    1.64380    0.64621
       923    1.54588    1.01803    1.64996    0.64806
       924    1.54962    1.01646    1.64092    0.64927
       925    1.54775    1.01864    1.64828    0.65021
       926    1.55155    1.01773    1.64050    0.64419
       927    1.54991    1.01730    1.64216    0.64420
       928    1.54871    1.01551    1.64039    0.65278
       929    1.54663    1.02002    1.65284    0.63675
       930    1.55270    1.01586    1.63489    0.64394
       931    1.54954    1.01981    1.64785    0.63847
       932    1.55154    1.01889    1.64287    0.63543
       933    1.55325    1.01829    1.63899    0.63284
       934    1.55450    1.01923    1.63898    0.62829
       935    1.55239    1.01874    1.64123    0.63024
       936    1.55060    1.01708    1.64065    0.63547
       937    1.55206    1.01810    1.64046    0.63452
       938    1.55182    1.01769    1.63998    0.63267
       939    1.55408    1.01889    1.63892    0.62274
       940    1.55191    1.01703    1.63850    0.62944
       941    1.55425    1.01803    1.63691    0.62854
       942    1.55647    1.01588    1.62911    0.63146
       943    1.55846    1.01661    1.62753    0.62672
       944    1.55510    1.01636    1.63219    0.62496
       945    1.55570    1.01852    1.63567    0.62218
       946    1.55375    1.01807    1.63776    0.62306
       947    1.55201    1.01975    1.64390    0.61556
       948    1.55486    1.01708    1.63403    0.62177
       949    1.55618    1.01760    1.63304    0.61660
       950    1.55566    1.01681    1.63224    0.61730
       951    1.56407    1.01650    1.61867    0.61423
       952    1.55643    1.01830    1.63409    0.61696
       953    1.56067    1.01807    1.62707    0.60634
       954    1.55667    1.01718    1.63144    0.61801
       955    1.55409    1.01810    1.63729    0.61551
       956    1.55847    1.01593    1.62612    0.61760
       957    1.55280    1.01917    1.64147    0.61211
       958    1.55794    1.01869    1.63253    0.60630
       959    1.55967    1.01929    1.63110    0.60190
       960    1.55761    1.01815    1.63196    0.60898
       961    1.55859    1.01621    1.62651    0.61693
       962    1.55647    1.01924    1.63594    0.60176
       963    1.56111    1.01892    1.62814    0.59828
       964    1.55853    1.01865    1.63155    0.60061
       965    1.55877    1.01756    1.62897    0.60009
       966    1.56233    1.01484    1.61795    0.61013
       967    1.55862    1.01669    1.62743    0.60465
       968    1.56168    1.01786    1.62511    0.59756
       969    1.56442    1.01738    1.61994    0.59935
       970    1.56034    1.01933    1.63015    0.59159
       971    1.56383    1.01515    1.61629    0.60486
       972    1.56228    1.01588    1.62016    0.60380
       973    1.56577    1.01589    1.61483    0.59452
       974    1.56146    1.01720    1.62409    0.59587
       975    1.56425    1.01885    1.62317    0.58488
       976    1.56151    1.01859    1.62684    0.58999
       977    1.56288    1.01893    1.62544    0.58097
       978    1.56275    1.01835    1.62446    0.59124
       979    1.56528    1.01779    1.61945    0.58599
       980    1.55539    1.02030    1.63977    0.58879
       981    1.56213    1.01926    1.62728    0.58191
       982    1.56519    1.01677    1.61751    0.58784
       983    1.56609    1.01827    1.61920    0.57973
       984    1.56275    1.01897    1.62573    0.57790
       985    1.56321    1.01871    1.62450    0.57687
       986    1.56248    1.01940    1.62700    0.57817
       987    1.56247    1.01660    1.62133    0.58982
       988    1.56473    1.01889    1.62252    0.57372
       989    1.56375    1.01675    1.61967    0.58186
       990    1.56580    1.01686    1.61675    0.58629
       991    1.56309    1.01909    1.62543    0.57182
       992    1.56494    1.01870    1.62182    0.57510
       993    1.56637    1.01838    1.61898    0.57133
       994    1.56816    1.01918    1.61790    0.56947
       995    1.56298    1.01906    1.62555    0.57401
       996    1.56634    1.02063    1.62363    0.55467
       997    1.56616    1.01844    1.61942    0.56350
       998    1.56553    1.01649    1.61642    0.57362
       999    1.56990    1.01832    1.61348    0.56284

Final Weights:         0.7532070225        -0.3345458091        -0.4198411685         0.7594254070 