# Cycles, Average Predicted Temperature, Stddev Predicted Temperature, Mean Squared Error, || MSE Gradient ||
         0 3.6862861e-02 7.4909907e-02 4.0272564e+00 2.8641392e+00
         1 3.8574653e-02 7.6695788e-02 4.0206644e+00 2.9870249e+00
         2 3.9774762e-02 7.6534400e-02 4.0158318e+00 3.0822867e+00
         3 4.1451629e-02 7.6777211e-02 4.0091560e+00 3.2010202e+00
         4 4.3291164e-02 7.8536982e-02 4.0020716e+00 3.3085964e+00
         5 4.5000305e-02 7.8902617e-02 3.9952990e+00 3.4191907e+00
         6 4.6714052e-02 7.8511879e-02 3.9883948e+00 3.5319764e+00
         7 4.8049247e-02 7.9225604e-02 3.9831803e+00 3.6224621e+00
         8 5.0995666e-02 8.1157398e-02 3.9717472e+00 3.7433064e+00
         9 5.1875576e-02 8.0692626e-02 3.9681685e+00 3.8397976e+00
        10 5.4522013e-02 8.2728312e-02 3.9579732e+00 3.9605822e+00
        11 5.6411613e-02 8.2892328e-02 3.9504919e+00 4.0635318e+00
        12 5.8540881e-02 8.3854592e-02 3.9422000e+00 4.1644932e+00
        13 6.1435863e-02 8.5950574e-02 3.9310786e+00 4.2776919e+00
        14 6.3378681e-02 8.5794029e-02 3.9233587e+00 4.3908151e+00
        15 6.5690025e-02 8.7596401e-02 3.9145288e+00 4.4866788e+00
        16 6.8435539e-02 8.8676943e-02 3.9038734e+00 4.5922505e+00
        17 7.0353718e-02 8.9165304e-02 3.8963916e+00 4.6999959e+00
        18 7.3014800e-02 9.1132484e-02 3.8862585e+00 4.8010354e+00
        19 7.6021768e-02 9.2803268e-02 3.8747319e+00 4.9075735e+00
        20 7.8951459e-02 9.4485860e-02 3.8635346e+00 5.0188856e+00
        21 8.1569328e-02 9.5644011e-02 3.8534823e+00 5.1188240e+00
        22 8.4516436e-02 9.7527073e-02 3.8422980e+00 5.2290364e+00
        23 8.7048268e-02 9.8260602e-02 3.8325346e+00 5.3335371e+00
        24 9.0506298e-02 1.0055729e-01 3.8194808e+00 5.4321902e+00
        25 9.3664666e-02 1.0271421e-01 3.8076004e+00 5.5495891e+00
        26 9.6476881e-02 1.0442778e-01 3.7970035e+00 5.6342395e+00
        27 1.0030765e-01 1.0730631e-01 3.7827199e+00 5.7347120e+00
        28 1.0384744e-01 1.0907475e-01 3.7693669e+00 5.8530236e+00
        29 1.0781552e-01 1.1243039e-01 3.7547423e+00 5.9496611e+00
        30 1.1064963e-01 1.1395060e-01 3.7441296e+00 6.0482347e+00
        31 1.1465275e-01 1.1745614e-01 3.7294918e+00 6.1360494e+00
        32 1.1868529e-01 1.1940249e-01 3.7144227e+00 6.2565266e+00
        33 1.2268232e-01 1.2269733e-01 3.6998591e+00 6.3470833e+00
        34 1.2697420e-01 1.2571379e-01 3.6841496e+00 6.4236718e+00
        35 1.3096638e-01 1.2887555e-01 3.6696782e+00 6.5291513e+00
        36 1.3508304e-01 1.3199828e-01 3.6547734e+00 6.8353330e+00
        37 1.3937545e-01 1.3523496e-01 3.6392839e+00 6.9245416e+00
        38 1.4431139e-01 1.3915410e-01 3.6215985e+00 7.0294979e+00
        39 1.4858018e-01 1.4240892e-01 3.6063293e+00 7.1103415e+00
        40 1.5380112e-01 1.4659570e-01 3.5877929e+00 7.1889220e+00
        41 1.5873760e-01 1.5046314e-01 3.5703213e+00 7.2769525e+00
        42 1.6361119e-01 1.5395893e-01 3.5530502e+00 7.3611491e+00
        43 1.6868235e-01 1.5867201e-01 3.5354954e+00 7.4440576e+00
        44 1.7475101e-01 1.6321811e-01 3.5142553e+00 7.5314562e+00
        45 1.7967590e-01 1.6759662e-01 3.4973334e+00 7.6004651e+00
        46 1.8538831e-01 1.7247747e-01 3.4777462e+00 7.6787297e+00
        47 1.9075554e-01 1.7687339e-01 3.4593781e+00 7.7683480e+00
        48 1.9651347e-01 1.8167192e-01 3.4398100e+00 7.8294993e+00
        49 2.0189158e-01 1.8617298e-01 3.4216413e+00 7.9272302e+00
        50 2.0836665e-01 1.9192888e-01 3.4000264e+00 7.9954940e+00
        51 2.1366038e-01 1.9663457e-01 3.3824665e+00 8.0554647e+00
        52 2.2049664e-01 2.0243478e-01 3.3598263e+00 8.1498520e+00
        53 2.2649330e-01 2.0749432e-01 3.3400872e+00 8.2659094e+00
        54 2.3333844e-01 2.1369743e-01 3.3178883e+00 8.3248490e+00
        55 2.3940455e-01 2.1933348e-01 3.2984194e+00 8.3682842e+00
        56 2.4637887e-01 2.2504702e-01 3.2758595e+00 8.4325261e+00
        57 2.5388884e-01 2.3162487e-01 3.2519458e+00 8.4918782e+00
        58 2.6000560e-01 2.3682488e-01 3.2325409e+00 8.5331917e+00
        59 2.6573542e-01 2.4292187e-01 3.2150747e+00 8.5653829e+00
        60 2.7376031e-01 2.4943736e-01 3.1898342e+00 8.6168980e+00
        61 2.8133966e-01 2.5638202e-01 3.1665961e+00 8.6619032e+00
        62 2.8875446e-01 2.6281409e-01 3.1438767e+00 8.7121488e+00
        63 2.9614778e-01 2.6981025e-01 3.1217291e+00 8.7199836e+00
        64 3.0322927e-01 2.7608525e-01 3.1004745e+00 8.7669158e+00
        65 3.1056477e-01 2.8329282e-01 3.0790467e+00 8.7881160e+00
        66 3.1819120e-01 2.8994891e-01 3.0565070e+00 8.8037540e+00
        67 3.2598690e-01 2.9763399e-01 3.0342026e+00 8.8155537e+00
        68 3.3449937e-01 3.0452182e-01 3.0092031e+00 8.8471973e+00
        69 3.4264100e-01 3.1188598e-01 2.9860007e+00 8.8632109e+00
        70 3.4980840e-01 3.1946199e-01 2.9664713e+00 8.8926608e+00
        71 3.5798968e-01 3.2670253e-01 2.9435239e+00 8.8960091e+00
        72 3.6631438e-01 3.3440355e-01 2.9206422e+00 8.9008314e+00
        73 3.7416522e-01 3.4189288e-01 2.8994536e+00 8.8957700e+00
        74 3.8193289e-01 3.4964221e-01 2.8789583e+00 8.8826929e+00
        75 3.9121239e-01 3.5798933e-01 2.8541370e+00 8.8738051e+00
        76 4.0057650e-01 3.6622521e-01 2.8292679e+00 8.8789410e+00
        77 4.0803909e-01 3.7382101e-01 2.8104423e+00 8.8591184e+00
        78 4.1707711e-01 3.8184365e-01 2.7870461e+00 8.8425749e+00
        79 4.2620439e-01 3.9046900e-01 2.7641237e+00 8.8089478e+00
        80 4.3574231e-01 3.9835778e-01 2.7396098e+00 8.8047384e+00
        81 4.4351220e-01 4.0672988e-01 2.7214454e+00 8.7441500e+00
        82 4.5250643e-01 4.1547353e-01 2.6999562e+00 8.7104965e+00
        83 4.6194688e-01 4.2441727e-01 2.6775410e+00 8.6720022e+00
        84 4.7040696e-01 4.3229743e-01 2.6576244e+00 8.6317583e+00
        85 4.7958214e-01 4.4105580e-01 2.6365135e+00 8.5741513e+00
        86 4.9093101e-01 4.4999092e-01 2.6091345e+00 8.5397621e+00
        87 4.9937005e-01 4.5854113e-01 2.5907903e+00 8.4882031e+00
        88 5.0772190e-01 4.6762063e-01 2.5734970e+00 8.4173301e+00
        89 5.1800816e-01 4.7629164e-01 2.5502181e+00 8.3526001e+00
        90 5.2715866e-01 4.8479274e-01 2.5305766e+00 8.2826092e+00
        91 5.3669003e-01 4.9431096e-01 2.5111047e+00 8.2245457e+00
        92 5.4529406e-01 5.0278925e-01 2.4937244e+00 8.1499236e+00
        93 5.5476607e-01 5.1218863e-01 2.4749955e+00 8.0740753e+00
        94 5.6401336e-01 5.2107006e-01 2.4567472e+00 7.9876519e+00
        95 5.7450862e-01 5.3019804e-01 2.4354240e+00 7.9063515e+00
        96 5.8427485e-01 5.3883456e-01 2.4160832e+00 7.8320713e+00
        97 5.9328699e-01 5.4833712e-01 2.4002160e+00 7.7285101e+00
        98 6.0288356e-01 5.5751360e-01 2.3826455e+00 7.6460648e+00
        99 6.1169917e-01 5.6591398e-01 2.3667823e+00 7.5430484e+00
       100 6.2114994e-01 5.7542466e-01 2.3506866e+00 7.4361597e+00
       101 6.3050628e-01 5.8430267e-01 2.3344773e+00 7.3406778e+00
       102 6.4120801e-01 5.9302454e-01 2.3146438e+00 7.2523243e+00
       103 6.4955236e-01 6.0260302e-01 2.3027839e+00 7.1334721e+00
       104 6.6002291e-01 6.1157700e-01 2.2846245e+00 7.0328709e+00
       105 6.6974552e-01 6.2125775e-01 2.2697758e+00 6.9130637e+00
       106 6.7852838e-01 6.2901680e-01 2.2554446e+00 6.8066895e+00
       107 6.8596370e-01 6.3797520e-01 2.2465704e+00 6.6597851e+00
       108 6.9800135e-01 6.4810073e-01 2.2270841e+00 6.5662525e+00
       109 7.0757110e-01 6.5636644e-01 2.2122295e+00 6.4492456e+00
       110 7.1542623e-01 6.6484321e-01 2.2025224e+00 6.3242394e+00
       111 7.2377368e-01 6.7356009e-01 2.1921073e+00 6.1966534e+00
       112 7.3301612e-01 6.8262438e-01 2.1801133e+00 6.0592664e+00
       113 7.4242566e-01 6.9182258e-01 2.1682054e+00 5.9420095e+00
       114 7.5226605e-01 7.0094405e-01 2.1554244e+00 5.8079238e+00
       115 7.6125367e-01 7.0887548e-01 2.1434991e+00 5.6862722e+00
       116 7.6977339e-01 7.1656773e-01 2.1327087e+00 5.5638716e+00
       117 7.7839600e-01 7.2559944e-01 2.1238639e+00 5.4258676e+00
       118 7.8635978e-01 7.3363305e-01 2.1155199e+00 5.2943746e+00
       119 7.9447892e-01 7.4242025e-01 2.1081624e+00 5.1472131e+00
       120 8.0375898e-01 7.5051990e-01 2.0971817e+00 5.0191105e+00
       121 8.0961979e-01 7.5858825e-01 2.0948747e+00 4.8860956e+00
       122 8.1990982e-01 7.6628007e-01 2.0813417e+00 4.7593553e+00
       123 8.2836693e-01 7.7467848e-01 2.0736796e+00 4.6200581e+00
       124 8.3571067e-01 7.8166130e-01 2.0667720e+00 4.4959918e+00
       125 8.4400255e-01 7.9006926e-01 2.0600466e+00 4.3599646e+00
       126 8.5130960e-01 7.9795823e-01 2.0551164e+00 4.2197733e+00
       127 8.5795115e-01 8.0445774e-01 2.0497558e+00 4.0957516e+00
       128 8.6687709e-01 8.1205807e-01 2.0409792e+00 3.9602306e+00
       129 8.7562140e-01 8.1952981e-01 2.0326906e+00 3.8299363e+00
       130 8.8254949e-01 8.2577488e-01 2.0268483e+00 3.7082370e+00
       131 8.8778629e-01 8.3297863e-01 2.0266786e+00 3.5780005e+00
       132 8.9641963e-01 8.3975349e-01 2.0181516e+00 3.4577238e+00
       133 9.0259267e-01 8.4573977e-01 2.0141328e+00 3.3445155e+00
       134 9.0980950e-01 8.5204467e-01 2.0084396e+00 3.2263905e+00
       135 9.1642349e-01 8.5873873e-01 2.0049553e+00 3.0968610e+00
       136 9.2166442e-01 8.6518942e-01 2.0043024e+00 2.9685365e+00
       137 9.2941574e-01 8.7168178e-01 1.9982666e+00 2.8502026e+00
       138 9.3380347e-01 8.7706175e-01 1.9979282e+00 2.7391794e+00
       139 9.4068393e-01 8.8316958e-01 1.9934733e+00 2.6175684e+00
       140 9.4645005e-01 8.8790800e-01 1.9891949e+00 2.5303402e+00
       141 9.5252036e-01 8.9372384e-01 1.9862896e+00 2.4110309e+00
       142 9.5842788e-01 8.9828541e-01 1.9816234e+00 2.3154922e+00
       143 9.6131176e-01 9.0424843e-01 1.9861290e+00 2.1999334e+00
       144 9.6824630e-01 9.0870299e-01 1.9792611e+00 2.1123705e+00
       145 9.7278223e-01 9.1423381e-01 1.9796207e+00 1.9975107e+00
       146 9.7784566e-01 9.1913515e-01 1.9778017e+00 1.9022077e+00
       147 9.8183269e-01 9.2315406e-01 1.9767339e+00 1.8171243e+00
       148 9.8570085e-01 9.2773736e-01 1.9770282e+00 1.7241043e+00
       149 9.9128742e-01 9.3292899e-01 1.9749141e+00 1.6257203e+00
       150 9.9405223e-01 9.3723118e-01 1.9771560e+00 1.5364130e+00
       151 9.9991800e-01 9.3922267e-01 1.9686302e+00 1.4852899e+00
       152 1.0046229e+00 9.4341947e-01 1.9667451e+00 1.4024878e+00
       153 1.0085920e+00 9.4762710e-01 1.9664807e+00 1.3196342e+00
       154 1.0129881e+00 9.5098219e-01 1.9637817e+00 1.2459916e+00
       155 1.0137241e+00 9.5503357e-01 1.9699891e+00 1.1695659e+00
       156 1.0195565e+00 9.5727769e-01 1.9623169e+00 1.1187953e+00
       157 1.0235721e+00 9.6014279e-01 1.9596129e+00 1.0611145e+00
       158 1.0254558e+00 9.6429645e-01 1.9637721e+00 9.7875306e-01
       159 1.0249512e+00 9.6606586e-01 1.9682142e+00 9.4423906e-01
       160 1.0310008e+00 9.6918958e-01 1.9619873e+00 8.7895553e-01
       161 1.0327846e+00 9.7164706e-01 1.9631522e+00 8.3253102e-01
       162 1.0364811e+00 9.7359253e-01 1.9594872e+00 7.9078243e-01
       163 1.0377065e+00 9.7689030e-01 1.9634560e+00 7.3107638e-01
       164 1.0409175e+00 9.7845379e-01 1.9600723e+00 7.0114076e-01
       165 1.0435732e+00 9.8066469e-01 1.9590922e+00 6.6116051e-01
       166 1.0418525e+00 9.8468081e-01 1.9704251e+00 5.9278491e-01
       167 1.0460524e+00 9.8554956e-01 1.9637511e+00 5.7621518e-01
       168 1.0482623e+00 9.8582597e-01 1.9598977e+00 5.7058502e-01
       169 1.0504572e+00 9.8868975e-01 1.9611937e+00 5.2424377e-01
       170 1.0519877e+00 9.9046280e-01 1.9616692e+00 4.9665997e-01
       171 1.0525660e+00 9.8973273e-01 1.9590786e+00 5.0927326e-01
       172 1.0535622e+00 9.9188195e-01 1.9613665e+00 4.8035525e-01
       173 1.0563411e+00 9.9338078e-01 1.9588547e+00 4.5837781e-01
       174 1.0561235e+00 9.9533863e-01 1.9631776e+00 4.3529438e-01
       175 1.0592204e+00 9.9637255e-01 1.9591384e+00 4.2528331e-01
       176 1.0601652e+00 9.9632383e-01 1.9571848e+00 4.2648323e-01
       177 1.0606682e+00 9.9747398e-01 1.9584901e+00 4.1245885e-01
       178 1.0605770e+00 9.9969415e-01 1.9631032e+00 3.9483409e-01
       179 1.0596434e+00 9.9940336e-01 1.9643557e+00 3.9984089e-01
       180 1.0639833e+00 1.0002192e+00 1.9574769e+00 4.0059312e-01
       181 1.0627659e+00 1.0009762e+00 1.9613754e+00 3.8727126e-01
       182 1.0647067e+00 1.0014662e+00 1.9585582e+00 3.8484157e-01
       183 1.0661848e+00 1.0021853e+00 1.9571113e+00 3.8450012e-01
       184 1.0656710e+00 1.0031989e+00 1.9601473e+00 3.8072251e-01
       185 1.0664239e+00 1.0025306e+00 1.9573370e+00 3.8240945e-01
       186 1.0674323e+00 1.0050129e+00 1.9603532e+00 3.6951322e-01
       187 1.0689471e+00 1.0046167e+00 1.9566060e+00 3.7729593e-01
       188 1.0665490e+00 1.0044302e+00 1.9609052e+00 3.8775313e-01
       189 1.0670628e+00 1.0061725e+00 1.9634059e+00 3.7728997e-01
       190 1.0680022e+00 1.0055226e+00 1.9602671e+00 3.7852739e-01
       191 1.0675942e+00 1.0053139e+00 1.9606427e+00 3.8297814e-01
       192 1.0683252e+00 1.0066276e+00 1.9618612e+00 3.6606534e-01
       193 1.0681529e+00 1.0055865e+00 1.9601020e+00 3.7780639e-01
       194 1.0680645e+00 1.0062742e+00 1.9616578e+00 3.7950753e-01
       195 1.0679380e+00 1.0061429e+00 1.9616403e+00 3.8223507e-01
       196 1.0696065e+00 1.0062996e+00 1.9587069e+00 3.8678200e-01
       197 1.0683879e+00 1.0066808e+00 1.9618463e+00 3.7540931e-01
       198 1.0695238e+00 1.0067500e+00 1.9597744e+00 3.7698932e-01
       199 1.0698527e+00 1.0064905e+00 1.9586123e+00 3.8642207e-01
       200 1.0701900e+00 1.0061568e+00 1.9572848e+00 3.8047638e-01
       201 1.0699893e+00 1.0076514e+00 1.9606847e+00 3.8056553e-01
       202 1.0696793e+00 1.0060162e+00 1.9579951e+00 3.7553251e-01
       203 1.0694366e+00 1.0077985e+00 1.9620564e+00 3.7667780e-01
       204 1.0687534e+00 1.0063234e+00 1.9604150e+00 3.7841912e-01
       205 1.0709267e+00 1.0068058e+00 1.9571595e+00 3.7864351e-01
       206 1.0677253e+00 1.0059837e+00 1.9617344e+00 3.8224577e-01
       207 1.0699552e+00 1.0065558e+00 1.9585446e+00 3.7721133e-01
       208 1.0697731e+00 1.0074502e+00 1.9607000e+00 3.7647211e-01
       209 1.0709364e+00 1.0058199e+00 1.9551564e+00 3.7248798e-01
       210 1.0662197e+00 1.0067541e+00 1.9662216e+00 3.6703126e-01
       211 1.0697727e+00 1.0057113e+00 1.9572001e+00 3.7452379e-01
       212 1.0686734e+00 1.0058896e+00 1.9596979e+00 3.7397151e-01
       213 1.0707310e+00 1.0065345e+00 1.9569933e+00 3.7780338e-01
       214 1.0700242e+00 1.0058687e+00 1.9570275e+00 3.6554914e-01
       215 1.0686473e+00 1.0048189e+00 1.9575959e+00 3.7083110e-01
       216 1.0694552e+00 1.0048091e+00 1.9560036e+00 3.8290143e-01
       217 1.0689541e+00 1.0059534e+00 1.9592798e+00 3.6712053e-01
       218 1.0670131e+00 1.0031744e+00 1.9574785e+00 3.8080008e-01
       219 1.0661070e+00 1.0062436e+00 1.9654141e+00 3.6343665e-01
       220 1.0675387e+00 1.0065656e+00 1.9632692e+00 3.6497855e-01
       221 1.0696963e+00 1.0047612e+00 1.9554384e+00 3.7500394e-01
       222 1.0687367e+00 1.0036543e+00 1.9550828e+00 3.8241258e-01
       223 1.0678839e+00 1.0047263e+00 1.9588969e+00 3.7578514e-01
       224 1.0671238e+00 1.0045810e+00 1.9600868e+00 3.7724268e-01
       225 1.0705714e+00 1.0052100e+00 1.9546389e+00 3.7181346e-01
       226 1.0687796e+00 1.0041028e+00 1.9558996e+00 3.8296561e-01
       227 1.0662886e+00 1.0054197e+00 1.9634021e+00 3.6524386e-01
       228 1.0664858e+00 1.0037431e+00 1.9596488e+00 3.7307186e-01
       229 1.0687479e+00 1.0042298e+00 1.9562164e+00 3.7209513e-01
       230 1.0691799e+00 1.0047196e+00 1.9563596e+00 3.7475238e-01
       231 1.0680487e+00 1.0039858e+00 1.9570883e+00 3.7581535e-01
       232 1.0668756e+00 1.0044373e+00 1.9602821e+00 3.6164536e-01
       233 1.0682193e+00 1.0047066e+00 1.9582039e+00 3.6771567e-01
       234 1.0672012e+00 1.0032320e+00 1.9572272e+00 3.7025443e-01
       235 1.0701359e+00 1.0036656e+00 1.9523831e+00 3.7667809e-01
       236 1.0688125e+00 1.0039236e+00 1.9554759e+00 3.7804630e-01
       237 1.0673181e+00 1.0038382e+00 1.9582161e+00 3.7698493e-01
       238 1.0685839e+00 1.0040852e+00 1.9562453e+00 3.6878221e-01
       239 1.0658492e+00 1.0041609e+00 1.9617304e+00 3.7365356e-01
       240 1.0668157e+00 1.0045914e+00 1.9607086e+00 3.5842120e-01
       241 1.0681538e+00 1.0036329e+00 1.9561751e+00 3.7376431e-01
       242 1.0666545e+00 1.0027102e+00 1.9572471e+00 3.7996250e-01
       243 1.0657398e+00 1.0032449e+00 1.9601051e+00 3.7424994e-01
       244 1.0696111e+00 1.0035857e+00 1.9532433e+00 3.7099887e-01
       245 1.0658602e+00 1.0034631e+00 1.9603080e+00 3.7944421e-01
       246 1.0676744e+00 1.0044259e+00 1.9587016e+00 3.6947592e-01
       247 1.0659200e+00 1.0025446e+00 1.9583486e+00 3.7635352e-01
       248 1.0678071e+00 1.0039520e+00 1.9574915e+00 3.7365573e-01
       249 1.0679215e+00 1.0042516e+00 1.9578702e+00 3.6463814e-01
       250 1.0654522e+00 1.0042766e+00 1.9627382e+00 3.7483268e-01
       251 1.0671491e+00 1.0031277e+00 1.9571197e+00 3.6428927e-01
       252 1.0675910e+00 1.0035750e+00 1.9571557e+00 3.6988702e-01
       253 1.0676178e+00 1.0036939e+00 1.9573419e+00 3.6935333e-01
       254 1.0684640e+00 1.0022231e+00 1.9527431e+00 3.7842725e-01
       255 1.0671229e+00 1.0023949e+00 1.9557012e+00 3.8076238e-01
       256 1.0671426e+00 1.0046761e+00 1.9602413e+00 3.6148284e-01
       257 1.0671849e+00 1.0038796e+00 1.9585589e+00 3.6166887e-01
       258 1.0666703e+00 1.0030505e+00 1.9578988e+00 3.7341613e-01
       259 1.0675606e+00 1.0029815e+00 1.9560240e+00 3.7217279e-01
       260 1.0679554e+00 1.0028893e+00 1.9550696e+00 3.7570388e-01
       261 1.0678210e+00 1.0023776e+00 1.9543054e+00 3.7445142e-01
       262 1.0678505e+00 1.0031090e+00 1.9557149e+00 3.7724114e-01
       263 1.0688696e+00 1.0043626e+00 1.9562464e+00 3.6064843e-01
       264 1.0678254e+00 1.0021513e+00 1.9538431e+00 3.8065584e-01
       265 1.0689239e+00 1.0030981e+00 1.9536021e+00 3.6564179e-01
       266 1.0686869e+00 1.0032886e+00 1.9544457e+00 3.7363155e-01
       267 1.0685042e+00 1.0022358e+00 1.9526902e+00 3.7664956e-01
       268 1.0689292e+00 1.0042991e+00 1.9560029e+00 3.6284031e-01
       269 1.0672401e+00 1.0023052e+00 1.9552928e+00 3.8017926e-01
       270 1.0664212e+00 1.0022460e+00 1.9567717e+00 3.7351813e-01
       271 1.0678215e+00 1.0031174e+00 1.9557881e+00 3.6743197e-01
       272 1.0686074e+00 1.0032908e+00 1.9546050e+00 3.7211029e-01
       273 1.0678428e+00 1.0033520e+00 1.9562172e+00 3.6727802e-01
       274 1.0684580e+00 1.0031985e+00 1.9547107e+00 3.6535970e-01
       275 1.0682989e+00 1.0024300e+00 1.9534793e+00 3.7173022e-01
       276 1.0666484e+00 1.0037064e+00 1.9592578e+00 3.5935187e-01
       277 1.0675925e+00 1.0030111e+00 1.9560212e+00 3.7411352e-01
       278 1.0686871e+00 1.0023575e+00 1.9525780e+00 3.6842593e-01
       279 1.0694390e+00 1.0025151e+00 1.9514303e+00 3.7561523e-01
       280 1.0679874e+00 1.0037125e+00 1.9566591e+00 3.6613812e-01
       281 1.0693719e+00 1.0025430e+00 1.9516169e+00 3.7662426e-01
       282 1.0676609e+00 1.0032848e+00 1.9564369e+00 3.7497371e-01
       283 1.0689384e+00 1.0041690e+00 1.9557235e+00 3.6841403e-01
       284 1.0681268e+00 1.0026619e+00 1.9542796e+00 3.6463319e-01
       285 1.0679431e+00 1.0036948e+00 1.9567100e+00 3.6411000e-01
       286 1.0688750e+00 1.0027331e+00 1.9529652e+00 3.6862702e-01
       287 1.0668210e+00 1.0035171e+00 1.9585412e+00 3.5919981e-01
       288 1.0674984e+00 1.0024808e+00 1.9551412e+00 3.7411116e-01
       289 1.0669271e+00 1.0034538e+00 1.9582070e+00 3.5736623e-01
       290 1.0705441e+00 1.0040001e+00 1.9522611e+00 3.5885756e-01
       291 1.0697286e+00 1.0029159e+00 1.9516709e+00 3.6723591e-01
       292 1.0679205e+00 1.0030001e+00 1.9553598e+00 3.6973761e-01
       293 1.0694825e+00 1.0045361e+00 1.9554020e+00 3.5918335e-01
       294 1.0692055e+00 1.0041333e+00 1.9551318e+00 3.6336488e-01
       295 1.0699307e+00 1.0031364e+00 1.9517201e+00 3.6717463e-01
       296 1.0676120e+00 1.0040447e+00 1.9580575e+00 3.5758400e-01
       297 1.0685668e+00 1.0039078e+00 1.9559225e+00 3.6061404e-01
       298 1.0683715e+00 1.0032247e+00 1.9549320e+00 3.6635236e-01
       299 1.0692127e+00 1.0018225e+00 1.9504827e+00 3.8035384e-01
       300 1.0687937e+00 1.0023780e+00 1.9524116e+00 3.7346853e-01
       301 1.0690078e+00 1.0026788e+00 1.9525977e+00 3.7684020e-01
       302 1.0709766e+00 1.0028657e+00 1.9491442e+00 3.7024468e-01
       303 1.0704633e+00 1.0032989e+00 1.9510107e+00 3.5973386e-01
       304 1.0689981e+00 1.0027250e+00 1.9527093e+00 3.6471521e-01
       305 1.0696711e+00 1.0022350e+00 1.9504174e+00 3.7097000e-01
       306 1.0689253e+00 1.0022240e+00 1.9518466e+00 3.7147256e-01
       307 1.0684382e+00 1.0022567e+00 1.9528606e+00 3.6424539e-01
       308 1.0681120e+00 1.0039409e+00 1.9568748e+00 3.6092075e-01
       309 1.0683601e+00 1.0027574e+00 1.9540166e+00 3.6549882e-01
       310 1.0709383e+00 1.0031027e+00 1.9496942e+00 3.6286182e-01
       311 1.0701135e+00 1.0033050e+00 1.9517028e+00 3.6869226e-01
       312 1.0682324e+00 1.0039754e+00 1.9567096e+00 3.5760513e-01
       313 1.0703428e+00 1.0032416e+00 1.9511299e+00 3.6540189e-01
       314 1.0701389e+00 1.0033551e+00 1.9517541e+00 3.6614893e-01
       315 1.0698771e+00 1.0032317e+00 1.9520156e+00 3.6369309e-01
       316 1.0700514e+00 1.0023996e+00 1.9500076e+00 3.6500953e-01
       317 1.0717926e+00 1.0037171e+00 1.9492682e+00 3.5898061e-01
       318 1.0699712e+00 1.0017389e+00 1.9488394e+00 3.7991018e-01
       319 1.0683425e+00 1.0033834e+00 1.9553068e+00 3.6839736e-01
       320 1.0694539e+00 1.0028285e+00 1.9520301e+00 3.6527217e-01
       321 1.0692631e+00 1.0027168e+00 1.9521770e+00 3.6188692e-01
       322 1.0683978e+00 1.0021188e+00 1.9526628e+00 3.6937252e-01
       323 1.0685321e+00 1.0026763e+00 1.9535190e+00 3.5953620e-01
       324 1.0692682e+00 1.0042025e+00 1.9551488e+00 3.5334463e-01
       325 1.0702155e+00 1.0027100e+00 1.9503109e+00 3.6175918e-01
       326 1.0712545e+00 1.0026586e+00 1.9481892e+00 3.6759350e-01
       327 1.0711987e+00 1.0022934e+00 1.9475654e+00 3.6621244e-01
       328 1.0718068e+00 1.0040380e+00 1.9498849e+00 3.6395920e-01
       329 1.0686107e+00 1.0028742e+00 1.9537628e+00 3.6992253e-01
       330 1.0689518e+00 1.0029196e+00 1.9531898e+00 3.6332457e-01
       331 1.0702641e+00 1.0034877e+00 1.9517768e+00 3.6067294e-01
       332 1.0690577e+00 1.0037843e+00 1.9547189e+00 3.6203225e-01
       333 1.0687804e+00 1.0024371e+00 1.9525559e+00 3.6191305e-01
       334 1.0693527e+00 1.0030639e+00 1.9526991e+00 3.5995868e-01
       335 1.0683899e+00 1.0031136e+00 1.9546729e+00 3.5130106e-01
       336 1.0702873e+00 1.0024807e+00 1.9497117e+00 3.6580258e-01
       337 1.0726469e+00 1.0031083e+00 1.9463890e+00 3.6581990e-01
       338 1.0711985e+00 1.0029189e+00 1.9488199e+00 3.6575923e-01
       339 1.0729642e+00 1.0036828e+00 1.9469267e+00 3.6080559e-01
       340 1.0692816e+00 1.0026036e+00 1.9519141e+00 3.5993114e-01
       341 1.0688160e+00 1.0031586e+00 1.9539337e+00 3.5865341e-01
       342 1.0723531e+00 1.0032116e+00 1.9471660e+00 3.6005340e-01
       343 1.0709705e+00 1.0032522e+00 1.9499314e+00 3.5585369e-01
       344 1.0708286e+00 1.0036360e+00 1.9509774e+00 3.5614031e-01
       345 1.0705096e+00 1.0020770e+00 1.9484704e+00 3.6632507e-01
       346 1.0715588e+00 1.0027073e+00 1.9476960e+00 3.6531942e-01
       347 1.0708749e+00 1.0030686e+00 1.9497490e+00 3.5367757e-01
       348 1.0717464e+00 1.0030132e+00 1.9479453e+00 3.6733725e-01
       349 1.0715438e+00 1.0025718e+00 1.9474534e+00 3.6182092e-01
       350 1.0694847e+00 1.0021243e+00 1.9505581e+00 3.6343441e-01
       351 1.0700514e+00 1.0031596e+00 1.9515319e+00 3.6708778e-01
       352 1.0720708e+00 1.0025936e+00 1.9464740e+00 3.7041899e-01
       353 1.0700055e+00 1.0031847e+00 1.9516715e+00 3.5885980e-01
       354 1.0707189e+00 1.0026718e+00 1.9492562e+00 3.5864004e-01
       355 1.0704639e+00 1.0034393e+00 1.9512913e+00 3.5242735e-01
       356 1.0697548e+00 1.0030160e+00 1.9518205e+00 3.5331319e-01
       357 1.0712413e+00 1.0035144e+00 1.9499316e+00 3.5705992e-01
       358 1.0711443e+00 1.0024571e+00 1.9479992e+00 3.6227802e-01
       359 1.0702705e+00 1.0040508e+00 1.9528949e+00 3.5379757e-01
       360 1.0703284e+00 1.0022282e+00 1.9491255e+00 3.6219552e-01
       361 1.0721771e+00 1.0025748e+00 1.9462302e+00 3.5782261e-01
       362 1.0704658e+00 1.0033754e+00 1.9511594e+00 3.5699417e-01
       363 1.0716793e+00 1.0026579e+00 1.9473631e+00 3.6146746e-01
       364 1.0695207e+00 1.0024475e+00 1.9511360e+00 3.5444499e-01
       365 1.0707736e+00 1.0029030e+00 1.9496134e+00 3.5456770e-01
       366 1.0710499e+00 1.0023102e+00 1.9478879e+00 3.5900860e-01
       367 1.0693370e+00 1.0033222e+00 1.9532479e+00 3.5250029e-01
       368 1.0710786e+00 1.0037172e+00 1.9506546e+00 3.5917113e-01
       369 1.0719159e+00 1.0030596e+00 1.9477094e+00 3.4833154e-01
       370 1.0691677e+00 1.0035344e+00 1.9540031e+00 3.5284272e-01
       371 1.0709087e+00 1.0027094e+00 1.9489628e+00 3.6156268e-01
       372 1.0698582e+00 1.0032855e+00 1.9521604e+00 3.5530580e-01
       373 1.0701434e+00 1.0016725e+00 1.9483718e+00 3.5816836e-01
       374 1.0715100e+00 1.0036453e+00 1.9496725e+00 3.5749077e-01
       375 1.0703812e+00 1.0017224e+00 1.9480093e+00 3.6543846e-01
       376 1.0715891e+00 1.0034210e+00 1.9490688e+00 3.5269562e-01
       377 1.0700124e+00 1.0014440e+00 1.9481688e+00 3.6769233e-01
       378 1.0718068e+00 1.0024962e+00 1.9467912e+00 3.5948666e-01
       379 1.0702288e+00 1.0029247e+00 1.9507157e+00 3.5844165e-01
       380 1.0716309e+00 1.0031568e+00 1.9484575e+00 3.5403742e-01
       381 1.0693002e+00 1.0020268e+00 1.9507216e+00 3.5876388e-01
       382 1.0718076e+00 1.0033286e+00 1.9484593e+00 3.6116419e-01
       383 1.0718770e+00 1.0032904e+00 1.9482479e+00 3.5100931e-01
       384 1.0714386e+00 1.0013837e+00 1.9452767e+00 3.6788148e-01
       385 1.0704310e+00 1.0034173e+00 1.9513110e+00 3.4867802e-01
       386 1.0734025e+00 1.0041478e+00 1.9470109e+00 3.5170533e-01
       387 1.0737228e+00 1.0020224e+00 1.9421263e+00 3.5487428e-01
       388 1.0725003e+00 1.0021938e+00 1.9448395e+00 3.6522987e-01
       389 1.0730030e+00 1.0037332e+00 1.9469525e+00 3.5015871e-01
       390 1.0714316e+00 1.0027174e+00 1.9479632e+00 3.5201030e-01
       391 1.0726812e+00 1.0033142e+00 1.9467356e+00 3.5658681e-01
       392 1.0728795e+00 1.0033058e+00 1.9463342e+00 3.4726070e-01
       393 1.0727744e+00 1.0024072e+00 1.9447356e+00 3.5760043e-01
       394 1.0711623e+00 1.0031765e+00 1.9494069e+00 3.5079923e-01
       395 1.0724995e+00 1.0025746e+00 1.9456043e+00 3.5095167e-01
       396 1.0740848e+00 1.0020533e+00 1.9414872e+00 3.5632706e-01
       397 1.0719357e+00 1.0023730e+00 1.9462941e+00 3.5401246e-01
       398 1.0726970e+00 1.0018646e+00 1.9437983e+00 3.5295079e-01
       399 1.0718082e+00 1.0030386e+00 1.9478763e+00 3.4871119e-01
       400 1.0719625e+00 1.0025157e+00 1.9465281e+00 3.5480675e-01
       401 1.0699230e+00 1.0014848e+00 1.9484244e+00 3.5697405e-01
       402 1.0724941e+00 1.0032205e+00 1.9469105e+00 3.5213935e-01
       403 1.0723775e+00 1.0037935e+00 1.9482866e+00 3.4610231e-01
       404 1.0710053e+00 1.0028910e+00 1.9491393e+00 3.4969127e-01
       405 1.0726186e+00 1.0030069e+00 1.9462405e+00 3.5301363e-01
       406 1.0727430e+00 1.0017929e+00 1.9435655e+00 3.5537524e-01
       407 1.0735384e+00 1.0033054e+00 1.9450566e+00 3.5023033e-01
       408 1.0709048e+00 1.0016835e+00 1.9469139e+00 3.5782844e-01
       409 1.0696959e+00 1.0031987e+00 1.9523017e+00 3.4969779e-01
       410 1.0709998e+00 1.0023264e+00 1.9480178e+00 3.4870404e-01
       411 1.0714755e+00 1.0029627e+00 1.9483699e+00 3.4514958e-01
       412 1.0719838e+00 1.0030283e+00 1.9475149e+00 3.5148925e-01
       413 1.0740396e+00 1.0022252e+00 1.9419192e+00 3.6017213e-01
       414 1.0734923e+00 1.0025115e+00 1.9435534e+00 3.5040496e-01
       415 1.0747113e+00 1.0033431e+00 1.9428610e+00 3.5777563e-01
       416 1.0723711e+00 1.0033489e+00 1.9474066e+00 3.4421712e-01
       417 1.0749227e+00 1.0026760e+00 1.9411137e+00 3.5738680e-01
       418 1.0719373e+00 1.0032051e+00 1.9479598e+00 3.4531029e-01
       419 1.0728748e+00 1.0031265e+00 1.9459836e+00 3.4620027e-01
       420 1.0718042e+00 1.0026993e+00 1.9472035e+00 3.4506926e-01
       421 1.0715544e+00 1.0025440e+00 1.9473771e+00 3.4547486e-01
       422 1.0724571e+00 1.0025815e+00 1.9457005e+00 3.4618619e-01
       423 1.0726970e+00 1.0035872e+00 1.9472530e+00 3.4537983e-01
       424 1.0743624e+00 1.0027468e+00 1.9423401e+00 3.4519530e-01
       425 1.0751860e+00 1.0032631e+00 1.9417820e+00 3.4440195e-01
       426 1.0736156e+00 1.0036587e+00 1.9456160e+00 3.4549769e-01
       427 1.0735544e+00 1.0027465e+00 1.9439041e+00 3.4278899e-01
       428 1.0727163e+00 1.0030449e+00 1.9461273e+00 3.4461372e-01
       429 1.0717892e+00 1.0026090e+00 1.9470515e+00 3.4497156e-01
       430 1.0738692e+00 1.0032509e+00 1.9443063e+00 3.4747825e-01
       431 1.0732154e+00 1.0017813e+00 1.9426265e+00 3.5640914e-01
       432 1.0722590e+00 1.0026247e+00 1.9461714e+00 3.4363930e-01
       433 1.0726300e+00 1.0020284e+00 1.9442563e+00 3.4787292e-01
       434 1.0752337e+00 1.0021273e+00 1.9394121e+00 3.4725289e-01
       435 1.0718099e+00 1.0021982e+00 1.9461879e+00 3.4494896e-01
       436 1.0739617e+00 1.0043509e+00 1.9463355e+00 3.4479765e-01
       437 1.0755550e+00 1.0028503e+00 1.9402405e+00 3.4836160e-01
       438 1.0723121e+00 1.0027747e+00 1.9463693e+00 3.4948587e-01
       439 1.0726854e+00 1.0014965e+00 1.9430833e+00 3.5062599e-01
       440 1.0742122e+00 1.0019575e+00 1.9410485e+00 3.4935629e-01
       441 1.0718722e+00 1.0023073e+00 1.9462856e+00 3.4899975e-01
       442 1.0729668e+00 1.0032958e+00 1.9461449e+00 3.4108051e-01
       443 1.0737482e+00 1.0020534e+00 1.9421392e+00 3.5016961e-01
       444 1.0725104e+00 1.0036858e+00 1.9478125e+00 3.4141011e-01
       445 1.0745090e+00 1.0038052e+00 1.9441799e+00 3.4374309e-01
       446 1.0737529e+00 1.0019314e+00 1.9418858e+00 3.4300417e-01
       447 1.0720653e+00 1.0029860e+00 1.9472718e+00 3.4737608e-01
       448 1.0741966e+00 1.0027662e+00 1.9426998e+00 3.3949324e-01
       449 1.0722360e+00 1.0033203e+00 1.9476114e+00 3.4241607e-01
       450 1.0739745e+00 1.0023931e+00 1.9423819e+00 3.4670269e-01
       451 1.0734341e+00 1.0023262e+00 1.9432945e+00 3.4121548e-01
       452 1.0727427e+00 1.0032430e+00 1.9464733e+00 3.4086015e-01
       453 1.0745790e+00 1.0038831e+00 1.9442010e+00 3.3886470e-01
       454 1.0748056e+00 1.0027158e+00 1.9414202e+00 3.4818414e-01
       455 1.0740391e+00 1.0018152e+00 1.9410987e+00 3.4849966e-01
       456 1.0755133e+00 1.0034037e+00 1.9414314e+00 3.3672005e-01
       457 1.0753701e+00 1.0030490e+00 1.9409966e+00 3.4775787e-01
       458 1.0743490e+00 1.0026377e+00 1.9421472e+00 3.4462313e-01
       459 1.0740419e+00 1.0024879e+00 1.9424415e+00 3.4759694e-01
       460 1.0733978e+00 1.0025588e+00 1.9438313e+00 3.5023061e-01
       461 1.0733712e+00 1.0014753e+00 1.9417114e+00 3.5263652e-01
       462 1.0733940e+00 1.0025977e+00 1.9439166e+00 3.4743783e-01
       463 1.0724264e+00 1.0026886e+00 1.9459747e+00 3.4217710e-01
       464 1.0729294e+00 1.0025251e+00 1.9446715e+00 3.4868903e-01
       465 1.0748474e+00 1.0024704e+00 1.9408471e+00 3.3873885e-01
       466 1.0742496e+00 1.0036292e+00 1.9443288e+00 3.3732664e-01
       467 1.0747222e+00 1.0010255e+00 1.9381946e+00 3.5105021e-01
       468 1.0737589e+00 1.0019095e+00 1.9418302e+00 3.4902650e-01
       469 1.0748609e+00 1.0023175e+00 1.9405146e+00 3.4438470e-01
       470 1.0745349e+00 1.0029617e+00 1.9424373e+00 3.3925663e-01
       471 1.0720872e+00 1.0025103e+00 1.9462753e+00 3.4078785e-01
       472 1.0750653e+00 1.0022558e+00 1.9399955e+00 3.4056728e-01
       473 1.0753288e+00 1.0026020e+00 1.9401797e+00 3.4303563e-01
       474 1.0750747e+00 1.0024577e+00 1.9403820e+00 3.4134647e-01
       475 1.0742267e+00 1.0021623e+00 1.9414309e+00 3.4113532e-01
       476 1.0736581e+00 1.0026291e+00 1.9434679e+00 3.3765610e-01
       477 1.0743762e+00 1.0027765e+00 1.9423729e+00 3.3869581e-01
       478 1.0752400e+00 1.0030306e+00 1.9412111e+00 3.4222326e-01
       479 1.0736182e+00 1.0023751e+00 1.9430358e+00 3.4651233e-01
       480 1.0751347e+00 1.0029304e+00 1.9412139e+00 3.4014148e-01
       481 1.0754986e+00 1.0024249e+00 1.9394963e+00 3.3616885e-01
       482 1.0736026e+00 1.0031677e+00 1.9446557e+00 3.3606094e-01
       483 1.0755380e+00 1.0022131e+00 1.9389958e+00 3.3719431e-01
       484 1.0751182e+00 1.0024575e+00 1.9402976e+00 3.3975229e-01
       485 1.0731611e+00 1.0019037e+00 1.9429768e+00 3.4508036e-01
       486 1.0757961e+00 1.0034723e+00 1.9410222e+00 3.4070798e-01
       487 1.0730029e+00 1.0031126e+00 1.9457073e+00 3.3007387e-01
       488 1.0744856e+00 1.0030127e+00 1.9426349e+00 3.3140397e-01
       489 1.0741601e+00 1.0027767e+00 1.9427917e+00 3.4170070e-01
       490 1.0752819e+00 1.0022315e+00 1.9395277e+00 3.4023198e-01
       491 1.0743072e+00 1.0021875e+00 1.9413254e+00 3.3364332e-01
       492 1.0741595e+00 1.0028629e+00 1.9429656e+00 3.3243995e-01
       493 1.0748886e+00 1.0017758e+00 1.9393753e+00 3.3853473e-01
       494 1.0740920e+00 1.0020567e+00 1.9414801e+00 3.3258348e-01
       495 1.0745553e+00 1.0032660e+00 1.9430081e+00 3.3122395e-01
       496 1.0751234e+00 1.0016363e+00 1.9386416e+00 3.4800510e-01
       497 1.0748116e+00 1.0026816e+00 1.9413400e+00 3.4021650e-01
       498 1.0734440e+00 1.0017461e+00 1.9421129e+00 3.3482409e-01
       499 1.0753078e+00 1.0023857e+00 1.9397867e+00 3.4078435e-01
       500 1.0769542e+00 1.0023288e+00 1.9364914e+00 3.4260238e-01
       501 1.0730039e+00 1.0018178e+00 1.9431094e+00 3.4036716e-01
       502 1.0740184e+00 1.0031968e+00 1.9439087e+00 3.2252006e-01
       503 1.0774781e+00 1.0033695e+00 1.9375676e+00 3.3600376e-01
       504 1.0755355e+00 1.0021796e+00 1.9389333e+00 3.3560891e-01
       505 1.0770009e+00 1.0021673e+00 1.9360776e+00 3.3480478e-01
       506 1.0765528e+00 1.0018902e+00 1.9363874e+00 3.3959708e-01
       507 1.0755989e+00 1.0017008e+00 1.9378512e+00 3.3809850e-01
       508 1.0740725e+00 1.0029955e+00 1.9434002e+00 3.3117947e-01
       509 1.0767412e+00 1.0033929e+00 1.9390369e+00 3.3209991e-01
       510 1.0763867e+00 1.0019008e+00 1.9367297e+00 3.4179600e-01
       511 1.0769445e+00 1.0031980e+00 1.9382533e+00 3.3145281e-01
       512 1.0777946e+00 1.0030811e+00 1.9363782e+00 3.3058432e-01
       513 1.0777496e+00 1.0019103e+00 1.9341175e+00 3.3594878e-01
       514 1.0753325e+00 1.0022023e+00 1.9393714e+00 3.3282061e-01
       515 1.0768640e+00 1.0027153e+00 1.9374406e+00 3.3657570e-01
       516 1.0761177e+00 1.0021049e+00 1.9376584e+00 3.3774634e-01
       517 1.0767505e+00 1.0017177e+00 1.9356601e+00 3.4051381e-01
       518 1.0760535e+00 1.0031744e+00 1.9399271e+00 3.2758015e-01
       519 1.0751401e+00 1.0020533e+00 1.9394449e+00 3.3649262e-01
       520 1.0757480e+00 1.0020639e+00 1.9382906e+00 3.3591618e-01
       521 1.0759451e+00 1.0028369e+00 1.9394595e+00 3.3242120e-01
       522 1.0765141e+00 1.0020559e+00 1.9367942e+00 3.3807340e-01
       523 1.0767932e+00 1.0027917e+00 1.9377305e+00 3.2916548e-01
       524 1.0776921e+00 1.0034339e+00 1.9372839e+00 3.2335269e-01
       525 1.0757156e+00 1.0035111e+00 1.9412556e+00 3.2741157e-01
       526 1.0772874e+00 1.0027468e+00 1.9366862e+00 3.2946650e-01
       527 1.0780836e+00 1.0033741e+00 1.9364088e+00 3.2801237e-01
       528 1.0755569e+00 1.0021241e+00 1.9387807e+00 3.3310135e-01
       529 1.0760354e+00 1.0026978e+00 1.9390060e+00 3.3273148e-01
       530 1.0773127e+00 1.0021516e+00 1.9354443e+00 3.4008486e-01
       531 1.0756673e+00 1.0023036e+00 1.9389272e+00 3.2922223e-01
       532 1.0787273e+00 1.0031659e+00 1.9347502e+00 3.3187507e-01
       533 1.0764315e+00 1.0032673e+00 1.9393831e+00 3.2356587e-01
       534 1.0760281e+00 1.0031467e+00 1.9399206e+00 3.2407122e-01
       535 1.0762150e+00 1.0017263e+00 1.9367117e+00 3.3110048e-01
       536 1.0781404e+00 1.0029490e+00 1.9354463e+00 3.2497919e-01
       537 1.0771558e+00 1.0039609e+00 1.9393766e+00 3.2253741e-01
       538 1.0756320e+00 1.0028641e+00 1.9401191e+00 3.2551653e-01
       539 1.0769849e+00 1.0027043e+00 1.9371850e+00 3.3024270e-01
       540 1.0767630e+00 1.0044575e+00 1.9411323e+00 3.1659806e-01
       541 1.0764256e+00 1.0028709e+00 1.9385991e+00 3.2147910e-01
       542 1.0764588e+00 1.0021057e+00 1.9370010e+00 3.2709459e-01
       543 1.0760912e+00 1.0015109e+00 1.9365194e+00 3.3441532e-01
       544 1.0770440e+00 1.0020906e+00 1.9358405e+00 3.3091892e-01
       545 1.0770234e+00 1.0020961e+00 1.9358914e+00 3.2968593e-01
       546 1.0759818e+00 1.0025665e+00 1.9388463e+00 3.2229429e-01
       547 1.0765858e+00 1.0016612e+00 1.9358649e+00 3.3297391e-01
       548 1.0776984e+00 1.0022994e+00 1.9349964e+00 3.2752984e-01
       549 1.0772928e+00 1.0020805e+00 1.9353401e+00 3.2754856e-01
       550 1.0766421e+00 1.0017238e+00 1.9358815e+00 3.2619247e-01
       551 1.0790487e+00 1.0018877e+00 1.9315680e+00 3.2474217e-01
       552 1.0773510e+00 1.0030355e+00 1.9371427e+00 3.2190076e-01
       553 1.0762966e+00 1.0021069e+00 1.9373166e+00 3.2960155e-01
       554 1.0793365e+00 1.0029321e+00 1.9331076e+00 3.2025255e-01
       555 1.0788933e+00 1.0031389e+00 1.9343761e+00 3.2460088e-01
       556 1.0752296e+00 1.0035794e+00 1.9423325e+00 3.1442186e-01
       557 1.0776007e+00 1.0034399e+00 1.9374723e+00 3.1933011e-01
       558 1.0763512e+00 1.0020693e+00 1.9371358e+00 3.2770764e-01
       559 1.0788014e+00 1.0026210e+00 1.9335144e+00 3.2232764e-01
       560 1.0778682e+00 1.0022534e+00 1.9345766e+00 3.2545626e-01
       561 1.0763802e+00 1.0012972e+00 1.9355330e+00 3.3554038e-01
       562 1.0800092e+00 1.0012395e+00 1.9284203e+00 3.3329185e-01
       563 1.0776037e+00 1.0016039e+00 1.9337853e+00 3.3490137e-01
       564 1.0765660e+00 1.0026817e+00 1.9379487e+00 3.2228785e-01
       565 1.0774983e+00 1.0026488e+00 1.9360829e+00 3.2116098e-01
       566 1.0769005e+00 1.0026898e+00 1.9373189e+00 3.1994056e-01
       567 1.0775441e+00 1.0028093e+00 1.9363162e+00 3.1953374e-01
       568 1.0788447e+00 1.0025588e+00 1.9333063e+00 3.2687558e-01
       569 1.0788441e+00 1.0026347e+00 1.9334595e+00 3.2346604e-01
       570 1.0794268e+00 1.0018638e+00 1.9307919e+00 3.2957279e-01
       571 1.0769715e+00 1.0021983e+00 1.9361966e+00 3.2333668e-01
       572 1.0791030e+00 1.0022043e+00 1.9320980e+00 3.2156731e-01
       573 1.0778378e+00 1.0028899e+00 1.9359115e+00 3.1776663e-01
       574 1.0786233e+00 1.0029641e+00 1.9345457e+00 3.2121959e-01
       575 1.0770379e+00 1.0012068e+00 1.9340818e+00 3.2983643e-01
       576 1.0779631e+00 1.0025455e+00 1.9349790e+00 3.1503880e-01
       577 1.0777830e+00 1.0013736e+00 1.9329781e+00 3.2460353e-01
       578 1.0757221e+00 1.0029208e+00 1.9400587e+00 3.1591222e-01
       579 1.0782369e+00 1.0011949e+00 1.9317449e+00 3.3092728e-01
       580 1.0778682e+00 1.0019188e+00 1.9339060e+00 3.2022920e-01
       581 1.0791369e+00 1.0018619e+00 1.9313464e+00 3.2551856e-01
       582 1.0786602e+00 1.0026724e+00 1.9338896e+00 3.1948591e-01
       583 1.0790152e+00 1.0022182e+00 1.9322949e+00 3.2203230e-01
       584 1.0778045e+00 1.0030799e+00 1.9363568e+00 3.2253235e-01
       585 1.0782943e+00 1.0024068e+00 1.9340622e+00 3.1921849e-01
       586 1.0790517e+00 1.0021902e+00 1.9321686e+00 3.1980044e-01
       587 1.0782284e+00 1.0018117e+00 1.9329968e+00 3.2282924e-01
       588 1.0762676e+00 1.0032977e+00 1.9397607e+00 3.1696326e-01
       589 1.0795794e+00 1.0023491e+00 1.9314707e+00 3.2491568e-01
       590 1.0784608e+00 1.0023011e+00 1.9335294e+00 3.2397154e-01
       591 1.0776749e+00 1.0029301e+00 1.9363063e+00 3.1516123e-01
       592 1.0780314e+00 1.0017979e+00 1.9333488e+00 3.2170290e-01
       593 1.0783507e+00 1.0031871e+00 1.9355186e+00 3.1116651e-01
       594 1.0773667e+00 1.0020584e+00 1.9351531e+00 3.1976230e-01
       595 1.0779795e+00 1.0027379e+00 1.9353333e+00 3.1907923e-01
       596 1.0794428e+00 1.0027250e+00 1.9324874e+00 3.2106222e-01
       597 1.0781034e+00 1.0030309e+00 1.9356820e+00 3.1219833e-01
       598 1.0787642e+00 1.0026289e+00 1.9336020e+00 3.2085547e-01
       599 1.0774610e+00 1.0021120e+00 1.9350786e+00 3.1757313e-01
       600 1.0800024e+00 1.0030996e+00 1.9321617e+00 3.1397973e-01
       601 1.0795235e+00 1.0022260e+00 1.9313316e+00 3.1209497e-01
       602 1.0786028e+00 1.0037946e+00 1.9362519e+00 3.1110188e-01
       603 1.0812469e+00 1.0031155e+00 1.9298000e+00 3.1099855e-01
       604 1.0799327e+00 1.0022922e+00 1.9306764e+00 3.1530718e-01
       605 1.0788872e+00 1.0028718e+00 1.9338520e+00 3.1253055e-01
       606 1.0775020e+00 1.0016898e+00 1.9341536e+00 3.1587163e-01
       607 1.0801355e+00 1.0026528e+00 1.9310092e+00 3.2130286e-01
       608 1.0802718e+00 1.0024784e+00 1.9303974e+00 3.1845219e-01
       609 1.0800309e+00 1.0021235e+00 1.9301495e+00 3.1689269e-01
       610 1.0821630e+00 1.0014411e+00 1.9246837e+00 3.2018688e-01
       611 1.0791014e+00 1.0032067e+00 1.9341114e+00 3.1605950e-01
       612 1.0782433e+00 1.0033917e+00 1.9361362e+00 3.0580515e-01
       613 1.0799299e+00 1.0035309e+00 1.9331664e+00 3.0725587e-01
       614 1.0792154e+00 1.0038341e+00 1.9351508e+00 3.0421875e-01
       615 1.0792657e+00 1.0034468e+00 1.9342766e+00 3.1109492e-01
       616 1.0806610e+00 1.0029942e+00 1.9306830e+00 3.1379736e-01
       617 1.0795851e+00 1.0018857e+00 1.9305310e+00 3.1936930e-01
       618 1.0795279e+00 1.0024822e+00 1.9318367e+00 3.1080950e-01
       619 1.0779245e+00 1.0032288e+00 1.9364240e+00 3.1124337e-01
       620 1.0796604e+00 1.0027516e+00 1.9321217e+00 3.1640860e-01
       621 1.0784419e+00 1.0027600e+00 1.9344860e+00 3.1137417e-01
       622 1.0800156e+00 1.0021964e+00 1.9303249e+00 3.1323809e-01
       623 1.0807273e+00 1.0024207e+00 1.9294054e+00 3.1276918e-01
       624 1.0809748e+00 1.0033317e+00 1.9307566e+00 3.0680798e-01
       625 1.0797625e+00 1.0025250e+00 1.9314709e+00 3.1137574e-01
       626 1.0823178e+00 1.0020193e+00 1.9255449e+00 3.1679690e-01
       627 1.0804167e+00 1.0021584e+00 1.9294771e+00 3.1375391e-01
       628 1.0801503e+00 1.0019705e+00 1.9296130e+00 3.1684669e-01
       629 1.0793705e+00 1.0015887e+00 1.9303493e+00 3.1831408e-01
       630 1.0808266e+00 1.0018040e+00 1.9279784e+00 3.0956186e-01
       631 1.0785944e+00 1.0026941e+00 1.9340598e+00 3.0815868e-01
       632 1.0816229e+00 1.0018427e+00 1.9265255e+00 3.1342703e-01
       633 1.0802053e+00 1.0026038e+00 1.9307767e+00 3.0811241e-01
       634 1.0787691e+00 1.0020899e+00 1.9325120e+00 3.1013060e-01
       635 1.0797608e+00 1.0025137e+00 1.9314515e+00 3.0932145e-01
       636 1.0800693e+00 1.0014041e+00 1.9286342e+00 3.1421488e-01
       637 1.0801308e+00 1.0020314e+00 1.9297727e+00 3.1148272e-01
       638 1.0785994e+00 1.0024204e+00 1.9335015e+00 3.0851882e-01
       639 1.0805818e+00 1.0017528e+00 1.9283467e+00 3.1364219e-01
       640 1.0824468e+00 1.0022076e+00 1.9256744e+00 3.1541735e-01
       641 1.0799099e+00 1.0020190e+00 1.9301728e+00 3.1184723e-01
       642 1.0801023e+00 1.0021633e+00 1.9300918e+00 3.1096068e-01
       643 1.0806688e+00 1.0019564e+00 1.9285872e+00 3.0999732e-01
       644 1.0803873e+00 1.0032675e+00 1.9317579e+00 3.1057963e-01
       645 1.0795356e+00 1.0026624e+00 1.9321832e+00 3.0340717e-01
       646 1.0819778e+00 1.0013930e+00 1.9249429e+00 3.1740211e-01
       647 1.0796117e+00 1.0019435e+00 1.9305955e+00 3.0801658e-01
       648 1.0808649e+00 1.0031991e+00 1.9307019e+00 2.9897330e-01
       649 1.0811213e+00 1.0018237e+00 1.9274513e+00 3.0820930e-01
       650 1.0817875e+00 1.0031113e+00 1.9287527e+00 3.0140159e-01
       651 1.0783554e+00 1.0023138e+00 1.9337581e+00 3.0267993e-01
       652 1.0797219e+00 1.0023757e+00 1.9312497e+00 3.0225808e-01
       653 1.0816072e+00 1.0013210e+00 1.9255105e+00 3.1236578e-01
       654 1.0814832e+00 1.0030726e+00 1.9292598e+00 2.9799441e-01
       655 1.0817026e+00 1.0029752e+00 1.9286427e+00 3.0708769e-01
       656 1.0834636e+00 1.0024466e+00 1.9242028e+00 3.1285063e-01
       657 1.0794257e+00 1.0019851e+00 1.9310371e+00 3.0699801e-01
       658 1.0815924e+00 1.0006273e+00 1.9241501e+00 3.2177888e-01
       659 1.0801336e+00 1.0042079e+00 1.9341339e+00 2.9434091e-01
       660 1.0805925e+00 1.0024850e+00 1.9297936e+00 3.0968757e-01
       661 1.0804781e+00 1.0019020e+00 1.9288451e+00 3.0369837e-01
       662 1.0805258e+00 1.0017621e+00 1.9284730e+00 3.1152199e-01
       663 1.0815435e+00 1.0024687e+00 1.9279329e+00 3.0702877e-01
       664 1.0815011e+00 1.0017380e+00 1.9265499e+00 3.0110962e-01
       665 1.0823621e+00 1.0033770e+00 1.9281824e+00 3.0057747e-01
       666 1.0804995e+00 1.0024225e+00 1.9298471e+00 3.0478825e-01
       667 1.0819199e+00 1.0019398e+00 1.9261495e+00 3.0450893e-01
       668 1.0845126e+00 1.0023516e+00 1.9220018e+00 3.0369774e-01
       669 1.0811732e+00 1.0025121e+00 1.9287314e+00 3.0097655e-01
       670 1.0816813e+00 1.0025466e+00 1.9278241e+00 3.0789483e-01
       671 1.0807264e+00 1.0027535e+00 1.9300744e+00 3.0056073e-01
       672 1.0818053e+00 1.0027532e+00 1.9280002e+00 3.0461399e-01
       673 1.0832182e+00 1.0027111e+00 1.9252037e+00 3.0223885e-01
       674 1.0811986e+00 1.0015800e+00 1.9268144e+00 3.0688907e-01
       675 1.0810611e+00 1.0019885e+00 1.9278974e+00 3.0354972e-01
       676 1.0804491e+00 1.0029544e+00 1.9310107e+00 2.9384724e-01
       677 1.0834519e+00 1.0029220e+00 1.9251785e+00 3.0524954e-01
       678 1.0838827e+00 1.0037883e+00 1.9260909e+00 2.9715712e-01
       679 1.0818813e+00 1.0026978e+00 1.9277430e+00 3.0088071e-01
       680 1.0839002e+00 1.0017185e+00 1.9219064e+00 3.0317658e-01
       681 1.0807388e+00 1.0035148e+00 1.9315781e+00 2.9614497e-01
       682 1.0832099e+00 1.0037613e+00 1.9273270e+00 2.9171809e-01
       683 1.0810386e+00 1.0019482e+00 1.9278598e+00 3.0091273e-01
       684 1.0835248e+00 1.0027035e+00 1.9246004e+00 3.0276700e-01
       685 1.0831141e+00 1.0024058e+00 1.9247913e+00 2.9837943e-01
       686 1.0842567e+00 1.0030572e+00 1.9239071e+00 2.9862541e-01
       687 1.0826748e+00 1.0038457e+00 1.9285231e+00 2.9700613e-01
       688 1.0844727e+00 1.0031703e+00 1.9237202e+00 2.9688814e-01
       689 1.0820780e+00 1.0022669e+00 1.9265014e+00 3.0139668e-01
       690 1.0819460e+00 1.0034153e+00 1.9290583e+00 2.9225393e-01
       691 1.0830929e+00 1.0033208e+00 1.9266672e+00 3.0497973e-01
       692 1.0814704e+00 1.0021609e+00 1.9274560e+00 2.9516482e-01
       693 1.0811183e+00 1.0020954e+00 1.9280016e+00 2.9992839e-01
       694 1.0834536e+00 1.0021132e+00 1.9235535e+00 3.0247312e-01
       695 1.0828847e+00 1.0023242e+00 1.9250679e+00 2.9806545e-01
       696 1.0819420e+00 1.0020883e+00 1.9264047e+00 2.9588458e-01
       697 1.0812439e+00 1.0017482e+00 1.9270645e+00 2.9378466e-01
       698 1.0841054e+00 1.0035324e+00 1.9251505e+00 2.9125488e-01
       699 1.0815606e+00 1.0026018e+00 1.9281667e+00 2.9065308e-01
       700 1.0852417e+00 1.0023947e+00 1.9206922e+00 2.9752489e-01
       701 1.0827883e+00 1.0030345e+00 1.9266772e+00 2.9834066e-01
       702 1.0825319e+00 1.0009595e+00 1.9230109e+00 3.0404588e-01
       703 1.0823574e+00 1.0027785e+00 1.9269908e+00 2.9098920e-01
       704 1.0833693e+00 1.0035390e+00 1.9265748e+00 2.9870037e-01
       705 1.0822752e+00 1.0030811e+00 1.9277554e+00 2.9175438e-01
       706 1.0833955e+00 1.0018882e+00 1.9232141e+00 2.9826857e-01
       707 1.0832091e+00 1.0029522e+00 1.9257048e+00 2.9437239e-01
       708 1.0843605e+00 1.0025602e+00 1.9227114e+00 2.9727969e-01
       709 1.0830162e+00 1.0024813e+00 1.9251306e+00 2.9922320e-01
       710 1.0842096e+00 1.0024010e+00 1.9226815e+00 2.9422649e-01
       711 1.0834789e+00 1.0024275e+00 1.9241351e+00 2.9166242e-01
       712 1.0830478e+00 1.0025873e+00 1.9252823e+00 2.9364345e-01
       713 1.0840153e+00 1.0035417e+00 1.9253419e+00 2.8845520e-01
       714 1.0825665e+00 1.0025012e+00 1.9260334e+00 2.9335559e-01
       715 1.0823600e+00 1.0021982e+00 1.9258222e+00 2.9682403e-01
       716 1.0829229e+00 1.0025230e+00 1.9253931e+00 2.9267828e-01
       717 1.0834862e+00 1.0026567e+00 1.9245806e+00 2.9257981e-01
       718 1.0839641e+00 1.0025926e+00 1.9235360e+00 2.9704235e-01
       719 1.0822933e+00 1.0022972e+00 1.9261488e+00 2.8947830e-01
       720 1.0804549e+00 1.0027212e+00 1.9305318e+00 2.8849903e-01
       721 1.0825441e+00 1.0025981e+00 1.9262706e+00 2.9776874e-01
       722 1.0842674e+00 1.0034125e+00 1.9245994e+00 2.9011050e-01
       723 1.0831896e+00 1.0020000e+00 1.9238332e+00 2.9152946e-01
       724 1.0824755e+00 1.0021732e+00 1.9255504e+00 2.9199129e-01
       725 1.0835117e+00 1.0030007e+00 1.9252217e+00 2.8549271e-01
       726 1.0838038e+00 1.0025985e+00 1.9238551e+00 2.9378414e-01
       727 1.0839117e+00 1.0018750e+00 1.9221978e+00 2.9145639e-01
       728 1.0827730e+00 1.0045395e+00 1.9297281e+00 2.8252456e-01
       729 1.0844319e+00 1.0022520e+00 1.9219567e+00 2.9304065e-01
       730 1.0844128e+00 1.0028047e+00 1.9231014e+00 2.8950347e-01
       731 1.0853323e+00 1.0019493e+00 1.9196261e+00 2.9730678e-01
       732 1.0840918e+00 1.0019504e+00 1.9220040e+00 2.9394437e-01
       733 1.0824138e+00 1.0024123e+00 1.9261481e+00 2.8850371e-01
       734 1.0848777e+00 1.0025873e+00 1.9217750e+00 2.9130212e-01
       735 1.0828981e+00 1.0029589e+00 1.9263148e+00 2.8773378e-01
       736 1.0849843e+00 1.0029979e+00 1.9223946e+00 2.9136770e-01
       737 1.0859868e+00 1.0021487e+00 1.9187735e+00 2.8823302e-01
       738 1.0843043e+00 1.0029033e+00 1.9235071e+00 2.8711605e-01
       739 1.0828920e+00 1.0023540e+00 1.9251135e+00 2.9120509e-01
       740 1.0842016e+00 1.0012725e+00 1.9204355e+00 2.9698817e-01
       741 1.0839637e+00 1.0024574e+00 1.9232657e+00 2.8680685e-01
       742 1.0831330e+00 1.0031286e+00 1.9262048e+00 2.8386825e-01
       743 1.0843582e+00 1.0027334e+00 1.9230632e+00 2.8942999e-01
       744 1.0833166e+00 1.0030966e+00 1.9257882e+00 2.8371284e-01
       745 1.0844879e+00 1.0021255e+00 1.9215960e+00 2.8851384e-01
       746 1.0847220e+00 1.0022798e+00 1.9214568e+00 2.8709088e-01
       747 1.0817155e+00 1.0019700e+00 1.9266026e+00 2.9523123e-01
       748 1.0829962e+00 1.0016249e+00 1.9234525e+00 2.9211164e-01
       749 1.0828839e+00 1.0018096e+00 1.9240379e+00 2.9210442e-01
       750 1.0856742e+00 1.0021878e+00 1.9194498e+00 2.8228295e-01
       751 1.0862715e+00 1.0030324e+00 1.9200010e+00 2.8723451e-01
       752 1.0845733e+00 1.0031913e+00 1.9235696e+00 2.8272097e-01
       753 1.0862909e+00 1.0022603e+00 1.9184156e+00 2.8898043e-01
       754 1.0845346e+00 1.0035140e+00 1.9242912e+00 2.8012266e-01
       755 1.0842604e+00 1.0027402e+00 1.9232642e+00 2.8156083e-01
       756 1.0856481e+00 1.0028131e+00 1.9207534e+00 2.8747861e-01
       757 1.0853914e+00 1.0035340e+00 1.9226909e+00 2.8331572e-01
       758 1.0845678e+00 1.0026851e+00 1.9225646e+00 2.8461642e-01
       759 1.0843375e+00 1.0024433e+00 1.9225211e+00 2.8500836e-01
       760 1.0845287e+00 1.0032085e+00 1.9236895e+00 2.7619216e-01
       761 1.0863953e+00 1.0023094e+00 1.9183144e+00 2.7947522e-01
       762 1.0846020e+00 1.0024314e+00 1.9219905e+00 2.8598334e-01
       763 1.0858284e+00 1.0021376e+00 1.9190542e+00 2.8261290e-01
       764 1.0844030e+00 1.0037033e+00 1.9249233e+00 2.7766319e-01
       765 1.0843955e+00 1.0029760e+00 1.9234782e+00 2.7288853e-01
       766 1.0863775e+00 1.0024752e+00 1.9186808e+00 2.8273612e-01
       767 1.0855918e+00 1.0028523e+00 1.9209397e+00 2.7778851e-01
       768 1.0852396e+00 1.0032110e+00 1.9223335e+00 2.7832392e-01
       769 1.0842520e+00 1.0030242e+00 1.9238499e+00 2.8358078e-01
       770 1.0839878e+00 1.0021928e+00 1.9226891e+00 2.8351435e-01
       771 1.0850337e+00 1.0038413e+00 1.9239925e+00 2.7400686e-01
       772 1.0861188e+00 1.0009112e+00 1.9160421e+00 2.9162410e-01
       773 1.0852443e+00 1.0021542e+00 1.9202051e+00 2.7997369e-01
       774 1.0879868e+00 1.0028389e+00 1.9163361e+00 2.8294260e-01
       775 1.0860731e+00 1.0024063e+00 1.9191247e+00 2.8081933e-01
       776 1.0847879e+00 1.0012922e+00 1.9193518e+00 2.9019954e-01
       777 1.0857193e+00 1.0021342e+00 1.9192560e+00 2.8721242e-01
       778 1.0871371e+00 1.0037417e+00 1.9197702e+00 2.7508458e-01
       779 1.0847028e+00 1.0024474e+00 1.9218296e+00 2.8600981e-01
       780 1.0870546e+00 1.0021131e+00 1.9166609e+00 2.8561514e-01
       781 1.0857591e+00 1.0039268e+00 1.9227760e+00 2.7721052e-01
       782 1.0889248e+00 1.0034289e+00 1.9157305e+00 2.7572140e-01
       783 1.0860865e+00 1.0029143e+00 1.9201178e+00 2.7862635e-01
       784 1.0864581e+00 1.0037363e+00 1.9210566e+00 2.7438297e-01
       785 1.0849878e+00 1.0032447e+00 1.9228831e+00 2.7647130e-01
       786 1.0879229e+00 1.0027903e+00 1.9163606e+00 2.8131195e-01
       787 1.0873141e+00 1.0033984e+00 1.9187429e+00 2.8071725e-01
       788 1.0864333e+00 1.0027099e+00 1.9190448e+00 2.7521597e-01
       789 1.0883445e+00 1.0031041e+00 1.9161855e+00 2.7570534e-01
       790 1.0866788e+00 1.0028259e+00 1.9188083e+00 2.8025135e-01
       791 1.0856621e+00 1.0020304e+00 1.9191575e+00 2.7867538e-01
       792 1.0867072e+00 1.0029095e+00 1.9189216e+00 2.7911176e-01
       793 1.0858443e+00 1.0032746e+00 1.9213039e+00 2.7627223e-01
       794 1.0879623e+00 1.0025836e+00 1.9158708e+00 2.7513841e-01
       795 1.0837427e+00 1.0034054e+00 1.9255908e+00 2.6969742e-01
       796 1.0869583e+00 1.0036692e+00 1.9199661e+00 2.7484899e-01
       797 1.0858013e+00 1.0021483e+00 1.9191275e+00 2.7880917e-01
       798 1.0869355e+00 1.0036688e+00 1.9200090e+00 2.8192074e-01
       799 1.0869991e+00 1.0030723e+00 1.9186903e+00 2.7277576e-01
       800 1.0866470e+00 1.0028674e+00 1.9189523e+00 2.8183894e-01
       801 1.0884117e+00 1.0033111e+00 1.9164726e+00 2.7354447e-01
       802 1.0870414e+00 1.0038420e+00 1.9201542e+00 2.7116270e-01
       803 1.0888848e+00 1.0032570e+00 1.9154618e+00 2.7357129e-01
       804 1.0883402e+00 1.0020996e+00 1.9141796e+00 2.7243229e-01
       805 1.0849395e+00 1.0024212e+00 1.9213237e+00 2.7530619e-01
       806 1.0866018e+00 1.0020167e+00 1.9173330e+00 2.7936246e-01
       807 1.0852993e+00 1.0023526e+00 1.9204974e+00 2.7600158e-01
       808 1.0865305e+00 1.0022526e+00 1.9179421e+00 2.7731724e-01
       809 1.0856190e+00 1.0034542e+00 1.9220952e+00 2.7033372e-01
       810 1.0866427e+00 1.0016171e+00 1.9164543e+00 2.7621482e-01
       811 1.0868563e+00 1.0026294e+00 1.9180748e+00 2.6859868e-01
       812 1.0869484e+00 1.0032791e+00 1.9192022e+00 2.7148498e-01
       813 1.0900156e+00 1.0020188e+00 1.9108239e+00 2.8243842e-01
       814 1.0867982e+00 1.0021934e+00 1.9173119e+00 2.7398296e-01
       815 1.0874620e+00 1.0027123e+00 1.9170840e+00 2.7172814e-01
       816 1.0858573e+00 1.0024373e+00 1.9195997e+00 2.7628876e-01
       817 1.0861870e+00 1.0025428e+00 1.9191806e+00 2.7368411e-01
       818 1.0882231e+00 1.0016550e+00 1.9135121e+00 2.7656471e-01
       819 1.0880065e+00 1.0020890e+00 1.9147951e+00 2.7616548e-01
       820 1.0869382e+00 1.0041479e+00 1.9209656e+00 2.6781463e-01
       821 1.0886429e+00 1.0018895e+00 1.9131811e+00 2.7601585e-01
       822 1.0873869e+00 1.0029704e+00 1.9177453e+00 2.7333425e-01
       823 1.0876104e+00 1.0031825e+00 1.9177438e+00 2.6938100e-01
       824 1.0871992e+00 1.0027705e+00 1.9177027e+00 2.6667122e-01
       825 1.0896991e+00 1.0025250e+00 1.9124417e+00 2.7763967e-01
       826 1.0872368e+00 1.0032492e+00 1.9185912e+00 2.6695123e-01
       827 1.0877855e+00 1.0034100e+00 1.9178663e+00 2.6463223e-01
       828 1.0858924e+00 1.0021493e+00 1.9189552e+00 2.7245702e-01
       829 1.0891818e+00 1.0031559e+00 1.9146926e+00 2.6884514e-01
       830 1.0890455e+00 1.0026136e+00 1.9138649e+00 2.6665223e-01
       831 1.0883857e+00 1.0028923e+00 1.9156822e+00 2.6756010e-01
       832 1.0879222e+00 1.0020389e+00 1.9148556e+00 2.7537547e-01
       833 1.0886933e+00 1.0034188e+00 1.9161516e+00 2.6517131e-01
       834 1.0893595e+00 1.0031711e+00 1.9143846e+00 2.6821102e-01
       835 1.0865345e+00 1.0032491e+00 1.9199329e+00 2.7097298e-01
       836 1.0879263e+00 1.0026223e+00 1.9160173e+00 2.6958981e-01
       837 1.0900836e+00 1.0035728e+00 1.9138112e+00 2.6367284e-01
       838 1.0875096e+00 1.0023102e+00 1.9161869e+00 2.6824564e-01
       839 1.0905866e+00 1.0034920e+00 1.9126914e+00 2.6691537e-01
       840 1.0887325e+00 1.0033339e+00 1.9159066e+00 2.6649369e-01
       841 1.0891674e+00 1.0024442e+00 1.9132927e+00 2.6840793e-01
       842 1.0884383e+00 1.0016793e+00 1.9131503e+00 2.7427298e-01
       843 1.0877845e+00 1.0038148e+00 1.9186806e+00 2.6654463e-01
       844 1.0871313e+00 1.0041076e+00 1.9205158e+00 2.6010615e-01
       845 1.0900695e+00 1.0017839e+00 1.9102508e+00 2.7401295e-01
       846 1.0894051e+00 1.0032516e+00 1.9144592e+00 2.6979417e-01
       847 1.0882344e+00 1.0026997e+00 1.9155844e+00 2.6682873e-01
       848 1.0902047e+00 1.0021868e+00 1.9108007e+00 2.7382484e-01
       849 1.0897089e+00 1.0042598e+00 1.9159042e+00 2.6237216e-01
       850 1.0895708e+00 1.0033916e+00 1.9144243e+00 2.6246429e-01
       851 1.0885635e+00 1.0017616e+00 1.9130762e+00 2.7428129e-01
       852 1.0880331e+00 1.0046800e+00 1.9199439e+00 2.5507520e-01
       853 1.0900050e+00 1.0039464e+00 1.9147108e+00 2.6137106e-01
       854 1.0884877e+00 1.0032168e+00 1.9161387e+00 2.6924506e-01
       855 1.0895753e+00 1.0033152e+00 1.9142623e+00 2.6572229e-01
       856 1.0880667e+00 1.0022001e+00 1.9149030e+00 2.6831985e-01
       857 1.0883165e+00 1.0028835e+00 1.9157964e+00 2.6380755e-01
       858 1.0891093e+00 1.0027092e+00 1.9139350e+00 2.6553705e-01
       859 1.0868154e+00 1.0013251e+00 1.9155393e+00 2.7391493e-01
       860 1.0891521e+00 1.0032453e+00 1.9149288e+00 2.6110483e-01
       861 1.0894081e+00 1.0020600e+00 1.9120638e+00 2.7434200e-01
       862 1.0882958e+00 1.0035903e+00 1.9172541e+00 2.5918653e-01
       863 1.0892266e+00 1.0029527e+00 1.9141998e+00 2.6319982e-01
       864 1.0881346e+00 1.0033421e+00 1.9170634e+00 2.5560671e-01
       865 1.0894222e+00 1.0026309e+00 1.9131816e+00 2.6632163e-01
       866 1.0908109e+00 1.0029194e+00 1.9111155e+00 2.5790553e-01
       867 1.0910017e+00 1.0025074e+00 1.9099265e+00 2.6653304e-01
       868 1.0888954e+00 1.0033091e+00 1.9155460e+00 2.5699522e-01
       869 1.0906283e+00 1.0024262e+00 1.9104740e+00 2.6481949e-01
       870 1.0889671e+00 1.0030326e+00 1.9148547e+00 2.6616383e-01
       871 1.0896012e+00 1.0037781e+00 1.9151421e+00 2.5536051e-01
       872 1.0908911e+00 1.0038496e+00 1.9128299e+00 2.5937123e-01
       873 1.0901599e+00 1.0035811e+00 1.9136826e+00 2.5746936e-01
       874 1.0907891e+00 1.0028800e+00 1.9110780e+00 2.6266499e-01
       875 1.0907454e+00 1.0037015e+00 1.9128096e+00 2.5937483e-01
       876 1.0897516e+00 1.0023461e+00 1.9119829e+00 2.6320019e-01
       877 1.0899638e+00 1.0042177e+00 1.9153341e+00 2.5208696e-01
       878 1.0902701e+00 1.0037344e+00 1.9137805e+00 2.5749519e-01
       879 1.0903276e+00 1.0018029e+00 1.9097973e+00 2.7032420e-01
       880 1.0913656e+00 1.0027680e+00 1.9097566e+00 2.6167498e-01
       881 1.0889177e+00 1.0031319e+00 1.9151482e+00 2.5445160e-01
       882 1.0912812e+00 1.0036058e+00 1.9115983e+00 2.6136956e-01
       883 1.0912270e+00 1.0034142e+00 1.9113167e+00 2.5491715e-01
       884 1.0892374e+00 1.0024288e+00 1.9131284e+00 2.6335180e-01
       885 1.0867479e+00 1.0038719e+00 1.9207752e+00 2.5032546e-01
       886 1.0903267e+00 1.0038585e+00 1.9139217e+00 2.5349163e-01
       887 1.0910762e+00 1.0038959e+00 1.9125706e+00 2.5766475e-01
       888 1.0898836e+00 1.0041426e+00 1.9153360e+00 2.4975138e-01
       889 1.0910047e+00 1.0044282e+00 1.9137756e+00 2.4845435e-01
       890 1.0904889e+00 1.0037783e+00 1.9134519e+00 2.6115860e-01
       891 1.0895017e+00 1.0035682e+00 1.9149104e+00 2.5677829e-01
       892 1.0907625e+00 1.0035536e+00 1.9124802e+00 2.5368640e-01
       893 1.0907335e+00 1.0024368e+00 1.9102952e+00 2.5891794e-01
       894 1.0891822e+00 1.0023317e+00 1.9130391e+00 2.6272610e-01
       895 1.0870285e+00 1.0029797e+00 1.9184483e+00 2.5468689e-01
       896 1.0925124e+00 1.0030125e+00 1.9080673e+00 2.5848544e-01
       897 1.0897295e+00 1.0040986e+00 1.9155413e+00 2.5090547e-01
       898 1.0892024e+00 1.0035558e+00 1.9154560e+00 2.5492559e-01
       899 1.0895089e+00 1.0034417e+00 1.9146428e+00 2.5685398e-01
       900 1.0915341e+00 1.0029731e+00 1.9098477e+00 2.5232706e-01
       901 1.0907054e+00 1.0024923e+00 1.9104599e+00 2.5864936e-01
       902 1.0895764e+00 1.0035854e+00 1.9148027e+00 2.5347351e-01
       903 1.0916695e+00 1.0030216e+00 1.9096877e+00 2.5623063e-01
       904 1.0905954e+00 1.0031640e+00 1.9120164e+00 2.5937368e-01
       905 1.0898234e+00 1.0035488e+00 1.9142586e+00 2.5433601e-01
       906 1.0929012e+00 1.0023675e+00 1.9060355e+00 2.5657986e-01
       907 1.0908129e+00 1.0023861e+00 1.9100423e+00 2.5334867e-01
       908 1.0875149e+00 1.0031900e+00 1.9179412e+00 2.5358576e-01
       909 1.0901551e+00 1.0023798e+00 1.9112820e+00 2.6052038e-01
       910 1.0896270e+00 1.0035289e+00 1.9145928e+00 2.5140273e-01
       911 1.0911978e+00 1.0028223e+00 1.9101849e+00 2.5495966e-01
       912 1.0897288e+00 1.0027586e+00 1.9128535e+00 2.5344709e-01
       913 1.0912190e+00 1.0035667e+00 1.9116379e+00 2.5043225e-01
       914 1.0922546e+00 1.0026715e+00 1.9078732e+00 2.5767950e-01
       915 1.0916342e+00 1.0027486e+00 1.9092070e+00 2.5200442e-01
       916 1.0910833e+00 1.0033882e+00 1.9115378e+00 2.5183934e-01
       917 1.0926090e+00 1.0027935e+00 1.9074447e+00 2.5964316e-01
       918 1.0915915e+00 1.0036065e+00 1.9110094e+00 2.4860301e-01
       919 1.0909988e+00 1.0025560e+00 1.9100295e+00 2.5685533e-01
       920 1.0920403e+00 1.0027122e+00 1.9083620e+00 2.5535698e-01
       921 1.0945665e+00 1.0037558e+00 1.9056615e+00 2.5432613e-01
       922 1.0923187e+00 1.0036422e+00 1.9096990e+00 2.5238149e-01
       923 1.0942917e+00 1.0036751e+00 1.9060204e+00 2.4728081e-01
       924 1.0908505e+00 1.0047991e+00 1.9148142e+00 2.4744010e-01
       925 1.0923682e+00 1.0040017e+00 1.9103268e+00 2.5246090e-01
       926 1.0920375e+00 1.0033171e+00 1.9095809e+00 2.4743172e-01
       927 1.0925903e+00 1.0023182e+00 1.9065271e+00 2.5690501e-01
       928 1.0931466e+00 1.0026044e+00 1.9060448e+00 2.5927067e-01
       929 1.0911219e+00 1.0042585e+00 1.9132118e+00 2.4246088e-01
       930 1.0902018e+00 1.0039845e+00 1.9144126e+00 2.4143457e-01
       931 1.0918738e+00 1.0031450e+00 1.9095467e+00 2.5113868e-01
       932 1.0920633e+00 1.0035319e+00 1.9099628e+00 2.4684684e-01
       933 1.0923307e+00 1.0042255e+00 1.9108475e+00 2.4741565e-01
       934 1.0936930e+00 1.0028552e+00 1.9055109e+00 2.5414782e-01
       935 1.0923015e+00 1.0022854e+00 1.9070100e+00 2.5457049e-01
       936 1.0908057e+00 1.0036167e+00 1.9125246e+00 2.5062449e-01
       937 1.0917172e+00 1.0029846e+00 1.9095227e+00 2.4776870e-01
       938 1.0928984e+00 1.0030756e+00 1.9074609e+00 2.4942191e-01
       939 1.0932575e+00 1.0030975e+00 1.9068232e+00 2.5165043e-01
       940 1.0898663e+00 1.0035761e+00 1.9142317e+00 2.4440417e-01
       941 1.0923044e+00 1.0017245e+00 1.9058804e+00 2.5625584e-01
       942 1.0939313e+00 1.0035242e+00 1.9064011e+00 2.4441869e-01
       943 1.0916243e+00 1.0033064e+00 1.9103449e+00 2.4737655e-01
       944 1.0925035e+00 1.0029700e+00 1.9079991e+00 2.4915100e-01
       945 1.0917605e+00 1.0035895e+00 1.9106541e+00 2.4541118e-01
       946 1.0917720e+00 1.0031507e+00 1.9097516e+00 2.4561617e-01
       947 1.0925775e+00 1.0028599e+00 1.9076377e+00 2.4906326e-01
       948 1.0924847e+00 1.0028466e+00 1.9077873e+00 2.5120717e-01
       949 1.0913932e+00 1.0036607e+00 1.9114952e+00 2.4685511e-01
       950 1.0911237e+00 1.0043493e+00 1.9133906e+00 2.4202442e-01
       951 1.0941600e+00 1.0035754e+00 1.9060700e+00 2.4619755e-01
       952 1.0929487e+00 1.0039243e+00 1.9090687e+00 2.4714217e-01
       953 1.0931082e+00 1.0041748e+00 1.9092691e+00 2.4386017e-01
       954 1.0886589e+00 1.0036089e+00 1.9165990e+00 2.4593099e-01
       955 1.0951432e+00 1.0040680e+00 1.9051955e+00 2.4379831e-01
       956 1.0923806e+00 1.0030589e+00 1.9084108e+00 2.4347802e-01
       957 1.0939659e+00 1.0034418e+00 1.9061701e+00 2.4212010e-01
       958 1.0939170e+00 1.0042778e+00 1.9079412e+00 2.4292745e-01
       959 1.0915084e+00 1.0052562e+00 1.9144814e+00 2.3568801e-01
       960 1.0919833e+00 1.0029409e+00 1.9089293e+00 2.4689477e-01
       961 1.0952704e+00 1.0034365e+00 1.9036869e+00 2.4742742e-01
       962 1.0945893e+00 1.0034295e+00 1.9049634e+00 2.4431463e-01
       963 1.0926557e+00 1.0031540e+00 1.9080792e+00 2.4508023e-01
       964 1.0939732e+00 1.0031326e+00 1.9055356e+00 2.4358411e-01
       965 1.0925744e+00 1.0052940e+00 1.9125316e+00 2.4278688e-01
       966 1.0919374e+00 1.0039642e+00 1.9110699e+00 2.4269605e-01
       967 1.0933173e+00 1.0035436e+00 1.9076049e+00 2.4147696e-01
       968 1.0940603e+00 1.0037406e+00 1.9065908e+00 2.4873881e-01
       969 1.0938910e+00 1.0030096e+00 1.9054449e+00 2.4545995e-01
       970 1.0943790e+00 1.0036429e+00 1.9057903e+00 2.4202763e-01
       971 1.0916219e+00 1.0038283e+00 1.9113971e+00 2.4071633e-01
       972 1.0939225e+00 1.0047011e+00 1.9087812e+00 2.4272016e-01
       973 1.0920531e+00 1.0039630e+00 1.9108478e+00 2.4008434e-01
       974 1.0918791e+00 1.0049166e+00 1.9130941e+00 2.3796070e-01
       975 1.0949363e+00 1.0041278e+00 1.9057076e+00 2.3989395e-01
       976 1.0918183e+00 1.0019034e+00 1.9071626e+00 2.4818082e-01
       977 1.0936204e+00 1.0024302e+00 1.9047963e+00 2.4186019e-01
       978 1.0932960e+00 1.0034248e+00 1.9074068e+00 2.4206477e-01
       979 1.0924370e+00 1.0030804e+00 1.9083468e+00 2.4622458e-01
       980 1.0954040e+00 1.0030287e+00 1.9026157e+00 2.4477434e-01
       981 1.0951950e+00 1.0027228e+00 1.9023979e+00 2.4761077e-01
       982 1.0914301e+00 1.0037579e+00 1.9116203e+00 2.3784136e-01
       983 1.0939912e+00 1.0023245e+00 1.9038809e+00 2.4624718e-01
       984 1.0909556e+00 1.0039852e+00 1.9129793e+00 2.3817475e-01
       985 1.0938448e+00 1.0024508e+00 1.9044119e+00 2.5009909e-01
       986 1.0917993e+00 1.0038348e+00 1.9110727e+00 2.3684674e-01
       987 1.0939424e+00 1.0044612e+00 1.9082615e+00 2.3463184e-01
       988 1.0949069e+00 1.0035363e+00 1.9045759e+00 2.3984741e-01
       989 1.0934622e+00 1.0038904e+00 1.9080260e+00 2.3705436e-01
       990 1.0933102e+00 1.0037284e+00 1.9079891e+00 2.4185195e-01
       991 1.0919880e+00 1.0036439e+00 1.9103308e+00 2.4145121e-01
       992 1.0943602e+00 1.0031546e+00 1.9048460e+00 2.4025358e-01
       993 1.0946466e+00 1.0042246e+00 1.9064511e+00 2.3612263e-01
       994 1.0937162e+00 1.0042993e+00 1.9083654e+00 2.3124653e-01
       995 1.0942261e+00 1.0049671e+00 1.9087400e+00 2.3181550e-01
       996 1.0959143e+00 1.0043056e+00 1.9042127e+00 2.3868934e-01
       997 1.0951171e+00 1.0021464e+00 1.9013899e+00 2.4669653e-01
       998 1.0938957e+00 1.0034446e+00 1.9063088e+00 2.4326852e-01
       999 1.0952408e+00 1.0041984e+00 1.9052726e+00 2.3974353e-01
      1000 1.0933726e+00 1.0040346e+00 1.9084857e+00 2.3759265e-01

Final Weights:         0.2460624319         0.1599855511         0.5502979543        -0.2272342453 