# Cycles, Average Predicted Temperature, Stddev Predicted Temperature, Mean Squared Error, || MSE Gradient ||
         0    0.00390    0.00147    4.95190    0.65974
         1    0.00400    0.00150    4.95146    0.67309
         2    0.00409    0.00154    4.95104    0.68501
         3    0.00420    0.00157    4.95055    0.69888
         4    0.00431    0.00161    4.95009    0.71232
         5    0.00443    0.00164    4.94955    0.72640
         6    0.00455    0.00168    4.94898    0.74250
         7    0.00468    0.00173    4.94844    0.75717
         8    0.00482    0.00178    4.94781    0.77432
         9    0.00495    0.00182    4.94724    0.78949
        10    0.00508    0.00187    4.94663    0.80573
        11    0.00524    0.00191    4.94595    0.82414
        12    0.00539    0.00197    4.94526    0.84161
        13    0.00555    0.00203    4.94456    0.86056
        14    0.00571    0.00208    4.94383    0.88002
        15    0.00588    0.00215    4.94309    0.89903
        16    0.00607    0.00221    4.94223    0.91994
        17    0.00627    0.00228    4.94137    0.94251
        18    0.00646    0.00236    4.94050    0.96446
        19    0.00669    0.00243    4.93949    0.98928
        20    0.00689    0.00251    4.93858    1.01117
        21    0.00713    0.00260    4.93754    1.03679
        22    0.00738    0.00268    4.93643    1.06398
        23    0.00764    0.00278    4.93526    1.09113
        24    0.00792    0.00289    4.93402    1.12100
        25    0.00821    0.00299    4.93275    1.15109
        26    0.00850    0.00311    4.93145    1.18131
        27    0.00882    0.00323    4.93005    1.21404
        28    0.00916    0.00336    4.92854    1.24725
        29    0.00952    0.00350    4.92693    1.28524
        30    0.00989    0.00364    4.92529    1.32274
        31    0.01029    0.00380    4.92353    1.36075
        32    0.01072    0.00396    4.92162    1.40254
        33    0.01117    0.00413    4.91962    1.44547
        34    0.01165    0.00434    4.91749    1.49566
        35    0.01215    0.00454    4.91525    1.54380
        36    0.01271    0.00476    4.91280    1.59615
        37    0.01330    0.00499    4.91016    1.65112
        38    0.01389    0.00524    4.90758    1.70283
        39    0.01459    0.00551    4.90446    1.76708
        40    0.01529    0.00581    4.90136    1.82951
        41    0.01607    0.00612    4.89792    1.89731
        42    0.01691    0.00648    4.89422    1.97075
        43    0.01780    0.00685    4.89028    2.04718
        44    0.01878    0.00725    4.88596    2.12848
        45    0.01980    0.00771    4.88146    2.21187
        46    0.02095    0.00817    4.87635    2.30820
        47    0.02218    0.00870    4.87093    2.40696
        48    0.02351    0.00926    4.86507    2.51253
        49    0.02498    0.00991    4.85860    2.62823
        50    0.02661    0.01059    4.85144    2.75157
        51    0.02834    0.01139    4.84385    2.88120
        52    0.03029    0.01223    4.83529    3.02335
        53    0.03240    0.01318    4.82604    3.17642
        54    0.03486    0.01421    4.81529    3.35284
        55    0.03739    0.01540    4.80419    3.52790
        56    0.04043    0.01668    4.79094    3.73460
        57    0.04369    0.01818    4.77672    3.94842
        58    0.04737    0.01988    4.76073    4.18530
        59    0.05152    0.02177    4.74272    4.44680
        60    0.05625    0.02395    4.72224    4.73848
        61    0.06168    0.02641    4.69879    5.06363
        62    0.06787    0.02927    4.67216    5.41973
        63    0.07477    0.03255    4.64257    5.80184
        64    0.08319    0.03648    4.60664    6.25810
        65    0.09261    0.04087    4.56661    6.73945
        66    0.10395    0.04634    4.51875    7.30381
        67    0.11719    0.05276    4.46329    7.92510
        68    0.13290    0.06031    4.39807    8.62459
        69    0.15183    0.06933    4.32021    9.42361
        70    0.17440    0.08039    4.22860   10.30251
        71    0.20236    0.09425    4.11691   11.31777
        72    0.23707    0.11095    3.98083   12.47170
        73    0.27960    0.13235    3.81839   13.72035
        74    0.33303    0.15897    3.62067   15.08615
        75    0.40068    0.19242    3.38046   16.52597
        76    0.48537    0.23445    3.09586   17.91240
        77    0.59053    0.28730    2.76772   19.05119
        78    0.72214    0.35219    2.39521   19.73542
        79    0.87981    0.42980    2.00553   19.53342
        80    1.05977    0.51728    1.63510   18.12209
        81    1.25002    0.60355    1.32304   15.52674
        82    1.42643    0.68202    1.10958   12.26219
        83    1.57107    0.73779    0.97746    9.41138
        84    1.67714    0.77081    0.89891    7.58368
        85    1.74517    0.78205    0.84587    6.75434
        86    1.78730    0.77843    0.80122    6.38340
        87    1.82204    0.77340    0.76392    6.14709
        88    1.84002    0.75774    0.72563    5.96432
        89    1.86256    0.74507    0.68955    5.77185
        90    1.87982    0.73086    0.65622    5.60002
        91    1.89446    0.71744    0.62676    5.45450
        92    1.90815    0.70150    0.59517    5.27749
        93    1.91762    0.68770    0.57000    5.15830
        94    1.93342    0.67432    0.54218    4.99863
        95    1.94382    0.66128    0.51872    4.87097
        96    1.95531    0.64814    0.49509    4.72968
        97    1.96679    0.63459    0.47156    4.58809
        98    1.97528    0.62309    0.45271    4.48343
        99    1.98632    0.61063    0.43185    4.35209
       100    1.99325    0.59774    0.41296    4.23597
       101    2.00212    0.58614    0.39512    4.12092
       102    2.00874    0.57561    0.37992    4.03550
       103    2.01771    0.56376    0.36255    3.91637
       104    2.02703    0.55441    0.34824    3.81747
       105    2.03397    0.54276    0.33270    3.71202
       106    2.04042    0.53266    0.31936    3.62142
       107    2.04695    0.52386    0.30763    3.54153
       108    2.05303    0.51435    0.29558    3.45801
       109    2.05878    0.50336    0.28241    3.35907
       110    2.06377    0.49408    0.27147    3.27562
       111    2.06715    0.48386    0.26038    3.19093
       112    2.07519    0.47702    0.25126    3.12676
       113    2.07807    0.46804    0.24190    3.05434
       114    2.08306    0.45996    0.23291    2.98357
       115    2.09013    0.45112    0.22285    2.90154
       116    2.09175    0.44375    0.21580    2.84772
       117    2.09526    0.43495    0.20712    2.76829
       118    2.10204    0.42777    0.19915    2.70389
       119    2.10426    0.42035    0.19230    2.64957
       120    2.10961    0.41311    0.18496    2.58269
       121    2.11145    0.40608    0.17876    2.53063
       122    2.11643    0.39905    0.17196    2.46853
       123    2.11889    0.39257    0.16628    2.41855
       124    2.12212    0.38658    0.16091    2.37451
       125    2.12551    0.37922    0.15455    2.31171
       126    2.12685    0.37334    0.14986    2.26812
       127    2.12979    0.36709    0.14464    2.21758
       128    2.13299    0.36078    0.13941    2.16603
       129    2.13627    0.35581    0.13523    2.12882
       130    2.13728    0.34959    0.13066    2.08200
       131    2.14034    0.34363    0.12597    2.03363
       132    2.14328    0.33880    0.12216    1.99938
       133    2.14409    0.33361    0.11854    1.95816
       134    2.14749    0.32836    0.11449    1.91403
       135    2.14918    0.32389    0.11131    1.88194
       136    2.15169    0.31841    0.10739    1.84398
       137    2.15288    0.31327    0.10396    1.80041
       138    2.15625    0.30884    0.10070    1.76961
       139    2.15545    0.30339    0.09748    1.73337
       140    2.15998    0.29969    0.09460    1.70212
       141    2.16117    0.29509    0.09171    1.66293
       142    2.16212    0.29061    0.08895    1.63412
       143    2.16396    0.28635    0.08625    1.60565
       144    2.16382    0.28160    0.08357    1.57094
       145    2.16530    0.27753    0.08111    1.54212
       146    2.17001    0.27474    0.07899    1.51613
       147    2.16872    0.27014    0.07663    1.48411
       148    2.17156    0.26672    0.07446    1.45650
       149    2.17223    0.26326    0.07255    1.43280
       150    2.17305    0.25923    0.07035    1.40304
       151    2.17545    0.25613    0.06849    1.38362
       152    2.17550    0.25185    0.06631    1.35303
       153    2.17667    0.24860    0.06456    1.32765
       154    2.17853    0.24637    0.06326    1.31421
       155    2.17931    0.24184    0.06097    1.27864
       156    2.18038    0.23972    0.05985    1.26437
       157    2.17954    0.23619    0.05825    1.24094
       158    2.18272    0.23283    0.05637    1.21601
       159    2.18440    0.22989    0.05486    1.19170
       160    2.18422    0.22702    0.05356    1.17120
       161    2.18515    0.22437    0.05228    1.15374
       162    2.18612    0.22179    0.05105    1.13276
       163    2.18697    0.21870    0.04961    1.11614
       164    2.18750    0.21649    0.04861    1.09702
       165    2.18768    0.21367    0.04738    1.07895
       166    2.18998    0.21119    0.04614    1.05954
       167    2.18893    0.20785    0.04482    1.04118
       168    2.19098    0.20563    0.04374    1.02272
       169    2.19252    0.20327    0.04266    1.00346
       170    2.19295    0.20108    0.04175    0.99065
       171    2.19234    0.19862    0.04081    0.97303
       172    2.19385    0.19682    0.03999    0.95845
       173    2.19399    0.19489    0.03922    0.94624
       174    2.19445    0.19261    0.03831    0.92773
       175    2.19634    0.19038    0.03732    0.91255
       176    2.19601    0.18779    0.03637    0.89690
       177    2.19558    0.18612    0.03577    0.88326
       178    2.19832    0.18422    0.03489    0.87037
       179    2.19787    0.18262    0.03433    0.85715
       180    2.19772    0.18006    0.03341    0.84021
       181    2.19814    0.17828    0.03275    0.82832
       182    2.20074    0.17593    0.03176    0.81459
       183    2.20050    0.17471    0.03135    0.80070
       184    2.20051    0.17327    0.03084    0.79212
       185    2.20104    0.17177    0.03030    0.77977
       186    2.20076    0.16921    0.02944    0.76335
       187    2.20161    0.16776    0.02890    0.75292
       188    2.20248    0.16650    0.02844    0.74429
       189    2.20250    0.16465    0.02782    0.72917
       190    2.20305    0.16326    0.02734    0.71813
       191    2.20313    0.16183    0.02687    0.70734
       192    2.20358    0.15979    0.02619    0.69587
       193    2.20506    0.15873    0.02578    0.68659
       194    2.20513    0.15746    0.02537    0.67743
       195    2.20463    0.15611    0.02497    0.66753
       196    2.20535    0.15468    0.02449    0.65624
       197    2.20602    0.15340    0.02407    0.64687
       198    2.20637    0.15207    0.02365    0.63701
       199    2.20650    0.15079    0.02325    0.62748
       200    2.20708    0.14927    0.02277    0.61600
       201    2.20708    0.14850    0.02254    0.60849
       202    2.20788    0.14705    0.02208    0.59956
       203    2.20792    0.14555    0.02164    0.59220
       204    2.20875    0.14452    0.02130    0.58298
       205    2.20824    0.14308    0.02091    0.57428
       206    2.20866    0.14212    0.02062    0.56416
       207    2.20898    0.14155    0.02044    0.55599
       208    2.20842    0.14084    0.02027    0.55005
       209    2.20965    0.13933    0.01980    0.54110
       210    2.21058    0.13859    0.01955    0.53418
       211    2.21067    0.13738    0.01922    0.52563
       212    2.20927    0.13593    0.01887    0.51752
       213    2.21093    0.13500    0.01856    0.51211
       214    2.21112    0.13454    0.01843    0.50303
       215    2.21078    0.13361    0.01819    0.49539
       216    2.21167    0.13234    0.01782    0.48798
       217    2.21117    0.13168    0.01766    0.48215
       218    2.21091    0.13132    0.01758    0.47637
       219    2.21387    0.12980    0.01708    0.47066
       220    2.21197    0.12912    0.01697    0.46079
       221    2.21278    0.12888    0.01688    0.45700
       222    2.21259    0.12798    0.01665    0.45082
       223    2.21190    0.12762    0.01659    0.44436
       224    2.21348    0.12626    0.01619    0.43697
       225    2.21320    0.12545    0.01599    0.42854
       226    2.21293    0.12537    0.01598    0.42496
       227    2.21394    0.12435    0.01570    0.41839
       228    2.21459    0.12315    0.01538    0.40991
       229    2.21348    0.12339    0.01547    0.40889
       230    2.21339    0.12230    0.01521    0.39956
       231    2.21568    0.12133    0.01490    0.39761
       232    2.21501    0.12114    0.01488    0.39061
       233    2.21500    0.12008    0.01462    0.38360
       234    2.21357    0.12017    0.01469    0.38294
       235    2.21516    0.11944    0.01446    0.37285
       236    2.21606    0.11870    0.01426    0.36867
       237    2.21540    0.11804    0.01412    0.36499
       238    2.21591    0.11736    0.01395    0.35731
       239    2.21528    0.11703    0.01389    0.35580
       240    2.21594    0.11649    0.01375    0.35032
       241    2.21542    0.11555    0.01354    0.34649
       242    2.21526    0.11561    0.01356    0.34258
       243    2.21831    0.11480    0.01330    0.34234
       244    2.21665    0.11455    0.01328    0.33262
       245    2.21557    0.11457    0.01331    0.33064
       246    2.21669    0.11364    0.01307    0.32301
       247    2.21693    0.11306    0.01293    0.31937
       248    2.21773    0.11238    0.01276    0.31586
       249    2.21633    0.11281    0.01289    0.31122
       250    2.21695    0.11164    0.01261    0.30312
       251    2.21710    0.11179    0.01264    0.30473
       252    2.21755    0.11139    0.01254    0.29865
       253    2.21643    0.11091    0.01246    0.29704
       254    2.21851    0.11088    0.01241    0.29118
       255    2.21792    0.10986    0.01220    0.28726
       256    2.21885    0.10905    0.01200    0.28332
       257    2.21749    0.10897    0.01201    0.27881
       258    2.21815    0.10888    0.01198    0.27354
       259    2.21839    0.10851    0.01189    0.27271
       260    2.21744    0.10831    0.01187    0.26752
       261    2.21812    0.10866    0.01193    0.26462
       262    2.21919    0.10737    0.01163    0.25775
       263    2.21878    0.10738    0.01164    0.25557
       264    2.21852    0.10657    0.01147    0.25336
       265    2.21893    0.10669    0.01149    0.25173
       266    2.21790    0.10624    0.01141    0.24841
       267    2.21865    0.10662    0.01148    0.24659
       268    2.21937    0.10599    0.01133    0.23997
       269    2.21940    0.10559    0.01125    0.23714
       270    2.21869    0.10624    0.01140    0.23775
       271    2.21843    0.10563    0.01127    0.23320
       272    2.22098    0.10482    0.01105    0.23488
       273    2.22017    0.10399    0.01090    0.22596
       274    2.21908    0.10414    0.01095    0.22602
       275    2.21943    0.10454    0.01102    0.21872
       276    2.22109    0.10421    0.01093    0.22195
       277    2.21949    0.10341    0.01079    0.21386
       278    2.21913    0.10383    0.01088    0.21340
       279    2.22084    0.10235    0.01055    0.21081
       280    2.22092    0.10223    0.01052    0.20772
       281    2.21911    0.10302    0.01072    0.20688
       282    2.21895    0.10325    0.01077    0.20554
       283    2.22148    0.10246    0.01056    0.20544
       284    2.21946    0.10237    0.01057    0.19736
       285    2.22065    0.10195    0.01047    0.19436
       286    2.22062    0.10189    0.01045    0.19099
       287    2.22006    0.10198    0.01048    0.18809
       288    2.21930    0.10209    0.01052    0.19160
       289    2.22131    0.10158    0.01038    0.18659
       290    2.22235    0.10026    0.01010    0.19023
       291    2.22009    0.10113    0.01031    0.18211
       292    2.22020    0.10047    0.01018    0.17635
       293    2.22098    0.10119    0.01031    0.17606
       294    2.22122    0.10077    0.01022    0.17308
       295    2.22096    0.10031    0.01013    0.16871
       296    2.22134    0.10016    0.01009    0.16995
       297    2.22141    0.10038    0.01014    0.16687
       298    2.22050    0.09952    0.00998    0.16573
       299    2.22202    0.09993    0.01004    0.16545
       300    2.22110    0.10006    0.01008    0.16220
       301    2.22187    0.09985    0.01002    0.15762
       302    2.22094    0.09926    0.00992    0.15622
       303    2.22087    0.09943    0.00996    0.15576
       304    2.22116    0.09980    0.01002    0.15177
       305    2.22109    0.10013    0.01009    0.15300
       306    2.22176    0.09939    0.00993    0.14604
       307    2.22107    0.09917    0.00990    0.14779
       308    2.22338    0.09854    0.00974    0.15984
       309    2.22101    0.09923    0.00991    0.14557
       310    2.22209    0.09856    0.00976    0.14160
       311    2.22207    0.09855    0.00976    0.14281
       312    2.22117    0.09879    0.00982    0.14017
       313    2.22186    0.09862    0.00978    0.13821
       314    2.22159    0.09908    0.00988    0.13585
       315    2.22266    0.09788    0.00962    0.13451
       316    2.22208    0.09793    0.00964    0.13302
       317    2.22266    0.09810    0.00967    0.13416
       318    2.22213    0.09793    0.00964    0.12741
       319    2.22174    0.09762    0.00958    0.12875
       320    2.22191    0.09746    0.00955    0.12560
       321    2.22210    0.09761    0.00958    0.12476
       322    2.22242    0.09756    0.00956    0.12378
       323    2.22207    0.09792    0.00964    0.12116
       324    2.22131    0.09754    0.00958    0.12640
       325    2.22358    0.09722    0.00948    0.12297
       326    2.22257    0.09674    0.00940    0.11555
       327    2.22174    0.09737    0.00954    0.11726
       328    2.22305    0.09688    0.00942    0.11591
       329    2.22248    0.09754    0.00956    0.11199
       330    2.22269    0.09750    0.00955    0.11024
       331    2.22311    0.09661    0.00937    0.11075
       332    2.22240    0.09694    0.00944    0.10887
       333    2.22187    0.09777    0.00961    0.10943
       334    2.22343    0.09707    0.00946    0.10916
       335    2.22250    0.09692    0.00944    0.10800
       336    2.22252    0.09666    0.00939    0.10413
       337    2.22250    0.09775    0.00960    0.10336
       338    2.22277    0.09697    0.00944    0.10259
       339    2.22255    0.09663    0.00938    0.10036
       340    2.22340    0.09608    0.00927    0.10129
       341    2.22254    0.09644    0.00934    0.10077
       342    2.22232    0.09705    0.00947    0.09867
       343    2.22252    0.09673    0.00940    0.09648
       344    2.22239    0.09688    0.00943    0.09689
       345    2.22423    0.09658    0.00935    0.10120
       346    2.22340    0.09599    0.00925    0.09449
       347    2.22318    0.09609    0.00927    0.09099
       348    2.22155    0.09689    0.00945    0.10371
       349    2.22384    0.09587    0.00922    0.09250
       350    2.22250    0.09651    0.00936    0.09021
       351    2.22440    0.09596    0.00923    0.09730
       352    2.22320    0.09565    0.00919    0.08526
       353    2.22383    0.09602    0.00925    0.08454
       354    2.22302    0.09628    0.00931    0.08377
       355    2.22368    0.09598    0.00924    0.08389
       356    2.22397    0.09558    0.00916    0.08782
       357    2.22335    0.09583    0.00922    0.08077
       358    2.22273    0.09606    0.00927    0.08328
       359    2.22249    0.09561    0.00919    0.08636
       360    2.22369    0.09522    0.00910    0.07487
       361    2.22263    0.09648    0.00935    0.08134
       362    2.22350    0.09577    0.00920    0.07898
       363    2.22358    0.09575    0.00920    0.07562
       364    2.22369    0.09604    0.00925    0.07623
       365    2.22424    0.09611    0.00926    0.07926
       366    2.22360    0.09561    0.00917    0.07404
       367    2.22298    0.09586    0.00923    0.07503
       368    2.22396    0.09478    0.00901    0.07206
       369    2.22336    0.09551    0.00916    0.07394
       370    2.22270    0.09603    0.00926    0.07689
       371    2.22422    0.09515    0.00908    0.07512
       372    2.22421    0.09479    0.00901    0.06947
       373    2.22223    0.09597    0.00926    0.08399
       374    2.22420    0.09496    0.00904    0.06715
       375    2.22373    0.09553    0.00916    0.06425
       376    2.22350    0.09451    0.00897    0.06639
       377    2.22382    0.09571    0.00919    0.06664
       378    2.22429    0.09505    0.00906    0.06738
       379    2.22389    0.09453    0.00896    0.06196
       380    2.22295    0.09527    0.00911    0.06869
       381    2.22377    0.09568    0.00918    0.06216
       382    2.22324    0.09516    0.00909    0.06625
       383    2.22384    0.09583    0.00921    0.06167
       384    2.22412    0.09488    0.00903    0.06132
       385    2.22448    0.09510    0.00907    0.06198
       386    2.22281    0.09622    0.00930    0.06842
       387    2.22468    0.09557    0.00915    0.06731
       388    2.22384    0.09521    0.00909    0.05797
       389    2.22296    0.09558    0.00917    0.06598
       390    2.22405    0.09610    0.00926    0.05987
       391    2.22472    0.09521    0.00909    0.06119
       392    2.22386    0.09520    0.00909    0.05516
       393    2.22444    0.09467    0.00899    0.05578
       394    2.22274    0.09584    0.00923    0.06931
       395    2.22419    0.09548    0.00914    0.05356
       396    2.22421    0.09485    0.00902    0.05455
       397    2.22396    0.09534    0.00912    0.05354
       398    2.22452    0.09506    0.00906    0.05725
       399    2.22438    0.09482    0.00901    0.05269
       400    2.22400    0.09464    0.00898    0.05108
       401    2.22340    0.09494    0.00905    0.05617
       402    2.22365    0.09538    0.00913    0.05376
       403    2.22420    0.09523    0.00909    0.04915
       404    2.22491    0.09458    0.00896    0.05509
       405    2.22361    0.09490    0.00904    0.05255
       406    2.22540    0.09413    0.00887    0.06482
       407    2.22371    0.09524    0.00910    0.05047
       408    2.22390    0.09542    0.00913    0.04668
       409    2.22503    0.09442    0.00893    0.05352
       410    2.22307    0.09508    0.00908    0.06086
       411    2.22424    0.09508    0.00907    0.04447
       412    2.22474    0.09493    0.00903    0.04621
       413    2.22379    0.09538    0.00913    0.04862
       414    2.22431    0.09526    0.00910    0.04530
       415    2.22390    0.09546    0.00914    0.04667
       416    2.22429    0.09475    0.00900    0.04541
       417    2.22427    0.09479    0.00901    0.04391
       418    2.22411    0.09461    0.00898    0.04448
       419    2.22573    0.09370    0.00879    0.06488
       420    2.22474    0.09454    0.00896    0.04462
       421    2.22292    0.09511    0.00909    0.06408
       422    2.22376    0.09467    0.00899    0.04646
       423    2.22451    0.09490    0.00903    0.04485
       424    2.22310    0.09545    0.00915    0.05886
       425    2.22465    0.09534    0.00911    0.04177
       426    2.22448    0.09527    0.00910    0.04148
       427    2.22554    0.09367    0.00879    0.05424
       428    2.22452    0.09463    0.00898    0.04106
       429    2.22420    0.09413    0.00888    0.04056
       430    2.22329    0.09523    0.00910    0.05433
       431    2.22516    0.09504    0.00905    0.04721
       432    2.22371    0.09505    0.00906    0.04554
       433    2.22492    0.09489    0.00902    0.04459
       434    2.22481    0.09473    0.00899    0.03921
       435    2.22495    0.09468    0.00898    0.04214
       436    2.22373    0.09527    0.00911    0.04467
       437    2.22363    0.09526    0.00911    0.04662
       438    2.22491    0.09542    0.00912    0.03992
       439    2.22465    0.09507    0.00906    0.03681
       440    2.22483    0.09463    0.00897    0.03868
       441    2.22316    0.09535    0.00913    0.05771
       442    2.22639    0.09350    0.00875    0.07271
       443    2.22423    0.09428    0.00891    0.03716
       444    2.22419    0.09476    0.00901    0.03655
       445    2.22389    0.09465    0.00899    0.04128
       446    2.22353    0.09514    0.00908    0.04883
       447    2.22495    0.09504    0.00905    0.03907
       448    2.22545    0.09446    0.00894    0.04829
       449    2.22370    0.09464    0.00899    0.04526
       450    2.22505    0.09505    0.00905    0.04137
       451    2.22438    0.09532    0.00911    0.03386
       452    2.22489    0.09423    0.00890    0.03612
       453    2.22393    0.09491    0.00903    0.03997
       454    2.22483    0.09471    0.00899    0.03523
       455    2.22452    0.09464    0.00898    0.03269
       456    2.22397    0.09454    0.00896    0.03965
       457    2.22587    0.09462    0.00896    0.05360
       458    2.22461    0.09456    0.00896    0.03117
       459    2.22322    0.09457    0.00898    0.05869
       460    2.22519    0.09457    0.00896    0.03822
       461    2.22563    0.09497    0.00903    0.05038
       462    2.22359    0.09509    0.00907    0.04725
       463    2.22428    0.09484    0.00902    0.03404
       464    2.22453    0.09507    0.00906    0.03122
       465    2.22617    0.09364    0.00878    0.05773
       466    2.22436    0.09419    0.00890    0.03239
       467    2.22545    0.09416    0.00888    0.04052
       468    2.22367    0.09458    0.00898    0.04609
       469    2.22445    0.09453    0.00896    0.03278
       470    2.22499    0.09491    0.00902    0.03268
       471    2.22440    0.09420    0.00890    0.03188
       472    2.22330    0.09493    0.00905    0.05629
       473    2.22550    0.09419    0.00889    0.04239
       474    2.22604    0.09363    0.00878    0.05334
       475    2.22359    0.09485    0.00903    0.04888
       476    2.22428    0.09497    0.00904    0.03206
       477    2.22524    0.09469    0.00898    0.03540
       478    2.22604    0.09408    0.00886    0.05307
       479    2.22382    0.09520    0.00909    0.04148
       480    2.22373    0.09432    0.00893    0.04579
       481    2.22513    0.09479    0.00900    0.03067
       482    2.22457    0.09506    0.00906    0.02867
       483    2.22536    0.09469    0.00898    0.03574
       484    2.22506    0.09445    0.00894    0.03026
       485    2.22487    0.09376    0.00881    0.02789
       486    2.22500    0.09451    0.00895    0.02926
       487    2.22349    0.09477    0.00901    0.05282
       488    2.22466    0.09499    0.00904    0.02836
       489    2.22455    0.09507    0.00906    0.02774
       490    2.22388    0.09513    0.00908    0.04027
       491    2.22607    0.09420    0.00888    0.05326
       492    2.22488    0.09457    0.00896    0.02853
       493    2.22532    0.09410    0.00887    0.03196
       494    2.22502    0.09435    0.00892    0.02733
       495    2.22433    0.09407    0.00887    0.03210
       496    2.22530    0.09367    0.00879    0.03047
       497    2.22472    0.09400    0.00886    0.02645
       498    2.22473    0.09453    0.00896    0.02632
       499    2.22436    0.09477    0.00900    0.03049
       500    2.22388    0.09434    0.00893    0.04203
       501    2.22507    0.09451    0.00895    0.02733
       502    2.22494    0.09396    0.00885    0.02618
       503    2.22562    0.09449    0.00894    0.03928
       504    2.22378    0.09505    0.00906    0.04432
       505    2.22526    0.09504    0.00905    0.03239
       506    2.22530    0.09459    0.00896    0.03251
       507    2.22507    0.09444    0.00894    0.02933
       508    2.22444    0.09422    0.00890    0.02971
       509    2.22409    0.09486    0.00902    0.03621
       510    2.22529    0.09363    0.00878    0.02871
       511    2.22554    0.09400    0.00885    0.03249
       512    2.22526    0.09401    0.00885    0.02872
       513    2.22457    0.09495    0.00904    0.02704
       514    2.22498    0.09408    0.00887    0.02604
       515    2.22479    0.09336    0.00874    0.02593
       516    2.22592    0.09399    0.00885    0.04465
       517    2.22475    0.09448    0.00895    0.02599
       518    2.22356    0.09426    0.00892    0.05319
       519    2.22453    0.09422    0.00890    0.02824
       520    2.22524    0.09407    0.00886    0.02797
       521    2.22366    0.09413    0.00889    0.05078
       522    2.22488    0.09528    0.00910    0.02749
       523    2.22557    0.09417    0.00888    0.03434
       524    2.22465    0.09430    0.00891    0.02660
       525    2.22493    0.09452    0.00895    0.02650
       526    2.22557    0.09426    0.00890    0.03536
       527    2.22447    0.09400    0.00886    0.02948
       528    2.22495    0.09401    0.00886    0.02520
       529    2.22484    0.09500    0.00904    0.02480
       530    2.22568    0.09403    0.00885    0.03480
       531    2.22489    0.09464    0.00898    0.02488
       532    2.22448    0.09428    0.00891    0.02923
       533    2.22458    0.09513    0.00907    0.02650
       534    2.22482    0.09399    0.00885    0.02484
       535    2.22498    0.09464    0.00897    0.02438
       536    2.22558    0.09382    0.00881    0.03335
       537    2.22426    0.09459    0.00897    0.03304
       538    2.22387    0.09487    0.00903    0.04278
       539    2.22531    0.09458    0.00896    0.02717
       540    2.22560    0.09458    0.00896    0.03449
       541    2.22467    0.09414    0.00888    0.02634
       542    2.22502    0.09402    0.00886    0.02434
       543    2.22525    0.09415    0.00888    0.02606
       544    2.22416    0.09431    0.00892    0.03576
       545    2.22521    0.09403    0.00886    0.02534
       546    2.22585    0.09432    0.00891    0.04046
       547    2.22552    0.09357    0.00877    0.02986
       548    2.22337    0.09548    0.00915    0.05696
       549    2.22526    0.09448    0.00894    0.02567
       550    2.22509    0.09371    0.00880    0.02355
       551    2.22530    0.09397    0.00884    0.02706
       552    2.22486    0.09467    0.00898    0.02427
       553    2.22460    0.09349    0.00876    0.02753
       554    2.22605    0.09349    0.00875    0.04351
       555    2.22531    0.09392    0.00884    0.02530
       556    2.22426    0.09430    0.00892    0.03459
       557    2.22455    0.09467    0.00898    0.02771
       558    2.22526    0.09351    0.00876    0.02404
       559    2.22452    0.09435    0.00892    0.02839
       560    2.22585    0.09352    0.00876    0.03629
       561    2.22395    0.09455    0.00897    0.04119
       562    2.22638    0.09401    0.00885    0.05585
       563    2.22363    0.09487    0.00903    0.05110
       564    2.22545    0.09403    0.00886    0.02850
       565    2.22433    0.09445    0.00894    0.03220
       566    2.22502    0.09404    0.00886    0.02318
       567    2.22611    0.09323    0.00870    0.04238
       568    2.22438    0.09419    0.00889    0.03288
       569    2.22575    0.09358    0.00877    0.03392
       570    2.22444    0.09405    0.00887    0.03070
       571    2.22540    0.09450    0.00894    0.02817
       572    2.22457    0.09434    0.00892    0.02808
       573    2.22471    0.09450    0.00895    0.02504
       574    2.22515    0.09413    0.00888    0.02333
       575    2.22482    0.09426    0.00890    0.02396
       576    2.22549    0.09385    0.00882    0.02810
       577    2.22450    0.09484    0.00902    0.02796
       578    2.22538    0.09458    0.00896    0.02893
       579    2.22541    0.09366    0.00879    0.02583
       580    2.22464    0.09407    0.00887    0.02675
       581    2.22380    0.09493    0.00904    0.04697
       582    2.22551    0.09348    0.00875    0.02738
       583    2.22530    0.09455    0.00895    0.02582
       584    2.22526    0.09372    0.00880    0.02468
       585    2.22518    0.09410    0.00887    0.02301
       586    2.22417    0.09444    0.00894    0.03774
       587    2.22537    0.09429    0.00891    0.02616
       588    2.22604    0.09411    0.00887    0.04203
       589    2.22456    0.09481    0.00901    0.02785
       590    2.22370    0.09469    0.00900    0.05041
       591    2.22535    0.09397    0.00885    0.02522
       592    2.22465    0.09473    0.00899    0.02594
       593    2.22585    0.09412    0.00887    0.03823
       594    2.22403    0.09424    0.00891    0.04144
       595    2.22638    0.09385    0.00882    0.05310
       596    2.22594    0.09377    0.00880    0.03714
       597    2.22522    0.09368    0.00879    0.02347
       598    2.22491    0.09363    0.00879    0.02325
       599    2.22500    0.09306    0.00868    0.02288
       600    2.22527    0.09364    0.00878    0.02359
       601    2.22365    0.09417    0.00890    0.05486
       602    2.22493    0.09362    0.00878    0.02348
       603    2.22554    0.09428    0.00890    0.03057
       604    2.22530    0.09377    0.00881    0.02401
       605    2.22455    0.09418    0.00889    0.02830
       606    2.22439    0.09370    0.00880    0.03314
       607    2.22626    0.09396    0.00884    0.04717
       608    2.22484    0.09431    0.00891    0.02387
       609    2.22401    0.09412    0.00888    0.04364
       610    2.22536    0.09414    0.00888    0.02476
       611    2.22493    0.09433    0.00892    0.02346
       612    2.22516    0.09388    0.00883    0.02288
       613    2.22538    0.09363    0.00878    0.02549
       614    2.22481    0.09483    0.00901    0.02399
       615    2.22459    0.09455    0.00896    0.02756
       616    2.22578    0.09388    0.00882    0.03366
       617    2.22504    0.09435    0.00892    0.02255
       618    2.22526    0.09427    0.00890    0.02429
       619    2.22470    0.09397    0.00885    0.02563
       620    2.22566    0.09455    0.00895    0.03258
       621    2.22522    0.09395    0.00884    0.02325
       622    2.22502    0.09415    0.00888    0.02284
       623    2.22515    0.09353    0.00876    0.02221
       624    2.22465    0.09399    0.00885    0.02672
       625    2.22411    0.09396    0.00885    0.04113
       626    2.22661    0.09373    0.00879    0.05971
       627    2.22467    0.09357    0.00878    0.02772
       628    2.22522    0.09401    0.00885    0.02313
       629    2.22457    0.09369    0.00880    0.02983
       630    2.22624    0.09348    0.00875    0.04530
       631    2.22427    0.09455    0.00896    0.03582
       632    2.22548    0.09371    0.00880    0.02573
       633    2.22513    0.09380    0.00882    0.02241
       634    2.22441    0.09476    0.00900    0.03131
       635    2.22495    0.09436    0.00892    0.02322
       636    2.22552    0.09379    0.00881    0.02675
       637    2.22473    0.09390    0.00884    0.02544
       638    2.22516    0.09344    0.00875    0.02202
       639    2.22507    0.09320    0.00870    0.02240
       640    2.22477    0.09436    0.00892    0.02448
       641    2.22663    0.09365    0.00878    0.05737
       642    2.22513    0.09405    0.00886    0.02288
       643    2.22427    0.09370    0.00880    0.03589
       644    2.22470    0.09374    0.00881    0.02705
       645    2.22476    0.09338    0.00874    0.02551
       646    2.22534    0.09337    0.00873    0.02416
       647    2.22569    0.09364    0.00878    0.03032
       648    2.22546    0.09342    0.00874    0.02495
       649    2.22450    0.09389    0.00884    0.03158
       650    2.22474    0.09426    0.00890    0.02542
       651    2.22600    0.09329    0.00871    0.03852
       652    2.22442    0.09404    0.00887    0.03309
       653    2.22539    0.09401    0.00885    0.02520
       654    2.22539    0.09404    0.00886    0.02400
       655    2.22528    0.09351    0.00876    0.02271
       656    2.22351    0.09376    0.00882    0.06287
       657    2.22534    0.09361    0.00878    0.02433
       658    2.22442    0.09389    0.00884    0.03237
       659    2.22645    0.09377    0.00880    0.05309
       660    2.22459    0.09433    0.00892    0.02814
       661    2.22560    0.09337    0.00873    0.02723
       662    2.22511    0.09423    0.00890    0.02276
       663    2.22553    0.09384    0.00882    0.02668
       664    2.22460    0.09438    0.00893    0.02807
       665    2.22504    0.09398    0.00885    0.02299
       666    2.22520    0.09414    0.00888    0.02285
       667    2.22474    0.09418    0.00889    0.02541
       668    2.22574    0.09363    0.00878    0.02996
       669    2.22459    0.09396    0.00885    0.02953
       670    2.22514    0.09479    0.00900    0.02300
       671    2.22534    0.09372    0.00880    0.02413
       672    2.22537    0.09415    0.00888    0.02445
       673    2.22491    0.09319    0.00870    0.02421
       674    2.22592    0.09350    0.00875    0.03552
       675    2.22465    0.09376    0.00881    0.02753
       676    2.22540    0.09330    0.00872    0.02366
       677    2.22421    0.09469    0.00899    0.03638
       678    2.22445    0.09421    0.00890    0.03239
       679    2.22581    0.09346    0.00875    0.03138
       680    2.22638    0.09239    0.00854    0.04620
       681    2.22481    0.09325    0.00871    0.02563
       682    2.22514    0.09373    0.00880    0.02241
       683    2.22427    0.09401    0.00886    0.03709
       684    2.22553    0.09426    0.00890    0.02731
       685    2.22374    0.09424    0.00891    0.05277
       686    2.22683    0.09339    0.00873    0.06353
       687    2.22522    0.09366    0.00879    0.02254
       688    2.22386    0.09423    0.00891    0.04848
       689    2.22545    0.09454    0.00895    0.02728
       690    2.22464    0.09423    0.00890    0.02712
       691    2.22525    0.09374    0.00880    0.02258
       692    2.22577    0.09418    0.00888    0.03377
       693    2.22513    0.09351    0.00876    0.02219
       694    2.22530    0.09320    0.00870    0.02229
       695    2.22437    0.09412    0.00888    0.03626
       696    2.22511    0.09374    0.00880    0.02262
       697    2.22603    0.09339    0.00873    0.03814
       698    2.22472    0.09349    0.00876    0.02707
       699    2.22504    0.09411    0.00887    0.02277
       700    2.22468    0.09387    0.00883    0.02798
       701    2.22588    0.09380    0.00881    0.03416
       702    2.22513    0.09344    0.00875    0.02255
       703    2.22475    0.09372    0.00880    0.02651
       704    2.22688    0.09307    0.00867    0.06447
       705    2.22421    0.09376    0.00882    0.03976
       706    2.22489    0.09348    0.00876    0.02504
       707    2.22512    0.09419    0.00889    0.02251
       708    2.22544    0.09355    0.00877    0.02488
       709    2.22570    0.09265    0.00860    0.02826
       710    2.22366    0.09445    0.00895    0.05428
       711    2.22541    0.09335    0.00873    0.02418
       712    2.22530    0.09359    0.00877    0.02323
       713    2.22529    0.09362    0.00878    0.02352
       714    2.22523    0.09371    0.00880    0.02273
       715    2.22519    0.09368    0.00879    0.02230
       716    2.22548    0.09346    0.00875    0.02392
       717    2.22500    0.09386    0.00883    0.02271
       718    2.22500    0.09351    0.00876    0.02288
       719    2.22539    0.09318    0.00870    0.02328
       720    2.22452    0.09323    0.00871    0.03202
       721    2.22574    0.09349    0.00875    0.03033
       722    2.22519    0.09371    0.00880    0.02258
       723    2.22557    0.09362    0.00878    0.02755
       724    2.22411    0.09408    0.00888    0.04201
       725    2.22566    0.09339    0.00873    0.02699
       726    2.22564    0.09344    0.00874    0.02698
       727    2.22372    0.09422    0.00891    0.05461
       728    2.22467    0.09395    0.00885    0.02793
       729    2.22437    0.09494    0.00904    0.03271
       730    2.22574    0.09432    0.00891    0.03204
       731    2.22584    0.09438    0.00892    0.03446
       732    2.22501    0.09338    0.00874    0.02274
       733    2.22512    0.09416    0.00888    0.02257
       734    2.22527    0.09367    0.00879    0.02306
       735    2.22465    0.09401    0.00886    0.02811
       736    2.22592    0.09366    0.00878    0.03343
       737    2.22444    0.09423    0.00890    0.03155
       738    2.22558    0.09404    0.00886    0.02810
       739    2.22495    0.09398    0.00885    0.02325
       740    2.22619    0.09366    0.00878    0.04415
       741    2.22563    0.09363    0.00878    0.02758
       742    2.22382    0.09376    0.00882    0.05205
       743    2.22432    0.09433    0.00892    0.03481
       744    2.22553    0.09377    0.00881    0.02686
       745    2.22496    0.09425    0.00890    0.02291
       746    2.22634    0.09324    0.00870    0.04701
       747    2.22458    0.09436    0.00892    0.02977
       748    2.22504    0.09385    0.00882    0.02261
       749    2.22485    0.09312    0.00869    0.02477
       750    2.22492    0.09357    0.00877    0.02369
       751    2.22503    0.09354    0.00877    0.02286
       752    2.22434    0.09445    0.00894    0.03444
       753    2.22567    0.09367    0.00879    0.02955
       754    2.22567    0.09367    0.00879    0.02982
       755    2.22501    0.09379    0.00881    0.02273
       756    2.22561    0.09309    0.00868    0.02630
       757    2.22583    0.09293    0.00865    0.03092
       758    2.22396    0.09364    0.00879    0.04891
       759    2.22506    0.09340    0.00874    0.02253
       760    2.22558    0.09381    0.00881    0.02626
       761    2.22579    0.09291    0.00864    0.03037
       762    2.22526    0.09328    0.00872    0.02236
       763    2.22545    0.09387    0.00883    0.02523
       764    2.22560    0.09331    0.00872    0.02645
       765    2.22496    0.09375    0.00881    0.02366
       766    2.22438    0.09375    0.00881    0.03439
       767    2.22483    0.09382    0.00882    0.02485
       768    2.22508    0.09416    0.00888    0.02239
       769    2.22520    0.09353    0.00876    0.02226
       770    2.22479    0.09393    0.00884    0.02557
       771    2.22454    0.09461    0.00897    0.02882
       772    2.22550    0.09378    0.00881    0.02620
       773    2.22478    0.09333    0.00873    0.02648
       774    2.22591    0.09358    0.00877    0.03525
       775    2.22537    0.09405    0.00886    0.02484
       776    2.22462    0.09416    0.00889    0.02937
       777    2.22605    0.09285    0.00863    0.03611
       778    2.22454    0.09377    0.00881    0.03203
       779    2.22435    0.09451    0.00896    0.03394
       780    2.22637    0.09412    0.00887    0.05194
       781    2.22437    0.09323    0.00871    0.03547
       782    2.22437    0.09423    0.00890    0.03386
       783    2.22605    0.09305    0.00867    0.03677
       784    2.22476    0.09403    0.00886    0.02580
       785    2.22542    0.09379    0.00881    0.02514
       786    2.22558    0.09358    0.00877    0.02650
       787    2.22601    0.09295    0.00865    0.03649
       788    2.22425    0.09381    0.00882    0.03832
       789    2.22591    0.09360    0.00877    0.03383
       790    2.22398    0.09404    0.00887    0.04557
       791    2.22475    0.09418    0.00889    0.02625
       792    2.22484    0.09385    0.00883    0.02444
       793    2.22622    0.09289    0.00864    0.04306
       794    2.22425    0.09369    0.00880    0.03978
       795    2.22530    0.09438    0.00892    0.02343
       796    2.22586    0.09337    0.00873    0.03216
       797    2.22628    0.09307    0.00867    0.04315
       798    2.22500    0.09255    0.00858    0.02335
       799    2.22495    0.09399    0.00885    0.02346
       800    2.22397    0.09399    0.00886    0.04849
       801    2.22578    0.09332    0.00872    0.03079
       802    2.22520    0.09380    0.00882    0.02274
       803    2.22500    0.09423    0.00890    0.02279
       804    2.22592    0.09417    0.00888    0.03566
       805    2.22430    0.09367    0.00880    0.03740
       806    2.22495    0.09389    0.00883    0.02379
       807    2.22548    0.09457    0.00896    0.02742
       808    2.22431    0.09404    0.00887    0.03755
       809    2.22572    0.09372    0.00880    0.03067
       810    2.22597    0.09310    0.00868    0.03591
       811    2.22559    0.09333    0.00872    0.02693
       812    2.22446    0.09346    0.00876    0.03423
       813    2.22517    0.09314    0.00869    0.02193
       814    2.22395    0.09402    0.00887    0.04773
       815    2.22685    0.09373    0.00879    0.06397
       816    2.22439    0.09372    0.00881    0.03395
       817    2.22508    0.09260    0.00859    0.02284
       818    2.22580    0.09325    0.00871    0.02977
       819    2.22502    0.09269    0.00861    0.02359
       820    2.22534    0.09369    0.00879    0.02353
       821    2.22510    0.09364    0.00879    0.02241
       822    2.22449    0.09348    0.00876    0.03296
       823    2.22526    0.09369    0.00879    0.02295
       824    2.22632    0.09356    0.00876    0.04660
       825    2.22475    0.09330    0.00872    0.02713
       826    2.22476    0.09363    0.00879    0.02654
       827    2.22485    0.09339    0.00874    0.02548
       828    2.22504    0.09327    0.00872    0.02296
       829    2.22572    0.09334    0.00872    0.02998
       830    2.22482    0.09352    0.00876    0.02574
       831    2.22485    0.09361    0.00878    0.02521
       832    2.22560    0.09375    0.00880    0.02767
       833    2.22551    0.09323    0.00870    0.02540
       834    2.22483    0.09359    0.00878    0.02498
       835    2.22526    0.09355    0.00877    0.02229
       836    2.22571    0.09308    0.00868    0.02932
       837    2.22508    0.09314    0.00869    0.02235
       838    2.22501    0.09377    0.00881    0.02289
       839    2.22495    0.09298    0.00866    0.02394
       840    2.22547    0.09310    0.00868    0.02437
       841    2.22488    0.09357    0.00877    0.02469
       842    2.22539    0.09349    0.00875    0.02453
       843    2.22518    0.09373    0.00880    0.02222
       844    2.22511    0.09339    0.00874    0.02208
       845    2.22488    0.09355    0.00877    0.02420
       846    2.22594    0.09318    0.00869    0.03360
       847    2.22453    0.09348    0.00876    0.03106
       848    2.22527    0.09301    0.00867    0.02200
       849    2.22378    0.09396    0.00886    0.05241
       850    2.22547    0.09409    0.00887    0.02534
       851    2.22511    0.09380    0.00882    0.02233
       852    2.22515    0.09378    0.00881    0.02218
       853    2.22637    0.09324    0.00870    0.04834
       854    2.22457    0.09320    0.00871    0.03128
       855    2.22462    0.09408    0.00887    0.02836
       856    2.22531    0.09335    0.00873    0.02254
       857    2.22660    0.09322    0.00870    0.05332
       858    2.22473    0.09317    0.00870    0.02706
       859    2.22535    0.09330    0.00872    0.02294
       860    2.22547    0.09297    0.00866    0.02449
       861    2.22586    0.09221    0.00851    0.03064
       862    2.22434    0.09384    0.00883    0.03578
       863    2.22458    0.09268    0.00861    0.03195
       864    2.22580    0.09322    0.00870    0.03008
       865    2.22595    0.09294    0.00865    0.03395
       866    2.22414    0.09332    0.00873    0.04246
       867    2.22574    0.09286    0.00864    0.02776
       868    2.22458    0.09326    0.00872    0.03063
       869    2.22526    0.09275    0.00862    0.02192
       870    2.22437    0.09382    0.00882    0.03384
       871    2.22447    0.09409    0.00888    0.03259
       872    2.22604    0.09345    0.00874    0.03715
       873    2.22510    0.09383    0.00882    0.02241
       874    2.22525    0.09357    0.00877    0.02242
       875    2.22612    0.09249    0.00856    0.03856
       876    2.22464    0.09326    0.00872    0.03052
       877    2.22492    0.09312    0.00869    0.02375
       878    2.22522    0.09310    0.00868    0.02198
       879    2.22435    0.09371    0.00880    0.03429
       880    2.22558    0.09363    0.00878    0.02666
       881    2.22537    0.09368    0.00879    0.02329
       882    2.22610    0.09318    0.00869    0.03830
       883    2.22537    0.09374    0.00880    0.02339
       884    2.22463    0.09371    0.00880    0.02908
       885    2.22439    0.09357    0.00878    0.03611
       886    2.22606    0.09351    0.00875    0.03816
       887    2.22528    0.09284    0.00863    0.02196
       888    2.22511    0.09290    0.00865    0.02267
       889    2.22492    0.09365    0.00879    0.02451
       890    2.22553    0.09272    0.00861    0.02324
       891    2.22391    0.09387    0.00884    0.04850
       892    2.22626    0.09354    0.00876    0.04367
       893    2.22497    0.09332    0.00873    0.02312
       894    2.22462    0.09382    0.00882    0.03035
       895    2.22684    0.09245    0.00855    0.06080
       896    2.22501    0.09384    0.00882    0.02276
       897    2.22450    0.09336    0.00874    0.03242
       898    2.22523    0.09355    0.00877    0.02267
       899    2.22538    0.09349    0.00875    0.02352
       900    2.22483    0.09286    0.00864    0.02638
       901    2.22576    0.09317    0.00869    0.02924
       902    2.22424    0.09382    0.00883    0.03968
       903    2.22565    0.09277    0.00862    0.02594
       904    2.22592    0.09269    0.00860    0.03200
       905    2.22412    0.09346    0.00876    0.04366
       906    2.22587    0.09285    0.00863    0.03183
       907    2.22472    0.09351    0.00876    0.02746
       908    2.22485    0.09345    0.00875    0.02476
       909    2.22597    0.09321    0.00870    0.03615
       910    2.22461    0.09322    0.00871    0.03025
       911    2.22600    0.09290    0.00864    0.03489
       912    2.22384    0.09385    0.00884    0.05191
       913    2.22529    0.09335    0.00873    0.02234
       914    2.22582    0.09322    0.00870    0.03221
       915    2.22502    0.09325    0.00871    0.02255
       916    2.22496    0.09353    0.00877    0.02331
       917    2.22555    0.09303    0.00867    0.02603
       918    2.22622    0.09288    0.00864    0.04296
       919    2.22540    0.09296    0.00866    0.02294
       920    2.22497    0.09285    0.00864    0.02406
       921    2.22505    0.09270    0.00861    0.02297
       922    2.22556    0.09286    0.00864    0.02496
       923    2.22554    0.09322    0.00870    0.02491
       924    2.22466    0.09278    0.00863    0.03030
       925    2.22566    0.09223    0.00852    0.02435
       926    2.22446    0.09328    0.00872    0.03416
       927    2.22525    0.09251    0.00857    0.02157
       928    2.22440    0.09374    0.00881    0.03574
       929    2.22546    0.09309    0.00868    0.02339
       930    2.22567    0.09341    0.00874    0.02703
       931    2.22551    0.09350    0.00876    0.02481
       932    2.22517    0.09279    0.00863    0.02206
       933    2.22530    0.09328    0.00872    0.02247
       934    2.22490    0.09328    0.00872    0.02519
       935    2.22392    0.09353    0.00878    0.04955
       936    2.22622    0.09358    0.00877    0.04455
       937    2.22488    0.09381    0.00882    0.02422
       938    2.22509    0.09372    0.00880    0.02240
       939    2.22560    0.09310    0.00868    0.02494
       940    2.22524    0.09312    0.00869    0.02206
       941    2.22539    0.09292    0.00865    0.02316
       942    2.22453    0.09383    0.00883    0.03082
       943    2.22469    0.09344    0.00875    0.02694
       944    2.22628    0.09281    0.00862    0.04318
       945    2.22525    0.09283    0.00863    0.02211
       946    2.22499    0.09309    0.00868    0.02333
       947    2.22451    0.09349    0.00876    0.03192
       948    2.22525    0.09320    0.00870    0.02211
       949    2.22541    0.09296    0.00866    0.02250
       950    2.22527    0.09335    0.00873    0.02196
       951    2.22540    0.09282    0.00863    0.02245
       952    2.22496    0.09345    0.00875    0.02315
       953    2.22623    0.09271    0.00860    0.03959
       954    2.22521    0.09236    0.00855    0.02160
       955    2.22442    0.09336    0.00874    0.03440
       956    2.22519    0.09308    0.00868    0.02202
       957    2.22494    0.09351    0.00876    0.02316
       958    2.22492    0.09371    0.00880    0.02424
       959    2.22554    0.09336    0.00873    0.02461
       960    2.22517    0.09398    0.00885    0.02226
       961    2.22551    0.09370    0.00879    0.02510
       962    2.22508    0.09315    0.00869    0.02256
       963    2.22600    0.09289    0.00864    0.03558
       964    2.22436    0.09335    0.00874    0.03524
       965    2.22605    0.09229    0.00853    0.03502
       966    2.22441    0.09246    0.00857    0.03762
       967    2.22521    0.09346    0.00875    0.02235
       968    2.22606    0.09272    0.00861    0.03703
       969    2.22488    0.09253    0.00858    0.02668
       970    2.22494    0.09316    0.00870    0.02411
       971    2.22459    0.09349    0.00876    0.03222
       972    2.22614    0.09269    0.00860    0.03838
       973    2.22397    0.09396    0.00886    0.04714
       974    2.22492    0.09322    0.00871    0.02396
       975    2.22504    0.09345    0.00875    0.02272
       976    2.22542    0.09343    0.00874    0.02328
       977    2.22574    0.09313    0.00868    0.02869
       978    2.22602    0.09366    0.00878    0.03758
       979    2.22455    0.09398    0.00885    0.03055
       980    2.22526    0.09280    0.00863    0.02163
       981    2.22601    0.09240    0.00855    0.03450
       982    2.22587    0.09310    0.00868    0.03285
       983    2.22374    0.09315    0.00871    0.05670
       984    2.22617    0.09285    0.00863    0.04042
       985    2.22563    0.09198    0.00847    0.02445
       986    2.22401    0.09353    0.00877    0.04527
       987    2.22526    0.09319    0.00870    0.02182
       988    2.22516    0.09309    0.00868    0.02234
       989    2.22484    0.09310    0.00869    0.02558
       990    2.22378    0.09407    0.00888    0.05211
       991    2.22702    0.09255    0.00857    0.06733
       992    2.22402    0.09363    0.00879    0.04652
       993    2.22599    0.09260    0.00859    0.03314
       994    2.22637    0.09280    0.00862    0.04580
       995    2.22508    0.09315    0.00869    0.02225
       996    2.22512    0.09226    0.00853    0.02208
       997    2.22423    0.09332    0.00873    0.04137
       998    2.22429    0.09394    0.00885    0.03627
       999    2.22694    0.09208    0.00848    0.06278

Final Weights:         0.4145773474         0.2104946466        -0.2414772040        -0.3827964075 