# Cycles, Average Predicted Temperature, Stddev Predicted Temperature, Mean Squared Error, || MSE Gradient ||
         0    0.01185    0.00675    5.27780    1.98907
         1    0.01276    0.00734    5.27363    2.10956
         2    0.01378    0.00802    5.26893    2.24528
         3    0.01488    0.00877    5.26393    2.37869
         4    0.01618    0.00965    5.25798    2.54259
         5    0.01761    0.01063    5.25143    2.71373
         6    0.01931    0.01179    5.24366    2.91414
         7    0.02121    0.01316    5.23502    3.12920
         8    0.02344    0.01468    5.22483    3.37408
         9    0.02606    0.01654    5.21295    3.67693
        10    0.02915    0.01874    5.19893    3.99928
        11    0.03290    0.02143    5.18194    4.38157
        12    0.03737    0.02467    5.16178    4.81598
        13    0.04276    0.02857    5.13749    5.31742
        14    0.04944    0.03340    5.10758    5.92340
        15    0.05779    0.03951    5.07034    6.63442
        16    0.06831    0.04739    5.02375    7.47691
        17    0.08199    0.05751    4.96372    8.50672
        18    0.09960    0.07086    4.88728    9.72450
        19    0.12362    0.08901    4.78461   11.25649
        20    0.15604    0.11393    4.64902   13.09168
        21    0.20257    0.14814    4.45979   15.42323
        22    0.26867    0.19956    4.20351   18.06049
        23    0.36775    0.27520    3.84490   21.02039
        24    0.51255    0.38716    3.37778   23.48881
        25    0.72428    0.54846    2.81275   23.62867
        26    0.99155    0.75402    2.30470   18.90508
        27    1.25908    0.96025    2.02480    9.50069
        28    1.40823    1.08002    1.97816    2.38547
        29    1.44061    1.10601    1.97769    1.30810
        30    1.44846    1.10869    1.97003    1.28224
        31    1.45311    1.10673    1.95772    1.27317
        32    1.44856    1.10757    1.96738    1.28372
        33    1.44796    1.11023    1.97432    1.28851
        34    1.45115    1.10501    1.95726    1.28008
        35    1.45099    1.10881    1.96596    1.27455
        36    1.44905    1.10337    1.95727    1.29236
        37    1.45248    1.11053    1.96721    1.29032
        38    1.45315    1.10680    1.95781    1.27082
        39    1.45391    1.10793    1.95901    1.26626
        40    1.45436    1.10247    1.94617    1.27963
        41    1.45510    1.10833    1.95786    1.27698
        42    1.45960    1.10133    1.93473    1.26893
        43    1.46124    1.10710    1.94467    1.27013
        44    1.45519    1.10345    1.94691    1.26379
        45    1.45586    1.10449    1.94806    1.26582
        46    1.45242    1.09891    1.94165    1.31910
        47    1.46448    1.10695    1.93886    1.28380
        48    1.46177    1.10415    1.93726    1.25869
        49    1.45711    1.10478    1.94656    1.25746
        50    1.46383    1.10187    1.92873    1.24856
        51    1.46045    1.10490    1.94117    1.25547
        52    1.46468    1.10123    1.92590    1.25025
        53    1.46609    1.10248    1.92628    1.24416
        54    1.46322    1.09940    1.92433    1.26178
        55    1.46305    1.10261    1.93168    1.25232
        56    1.46380    1.10201    1.92909    1.24681
        57    1.46852    1.10261    1.92246    1.24460
        58    1.46213    1.09946    1.92631    1.25381
        59    1.46617    1.10131    1.92356    1.24726
        60    1.47163    1.10077    1.91319    1.23591
        61    1.46540    1.09474    1.91043    1.29058
        62    1.47413    1.09986    1.90702    1.24283
        63    1.47703    1.10066    1.90394    1.24790
        64    1.46968    1.09736    1.90898    1.24490
        65    1.47265    1.10022    1.91027    1.23906
        66    1.47132    1.10007    1.91217    1.23641
        67    1.47088    1.09751    1.90728    1.23775
        68    1.47440    1.09986    1.90656    1.23427
        69    1.47408    1.09913    1.90549    1.22987
        70    1.47226    1.09746    1.90485    1.23378
        71    1.47335    1.10040    1.90949    1.23480
        72    1.47010    1.09470    1.90243    1.25003
        73    1.47806    1.09777    1.89587    1.22495
        74    1.47703    1.09521    1.89198    1.22597
        75    1.47581    1.09671    1.89728    1.23050
        76    1.47863    1.09700    1.89322    1.22851
        77    1.47895    1.09644    1.89147    1.22240
        78    1.47660    1.09381    1.88962    1.23091
        79    1.48249    1.09761    1.88818    1.22752
        80    1.47288    1.09358    1.89533    1.24278
        81    1.48131    1.09838    1.89182    1.23438
        82    1.47916    1.09701    1.89237    1.22028
        83    1.48392    1.09696    1.88439    1.22185
        84    1.47376    1.09001    1.88606    1.27091
        85    1.48643    1.09625    1.87868    1.22475
        86    1.48338    1.09553    1.88214    1.21197
        87    1.47938    1.09050    1.87777    1.23707
        88    1.48830    1.09710    1.87748    1.22998
        89    1.47809    1.09035    1.87958    1.24009
        90    1.49078    1.09106    1.86019    1.20580
        91    1.48505    1.09743    1.88356    1.22893
        92    1.48096    1.09125    1.87678    1.22050
        93    1.49138    1.09530    1.86850    1.21875
        94    1.48221    1.09080    1.87372    1.21399
        95    1.48942    1.09838    1.87846    1.24410
        96    1.48245    1.08827    1.86782    1.23375
        97    1.48592    1.08853    1.86265    1.21983
        98    1.49451    1.09393    1.86038    1.66937
        99    1.48293    1.08662    1.86343    1.58631
       100    1.48105    1.08913    1.87200    1.59132
       101    1.48304    1.08393    1.85742    1.59676
       102    1.48881    1.08582    1.85202    1.58927
       103    1.48556    1.08683    1.85956    1.59038
       104    1.48766    1.08487    1.85186    1.59441
       105    1.48909    1.08292    1.84527    1.59490
       106    1.49091    1.08274    1.84192    1.59740
       107    1.49052    1.08268    1.84241    1.60475
       108    1.49123    1.08222    1.84027    1.61313
       109    1.49909    1.08434    1.83204    1.61924
       110    1.48775    1.07784    1.83649    1.64745
       111    1.49381    1.07950    1.83016    1.63062
       112    1.49922    1.08095    1.82449    1.63225
       113    1.49735    1.07996    1.82539    1.63048
       114    1.50233    1.07619    1.80919    1.63170
       115    1.50071    1.07822    1.81618    1.64004
       116    1.50085    1.08022    1.82028    1.64821
       117    1.50359    1.07731    1.80958    1.64828
       118    1.50384    1.07871    1.81220    1.65931
       119    1.50064    1.07634    1.81225    1.66407
       120    1.50263    1.07363    1.80320    1.67557
       121    1.50668    1.07627    1.80238    1.67485
       122    1.50630    1.07531    1.80093    1.67271
       123    1.50935    1.07694    1.79953    1.68689
       124    1.50523    1.07020    1.79167    1.70337
       125    1.50740    1.06997    1.78769    1.70273
       126    1.51616    1.07622    1.78714    1.71465
       127    1.50775    1.07307    1.79378    1.70497
       128    1.51153    1.06878    1.77854    1.71251
       129    1.51265    1.07162    1.78283    1.71404
       130    1.51613    1.06996    1.77374    1.71836
       131    1.51543    1.07452    1.78465    1.73774
       132    1.51477    1.06503    1.76539    1.73424
       133    1.51409    1.07021    1.77753    1.73183
       134    1.51647    1.06496    1.76255    1.74160
       135    1.52140    1.06862    1.76256    1.74731
       136    1.52240    1.06881    1.76139    1.74693
       137    1.51498    1.06529    1.76560    1.77545
       138    1.51844    1.06463    1.75872    1.78256
       139    1.52858    1.06399    1.74141    1.77579
       140    1.52120    1.06665    1.75866    1.79754
       141    1.52183    1.06324    1.75041    1.79329
       142    1.52588    1.06272    1.74294    1.79829
       143    1.52834    1.05818    1.72945    1.80616
       144    1.53181    1.06205    1.73227    1.81130
       145    1.53061    1.06067    1.73121    1.80616
       146    1.53237    1.05977    1.72656    1.80812
       147    1.53474    1.05519    1.71320    1.82537
       148    1.53450    1.05963    1.72295    1.83312
       149    1.53682    1.05664    1.71304    1.82232
       150    1.53388    1.05302    1.70995    1.85522
       151    1.53694    1.05899    1.71782    1.85205
       152    1.53873    1.05387    1.70424    1.84879
       153    1.54183    1.05616    1.70431    1.85912
       154    1.54030    1.05381    1.70171    1.86611
       155    1.54023    1.05433    1.70289    1.86997
       156    1.54468    1.05131    1.68973    1.87806
       157    1.54547    1.04862    1.68286    1.88737
       158    1.54930    1.05213    1.68441    1.89181
       159    1.54694    1.04711    1.67744    1.90160
       160    1.54825    1.04700    1.67522    1.90104
       161    1.54689    1.04809    1.67958    1.91847
       162    1.55221    1.05067    1.67691    1.92142
       163    1.55670    1.04843    1.66545    1.92796
       164    1.54955    1.04483    1.66871    1.93733
       165    1.55106    1.04409    1.66488    1.94263
       166    1.56198    1.04649    1.65346    1.94375
       167    1.55259    1.03819    1.65029    1.97613
       168    1.55961    1.04120    1.64596    1.95418
       169    1.56559    1.04294    1.64065    1.96508
       170    1.56257    1.03951    1.63802    1.96287
       171    1.55876    1.03711    1.63874    1.99499
       172    1.56875    1.04330    1.63671    2.00005
       173    1.56332    1.03724    1.63218    1.98623
       174    1.56548    1.03399    1.62222    1.98900
       175    1.57182    1.03646    1.61795    1.98688
       176    1.57038    1.03230    1.61148    2.00957
       177    1.57282    1.03314    1.60963    2.01610
       178    1.57485    1.03413    1.60868    2.01617
       179    1.57904    1.03360    1.60145    2.02194
       180    1.57391    1.03134    1.60428    2.03263
       181    1.57636    1.02972    1.59735    2.03765
       182    1.58083    1.02919    1.58972    2.04080
       183    1.57847    1.02697    1.58862    2.05547
       184    1.58521    1.02226    1.56915    2.05754
       185    1.58630    1.02693    1.57714    2.06481
       186    1.58578    1.02601    1.57601    2.06388
       187    1.58284    1.02676    1.58182    2.08524
       188    1.58664    1.02182    1.56620    2.08177
       189    1.59137    1.02294    1.56167    2.07395
       190    1.59131    1.02416    1.56425    2.08781
       191    1.58709    1.01994    1.56169    2.10262
       192    1.59244    1.01538    1.54473    2.10957
       193    1.59564    1.02201    1.55365    2.12147
       194    1.59704    1.01398    1.53532    2.11358
       195    1.59730    1.01566    1.53835    2.11679
       196    1.59998    1.01422    1.53162    2.12824
       197    1.60093    1.01438    1.53059    2.14090
       198    1.60396    1.01416    1.52586    2.13659
       199    1.60122    1.01370    1.52881    2.14551
       200    1.60694    1.00913    1.51149    2.14271
       201    1.60725    1.00575    1.50424    2.15991
       202    1.61192    1.00730    1.50084    2.15813
       203    1.61177    1.00692    1.50026    2.17244
       204    1.61776    1.00555    1.48921    2.16134
       205    1.61747    1.00493    1.48836    2.19810
       206    1.61947    1.00149    1.47869    2.18888
       207    1.61566    1.00268    1.48634    2.21081
       208    1.62111    0.99966    1.47277    2.20697
       209    1.62294    0.99987    1.47068    2.21807
       210    1.61892    0.99332    1.46314    2.25053
       211    1.62690    0.99887    1.46326    2.24371
       212    1.62894    0.99643    1.45561    2.23243
       213    1.62427    0.99236    1.45390    2.25668
       214    1.63157    0.99508    1.44934    2.25031
       215    1.63246    0.98998    1.43802    2.26947
       216    1.63555    0.99071    1.43530    2.27087
       217    1.63074    0.98858    1.43758    2.28631
       218    1.63780    0.98881    1.42850    2.28863
       219    1.63819    0.98587    1.42217    2.29706
       220    1.63811    0.98368    1.41796    2.30668
       221    1.63989    0.98283    1.41392    2.31668
       222    1.64904    0.98353    1.40313    2.31568
       223    1.64611    0.97912    1.39835    2.31816
       224    1.65204    0.98345    1.39902    2.34007
       225    1.64885    0.97475    1.38617    2.33708
       226    1.65641    0.97346    1.37374    2.33496
       227    1.65187    0.97010    1.37315    2.38211
       228    1.65686    0.97841    1.38281    2.38387
       229    1.65795    0.96990    1.36481    2.37062
       230    1.66103    0.96788    1.35691    2.37818
       231    1.65971    0.97127    1.36518    2.39798
       232    1.66267    0.96386    1.34700    2.39410
       233    1.67046    0.96425    1.33776    2.38597
       234    1.67042    0.96300    1.33538    2.39439
       235    1.67021    0.95807    1.32619    2.42460
       236    1.67834    0.95852    1.31673    2.41787
       237    1.67286    0.96017    1.32683    2.51431
       238    1.67457    0.95748    1.31952    2.50288
       239    1.67729    0.95662    1.31442    2.49717
       240    1.67523    0.95070    1.30573    2.53049
       241    1.68084    0.95083    1.29889    2.52645
       242    1.68770    0.94646    1.28204    2.51834
       243    1.68572    0.94650    1.28456    2.54343
       244    1.68740    0.94507    1.27979    2.55106
       245    1.69336    0.94274    1.26800    2.53921
       246    1.69443    0.94198    1.26525    2.54814
       247    1.69652    0.93801    1.25522    2.55712
       248    1.69786    0.93576    1.24936    2.57926
       249    1.70405    0.93622    1.24269    2.57737
       250    1.69881    0.93083    1.23901    2.60231
       251    1.70782    0.93112    1.22862    2.58686
       252    1.70768    0.93161    1.22972    2.60765
       253    1.70867    0.92492    1.21609    2.61294
       254    1.71469    0.92289    1.20515    2.60764
       255    1.71613    0.92301    1.20365    2.62134
       256    1.71860    0.91712    1.18989    2.61835
       257    1.72394    0.91884    1.18678    2.63009
       258    1.72087    0.91819    1.18918    2.63886
       259    1.72523    0.91206    1.17287    2.64108
       260    1.72854    0.91254    1.16988    2.66209
       261    1.73319    0.91165    1.16287    2.65667
       262    1.72887    0.90274    1.15171    2.67993
       263    1.73540    0.90503    1.14831    2.67517
       264    1.73652    0.90008    1.13809    2.68518
       265    1.74028    0.90241    1.13800    2.69268
       266    1.74575    0.89965    1.12684    2.68191
       267    1.74649    0.89211    1.11249    2.67967
       268    1.75059    0.89399    1.11124    2.69546
       269    1.75556    0.88939    1.09753    2.68380
       270    1.75195    0.88912    1.10104    2.69968
       271    1.75680    0.88544    1.08913    2.70890
       272    1.76531    0.87972    1.06970    2.72352
       273    1.75716    0.88201    1.08267    2.75765
       274    1.76571    0.87935    1.06862    2.75774
       275    1.76474    0.87126    1.05551    2.75502
       276    1.76846    0.87756    1.06249    2.76642
       277    1.77364    0.86872    1.04149    2.73916
       278    1.77552    0.86978    1.04132    2.75820
       279    1.77484    0.86501    1.03376    2.76238
       280    1.78478    0.86135    1.01693    2.75705
       281    1.78338    0.85854    1.01356    2.76588
       282    1.78794    0.85846    1.00865    2.76381
       283    1.79466    0.85313    0.99256    2.75828
       284    1.79474    0.84791    0.98360    2.75431
       285    1.79870    0.85131    0.98532    2.77584
       286    1.79648    0.84593    0.97847    2.78766
       287    1.80228    0.84417    0.96958    2.77117
       288    1.80685    0.83724    0.95331    2.76407
       289    1.80841    0.83724    0.95174    2.76925
       290    1.81373    0.83292    0.93923    2.76416
       291    1.81523    0.83221    0.93657    2.76884
       292    1.81680    0.82762    0.92739    2.76959
       293    1.82213    0.82439    0.91684    2.76638
       294    1.82208    0.82568    0.91902    2.77612
       295    1.82653    0.81885    0.90348    2.81903
       296    1.82426    0.81975    0.90714    2.84333
       297    1.83148    0.81378    0.89043    2.83082
       298    1.83223    0.80948    0.88274    2.82224
       299    1.83648    0.80599    0.87308    2.81570
       300    1.84326    0.80570    0.86623    2.81000
       301    1.84158    0.80217    0.86213    2.80420
       302    1.85006    0.79525    0.84321    2.73322
       303    1.85179    0.79716    0.84468    2.72366
       304    1.85675    0.79273    0.83313    2.70652
       305    1.85799    0.79095    0.82918    2.69637
       306    1.86050    0.78853    0.82310    2.67978
       307    1.86819    0.78410    0.80928    2.62223
       308    1.87099    0.78641    0.81046    2.60468
       309    1.87281    0.78133    0.80090    2.55671
       310    1.87992    0.77667    0.78749    2.51052
       311    1.88154    0.77593    0.78494    2.48289
       312    1.88408    0.77303    0.77830    2.42350
       313    1.88962    0.77637    0.77879    2.37383
       314    1.89334    0.77306    0.77056    2.32995
       315    1.89788    0.76898    0.76051    2.26950
       316    1.89802    0.76920    0.76072    2.25074
       317    1.90280    0.76988    0.75787    2.21438
       318    1.90628    0.76420    0.74633    2.16900
       319    1.91346    0.76512    0.74201    2.13651
       320    1.91007    0.76329    0.74190    2.12809
       321    1.91438    0.76427    0.73998    2.10560
       322    1.91821    0.76240    0.73412    2.07066
       323    1.92056    0.75746    0.72477    2.04079
       324    1.92909    0.75892    0.72044    3.40589
       325    1.92194    0.75040    0.71306    3.22343
       326    1.92667    0.74645    0.70350    3.06797
       327    1.93080    0.74167    0.69326    2.92951
       328    1.93924    0.73808    0.68163    2.77588
       329    1.94508    0.73620    0.67457    2.66723
       330    1.95383    0.73069    0.66018    2.54133
       331    1.95127    0.72949    0.66025    2.51034
       332    1.95998    0.72783    0.65168    2.41255
       333    1.96184    0.72481    0.64601    2.35450
       334    1.96179    0.72403    0.64490    2.32541
       335    1.96744    0.72042    0.63580    2.26078
       336    1.96840    0.72026    0.63491    2.24160
       337    1.96983    0.71791    0.63056    2.20491
       338    1.97563    0.71634    0.62441    2.16985
       339    1.97547    0.71175    0.61796    2.14310
       340    1.97808    0.71308    0.61811    2.11754
       341    1.98509    0.70631    0.60392    2.05192
       342    1.98093    0.70804    0.60906    2.06145
       343    1.98608    0.70476    0.60108    2.03025
       344    1.98509    0.70521    0.60235    2.02425
       345    1.98735    0.70327    0.59817    1.99886
       346    1.99064    0.69978    0.59116    1.97314
       347    1.99430    0.69835    0.58684    1.95479
       348    1.99491    0.69508    0.58191    1.91579
       349    1.99815    0.69442    0.57897    1.90413
       350    1.99786    0.69244    0.57640    1.89322
       351    2.00056    0.68920    0.57025    1.88065
       352    2.00352    0.68932    0.56859    1.88338
       353    2.00484    0.68413    0.56066    1.85027
       354    2.00087    0.68724    0.56735    1.85961
       355    2.00869    0.68452    0.55887    1.83151
       356    2.01054    0.68002    0.55162    1.80870
       357    2.01034    0.67821    0.54928    1.79907
       358    2.01251    0.67850    0.54838    1.79580
       359    2.01332    0.67820    0.54749    1.78457
       360    2.01542    0.67483    0.54169    1.75342
       361    2.01908    0.67251    0.53642    1.73737
       362    2.01607    0.67261    0.53831    1.74507
       363    2.01298    0.67265    0.54019    1.75278
       364    2.02324    0.66897    0.52929    1.70758
       365    2.02335    0.66777    0.52761    1.69816
       366    2.02298    0.66530    0.52454    1.68547
       367    2.02767    0.66382    0.51991    1.64077
       368    2.02532    0.66366    0.52102    1.64690
       369    2.03034    0.65942    0.51259    1.61852
       370    2.03118    0.65975    0.51255    1.61692
       371    2.02977    0.65921    0.51263    1.61759
       372    2.03624    0.65516    0.50373    1.58689
       373    2.03268    0.65468    0.50507    1.59838
       374    2.03159    0.65648    0.50802    1.59536
       375    2.03699    0.65351    0.50116    1.57030
       376    2.03843    0.65316    0.49993    1.56493
       377    2.03971    0.64954    0.49452    1.54650
       378    2.03918    0.64777    0.49250    1.54781
       379    2.04097    0.64899    0.49313    1.53705
       380    2.04303    0.64472    0.48651    1.51655
       381    2.04202    0.64363    0.48564    1.52336
       382    2.04764    0.64444    0.48371    1.51166
       383    2.04398    0.64112    0.48137    1.50727
       384    2.04767    0.64002    0.47802    1.49352
       385    2.04775    0.63968    0.47754    1.49110
       386    2.04849    0.63884    0.47608    1.48550
       387    2.05094    0.63604    0.47124    1.48487
       388    2.04928    0.63475    0.47046    1.47925
       389    2.05295    0.63245    0.46565    1.47061
       390    2.05559    0.63412    0.46641    1.46338
       391    2.05452    0.63006    0.46182    1.45461
       392    2.05154    0.63229    0.46617    1.45884
       393    2.05712    0.62896    0.45913    1.43883
       394    2.05910    0.62805    0.45699    1.43614
       395    2.05821    0.62812    0.45753    1.43452
       396    2.05715    0.62774    0.45757    1.43779
       397    2.06300    0.62367    0.44957    1.40899
       398    2.06060    0.62270    0.44955    1.41053
       399    2.06384    0.61992    0.44450    1.39315
       400    2.06327    0.61879    0.44338    1.38844
       401    2.06499    0.62063    0.44481    1.39145
       402    2.06655    0.61657    0.43903    1.37012
       403    2.06958    0.61496    0.43558    1.36227
       404    2.06482    0.61604    0.43922    1.37977
       405    2.07334    0.61294    0.43132    1.35290
       406    2.06446    0.61629    0.43970    1.36977
       407    2.06916    0.61271    0.43303    1.35210
       408    2.07123    0.61132    0.43033    1.34429
       409    2.06988    0.61178    0.43154    1.34897
       410    2.07500    0.60962    0.42648    1.33323
       411    2.07527    0.60787    0.42423    1.31968
       412    2.07654    0.60452    0.41957    1.30591
       413    2.07719    0.60568    0.42067    1.30765
       414    2.07482    0.60412    0.41989    1.31243
       415    2.07568    0.60709    0.42309    1.31234
       416    2.07550    0.60427    0.41975    1.30421
       417    2.08223    0.60175    0.41361    1.28948
       418    2.07912    0.59852    0.41115    1.27949
       419    2.08131    0.59921    0.41098    1.27625
       420    2.08148    0.59552    0.40650    1.27122
       421    2.08135    0.59778    0.40925    1.26553
       422    2.08603    0.59568    0.40463    1.26093
       423    2.08177    0.59512    0.40589    1.26086
       424    2.08734    0.59476    0.40296    1.24529
       425    2.08514    0.59427    0.40336    1.25224
       426    2.08475    0.59200    0.40083    1.24609
       427    2.08933    0.59095    0.39756    1.23060
       428    2.08593    0.59115    0.39930    1.23707
       429    2.08781    0.58877    0.39566    1.23290
       430    2.09179    0.58929    0.39453    1.22231
       431    2.09087    0.58555    0.39053    1.20677
       432    2.08981    0.58529    0.39069    1.21686
       433    2.09073    0.58565    0.39071    1.20709
       434    2.09440    0.58286    0.38585    1.19345
       435    2.09333    0.58229    0.38566    1.19827
       436    2.09618    0.58286    0.38509    1.18782
       437    2.09497    0.58134    0.38385    1.18791
       438    2.09379    0.58125    0.38425    1.18687
       439    2.09739    0.57739    0.37823    1.17369
       440    2.09780    0.57999    0.38107    1.17503
       441    2.09509    0.57751    0.37935    1.17949
       442    2.09879    0.57770    0.37801    1.16598
       443    2.09851    0.57711    0.37744    1.16223
       444    2.09969    0.57537    0.37494    1.16203
       445    2.10214    0.57431    0.37270    1.14895
       446    2.09882    0.57327    0.37290    1.14842
       447    2.09963    0.57246    0.37162    1.14663
       448    2.10436    0.57053    0.36745    1.13888
       449    2.10506    0.56984    0.36638    1.12752
       450    2.10345    0.56793    0.36488    1.12910
       451    2.10588    0.56775    0.36367    1.12479
       452    2.10714    0.56602    0.36121    1.11567
       453    2.10818    0.56484    0.35945    1.11421
       454    2.10525    0.56479    0.36058    1.11332
       455    2.10738    0.56491    0.35986    1.10936
       456    2.10637    0.56505    0.36042    1.10696
       457    2.10499    0.56738    0.36362    1.10977
       458    2.10798    0.56343    0.35794    1.10187
       459    2.11216    0.56137    0.35395    1.09456
       460    2.10570    0.56090    0.35602    1.10909
       461    2.11184    0.56056    0.35317    1.09063
       462    2.11085    0.56107    0.35414    1.08433
       463    2.11491    0.55874    0.34993    1.07374
       464    2.11119    0.55915    0.35185    1.07957
       465    2.11227    0.55788    0.35000    1.06861
       466    2.11459    0.55532    0.34625    1.06759
       467    2.11720    0.55350    0.34322    1.05500
       468    2.11476    0.55437    0.34513    1.05278
       469    2.11662    0.55324    0.34316    1.05579
       470    2.11511    0.55297    0.34344    1.05216
       471    2.11572    0.55314    0.34340    1.04657
       472    2.11771    0.55086    0.34011    1.04500
       473    2.11676    0.55017    0.33972    1.04686
       474    2.11975    0.54895    0.33723    1.03166
       475    2.11901    0.54995    0.33861    1.03432
       476    2.11883    0.54830    0.33687    1.03616
       477    2.12316    0.54762    0.33449    1.02621
       478    2.12161    0.54528    0.33252    1.01414
       479    2.12428    0.54369    0.32978    1.00962
       480    2.12258    0.54516    0.33202    1.00984
       481    2.12296    0.54579    0.33256    1.00377
       482    2.12154    0.54545    0.33273    1.00632
       483    2.12306    0.54320    0.32971    1.00207
       484    2.12463    0.54069    0.32640    0.99581
       485    2.12484    0.54018    0.32578    0.99086
       486    2.12292    0.54145    0.32787    1.00155
       487    2.12554    0.54122    0.32665    0.98568
       488    2.12731    0.53921    0.32383    0.98064
       489    2.12630    0.53819    0.32310    0.97777
       490    2.13029    0.53789    0.32133    0.97341
       491    2.12975    0.53572    0.31920    0.96955
       492    2.12827    0.53606    0.32009    0.96857
       493    2.13195    0.53404    0.31661    0.95437
       494    2.12924    0.53604    0.31972    0.96168
       495    2.12915    0.53322    0.31673    0.95888
       496    2.13227    0.53186    0.31417    0.95424
       497    2.13173    0.53237    0.31491    0.94684
       498    2.12998    0.53198    0.31512    0.95380
       499    2.13017    0.53098    0.31398    0.95566
       500    2.13454    0.53045    0.31188    0.94050
       501    2.13353    0.53056    0.31235    0.93765
       502    2.13515    0.53038    0.31159    0.93797
       503    2.13230    0.52960    0.31177    0.92735
       504    2.13546    0.52909    0.31012    0.92006
       505    2.13466    0.52635    0.30750    0.93070
       506    2.13447    0.52839    0.30972    0.92408
       507    2.13373    0.52817    0.30975    0.92223
       508    2.13658    0.52574    0.30619    0.91579
       509    2.14023    0.52611    0.30533    0.90589
       510    2.13565    0.52436    0.30507    0.91109
       511    2.13917    0.52261    0.30202    0.89896
       512    2.13933    0.52418    0.30361    0.90274
       513    2.13787    0.52275    0.30262    0.89509
       514    2.14111    0.52116    0.29986    0.88486
       515    2.13763    0.52003    0.29986    0.89886
       516    2.14317    0.52129    0.29930    0.88268
       517    2.13859    0.51950    0.29899    0.88506
       518    2.14033    0.51856    0.29741    0.87765
       519    2.14290    0.51967    0.29771    0.87782
       520    2.14436    0.51718    0.29465    0.86353
       521    2.14124    0.51740    0.29591    0.87124
       522    2.14608    0.51527    0.29210    0.86234
       523    2.14418    0.51742    0.29495    0.85841
       524    2.14444    0.51552    0.29290    0.85767
       525    2.14382    0.51614    0.29375    0.85553
       526    2.14320    0.51598    0.29378    0.85064
       527    2.14644    0.51432    0.29101    0.84889
       528    2.14799    0.51124    0.28735    0.83490
       529    2.14826    0.51180    0.28784    0.83491
       530    2.14448    0.51302    0.29032    0.84425
       531    2.14527    0.51244    0.28946    0.83522
       532    2.14850    0.51085    0.28679    0.82308
       533    2.14827    0.51004    0.28604    0.82416
       534    2.14613    0.51144    0.28816    0.83246
       535    2.14629    0.51097    0.28763    0.82916
       536    2.14966    0.50966    0.28520    0.82182
       537    2.15046    0.51063    0.28593    0.81382
       538    2.15036    0.50737    0.28265    0.80616
       539    2.14954    0.50877    0.28433    0.81198
       540    2.14952    0.50794    0.28350    0.81247
       541    2.15164    0.50619    0.28105    0.80147
       542    2.15385    0.50778    0.28197    0.80203
       543    2.15340    0.50398    0.27826    0.78829
       544    2.15076    0.50325    0.27836    0.79337
       545    2.15381    0.50688    0.28106    0.79077
       546    2.15178    0.50474    0.27954    0.78673
       547    2.15396    0.50292    0.27702    0.77710
       548    2.15142    0.50220    0.27710    0.79154
       549    2.15578    0.50271    0.27625    0.77896
       550    2.15167    0.50362    0.27845    0.77915
       551    2.15544    0.50114    0.27478    0.76706
       552    2.15758    0.50013    0.27311    0.76568
       553    2.15712    0.50019    0.27331    0.76276
       554    2.15310    0.50004    0.27440    0.77232
       555    2.15717    0.50105    0.27417    0.76181
       556    2.15234    0.50002    0.27462    0.77157
       557    2.15934    0.49807    0.27053    0.75570
       558    2.15731    0.49855    0.27162    0.75369
       559    2.15940    0.49723    0.26968    0.74477
       560    2.15797    0.49999    0.27285    0.74599
       561    2.16098    0.49593    0.26791    0.74223
       562    2.16085    0.49290    0.26496    0.73426
       563    2.15776    0.49575    0.26870    0.73875
       564    2.15547    0.49655    0.27020    0.75052
       565    2.15738    0.49760    0.27065    0.74210
       566    2.16338    0.49486    0.26614    0.72935
       567    2.16170    0.49284    0.26465    0.71859
       568    2.16101    0.49348    0.26547    0.72078
       569    2.16216    0.49325    0.26491    0.71938
       570    2.16032    0.49326    0.26547    0.71956
       571    2.16366    0.49213    0.26337    0.70788
       572    2.16121    0.49255    0.26450    0.71238
       573    2.16361    0.49216    0.26341    0.70289
       574    2.16142    0.49125    0.26316    0.70943
       575    2.15995    0.49001    0.26238    0.71486
       576    2.16572    0.49049    0.26117    0.70184
       577    2.16358    0.49084    0.26212    0.70005
       578    2.16502    0.49121    0.26207    0.69144
       579    2.16383    0.48976    0.26100    0.69477
       580    2.16616    0.48767    0.25828    0.69117
       581    2.16402    0.48830    0.25951    0.68857
       582    2.16526    0.48956    0.26038    0.68608
       583    2.16139    0.48751    0.25951    0.70502
       584    2.16243    0.48893    0.26059    0.69545
       585    2.16973    0.48841    0.25800    0.68569
       586    2.16485    0.48516    0.25621    0.67796
       587    2.16870    0.48612    0.25605    0.67305
       588    2.16884    0.48552    0.25543    0.66321
       589    2.17146    0.48553    0.25471    0.66619
       590    2.16527    0.48440    0.25535    0.66836
       591    2.16552    0.48472    0.25560    0.67266
       592    2.16939    0.48618    0.25592    0.66235
       593    2.16655    0.48393    0.25453    0.66039
       594    2.16839    0.48313    0.25324    0.65248
       595    2.17225    0.48154    0.25063    0.64934
       596    2.17093    0.48316    0.25256    0.64579
       597    2.17112    0.48066    0.25009    0.64581
       598    2.16973    0.48184    0.25162    0.64850
       599    2.16831    0.48202    0.25219    0.64749
       600    2.17191    0.48099    0.25019    0.63976
       601    2.17262    0.48078    0.24980    0.62663
       602    2.16956    0.48265    0.25244    0.62963
       603    2.17311    0.47962    0.24855    0.62602
       604    2.17318    0.47797    0.24695    0.62361
       605    2.16923    0.48019    0.25017    0.63410
       606    2.17840    0.47796    0.24555    0.62577
       607    2.17014    0.47883    0.24862    0.62696
       608    2.17010    0.47921    0.24899    0.62551
       609    2.17692    0.47867    0.24662    0.61341
       610    2.17193    0.47879    0.24808    0.61093
       611    2.17154    0.47738    0.24684    0.61666
       612    2.17563    0.47831    0.24661    0.60502
       613    2.17225    0.47790    0.24714    0.60682
       614    2.17442    0.47724    0.24592    0.60062
       615    2.17619    0.47640    0.24465    0.59896
       616    2.17514    0.47748    0.24596    0.59841
       617    2.17575    0.47419    0.24266    0.58743
       618    2.17241    0.47671    0.24596    0.60167
       619    2.17155    0.47629    0.24580    0.60798
       620    2.17911    0.47674    0.24420    0.59940
       621    2.17483    0.47622    0.24484    0.58408
       622    2.17441    0.47488    0.24367    0.59582
       623    2.17745    0.47612    0.24405    0.58866
       624    2.17760    0.47482    0.24277    0.57803
       625    2.17441    0.47345    0.24232    0.58877
       626    2.17993    0.47469    0.24204    0.58076
       627    2.17720    0.47359    0.24171    0.57450
       628    2.17569    0.47263    0.24120    0.58127
       629    2.17992    0.47281    0.24026    0.56892
       630    2.17819    0.47390    0.24174    0.55996
       631    2.17987    0.47065    0.23824    0.55600
       632    2.17742    0.47098    0.23918    0.56137
       633    2.18016    0.47233    0.23974    0.55203
       634    2.17811    0.47073    0.23877    0.55685
       635    2.17681    0.47234    0.24063    0.56063
       636    2.17927    0.47163    0.23932    0.55451
       637    2.18223    0.46799    0.23513    0.54875
       638    2.17757    0.46948    0.23773    0.55687
       639    2.17971    0.46929    0.23700    0.54830
       640    2.18097    0.47070    0.23799    0.54961
       641    2.18365    0.46996    0.23662    0.54938
       642    2.17803    0.46768    0.23593    0.55524
       643    2.18092    0.46874    0.23617    0.54263
       644    2.18127    0.46920    0.23651    0.53836
       645    2.18307    0.46688    0.23388    0.52863
       646    2.18365    0.46746    0.23428    0.53846
       647    2.17949    0.46833    0.23616    0.53898
       648    2.18219    0.46807    0.23522    0.52350
       649    2.18357    0.46785    0.23466    0.52976
       650    2.18253    0.46665    0.23380    0.51693
       651    2.18770    0.46574    0.23168    0.52329
       652    2.17974    0.46809    0.23587    0.52892
       653    2.18058    0.46453    0.23233    0.52950
       654    2.17896    0.46729    0.23532    0.53989
       655    2.18454    0.46806    0.23461    0.51957
       656    2.18401    0.46598    0.23280    0.51906
       657    2.18578    0.46648    0.23283    0.51566
       658    2.18303    0.46512    0.23225    0.51299
       659    2.18514    0.46649    0.23299    0.51282
       660    2.18105    0.46566    0.23326    0.51620
       661    2.18380    0.46653    0.23337    0.50786
       662    2.18515    0.46629    0.23282    0.49824
       663    2.18102    0.46655    0.23410    0.51645
       664    2.18801    0.46656    0.23236    0.50998
       665    2.18360    0.46406    0.23112    0.50031
       666    2.18663    0.46358    0.22993    0.50132
       667    2.18713    0.46120    0.22760    0.49004
       668    2.18168    0.46224    0.22992    0.51875
       669    2.19178    0.46362    0.22872    0.51834
       670    2.18289    0.46137    0.22881    0.50649
       671    2.18614    0.46072    0.22740    0.49554
       672    2.18890    0.46105    0.22703    0.48551
       673    2.18548    0.46151    0.22829    0.48861
       674    2.18764    0.46240    0.22859    0.48666
       675    2.18621    0.46426    0.23066    0.48508
       676    2.18381    0.46272    0.22983    0.49620
       677    2.18846    0.46211    0.22812    0.47382
       678    2.18753    0.46413    0.23021    0.47729
       679    2.19053    0.46011    0.22578    0.47466
       680    2.18545    0.46131    0.22812    0.48243
       681    2.19014    0.45857    0.22446    0.46282
       682    2.18595    0.45953    0.22635    0.47686
       683    2.19296    0.45982    0.22494    0.47584
       684    2.18604    0.45844    0.22533    0.47934
       685    2.18636    0.45907    0.22583    0.48119
       686    2.19171    0.45870    0.22420    0.46221
       687    2.19024    0.45949    0.22528    0.45778
       688    2.19048    0.45992    0.22562    0.46301
       689    2.18973    0.45834    0.22434    0.45926
       690    2.19352    0.45923    0.22427    0.45749
       691    2.19106    0.45617    0.22204    0.44576
       692    2.18731    0.45785    0.22448    0.46128
       693    2.18800    0.45731    0.22382    0.46162
       694    2.19175    0.45735    0.22296    0.45007
       695    2.18708    0.45809    0.22476    0.46856
       696    2.19379    0.45761    0.22272    0.46595
       697    2.18982    0.45972    0.22559    0.45887
       698    2.19261    0.45755    0.22294    0.45684
       699    2.18779    0.45763    0.22416    0.46448
       700    2.19214    0.45819    0.22363    0.44909
       701    2.19256    0.45483    0.22047    0.44645
       702    2.18972    0.45622    0.22241    0.45263
       703    2.18870    0.45582    0.22228    0.46159
       704    2.19394    0.45518    0.22047    0.44995
       705    2.19366    0.45796    0.22307    0.44872
       706    2.19071    0.45510    0.22115    0.44490
       707    2.19580    0.45645    0.22120    0.44601
       708    2.19112    0.45526    0.22120    0.44426
       709    2.19345    0.45535    0.22074    0.43170
       710    2.19058    0.45518    0.22126    0.44554
       711    2.18954    0.45646    0.22267    0.44935
       712    2.19040    0.45562    0.22170    0.44625
       713    2.19606    0.45537    0.22016    0.44768
       714    2.19180    0.45403    0.21992    0.43883
       715    2.18778    0.45582    0.22251    0.46353
       716    2.19639    0.45405    0.21889    0.44418
       717    2.19572    0.45612    0.22092    0.43114
       718    2.19280    0.45493    0.22050    0.43089
       719    2.19477    0.45303    0.21832    0.42204
       720    2.19388    0.45316    0.21865    0.42886
       721    2.19225    0.45283    0.21873    0.43060
       722    2.19379    0.45088    0.21660    0.42715
       723    2.19703    0.45452    0.21917    0.42577
       724    2.19721    0.45120    0.21612    0.42041
       725    2.19094    0.45405    0.22014    0.43461
       726    2.19582    0.45400    0.21897    0.42146
       727    2.19551    0.45355    0.21863    0.41602
       728    2.19636    0.45212    0.21714    0.41095
       729    2.19472    0.45012    0.21571    0.41531
       730    2.19720    0.45003    0.21507    0.41004
       731    2.19440    0.45103    0.21660    0.41367
       732    2.19309    0.45277    0.21848    0.42291
       733    2.19767    0.44882    0.21387    0.40394
       734    2.19440    0.45229    0.21775    0.41065
       735    2.19794    0.45111    0.21588    0.40304
       736    2.19663    0.44861    0.21392    0.40850
       737    2.19928    0.45010    0.21467    0.39978
       738    2.19629    0.45022    0.21544    0.40953
       739    2.19470    0.44947    0.21513    0.41025
       740    2.19864    0.45037    0.21505    0.39671
       741    2.19760    0.44798    0.21314    0.40207
       742    2.19673    0.45193    0.21688    0.40200
       743    2.19542    0.44988    0.21533    0.40161
       744    2.20026    0.45076    0.21505    0.40697
       745    2.19763    0.44804    0.21319    0.39499
       746    2.19893    0.45106    0.21561    0.39422
       747    2.19553    0.45058    0.21594    0.39771
       748    2.19681    0.45121    0.21622    0.39526
       749    2.19773    0.45061    0.21547    0.39034
       750    2.19538    0.44975    0.21522    0.39746
       751    2.19705    0.44939    0.21453    0.38924
       752    2.19700    0.44741    0.21276    0.39195
       753    2.20400    0.44742    0.21125    0.40815
       754    2.19720    0.44700    0.21235    0.38926
       755    2.19731    0.44760    0.21286    0.39321
       756    2.19849    0.44949    0.21430    0.38804
       757    2.20200    0.44883    0.21294    0.39401
       758    2.19408    0.44899    0.21484    0.40843
       759    2.19645    0.44964    0.21489    0.39034
       760    2.20313    0.44672    0.21081    0.39067
       761    2.19862    0.44623    0.21135    0.38107
       762    2.19787    0.44587    0.21119    0.38575
       763    2.19889    0.44763    0.21254    0.38103
       764    2.19919    0.44820    0.21298    0.38060
       765    2.19941    0.44741    0.21223    0.38030
       766    2.20067    0.44834    0.21279    0.38329
       767    2.20140    0.44493    0.20958    0.37287
       768    2.20092    0.44676    0.21132    0.37088
       769    2.19915    0.44676    0.21170    0.37396
       770    2.20000    0.44584    0.21070    0.37188
       771    2.19859    0.44418    0.20953    0.37731
       772    2.20114    0.44608    0.21066    0.37114
       773    2.19973    0.44498    0.20999    0.37403
       774    2.20387    0.44512    0.20922    0.37944
       775    2.19869    0.44563    0.21079    0.38755
       776    2.19840    0.44304    0.20856    0.39757
       777    2.20524    0.44493    0.20876    0.39572
       778    2.20133    0.44659    0.21107    0.37809
       779    2.19878    0.44634    0.21141    0.38308
       780    2.20120    0.44497    0.20965    0.37271
       781    2.20188    0.44653    0.21091    0.38031
       782    2.20089    0.44373    0.20863    0.37346
       783    2.20090    0.44540    0.21011    0.37713
       784    2.20050    0.44468    0.20955    0.37378
       785    2.19837    0.44476    0.21009    0.38767
       786    2.20365    0.44432    0.20856    0.37515
       787    2.20320    0.44399    0.20836    0.37131
       788    2.20235    0.44386    0.20843    0.37342
       789    2.20485    0.44501    0.20892    0.37609
       790    2.19822    0.44467    0.21004    0.38617
       791    2.20310    0.44528    0.20953    0.37207
       792    2.20237    0.44485    0.20930    0.36626
       793    2.19933    0.44344    0.20870    0.38168
       794    2.20447    0.44309    0.20730    0.35869
       795    2.20240    0.44215    0.20690    0.36743
       796    2.20120    0.44156    0.20664    0.38106
       797    2.20628    0.44086    0.20495    0.37443
       798    2.20017    0.43965    0.20518    0.38918
       799    2.20490    0.44513    0.20902    0.38492
       800    2.20060    0.44323    0.20824    0.37281
       801    2.20390    0.44372    0.20797    0.37230
       802    2.19957    0.44129    0.20676    0.39188
       803    2.20586    0.44397    0.20779    0.38089
       804    2.20044    0.44251    0.20764    0.37283
       805    2.20651    0.44162    0.20557    0.37456
       806    2.20136    0.44158    0.20662    0.37523
       807    2.20646    0.44251    0.20637    0.37849
       808    2.20233    0.44327    0.20791    0.36550
       809    2.20726    0.44173    0.20552    0.36654
       810    2.20363    0.44137    0.20595    0.36398
       811    2.20163    0.44202    0.20695    0.37591
       812    2.20228    0.44159    0.20643    0.36644
       813    2.20599    0.43930    0.20363    0.35637
       814    2.20435    0.44108    0.20554    0.36558
       815    2.20001    0.44147    0.20682    0.38081
       816    2.20554    0.43954    0.20394    0.36313
       817    2.20013    0.44054    0.20597    0.38904
       818    2.21198    0.44155    0.20442    0.41641
       819    2.19975    0.44210    0.20743    0.39116
       820    2.20533    0.44059    0.20491    0.37146
       821    2.20764    0.43896    0.20300    0.36453
       822    2.20613    0.43799    0.20245    0.35607
       823    2.20331    0.44036    0.20513    0.36181
       824    2.20789    0.44003    0.20388    0.36350
       825    2.20548    0.44147    0.20565    0.35402
       826    2.20307    0.43731    0.20250    0.37091
       827    2.20529    0.43889    0.20342    0.35472
       828    2.20220    0.43803    0.20331    0.37288
       829    2.20908    0.43791    0.20178    0.36464
       830    2.20717    0.43700    0.20138    0.34824
       831    2.20738    0.43765    0.20190    0.34584
       832    2.20471    0.43782    0.20260    0.34994
       833    2.20813    0.43804    0.20209    0.35465
       834    2.20784    0.43733    0.20152    0.34561
       835    2.20055    0.43903    0.20455    0.38705
       836    2.20726    0.43687    0.20124    0.34367
       837    2.20554    0.43825    0.20280    0.35582
       838    2.20614    0.43891    0.20326    0.35062
       839    2.21159    0.43764    0.20105    0.37681
       840    2.20321    0.43937    0.20428    0.36740
       841    2.20412    0.43704    0.20204    0.36178
       842    2.20492    0.43835    0.20302    0.34824
       843    2.21026    0.43440    0.19849    0.34662
       844    2.20667    0.43712    0.20159    0.34281
       845    2.20484    0.43444    0.19962    0.36178
       846    2.20737    0.43734    0.20163    0.34856
       847    2.21093    0.43631    0.20002    0.35739
       848    2.20780    0.43808    0.20219    0.34694
       849    2.20629    0.43762    0.20210    0.35268
       850    2.20631    0.43656    0.20117    0.34805
       851    2.20487    0.43689    0.20175    0.35115
       852    2.21201    0.43624    0.19975    0.36684
       853    2.20867    0.43678    0.20088    0.34178
       854    2.21052    0.43690    0.20062    0.34866
       855    2.19994    0.43447    0.20070    0.42994
       856    2.21016    0.43443    0.19854    0.34093
       857    2.20789    0.43609    0.20044    0.35050
       858    2.21102    0.43669    0.20033    0.35530
       859    2.20823    0.43588    0.20018    0.33230
       860    2.20929    0.43787    0.20171    0.34161
       861    2.20847    0.43670    0.20085    0.33666
       862    2.20708    0.43248    0.19747    0.34662
       863    2.20782    0.43542    0.19987    0.34108
       864    2.20939    0.43425    0.19853    0.34061
       865    2.20993    0.43420    0.19838    0.34284
       866    2.20401    0.43387    0.19931    0.37062
       867    2.21173    0.43601    0.19960    0.35392
       868    2.21175    0.43233    0.19640    0.32907
       869    2.20860    0.43079    0.19570    0.33819
       870    2.21142    0.43401    0.19792    0.34685
       871    2.20942    0.43433    0.19860    0.33947
       872    2.20901    0.43489    0.19916    0.33533
       873    2.20433    0.43293    0.19842    0.37928
       874    2.20991    0.43275    0.19713    0.33587
       875    2.21315    0.43350    0.19714    0.34790
       876    2.21062    0.43319    0.19737    0.34184
       877    2.20530    0.43328    0.19852    0.36835
       878    2.21171    0.43277    0.19679    0.33350
       879    2.21105    0.43468    0.19857    0.34434
       880    2.20986    0.43109    0.19570    0.33408
       881    2.20751    0.43202    0.19698    0.34110
       882    2.21081    0.43346    0.19757    0.34641
       883    2.20741    0.43132    0.19640    0.35678
       884    2.21405    0.43103    0.19484    0.35341
       885    2.20741    0.42978    0.19507    0.37141
       886    2.21122    0.43164    0.19591    0.33865
       887    2.21357    0.43309    0.19671    0.36612
       888    2.21094    0.42939    0.19403    0.33499
       889    2.20462    0.43134    0.19698    0.38777
       890    2.21224    0.43034    0.19459    0.35119
       891    2.21152    0.43258    0.19667    0.35104
       892    2.21263    0.43096    0.19505    0.34050
       893    2.21117    0.43022    0.19470    0.34127
       894    2.21223    0.42895    0.19340    0.33782
       895    2.21112    0.42901    0.19366    0.33715
       896    2.21017    0.42964    0.19440    0.34107
       897    2.21079    0.43184    0.19617    0.33789
       898    2.20988    0.42944    0.19428    0.34734
       899    2.21168    0.42946    0.19395    0.34058
       900    2.21442    0.43208    0.19567    0.35150
       901    2.20784    0.43045    0.19556    0.35491
       902    2.21398    0.42944    0.19348    0.33890
       903    2.21311    0.42955    0.19374    0.34096
       904    2.20956    0.42918    0.19412    0.34787
       905    2.21237    0.42921    0.19359    0.33590
       906    2.20715    0.43015    0.19544    0.36332
       907    2.21159    0.43101    0.19529    0.33686
       908    2.21603    0.42796    0.19182    0.35571
       909    2.20896    0.42850    0.19366    0.35157
       910    2.21214    0.42975    0.19410    0.34458
       911    2.21019    0.42976    0.19450    0.34013
       912    2.21357    0.42935    0.19348    0.33904
       913    2.21373    0.42914    0.19327    0.34863
       914    2.21645    0.42631    0.19034    0.34864
       915    2.21345    0.42730    0.19175    0.33902
       916    2.20975    0.42789    0.19298    0.35076
       917    2.21585    0.42754    0.19150    0.34674
       918    2.21076    0.42879    0.19355    0.33959
       919    2.21180    0.42841    0.19302    0.34615
       920    2.20909    0.42860    0.19371    0.36404
       921    2.21252    0.42747    0.19207    0.34185
       922    2.21201    0.42705    0.19181    0.33505
       923    2.21550    0.42883    0.19267    0.34730
       924    2.21333    0.42910    0.19331    0.33634
       925    2.21208    0.42748    0.19217    0.33617
       926    2.21138    0.42940    0.19395    0.33781
       927    2.21349    0.42925    0.19341    0.33976
       928    2.21178    0.42674    0.19159    0.33498
       929    2.21612    0.42847    0.19225    0.34468
       930    2.21453    0.42710    0.19138    0.32778
       931    2.21490    0.42886    0.19281    0.34551
       932    2.20983    0.42579    0.19117    0.35809
       933    2.21123    0.42528    0.19046    0.34045
       934    2.21273    0.42560    0.19044    0.33372
       935    2.21917    0.42769    0.19102    0.38398
       936    2.20874    0.42473    0.19048    0.37978
       937    2.21538    0.42663    0.19082    0.34657
       938    2.21581    0.42617    0.19034    0.34038
       939    2.20982    0.42585    0.19122    0.36165
       940    2.21604    0.42454    0.18891    0.34498
       941    2.21248    0.42334    0.18857    0.33586
       942    2.21660    0.42789    0.19166    0.35427
       943    2.21357    0.42577    0.19042    0.33379
       944    2.21668    0.42576    0.18983    0.34824
       945    2.21411    0.42503    0.18969    0.33439
       946    2.21506    0.42539    0.18982    0.33577
       947    2.21229    0.42547    0.19041    0.33967
       948    2.21169    0.42619    0.19115    0.34550
       949    2.21645    0.42478    0.18904    0.34189
       950    2.21497    0.42505    0.18954    0.34111
       951    2.21544    0.42586    0.19015    0.34635
       952    2.21491    0.42439    0.18899    0.34282
       953    2.21429    0.42496    0.18960    0.34061
       954    2.20900    0.42289    0.18887    0.38503
       955    2.21717    0.42419    0.18840    0.34765
       956    2.21679    0.42252    0.18706    0.34190
       957    2.21753    0.42393    0.18811    0.39872
       958    2.21386    0.42517    0.18986    0.39644
       959    2.21607    0.42587    0.19004    0.41300
       960    2.21027    0.42256    0.18834    0.43771
       961    2.21548    0.42334    0.18799    0.40773
       962    2.21957    0.42454    0.18826    0.43368
       963    2.21227    0.42262    0.18800    0.41713
       964    2.21327    0.42221    0.18746    0.39949
       965    2.21834    0.42208    0.18641    0.40884
       966    2.21419    0.42348    0.18836    0.40941
       967    2.21287    0.42188    0.18726    0.41039
       968    2.21696    0.42342    0.18779    0.41250
       969    2.21407    0.42049    0.18586    0.41183
       970    2.21868    0.42428    0.18821    0.42923
       971    2.21316    0.42009    0.18570    0.42473
       972    2.21768    0.42136    0.18592    0.41373
       973    2.21649    0.42205    0.18672    0.40369
       974    2.21709    0.42108    0.18579    0.41464
       975    2.21661    0.41876    0.18393    0.40880
       976    2.21802    0.41904    0.18390    0.40736
       977    2.21797    0.41872    0.18365    0.40486
       978    2.21532    0.41935    0.18467    0.42209
       979    2.21727    0.42125    0.18590    0.40901
       980    2.21353    0.41961    0.18523    0.43593
       981    2.21872    0.42018    0.18474    0.42833
       982    2.21435    0.41979    0.18522    0.42653
       983    2.21794    0.42004    0.18476    0.42105
       984    2.21616    0.42000    0.18505    0.42319
       985    2.21608    0.41954    0.18468    0.42351
       986    2.21633    0.41827    0.18357    0.41883
       987    2.21962    0.41662    0.18160    0.42173
       988    2.21475    0.41968    0.18505    0.44474
       989    2.21821    0.41871    0.18359    0.42184
       990    2.21516    0.41761    0.18324    0.43459
       991    2.22128    0.41847    0.18284    0.44868
       992    2.21801    0.41744    0.18257    0.42508
       993    2.21422    0.41387    0.18031    0.45517
       994    2.22019    0.41983    0.18418    0.44725
       995    2.21614    0.41851    0.18381    0.43774
       996    2.21488    0.41813    0.18373    0.43839
       997    2.22069    0.41828    0.18279    0.44216
       998    2.21766    0.41838    0.18342    0.42950
       999    2.21489    0.41650    0.18236    0.43168

Final Weights:         0.5441748220         0.0664854780        -0.8509838194         0.5731801632 