# Cycles, Average Predicted Temperature, Stddev Predicted Temperature, Mean Squared Error, || MSE Gradient ||
         0    0.02130    0.02004    5.41946    1.95706
         1    0.02228    0.02078    5.41490    2.02367
         2    0.02294    0.02117    5.41187    2.07491
         3    0.02406    0.02195    5.40670    2.14839
         4    0.02497    0.02231    5.40250    2.21279
         5    0.02599    0.02313    5.39776    2.27826
         6    0.02735    0.02384    5.39147    2.36530
         7    0.02849    0.02451    5.38624    2.44670
         8    0.02984    0.02528    5.38001    2.53906
         9    0.03115    0.02574    5.37395    2.63384
        10    0.03268    0.02682    5.36691    2.72563
        11    0.03438    0.02788    5.35909    2.83927
        12    0.03597    0.02862    5.35180    2.93008
        13    0.03794    0.02971    5.34275    3.05479
        14    0.04045    0.03099    5.33124    3.18393
        15    0.04224    0.03212    5.32302    3.29058
        16    0.04484    0.03328    5.31110    3.43261
        17    0.04741    0.03479    5.29940    3.56206
        18    0.05022    0.03664    5.28658    3.69756
        19    0.05313    0.03819    5.27334    3.85429
        20    0.05665    0.04012    5.25731    4.02252
        21    0.06000    0.04179    5.24212    4.18476
        22    0.06431    0.04437    5.22264    4.37552
        23    0.06854    0.04683    5.20354    4.56559
        24    0.07341    0.04977    5.18161    4.78607
        25    0.07828    0.05270    5.15981    4.99892
        26    0.08443    0.05658    5.13234    5.24071
        27    0.09044    0.06007    5.10553    5.47605
        28    0.09729    0.06440    5.07517    5.73349
        29    0.10526    0.06916    5.03999    6.03385
        30    0.11372    0.07459    5.00288    6.32513
        31    0.12328    0.08085    4.96121    6.64387
        32    0.13359    0.08744    4.91650    6.97603
        33    0.14500    0.09493    4.86744    7.32721
        34    0.15781    0.10306    4.81275    7.69711
        35    0.17270    0.11315    4.74991    8.11056
        36    0.18839    0.12378    4.68435    8.51554
        37    0.20640    0.13544    4.60989    8.95930
        38    0.22630    0.14938    4.52897    9.39864
        39    0.24986    0.16419    4.43414    9.90476
        40    0.27550    0.18152    4.33313   10.38905
        41    0.30386    0.20018    4.22343   10.86802
        42    0.33442    0.22256    4.10879   11.35545
        43    0.37058    0.24577    3.97528   11.85615
        44    0.41162    0.27225    3.82828   12.39843
        45    0.45667    0.30268    3.67323   12.83331
        46    0.50758    0.33506    3.50380   13.21393
        47    0.56213    0.37055    3.33086   13.48522
        48    0.62297    0.40953    3.14754   13.66401
        49    0.68817    0.45043    2.96187   13.72715
        50    0.76056    0.49474    2.76848   13.70885
        51    0.83643    0.54068    2.58078   13.48281
        52    0.91451    0.58874    2.40490   13.06992
        53    0.99703    0.63396    2.23024   12.54157
        54    1.07534    0.67953    2.08445   11.86525
        55    1.15429    0.72277    1.95016   11.11341
        56    1.22956    0.76163    1.83366   10.35115
        57    1.30631    0.79692    1.72268    9.56355
        58    1.37165    0.82877    1.64244    8.85009
        59    1.43326    0.85202    1.56486    8.23014
        60    1.49199    0.87216    1.49544    7.73842
        61    1.54312    0.88648    1.43559    7.34611
        62    1.58848    0.89527    1.38018    7.08176
        63    1.62606    0.89999    1.33289    6.88022
        64    1.66070    0.90235    1.28824    6.72510
        65    1.69596    0.90061    1.23780    6.58472
        66    1.72321    0.89786    1.19799    6.74574
        67    1.75065    0.88911    1.14876    6.68936
        68    1.77516    0.88186    1.10718    6.56713
        69    1.79501    0.87272    1.06874    6.54605
        70    1.82320    0.86232    1.02027    6.34398
        71    1.84330    0.85357    0.98451    6.28637
        72    1.86037    0.84046    0.94532    6.20099
        73    1.87984    0.82902    0.90756    6.05094
        74    1.89439    0.81474    0.87065    5.91731
        75    1.91190    0.80508    0.83937    5.79173
        76    1.92792    0.79061    0.80253    5.63847
        77    1.94048    0.77758    0.77167    5.51981
        78    1.95653    0.76608    0.74106    5.38515
        79    1.96973    0.75379    0.71218    5.25652
        80    1.98141    0.74109    0.68447    5.12640
        81    1.99526    0.72964    0.65764    5.00099
        82    2.00735    0.71958    0.63465    4.89644
        83    2.01953    0.70734    0.60901    4.77128
        84    2.02463    0.69563    0.58924    4.68735
        85    2.03689    0.68518    0.56700    4.57362
        86    2.04799    0.67617    0.54792    4.47659
        87    2.05419    0.66320    0.52686    4.36687
        88    2.06691    0.65413    0.50756    4.26871
        89    2.07177    0.64289    0.49026    4.16916
        90    2.08254    0.63177    0.47023    4.06378
        91    2.08679    0.62067    0.45408    3.96817
        92    2.09568    0.61369    0.44088    3.89393
        93    2.10595    0.60410    0.42410    3.81009
        94    2.11208    0.59527    0.41057    3.72658
        95    2.11814    0.58691    0.39785    3.66752
        96    2.12399    0.57641    0.38296    3.59414
        97    2.13166    0.56785    0.36977    3.50926
        98    2.13715    0.56005    0.35862    3.43987
        99    2.14183    0.55175    0.34743    3.37311
       100    2.14704    0.54323    0.33596    3.29672
       101    2.15263    0.53534    0.32522    3.23045
       102    2.15678    0.52646    0.31418    3.15849
       103    2.16236    0.51891    0.30417    3.09142
       104    2.16793    0.51106    0.29403    3.02774
       105    2.17020    0.50469    0.28674    2.98151
       106    2.17708    0.49711    0.27674    2.91694
       107    2.18035    0.48981    0.26842    2.85584
       108    2.18508    0.48447    0.26164    2.80440
       109    2.18834    0.47599    0.25244    2.74486
       110    2.19251    0.47117    0.24655    2.69766
       111    2.19586    0.46318    0.23804    2.63797
       112    2.20008    0.45834    0.23231    2.59615
       113    2.20374    0.45081    0.22438    2.53784
       114    2.20839    0.44437    0.21729    2.48256
       115    2.21134    0.43861    0.21138    2.43110
       116    2.21281    0.43303    0.20611    2.39939
       117    2.21624    0.42779    0.20068    2.35192
       118    2.21965    0.42255    0.19533    2.31525
       119    2.22308    0.41689    0.18969    2.26632
       120    2.22327    0.41070    0.18453    2.22643
       121    2.22772    0.40638    0.17989    2.18191
       122    2.23042    0.40170    0.17547    2.14701
       123    2.23191    0.39643    0.17091    2.11162
       124    2.23783    0.39067    0.16502    2.06690
       125    2.23733    0.38542    0.16106    2.02908
       126    2.23867    0.38345    0.15925    2.01080
       127    2.24241    0.37636    0.15305    1.95688
       128    2.24244    0.37285    0.15041    1.92902
       129    2.24716    0.36833    0.14607    1.88946
       130    2.24749    0.36297    0.14209    1.85252
       131    2.24962    0.36085    0.14012    1.83935
       132    2.25094    0.35617    0.13651    1.79833
       133    2.25373    0.35179    0.13287    1.76077
       134    2.25506    0.34714    0.12937    1.73240
       135    2.25766    0.34435    0.12695    1.70376
       136    2.25957    0.34122    0.12446    1.68786
       137    2.26039    0.33655    0.12115    1.64979
       138    2.26378    0.33347    0.11849    1.62543
       139    2.26318    0.32951    0.11598    1.59496
       140    2.26515    0.32616    0.11344    1.56216
       141    2.26792    0.32293    0.11089    1.54538
       142    2.26975    0.32011    0.10878    1.52555
       143    2.26891    0.31629    0.10648    1.49558
       144    2.27030    0.31315    0.10429    1.47228
       145    2.27067    0.31005    0.10229    1.44958
       146    2.27432    0.30736    0.10008    1.42404
       147    2.27561    0.30420    0.09795    1.40091
       148    2.27467    0.30035    0.09576    1.37365
       149    2.27839    0.29755    0.09355    1.35153
       150    2.28104    0.29534    0.09187    1.33203
       151    2.27880    0.29175    0.09007    1.31057
       152    2.28024    0.28894    0.08824    1.28534
       153    2.28433    0.28695    0.08655    1.27475
       154    2.28347    0.28322    0.08453    1.25117
       155    2.28498    0.28229    0.08381    1.22971
       156    2.28534    0.28011    0.08254    1.22193
       157    2.28621    0.27685    0.08061    1.19879
       158    2.28586    0.27566    0.08000    1.18360
       159    2.28840    0.27371    0.07861    1.16388
       160    2.28702    0.26988    0.07670    1.13886
       161    2.28994    0.26800    0.07534    1.12512
       162    2.29175    0.26606    0.07409    1.11182
       163    2.28961    0.26380    0.07314    1.09490
       164    2.29193    0.26226    0.07206    1.07614
       165    2.29248    0.26025    0.07095    1.06043
       166    2.29449    0.25744    0.06926    1.04007
       167    2.29488    0.25577    0.06837    1.02722
       168    2.29506    0.25357    0.06723    1.01076
       169    2.29772    0.25292    0.06662    1.00127
       170    2.29806    0.25014    0.06518    0.98793
       171    2.29877    0.24760    0.06385    0.96858
       172    2.29679    0.24668    0.06360    0.95854
       173    2.29825    0.24557    0.06290    0.94319
       174    2.30068    0.24449    0.06213    0.93583
       175    2.30136    0.24185    0.06078    0.92038
       176    2.29998    0.24067    0.06034    0.90587
       177    2.30230    0.23840    0.05903    0.89042
       178    2.29996    0.23754    0.05885    0.87683
       179    2.30326    0.23515    0.05741    0.86014
       180    2.30383    0.23319    0.05643    0.85120
       181    2.30438    0.23296    0.05628    0.84003
       182    2.30473    0.23190    0.05576    0.83013
       183    2.30552    0.22917    0.05442    0.81632
       184    2.30501    0.22840    0.05412    0.81086
       185    2.30615    0.22717    0.05346    0.79187
       186    2.30573    0.22671    0.05329    0.78556
       187    2.30657    0.22390    0.05195    0.77210
       188    2.30708    0.22392    0.05192    0.76366
       189    2.30758    0.22254    0.05126    0.75041
       190    2.30661    0.22148    0.05087    0.74467
       191    2.31077    0.22085    0.05025    0.73440
       192    2.31005    0.21824    0.04916    0.72004
       193    2.31055    0.21682    0.04850    0.70919
       194    2.30935    0.21710    0.04872    0.70358
       195    2.31224    0.21509    0.04763    0.69191
       196    2.31145    0.21468    0.04751    0.68501
       197    2.31026    0.21409    0.04735    0.67380
       198    2.31094    0.21240    0.04658    0.66502
       199    2.31272    0.21213    0.04633    0.65185
       200    2.31387    0.20904    0.04495    0.64595
       201    2.31215    0.20977    0.04538    0.63588
       202    2.31261    0.21054    0.04566    0.63165
       203    2.31582    0.20760    0.04421    0.62631
       204    2.31452    0.20637    0.04379    0.61188
       205    2.31355    0.20580    0.04362    0.60218
       206    2.31604    0.20515    0.04318    0.59997
       207    2.31567    0.20418    0.04281    0.58822
       208    2.31515    0.20298    0.04236    0.58088
       209    2.31682    0.20299    0.04225    0.57852
       210    2.31585    0.20127    0.04162    0.56772
       211    2.31679    0.20056    0.04128    0.56258
       212    2.31691    0.20063    0.04129    0.55349
       213    2.31641    0.20052    0.04128    0.54356
       214    2.31734    0.19887    0.04056    0.53773
       215    2.31598    0.19940    0.04086    0.53296
       216    2.31903    0.19719    0.03979    0.52304
       217    2.31665    0.19819    0.04034    0.52309
       218    2.31989    0.19600    0.03928    0.51352
       219    2.32069    0.19511    0.03888    0.50340
       220    2.31906    0.19421    0.03862    0.49681
       221    2.31873    0.19549    0.03914    0.49806
       222    2.31915    0.19381    0.03846    0.48639
       223    2.31922    0.19391    0.03850    0.48025
       224    2.32040    0.19201    0.03770    0.46908
       225    2.32102    0.19226    0.03776    0.46686
       226    2.32118    0.19107    0.03729    0.46167
       227    2.31952    0.19183    0.03768    0.45624
       228    2.32139    0.19031    0.03699    0.45204
       229    2.32112    0.18921    0.03659    0.44410
       230    2.32210    0.18962    0.03669    0.44003
       231    2.32099    0.19012    0.03694    0.43739
       232    2.32149    0.18783    0.03605    0.42547
       233    2.31903    0.19023    0.03710    0.42673
       234    2.32332    0.18761    0.03587    0.41703
       235    2.32338    0.18648    0.03544    0.40848
       236    2.32266    0.18794    0.03603    0.40619
       237    2.32417    0.18682    0.03553    0.40516
       238    2.32254    0.18699    0.03568    0.39791
       239    2.32455    0.18516    0.03489    0.39273
       240    2.32266    0.18604    0.03531    0.38719
       241    2.32371    0.18652    0.03544    0.38503
       242    2.32420    0.18515    0.03490    0.37887
       243    2.32491    0.18329    0.03418    0.37115
       244    2.32475    0.18496    0.03481    0.37575
       245    2.32234    0.18506    0.03497    0.36960
       246    2.32483    0.18312    0.03413    0.35987
       247    2.32550    0.18325    0.03414    0.36056
       248    2.32493    0.18233    0.03383    0.35353
       249    2.32578    0.18217    0.03374    0.34959
       250    2.32532    0.18257    0.03390    0.34139
       251    2.32349    0.18267    0.03403    0.34335
       252    2.32445    0.18227    0.03383    0.33539
       253    2.32488    0.18129    0.03346    0.33067
       254    2.32440    0.18164    0.03361    0.32992
       255    2.32792    0.17995    0.03283    0.32574
       256    2.32756    0.18019    0.03294    0.32298
       257    2.32550    0.17959    0.03281    0.31299
       258    2.32684    0.17973    0.03280    0.30894
       259    2.32649    0.17960    0.03277    0.30697
       260    2.32781    0.17848    0.03231    0.30742
       261    2.32711    0.17915    0.03258    0.30296
       262    2.32815    0.17802    0.03213    0.29496
       263    2.32755    0.17745    0.03196    0.29122
       264    2.32654    0.17833    0.03231    0.29062
       265    2.32664    0.17859    0.03240    0.28710
       266    2.32674    0.17897    0.03253    0.28309
       267    2.32847    0.17847    0.03228    0.28267
       268    2.32685    0.17820    0.03226    0.28113
       269    2.32679    0.17677    0.03175    0.27439
       270    2.32802    0.17750    0.03195    0.26945
       271    2.32689    0.17849    0.03235    0.27047
       272    2.32839    0.17649    0.03158    0.26370
       273    2.32752    0.17681    0.03173    0.26144
       274    2.32837    0.17657    0.03161    0.26000
       275    2.32748    0.17682    0.03174    0.25933
       276    2.32847    0.17798    0.03211    0.25555
       277    2.32876    0.17572    0.03129    0.24635
       278    2.32897    0.17532    0.03114    0.24903
       279    2.32913    0.17585    0.03132    0.24169
       280    2.32978    0.17593    0.03133    0.24275
       281    2.32953    0.17467    0.03090    0.24130
       282    2.32732    0.17680    0.03174    0.23750
       283    2.32880    0.17515    0.03109    0.23135
       284    2.32984    0.17529    0.03110    0.23137
       285    2.32844    0.17686    0.03171    0.23105
       286    2.33071    0.17417    0.03068    0.22461
       287    2.32907    0.17425    0.03077    0.21939
       288    2.33045    0.17444    0.03078    0.22272
       289    2.32925    0.17499    0.03102    0.21975
       290    2.32933    0.17421    0.03074    0.21408
       291    2.33046    0.17337    0.03041    0.20860
       292    2.33060    0.17446    0.03078    0.21472
       293    2.33047    0.17433    0.03074    0.20876
       294    2.33037    0.17329    0.03038    0.20480
       295    2.32889    0.17365    0.03056    0.20355
       296    2.33087    0.17385    0.03056    0.20186
       297    2.33130    0.17271    0.03015    0.19691
       298    2.32930    0.17391    0.03064    0.20026
       299    2.32994    0.17350    0.03047    0.19852
       300    2.33090    0.17289    0.03023    0.19307
       301    2.33048    0.17298    0.03027    0.19486
       302    2.33054    0.17338    0.03041    0.18991
       303    2.33027    0.17319    0.03035    0.18986
       304    2.33086    0.17271    0.03016    0.18514
       305    2.33117    0.17270    0.03015    0.18196
       306    2.33214    0.17074    0.02944    0.17864
       307    2.33055    0.17286    0.03023    0.17925
       308    2.33183    0.17298    0.03022    0.17822
       309    2.33063    0.17340    0.03041    0.17494
       310    2.33128    0.17207    0.02993    0.17424
       311    2.33163    0.17279    0.03016    0.17042
       312    2.33168    0.17183    0.02983    0.17003
       313    2.33126    0.17172    0.02981    0.16809
       314    2.33199    0.17210    0.02991    0.16834
       315    2.33069    0.17255    0.03012    0.16438
       316    2.33164    0.17188    0.02985    0.16431
       317    2.33152    0.17267    0.03013    0.16241
       318    2.33293    0.17094    0.02948    0.15856
       319    2.33221    0.17120    0.02960    0.15652
       320    2.33214    0.17088    0.02949    0.15336
       321    2.33065    0.17110    0.02962    0.15856
       322    2.33100    0.17196    0.02990    0.15369
       323    2.33159    0.17253    0.03008    0.15153
       324    2.33183    0.17289    0.03019    0.15233
       325    2.33193    0.17220    0.02995    0.14828
       326    2.33258    0.17072    0.02942    0.14888
       327    2.33434    0.17092    0.02944    0.15439
       328    2.33148    0.17308    0.03027    0.14308
       329    2.33099    0.17269    0.03015    0.14748
       330    2.33324    0.17088    0.02945    0.14124
       331    2.33312    0.17070    0.02940    0.13898
       332    2.33206    0.17149    0.02970    0.13458
       333    2.33172    0.17146    0.02970    0.13768
       334    2.33280    0.17141    0.02965    0.13519
       335    2.33353    0.16998    0.02914    0.13601
       336    2.33299    0.16958    0.02902    0.13450
       337    2.33246    0.17087    0.02948    0.13003
       338    2.33299    0.17071    0.02940    0.12875
       339    2.33299    0.17123    0.02958    0.13092
       340    2.33300    0.17127    0.02959    0.12837
       341    2.33355    0.17061    0.02935    0.12719
       342    2.33229    0.17038    0.02932    0.12619
       343    2.33365    0.16921    0.02887    0.12440
       344    2.33346    0.17013    0.02919    0.12372
       345    2.33321    0.17094    0.02948    0.12305
       346    2.33526    0.16836    0.02854    0.12903
       347    2.33323    0.16939    0.02895    0.11703
       348    2.33272    0.17086    0.02946    0.11990
       349    2.33109    0.17075    0.02948    0.12681
       350    2.33419    0.16816    0.02850    0.11580
       351    2.33452    0.16857    0.02863    0.11656
       352    2.33373    0.17037    0.02927    0.11629
       353    2.33295    0.16937    0.02895    0.11467
       354    2.33141    0.17003    0.02923    0.12045
       355    2.33482    0.16866    0.02865    0.11492
       356    2.33294    0.17045    0.02932    0.11001
       357    2.33335    0.16948    0.02897    0.10994
       358    2.33503    0.16851    0.02860    0.10916
       359    2.33333    0.16975    0.02907    0.10572
       360    2.33327    0.16841    0.02861    0.10384
       361    2.33401    0.17038    0.02926    0.10347
       362    2.33370    0.16954    0.02898    0.10123
       363    2.33281    0.16955    0.02901    0.10426
       364    2.33420    0.17021    0.02920    0.10200
       365    2.33401    0.16965    0.02901    0.09800
       366    2.33403    0.16953    0.02897    0.10167
       367    2.33351    0.17015    0.02920    0.09700
       368    2.33381    0.16959    0.02900    0.10002
       369    2.33447    0.16926    0.02887    0.09979
       370    2.33504    0.16934    0.02887    0.10232
       371    2.33420    0.17012    0.02916    0.09594
       372    2.33285    0.17012    0.02921    0.09994
       373    2.33517    0.16824    0.02850    0.09631
       374    2.33216    0.17035    0.02931    0.10396
       375    2.33483    0.16900    0.02877    0.09504
       376    2.33314    0.16989    0.02912    0.09663
       377    2.33447    0.16885    0.02873    0.09113
       378    2.33669    0.16888    0.02868    0.10821
       379    2.33284    0.17048    0.02933    0.09478
       380    2.33456    0.16865    0.02866    0.08762
       381    2.33293    0.17073    0.02941    0.09369
       382    2.33426    0.16911    0.02882    0.08738
       383    2.33437    0.16868    0.02867    0.08758
       384    2.33527    0.16958    0.02895    0.08735
       385    2.33477    0.16990    0.02907    0.08790
       386    2.33564    0.16845    0.02856    0.08825
       387    2.33443    0.16848    0.02860    0.08507
       388    2.33512    0.16895    0.02874    0.08365
       389    2.33461    0.16872    0.02868    0.07572
       390    2.33448    0.16819    0.02850    0.08030
       391    2.33375    0.16928    0.02889    0.08253
       392    2.33497    0.16909    0.02879    0.08227
       393    2.33379    0.16907    0.02882    0.08515
       394    2.33438    0.16837    0.02857    0.08003
       395    2.33635    0.16758    0.02825    0.08902
       396    2.33445    0.16890    0.02874    0.08132
       397    2.33432    0.16867    0.02867    0.07758
       398    2.33618    0.16736    0.02818    0.08221
       399    2.33339    0.16887    0.02877    0.08293
       400    2.33527    0.16870    0.02865    0.08034
       401    2.33515    0.16951    0.02893    0.07707
       402    2.33420    0.17017    0.02918    0.07573
       403    2.33422    0.16925    0.02887    0.07725
       404    2.33390    0.16978    0.02906    0.07763
       405    2.33625    0.16765    0.02827    0.07724
       406    2.33508    0.16903    0.02877    0.07193
       407    2.33470    0.16935    0.02889    0.07416
       408    2.33602    0.16653    0.02791    0.07354
       409    2.33417    0.16898    0.02878    0.07468
       410    2.33268    0.16898    0.02883    0.09146
       411    2.33354    0.17030    0.02925    0.07933
       412    2.33676    0.16863    0.02859    0.08235
       413    2.33554    0.16862    0.02862    0.07140
       414    2.33467    0.16939    0.02890    0.07012
       415    2.33459    0.16829    0.02853    0.07357
       416    2.33619    0.16797    0.02838    0.07282
       417    2.33528    0.16891    0.02872    0.06979
       418    2.33419    0.17048    0.02929    0.07168
       419    2.33756    0.16779    0.02829    0.09106
       420    2.33439    0.16884    0.02873    0.06957
       421    2.33355    0.16928    0.02890    0.07707
       422    2.33588    0.16852    0.02858    0.07249
       423    2.33457    0.16810    0.02847    0.06906
       424    2.33455    0.16924    0.02886    0.06924
       425    2.33520    0.16884    0.02870    0.06534
       426    2.33606    0.16871    0.02863    0.06785
       427    2.33545    0.16842    0.02856    0.06533
       428    2.33563    0.16930    0.02885    0.06491
       429    2.33605    0.16721    0.02813    0.06811
       430    2.33470    0.16826    0.02852    0.06463
       431    2.33454    0.16850    0.02861    0.06577
       432    2.33610    0.16942    0.02887    0.06821
       433    2.33449    0.16850    0.02861    0.06709
       434    2.33371    0.16993    0.02912    0.07353
       435    2.33706    0.16712    0.02807    0.07429
       436    2.33490    0.16930    0.02887    0.06428
       437    2.33888    0.16708    0.02802    0.10434
       438    2.33503    0.16802    0.02843    0.06080
       439    2.33518    0.16929    0.02886    0.06088
       440    2.33616    0.16731    0.02816    0.06630
       441    2.33335    0.16854    0.02866    0.07996
       442    2.33316    0.17044    0.02931    0.07980
       443    2.33594    0.16771    0.02830    0.06373
       444    2.33665    0.16717    0.02810    0.06349
       445    2.33696    0.16798    0.02837    0.06290
       446    2.33421    0.16942    0.02893    0.06719
       447    2.33660    0.16692    0.02802    0.06310
       448    2.33602    0.16778    0.02832    0.05946
       449    2.33446    0.16968    0.02901    0.06333
       450    2.33592    0.16763    0.02828    0.05721
       451    2.33676    0.16689    0.02801    0.06181
       452    2.33423    0.16943    0.02893    0.06604
       453    2.33555    0.16899    0.02874    0.05802
       454    2.33569    0.16809    0.02844    0.06009
       455    2.33453    0.16782    0.02838    0.06499
       456    2.33506    0.16793    0.02840    0.05989
       457    2.33699    0.16818    0.02843    0.06112
       458    2.33799    0.16645    0.02783    0.07585
       459    2.33578    0.16786    0.02836    0.05631
       460    2.33603    0.16767    0.02828    0.05850
       461    2.33589    0.16741    0.02820    0.05586
       462    2.33502    0.16786    0.02838    0.06049
       463    2.33426    0.16848    0.02861    0.06692
       464    2.33577    0.16792    0.02838    0.05668
       465    2.33621    0.16830    0.02849    0.05578
       466    2.33297    0.16879    0.02875    0.08565
       467    2.33727    0.16765    0.02825    0.06649
       468    2.33748    0.16811    0.02840    0.06878
       469    2.33550    0.16763    0.02829    0.05485
       470    2.33646    0.16790    0.02835    0.05694
       471    2.33646    0.16735    0.02817    0.05551
       472    2.33656    0.16815    0.02844    0.05836
       473    2.33452    0.16860    0.02864    0.06399
       474    2.33460    0.16814    0.02848    0.06321
       475    2.33590    0.16890    0.02871    0.05320
       476    2.33588    0.16803    0.02841    0.05171
       477    2.33560    0.16796    0.02840    0.05373
       478    2.33740    0.16734    0.02814    0.06238
       479    2.33548    0.16872    0.02865    0.05366
       480    2.33509    0.16798    0.02841    0.05724
       481    2.33672    0.16895    0.02870    0.05761
       482    2.33740    0.16634    0.02781    0.05726
       483    2.33396    0.16885    0.02874    0.06985
       484    2.33475    0.16908    0.02879    0.05958
       485    2.33782    0.16666    0.02790    0.06301
       486    2.33410    0.16955    0.02898    0.06663
       487    2.33660    0.16798    0.02838    0.05691
       488    2.33570    0.16920    0.02881    0.05332
       489    2.33699    0.16642    0.02785    0.05754
       490    2.33506    0.16852    0.02860    0.05609
       491    2.33457    0.16699    0.02810    0.06416
       492    2.33653    0.16810    0.02842    0.05122
       493    2.33728    0.16840    0.02850    0.06121
       494    2.33722    0.16644    0.02785    0.05569
       495    2.33656    0.16764    0.02826    0.05208
       496    2.33641    0.16843    0.02853    0.05266
       497    2.33732    0.16537    0.02749    0.05492
       498    2.33624    0.16764    0.02827    0.05165
       499    2.33575    0.16836    0.02853    0.05286
       500    2.33487    0.16760    0.02830    0.05992
       501    2.33366    0.16883    0.02875    0.07581
       502    2.33731    0.16705    0.02805    0.05626
       503    2.33617    0.16799    0.02839    0.05263
       504    2.33784    0.16624    0.02776    0.05910
       505    2.33694    0.16629    0.02780    0.05417
       506    2.33528    0.16809    0.02845    0.05469
       507    2.33488    0.16763    0.02831    0.05920
       508    2.33609    0.16777    0.02832    0.05123
       509    2.33521    0.16805    0.02844    0.05565
       510    2.33639    0.16823    0.02846    0.05271
       511    2.33659    0.16732    0.02815    0.04933
       512    2.33772    0.16677    0.02794    0.06054
       513    2.33735    0.16705    0.02805    0.05561
       514    2.33666    0.16694    0.02803    0.05145
       515    2.33673    0.16690    0.02801    0.05138
       516    2.33395    0.16806    0.02848    0.07365
       517    2.33579    0.16738    0.02820    0.05055
       518    2.33407    0.16887    0.02875    0.07126
       519    2.33640    0.16736    0.02817    0.05107
       520    2.33692    0.16789    0.02834    0.05215
       521    2.33655    0.16787    0.02834    0.05102
       522    2.33481    0.16831    0.02854    0.05847
       523    2.33614    0.16738    0.02818    0.04997
       524    2.33463    0.16844    0.02858    0.06270
       525    2.33782    0.16710    0.02805    0.06195
       526    2.33865    0.16572    0.02757    0.06932
       527    2.33691    0.16671    0.02794    0.05014
       528    2.33584    0.16740    0.02820    0.04998
       529    2.33584    0.16808    0.02843    0.05082
       530    2.33608    0.16816    0.02845    0.04919
       531    2.33592    0.16876    0.02866    0.04942
       532    2.33594    0.16753    0.02824    0.04907
       533    2.33737    0.16643    0.02784    0.05577
       534    2.33439    0.16819    0.02851    0.06670
       535    2.33606    0.16862    0.02861    0.04913
       536    2.33751    0.16701    0.02803    0.05785
       537    2.33662    0.16716    0.02810    0.04956
       538    2.33635    0.16690    0.02802    0.04905
       539    2.33501    0.16877    0.02868    0.05654
       540    2.33477    0.16950    0.02894    0.05885
       541    2.33689    0.16811    0.02841    0.05246
       542    2.33522    0.16758    0.02828    0.05557
       543    2.33642    0.16801    0.02839    0.04834
       544    2.33574    0.16791    0.02837    0.05047
       545    2.33700    0.16881    0.02865    0.05183
       546    2.33709    0.16736    0.02816    0.05170
       547    2.33720    0.16668    0.02793    0.05087
       548    2.33712    0.16773    0.02828    0.05250
       549    2.33560    0.16854    0.02859    0.05172
       550    2.33784    0.16590    0.02765    0.05611
       551    2.33561    0.16744    0.02822    0.05207
       552    2.33564    0.16729    0.02817    0.05154
       553    2.33659    0.16802    0.02839    0.04919
       554    2.33579    0.16784    0.02835    0.04959
       555    2.33698    0.16728    0.02813    0.04998
       556    2.33671    0.16642    0.02785    0.04805
       557    2.33598    0.16780    0.02833    0.04907
       558    2.33649    0.16729    0.02815    0.04915
       559    2.33612    0.16720    0.02813    0.04851
       560    2.33510    0.16735    0.02821    0.05872
       561    2.33734    0.16675    0.02794    0.05274
       562    2.33669    0.16681    0.02798    0.04677
       563    2.33465    0.16867    0.02866    0.06133
       564    2.33658    0.16732    0.02815    0.04955
       565    2.33722    0.16654    0.02788    0.05190
       566    2.33734    0.16748    0.02819    0.05499
       567    2.33556    0.16767    0.02830    0.05311
       568    2.33720    0.16765    0.02825    0.05141
       569    2.33663    0.16601    0.02772    0.04696
       570    2.33606    0.16834    0.02851    0.04841
       571    2.33560    0.16708    0.02810    0.05151
       572    2.33571    0.16826    0.02849    0.05038
       573    2.33613    0.16766    0.02828    0.04823
       574    2.33605    0.16831    0.02850    0.04861
       575    2.33664    0.16852    0.02856    0.04919
       576    2.33528    0.16798    0.02841    0.05498
       577    2.33703    0.16826    0.02846    0.05125
       578    2.33760    0.16760    0.02822    0.05605
       579    2.33656    0.16751    0.02822    0.04865
       580    2.33558    0.16814    0.02846    0.05062
       581    2.33697    0.16704    0.02805    0.04804
       582    2.33675    0.16722    0.02812    0.04803
       583    2.33610    0.16732    0.02817    0.04816
       584    2.33666    0.16668    0.02794    0.04836
       585    2.33546    0.16752    0.02825    0.05293
       586    2.33584    0.16742    0.02821    0.04915
       587    2.33702    0.16760    0.02824    0.04860
       588    2.33546    0.16903    0.02876    0.05391
       589    2.33669    0.16733    0.02816    0.04886
       590    2.33913    0.16622    0.02773    0.07594
       591    2.33815    0.16636    0.02780    0.06040
       592    2.33536    0.16779    0.02835    0.05372
       593    2.33580    0.16856    0.02859    0.05090
       594    2.33461    0.16798    0.02843    0.06361
       595    2.33743    0.16785    0.02831    0.05399
       596    2.33768    0.16621    0.02776    0.05185
       597    2.33738    0.16605    0.02771    0.04837
       598    2.33421    0.16791    0.02842    0.07165
       599    2.33734    0.16605    0.02771    0.04908
       600    2.33826    0.16571    0.02758    0.05862
       601    2.33736    0.16676    0.02795    0.05039
       602    2.33641    0.16694    0.02803    0.04750
       603    2.33635    0.16661    0.02792    0.04723
       604    2.33685    0.16643    0.02785    0.04613
       605    2.33490    0.16788    0.02839    0.06240
       606    2.33748    0.16691    0.02800    0.05171
       607    2.33616    0.16720    0.02812    0.04827
       608    2.33764    0.16660    0.02789    0.05194
       609    2.33649    0.16736    0.02817    0.04819
       610    2.33434    0.16729    0.02821    0.07035
       611    2.33685    0.16708    0.02807    0.04712
       612    2.33754    0.16542    0.02750    0.04994
       613    2.33784    0.16618    0.02774    0.05384
       614    2.33677    0.16650    0.02788    0.04645
       615    2.33818    0.16533    0.02746    0.05729
       616    2.33649    0.16704    0.02806    0.04749
       617    2.33415    0.16797    0.02844    0.07329
       618    2.33695    0.16707    0.02806    0.04775
       619    2.33479    0.16727    0.02819    0.06239
       620    2.33686    0.16778    0.02830    0.04858
       621    2.33762    0.16608    0.02772    0.05085
       622    2.33576    0.16700    0.02807    0.05063
       623    2.33593    0.16770    0.02830    0.04868
       624    2.33694    0.16715    0.02809    0.04718
       625    2.33569    0.16708    0.02810    0.05067
       626    2.33518    0.16870    0.02866    0.05502
       627    2.33715    0.16648    0.02786    0.04844
       628    2.33626    0.16681    0.02799    0.04686
       629    2.33487    0.16848    0.02859    0.06024
       630    2.33751    0.16680    0.02796    0.05072
       631    2.33746    0.16721    0.02810    0.05027
       632    2.33683    0.16779    0.02831    0.04860
       633    2.33766    0.16692    0.02800    0.05325
       634    2.33748    0.16684    0.02797    0.05001
       635    2.33803    0.16559    0.02755    0.05376
       636    2.33558    0.16643    0.02789    0.05308
       637    2.33674    0.16690    0.02801    0.04752
       638    2.33848    0.16559    0.02753    0.06134
       639    2.33393    0.16893    0.02877    0.07730
       640    2.33636    0.16821    0.02846    0.04825
       641    2.33846    0.16509    0.02737    0.06101
       642    2.33606    0.16757    0.02825    0.04902
       643    2.33681    0.16631    0.02781    0.04639
       644    2.33660    0.16667    0.02794    0.04746
       645    2.33639    0.16711    0.02809    0.04592
       646    2.33639    0.16707    0.02808    0.04724
       647    2.33567    0.16679    0.02800    0.05276
       648    2.33516    0.16843    0.02857    0.05499
       649    2.33716    0.16698    0.02803    0.04792
       650    2.33721    0.16628    0.02779    0.04694
       651    2.33744    0.16667    0.02792    0.04952
       652    2.33655    0.16676    0.02797    0.04683
       653    2.33632    0.16692    0.02803    0.04865
       654    2.33595    0.16732    0.02817    0.04979
       655    2.33657    0.16679    0.02798    0.04579
       656    2.33613    0.16633    0.02784    0.04830
       657    2.33755    0.16555    0.02754    0.04825
       658    2.33664    0.16748    0.02821    0.04706
       659    2.33701    0.16613    0.02775    0.04732
       660    2.33668    0.16745    0.02820    0.04735
       661    2.33587    0.16764    0.02828    0.05067
       662    2.33629    0.16735    0.02817    0.04732
       663    2.33711    0.16748    0.02819    0.04998
       664    2.33542    0.16801    0.02842    0.05332
       665    2.33643    0.16629    0.02782    0.04696
       666    2.33746    0.16691    0.02800    0.05224
       667    2.33557    0.16713    0.02812    0.05294
       668    2.33733    0.16672    0.02794    0.04770
       669    2.33976    0.16469    0.02721    0.08131
       670    2.33476    0.16692    0.02807    0.06423
       671    2.33736    0.16658    0.02789    0.04890
       672    2.33641    0.16648    0.02788    0.04656
       673    2.33667    0.16601    0.02771    0.04495
       674    2.33698    0.16619    0.02777    0.04578
       675    2.33655    0.16715    0.02810    0.04633
       676    2.33582    0.16685    0.02802    0.05033
       677    2.33665    0.16649    0.02788    0.04661
       678    2.33673    0.16734    0.02816    0.04712
       679    2.33497    0.16733    0.02820    0.06281
       680    2.33714    0.16755    0.02822    0.04895
       681    2.33586    0.16786    0.02835    0.04988
       682    2.33857    0.16521    0.02741    0.05982
       683    2.33621    0.16753    0.02824    0.04888
       684    2.33541    0.16779    0.02834    0.05485
       685    2.33708    0.16671    0.02794    0.04856
       686    2.33561    0.16753    0.02825    0.05099
       687    2.33737    0.16662    0.02790    0.04867
       688    2.33679    0.16630    0.02781    0.04602
       689    2.33836    0.16625    0.02776    0.05894
       690    2.33746    0.16477    0.02729    0.04703
       691    2.33590    0.16724    0.02815    0.05073
       692    2.33703    0.16530    0.02747    0.04590
       693    2.33671    0.16594    0.02769    0.04642
       694    2.33584    0.16813    0.02845    0.05063
       695    2.33700    0.16619    0.02777    0.04593
       696    2.33754    0.16608    0.02772    0.04974
       697    2.33609    0.16714    0.02811    0.04816
       698    2.33773    0.16675    0.02794    0.05214
       699    2.33627    0.16615    0.02777    0.04684
       700    2.33623    0.16637    0.02785    0.04681
       701    2.33612    0.16599    0.02772    0.04812
       702    2.33578    0.16663    0.02794    0.05206
       703    2.33659    0.16791    0.02835    0.04762
       704    2.33662    0.16737    0.02817    0.04573
       705    2.33633    0.16640    0.02785    0.04704
       706    2.33972    0.16532    0.02742    0.08274
       707    2.33505    0.16812    0.02846    0.05853
       708    2.33652    0.16664    0.02793    0.04672
       709    2.33497    0.16731    0.02819    0.06033
       710    2.33662    0.16723    0.02812    0.04715
       711    2.33906    0.16598    0.02765    0.06996
       712    2.33493    0.16825    0.02851    0.06199
       713    2.33625    0.16662    0.02793    0.04753
       714    2.33707    0.16719    0.02810    0.04831
       715    2.33648    0.16666    0.02794    0.04680
       716    2.33518    0.16814    0.02847    0.05699
       717    2.33771    0.16638    0.02781    0.05237
       718    2.33747    0.16704    0.02804    0.04970
       719    2.33863    0.16530    0.02744    0.06095
       720    2.33540    0.16704    0.02809    0.05688
       721    2.33656    0.16664    0.02793    0.04613
       722    2.33729    0.16693    0.02801    0.04823
       723    2.33747    0.16585    0.02764    0.04921
       724    2.33804    0.16475    0.02727    0.05066
       725    2.33604    0.16691    0.02803    0.05002
       726    2.33774    0.16569    0.02758    0.04971
       727    2.33730    0.16585    0.02765    0.04589
       728    2.33433    0.16810    0.02848    0.07258
       729    2.33631    0.16726    0.02814    0.04709
       730    2.33652    0.16589    0.02768    0.04591
       731    2.33690    0.16668    0.02793    0.04830
       732    2.33686    0.16661    0.02791    0.04623
       733    2.33895    0.16473    0.02724    0.06546
       734    2.33574    0.16677    0.02799    0.05310
       735    2.33716    0.16686    0.02799    0.04757
       736    2.33797    0.16608    0.02771    0.05305
       737    2.33538    0.16717    0.02814    0.05602
       738    2.33589    0.16565    0.02762    0.05048
       739    2.33717    0.16581    0.02764    0.04542
       740    2.33603    0.16688    0.02802    0.04992
       741    2.33569    0.16832    0.02851    0.05120
       742    2.33747    0.16610    0.02773    0.04948
       743    2.33495    0.16674    0.02800    0.06177
       744    2.33677    0.16597    0.02770    0.04571
       745    2.33501    0.16825    0.02851    0.06018
       746    2.33728    0.16784    0.02831    0.05200
       747    2.33726    0.16716    0.02808    0.04899
       748    2.33764    0.16627    0.02778    0.05052
       749    2.33588    0.16739    0.02820    0.05120
       750    2.33818    0.16611    0.02772    0.05686
       751    2.33641    0.16682    0.02799    0.04680
       752    2.33784    0.16549    0.02752    0.05032
       753    2.33866    0.16433    0.02712    0.05953
       754    2.33796    0.16542    0.02749    0.05307
       755    2.33695    0.16539    0.02751    0.04511
       756    2.33489    0.16764    0.02831    0.06200
       757    2.33574    0.16676    0.02799    0.05112
       758    2.33813    0.16563    0.02756    0.05527
       759    2.33774    0.16567    0.02758    0.05045
       760    2.33606    0.16573    0.02764    0.05045
       761    2.33545    0.16628    0.02784    0.05671
       762    2.33666    0.16568    0.02761    0.04611
       763    2.33663    0.16712    0.02809    0.04609
       764    2.33634    0.16699    0.02805    0.04732
       765    2.33805    0.16607    0.02770    0.05394
       766    2.33706    0.16623    0.02778    0.04559
       767    2.33755    0.16491    0.02733    0.04680
       768    2.33651    0.16656    0.02790    0.04600
       769    2.33639    0.16656    0.02791    0.04772
       770    2.33708    0.16644    0.02785    0.04691
       771    2.33626    0.16697    0.02805    0.04766
       772    2.33703    0.16647    0.02786    0.04696
       773    2.33602    0.16632    0.02784    0.05014
       774    2.33541    0.16725    0.02816    0.05597
       775    2.33584    0.16645    0.02788    0.05063
       776    2.33911    0.16513    0.02737    0.06811
       777    2.33697    0.16589    0.02767    0.04591
       778    2.33638    0.16684    0.02800    0.04587
       779    2.33609    0.16677    0.02798    0.04767
       780    2.33685    0.16623    0.02778    0.04643
       781    2.33667    0.16602    0.02772    0.04550
       782    2.33672    0.16737    0.02817    0.04676
       783    2.33551    0.16731    0.02818    0.05322
       784    2.33686    0.16591    0.02768    0.04543
       785    2.33816    0.16620    0.02775    0.05530
       786    2.33669    0.16539    0.02751    0.04520
       787    2.33662    0.16594    0.02770    0.04581
       788    2.33729    0.16612    0.02774    0.04731
       789    2.33746    0.16642    0.02783    0.04904
       790    2.33664    0.16536    0.02750    0.04644
       791    2.33648    0.16610    0.02775    0.04647
       792    2.33715    0.16534    0.02748    0.04510
       793    2.33648    0.16567    0.02761    0.04689
       794    2.33646    0.16619    0.02778    0.04584
       795    2.33773    0.16575    0.02761    0.05013
       796    2.33626    0.16616    0.02778    0.04651
       797    2.33742    0.16540    0.02749    0.04706
       798    2.33545    0.16668    0.02797    0.05656
       799    2.33622    0.16581    0.02766    0.04745
       800    2.33857    0.16506    0.02736    0.06034
       801    2.33755    0.16455    0.02721    0.04562
       802    2.33738    0.16575    0.02761    0.04639
       803    2.33634    0.16484    0.02734    0.04712
       804    2.33654    0.16526    0.02747    0.04538
       805    2.33643    0.16651    0.02789    0.04756
       806    2.33597    0.16660    0.02793    0.04935
       807    2.33756    0.16677    0.02795    0.05060
       808    2.33791    0.16574    0.02760    0.05208
       809    2.33717    0.16498    0.02736    0.04494
       810    2.33737    0.16538    0.02749    0.04633
       811    2.33609    0.16667    0.02795    0.04899
       812    2.33589    0.16707    0.02809    0.05102
       813    2.33853    0.16480    0.02727    0.05843
       814    2.33766    0.16548    0.02752    0.04895
       815    2.33652    0.16572    0.02762    0.04593
       816    2.33736    0.16655    0.02788    0.04845
       817    2.33728    0.16499    0.02736    0.04538
       818    2.33605    0.16509    0.02743    0.04937
       819    2.33590    0.16603    0.02774    0.05064
       820    2.33698    0.16545    0.02752    0.04438
       821    2.33759    0.16494    0.02734    0.04637
       822    2.33743    0.16558    0.02756    0.04690
       823    2.33675    0.16518    0.02744    0.04469
       824    2.33841    0.16531    0.02744    0.05777
       825    2.33643    0.16589    0.02768    0.04614
       826    2.33667    0.16579    0.02764    0.04604
       827    2.33458    0.16757    0.02829    0.06760
       828    2.33815    0.16448    0.02718    0.05223
       829    2.33718    0.16552    0.02754    0.04625
       830    2.33656    0.16582    0.02766    0.04549
       831    2.33649    0.16516    0.02744    0.04591
       832    2.33590    0.16540    0.02753    0.05141
       833    2.33809    0.16462    0.02722    0.05216
       834    2.33607    0.16575    0.02764    0.04809
       835    2.33686    0.16547    0.02753    0.04564
       836    2.33802    0.16454    0.02720    0.05156
       837    2.33586    0.16462    0.02728    0.05258
       838    2.33551    0.16599    0.02774    0.05664
       839    2.33675    0.16557    0.02757    0.04618
       840    2.33585    0.16622    0.02781    0.05094
       841    2.33669    0.16675    0.02796    0.04645
       842    2.33699    0.16647    0.02786    0.04586
       843    2.33677    0.16561    0.02758    0.04575
       844    2.33540    0.16754    0.02826    0.05488
       845    2.33929    0.16591    0.02762    0.07496
       846    2.33790    0.16500    0.02735    0.05120
       847    2.33636    0.16611    0.02776    0.04653
       848    2.33720    0.16546    0.02752    0.04586
       849    2.33657    0.16557    0.02757    0.04655
       850    2.33716    0.16480    0.02730    0.04499
       851    2.33662    0.16588    0.02768    0.04570
       852    2.33805    0.16443    0.02716    0.05142
       853    2.33569    0.16651    0.02791    0.05344
       854    2.33637    0.16629    0.02782    0.04678
       855    2.33711    0.16499    0.02737    0.04528
       856    2.33567    0.16643    0.02788    0.05265
       857    2.33677    0.16560    0.02758    0.04537
       858    2.33753    0.16552    0.02753    0.04728
       859    2.33895    0.16384    0.02695    0.06327
       860    2.33639    0.16648    0.02788    0.04697
       861    2.33663    0.16591    0.02768    0.04513
       862    2.33715    0.16647    0.02786    0.04610
       863    2.33616    0.16647    0.02788    0.04771
       864    2.33729    0.16513    0.02741    0.04475
       865    2.33657    0.16553    0.02756    0.04546
       866    2.33597    0.16621    0.02780    0.04951
       867    2.33584    0.16578    0.02766    0.05175
       868    2.33806    0.16510    0.02738    0.05169
       869    2.33747    0.16488    0.02732    0.04619
       870    2.33785    0.16404    0.02704    0.04716
       871    2.33633    0.16583    0.02766    0.04569
       872    2.33750    0.16515    0.02741    0.04679
       873    2.33613    0.16577    0.02765    0.05051
       874    2.33640    0.16551    0.02756    0.04635
       875    2.33638    0.16618    0.02778    0.04740
       876    2.33612    0.16595    0.02771    0.04783
       877    2.33698    0.16561    0.02758    0.04624
       878    2.33646    0.16665    0.02793    0.04760
       879    2.33761    0.16504    0.02737    0.04724
       880    2.33576    0.16715    0.02812    0.05095
       881    2.33795    0.16509    0.02738    0.05215
       882    2.33910    0.16421    0.02707    0.06586
       883    2.33692    0.16446    0.02720    0.04480
       884    2.33554    0.16614    0.02779    0.05411
       885    2.33732    0.16509    0.02740    0.04702
       886    2.33636    0.16544    0.02753    0.04695
       887    2.33766    0.16467    0.02725    0.04642
       888    2.33614    0.16625    0.02781    0.04788
       889    2.33753    0.16419    0.02710    0.04543
       890    2.33756    0.16457    0.02722    0.04537
       891    2.33714    0.16488    0.02733    0.04481
       892    2.33692    0.16589    0.02767    0.04627
       893    2.33604    0.16500    0.02740    0.04980
       894    2.33823    0.16422    0.02709    0.05266
       895    2.33673    0.16575    0.02763    0.04466
       896    2.33750    0.16452    0.02720    0.04437
       897    2.33640    0.16574    0.02763    0.04609
       898    2.33625    0.16538    0.02752    0.04766
       899    2.33721    0.16412    0.02708    0.04391
       900    2.33666    0.16566    0.02760    0.04598
       901    2.33646    0.16526    0.02747    0.04519
       902    2.33872    0.16415    0.02706    0.05738
       903    2.33774    0.16459    0.02722    0.04754
       904    2.33538    0.16648    0.02791    0.05679
       905    2.33561    0.16608    0.02777    0.05465
       906    2.33537    0.16591    0.02772    0.05879
       907    2.33695    0.16584    0.02765    0.04516
       908    2.33828    0.16429    0.02711    0.05515
       909    2.33679    0.16482    0.02732    0.04458
       910    2.33965    0.16348    0.02682    0.07091
       911    2.33821    0.16333    0.02680    0.05024
       912    2.33650    0.16557    0.02757    0.04600
       913    2.33695    0.16472    0.02728    0.04435
       914    2.33585    0.16668    0.02796    0.05137
       915    2.33502    0.16523    0.02750    0.06491
       916    2.33726    0.16535    0.02748    0.04571
       917    2.33613    0.16700    0.02806    0.04682
       918    2.33693    0.16510    0.02741    0.04479
       919    2.33696    0.16533    0.02748    0.04382
       920    2.33692    0.16479    0.02730    0.04468
       921    2.33556    0.16682    0.02802    0.05376
       922    2.33875    0.16347    0.02683    0.05847
       923    2.33682    0.16518    0.02744    0.04520
       924    2.33855    0.16384    0.02696    0.05612
       925    2.33777    0.16384    0.02698    0.04731
       926    2.33646    0.16553    0.02756    0.04631
       927    2.33650    0.16553    0.02756    0.04653
       928    2.33575    0.16538    0.02753    0.05479
       929    2.33696    0.16462    0.02725    0.04499
       930    2.33744    0.16478    0.02729    0.04686
       931    2.33598    0.16606    0.02775    0.04917
       932    2.33754    0.16549    0.02752    0.04695
       933    2.33759    0.16489    0.02732    0.04768
       934    2.33527    0.16595    0.02773    0.05884
       935    2.33603    0.16637    0.02785    0.04829
       936    2.33749    0.16411    0.02707    0.04514
       937    2.33759    0.16420    0.02710    0.04569
       938    2.33712    0.16523    0.02745    0.04546
       939    2.33639    0.16588    0.02768    0.04659
       940    2.33751    0.16600    0.02769    0.04693
       941    2.33718    0.16586    0.02766    0.04623
       942    2.33632    0.16513    0.02743    0.04635
       943    2.33939    0.16389    0.02696    0.07161
       944    2.33580    0.16573    0.02764    0.04999
       945    2.33684    0.16557    0.02756    0.04516
       946    2.33693    0.16508    0.02740    0.04457
       947    2.33738    0.16450    0.02720    0.04591
       948    2.33705    0.16476    0.02729    0.04454
       949    2.33630    0.16570    0.02762    0.04667
       950    2.33726    0.16538    0.02749    0.04492
       951    2.33655    0.16553    0.02756    0.04522
       952    2.33722    0.16452    0.02721    0.04383
       953    2.33754    0.16495    0.02734    0.04614
       954    2.33705    0.16455    0.02722    0.04412
       955    2.33713    0.16483    0.02731    0.04510
       956    2.33634    0.16535    0.02751    0.04709
       957    2.33626    0.16605    0.02774    0.04726
       958    2.33744    0.16572    0.02760    0.04748
       959    2.33663    0.16427    0.02714    0.04506
       960    2.33843    0.16398    0.02701    0.05489
       961    2.33678    0.16449    0.02721    0.04470
       962    2.33597    0.16549    0.02756    0.04890
       963    2.33753    0.16503    0.02737    0.04645
       964    2.33507    0.16574    0.02767    0.06256
       965    2.33585    0.16665    0.02795    0.05010
       966    2.33570    0.16602    0.02774    0.05337
       967    2.33890    0.16421    0.02707    0.06121
       968    2.33681    0.16415    0.02710    0.04425
       969    2.33683    0.16471    0.02728    0.04475
       970    2.33974    0.16261    0.02653    0.07292
       971    2.33638    0.16503    0.02740    0.04768
       972    2.33684    0.16477    0.02730    0.04433
       973    2.33657    0.16517    0.02744    0.04559
       974    2.33578    0.16665    0.02795    0.05181
       975    2.33838    0.16475    0.02726    0.05483
       976    2.33775    0.16464    0.02724    0.04681
       977    2.33927    0.16327    0.02675    0.06577
       978    2.33702    0.16367    0.02694    0.04284
       979    2.33718    0.16473    0.02728    0.04600
       980    2.33597    0.16465    0.02728    0.05071
       981    2.33714    0.16416    0.02709    0.04361
       982    2.33732    0.16436    0.02715    0.04385
       983    2.33552    0.16580    0.02768    0.05692
       984    2.33672    0.16590    0.02768    0.04442
       985    2.33649    0.16432    0.02716    0.04662
       986    2.33745    0.16472    0.02727    0.04636
       987    2.33895    0.16443    0.02714    0.06517
       988    2.33703    0.16405    0.02706    0.04420
       989    2.33685    0.16519    0.02744    0.04480
       990    2.33690    0.16436    0.02716    0.04518
       991    2.33627    0.16489    0.02736    0.04830
       992    2.33616    0.16443    0.02721    0.04989
       993    2.33617    0.16556    0.02758    0.04955
       994    2.33710    0.16601    0.02771    0.04444
       995    2.33677    0.16457    0.02724    0.04451
       996    2.33787    0.16490    0.02732    0.04928
       997    2.33899    0.16350    0.02684    0.06088
       998    2.33646    0.16511    0.02742    0.04690
       999    2.33633    0.16575    0.02764    0.04705

Final Weights:        -0.1284302632        -0.5517766038         0.4458317590         0.2370019732 