# Cycles, Average Predicted Temperature, Stddev Predicted Temperature, Mean Squared Error, || MSE Gradient ||
         0    0.00259    0.00249    4.95773    0.44243
         1    0.00262    0.00252    4.95758    0.44772
         2    0.00266    0.00253    4.95741    0.45454
         3    0.00272    0.00254    4.95716    0.46251
         4    0.00278    0.00259    4.95688    0.47246
         5    0.00282    0.00260    4.95670    0.47919
         6    0.00289    0.00264    4.95641    0.48834
         7    0.00293    0.00267    4.95620    0.49659
         8    0.00299    0.00269    4.95595    0.50540
         9    0.00306    0.00274    4.95563    0.51602
        10    0.00312    0.00275    4.95539    0.52427
        11    0.00318    0.00275    4.95512    0.53355
        12    0.00320    0.00278    4.95500    0.53834
        13    0.00330    0.00285    4.95456    0.55585
        14    0.00336    0.00286    4.95429    0.56664
        15    0.00344    0.00290    4.95395    0.57528
        16    0.00352    0.00294    4.95360    0.58951
        17    0.00359    0.00296    4.95327    0.59953
        18    0.00368    0.00299    4.95287    0.61422
        19    0.00375    0.00303    4.95256    0.62905
        20    0.00387    0.00310    4.95204    0.64269
        21    0.00392    0.00309    4.95182    0.65371
        22    0.00402    0.00317    4.95136    0.66876
        23    0.00414    0.00321    4.95083    0.68182
        24    0.00427    0.00327    4.95024    0.70092
        25    0.00437    0.00331    4.94983    0.71449
        26    0.00446    0.00334    4.94942    0.72890
        27    0.00459    0.00339    4.94883    0.74455
        28    0.00474    0.00350    4.94818    0.76154
        29    0.00482    0.00351    4.94780    0.77622
        30    0.00499    0.00360    4.94706    0.79582
        31    0.00513    0.00367    4.94643    0.81206
        32    0.00529    0.00372    4.94572    0.83354
        33    0.00545    0.00382    4.94503    0.84998
        34    0.00558    0.00386    4.94442    0.86878
        35    0.00579    0.00397    4.94351    0.89458
        36    0.00598    0.00406    4.94267    0.91424
        37    0.00616    0.00415    4.94188    0.93731
        38    0.00638    0.00427    4.94089    0.96656
        39    0.00658    0.00435    4.94001    0.98981
        40    0.00677    0.00444    4.93913    1.01419
        41    0.00704    0.00455    4.93794    1.04336
        42    0.00725    0.00468    4.93702    1.06434
        43    0.00750    0.00480    4.93591    1.09170
        44    0.00782    0.00495    4.93448    1.12368
        45    0.00806    0.00506    4.93344    1.14978
        46    0.00839    0.00523    4.93196    1.18154
        47    0.00871    0.00538    4.93052    1.22541
        48    0.00907    0.00555    4.92894    1.25870
        49    0.00945    0.00571    4.92727    1.29810
        50    0.00981    0.00591    4.92566    1.33467
        51    0.01022    0.00612    4.92383    1.37521
        52    0.01065    0.00631    4.92195    1.41695
        53    0.01109    0.00655    4.91999    1.45734
        54    0.01156    0.00677    4.91791    1.50319
        55    0.01209    0.00703    4.91558    1.54974
        56    0.01267    0.00729    4.91300    1.60093
        57    0.01328    0.00757    4.91029    1.65476
        58    0.01387    0.00788    4.90770    1.70649
        59    0.01455    0.00821    4.90468    1.76595
        60    0.01527    0.00856    4.90151    1.82343
        61    0.01599    0.00892    4.89830    1.88466
        62    0.01680    0.00931    4.89472    1.94899
        63    0.01772    0.00972    4.89067    2.02059
        64    0.01874    0.01021    4.88616    2.09439
        65    0.01970    0.01071    4.88192    2.16786
        66    0.02084    0.01124    4.87691    2.24836
        67    0.02200    0.01183    4.87180    2.33127
        68    0.02320    0.01241    4.86652    2.41564
        69    0.02456    0.01310    4.86055    2.50723
        70    0.02597    0.01380    4.85434    2.60012
        71    0.02766    0.01462    4.84695    2.70988
        72    0.02924    0.01547    4.83998    2.80974
        73    0.03111    0.01639    4.83182    2.92528
        74    0.03302    0.01733    4.82343    3.03794
        75    0.03530    0.01848    4.81349    3.17957
        76    0.03767    0.01964    4.80311    3.32176
        77    0.04022    0.02095    4.79200    3.46289
        78    0.04302    0.02242    4.77983    3.61609
        79    0.04609    0.02395    4.76646    3.77991
        80    0.04948    0.02563    4.75176    3.95403
        81    0.05311    0.02754    4.73604    4.13827
        82    0.05731    0.02963    4.71790    4.34314
        83    0.06169    0.03190    4.69906    4.54630
        84    0.06668    0.03438    4.67761    4.77631
        85    0.07207    0.03721    4.65454    5.01343
        86    0.07821    0.04026    4.62833    5.27710
        87    0.08478    0.04364    4.60039    5.54353
        88    0.09240    0.04758    4.56812    5.84914
        89    0.10066    0.05186    4.53333    6.15976
        90    0.10994    0.05650    4.49438    6.49266
        91    0.12038    0.06185    4.45087    6.85471
        92    0.13216    0.06798    4.40215    7.24702
        93    0.14514    0.07456    4.34881    7.64769
        94    0.16014    0.08216    4.28772    8.09120
        95    0.17656    0.09073    4.22149    8.54622
        96    0.19529    0.10062    4.14684    9.03063
        97    0.21694    0.11129    4.06150    9.55661
        98    0.24096    0.12363    3.96832   10.08813
        99    0.26831    0.13757    3.86396   10.64344
       100    0.29950    0.15339    3.74720   11.21554
       101    0.33464    0.17117    3.61861   11.78966
       102    0.37472    0.19138    3.47568   12.36245
       103    0.41980    0.21404    3.31969   12.90777
       104    0.47055    0.23910    3.14997   13.40975
       105    0.52756    0.26742    2.96705   13.85123
       106    0.59100    0.29849    2.77274   14.19487
       107    0.66136    0.33224    2.56845   14.42045
       108    0.73873    0.36925    2.35781   14.48939
       109    0.82011    0.40755    2.15160   14.36799
       110    0.90806    0.44867    1.94668   14.05183
       111    0.99782    0.48872    1.75511   13.54223
       112    1.09174    0.52810    1.57268   12.85623
       113    1.18362    0.56630    1.41390   12.01255
       114    1.27218    0.60103    1.27709   11.08871
       115    1.35886    0.63276    1.15786   10.10417
       116    1.43801    0.65837    1.05941    9.17060
       117    1.50835    0.67931    0.98106    8.32367
       118    1.57371    0.69475    0.91233    7.56566
       119    1.62640    0.70676    0.86287    6.98428
       120    1.67656    0.71061    0.81036    6.47222
       121    1.71601    0.71332    0.77217    6.10766
       122    1.75212    0.71209    0.73467    5.79437
       123    1.78311    0.70959    0.70249    5.55631
       124    1.80824    0.70308    0.67152    5.35934
       125    1.83076    0.69705    0.64463    5.19345
       126    1.85106    0.68836    0.61682    5.03303
       127    1.86874    0.67958    0.59175    4.89822
       128    1.88453    0.66999    0.56768    4.75979
       129    1.89901    0.66154    0.54666    4.66220
       130    1.90976    0.65058    0.52528    4.54694
       131    1.92223    0.63993    0.50373    4.42386
       132    1.93492    0.63084    0.48455    4.31692
       133    1.94459    0.62106    0.46671    4.22201
       134    1.95386    0.61050    0.44851    4.11893
       135    1.96415    0.60191    0.43254    4.02939
       136    1.97121    0.59160    0.41655    3.93070
       137    1.97880    0.58194    0.40134    3.85603
       138    1.98531    0.57155    0.38615    3.75584
       139    1.99423    0.56458    0.37395    3.68296
       140    2.00247    0.55355    0.35781    3.58577
       141    2.00895    0.54526    0.34581    3.50650
       142    2.01319    0.53526    0.33316    3.43140
       143    2.01859    0.52698    0.32205    3.35343
       144    2.02584    0.52008    0.31183    3.28691
       145    2.03195    0.51176    0.30080    3.21213
       146    2.03568    0.50325    0.29070    3.13502
       147    2.04353    0.49501    0.27951    3.06934
       148    2.04956    0.48834    0.27074    3.00633
       149    2.05237    0.48060    0.26224    2.93237
       150    2.05522    0.47336    0.25433    2.88371
       151    2.06188    0.46677    0.24587    2.81958
       152    2.06885    0.46020    0.23749    2.75669
       153    2.07246    0.45351    0.23023    2.69645
       154    2.07411    0.44662    0.22352    2.64299
       155    2.07688    0.43953    0.21639    2.58714
       156    2.08318    0.43317    0.20896    2.52821
       157    2.08615    0.42747    0.20319    2.49102
       158    2.08966    0.42145    0.19709    2.43446
       159    2.09246    0.41595    0.19171    2.38831
       160    2.09369    0.40918    0.18578    2.33358
       161    2.09802    0.40336    0.17990    2.28866
       162    2.10385    0.39837    0.17441    2.24764
       163    2.10582    0.39347    0.17004    2.20151
       164    2.10663    0.38749    0.16516    2.15577
       165    2.11225    0.38296    0.16034    2.11584
       166    2.11203    0.37780    0.15646    2.07637
       167    2.11698    0.37272    0.15151    2.03603
       168    2.11712    0.36760    0.14769    1.99474
       169    2.12034    0.36295    0.14358    1.95000
       170    2.12163    0.35834    0.13998    1.91965
       171    2.12612    0.35437    0.13620    1.88825
       172    2.12834    0.35017    0.13279    1.85133
       173    2.12912    0.34599    0.12972    1.81534
       174    2.12996    0.34207    0.12686    1.77977
       175    2.13543    0.33806    0.12307    1.75135
       176    2.13577    0.33254    0.11931    1.71025
       177    2.13855    0.32842    0.11607    1.68221
       178    2.14025    0.32531    0.11373    1.65675
       179    2.14078    0.32177    0.11135    1.62790
       180    2.14252    0.31899    0.10926    1.60151
       181    2.14418    0.31540    0.10670    1.56743
       182    2.14684    0.31107    0.10355    1.53744
       183    2.14619    0.30844    0.10202    1.51272
       184    2.14960    0.30434    0.09896    1.48764
       185    2.14928    0.30117    0.09709    1.46243
       186    2.15370    0.29935    0.09531    1.43970
       187    2.15316    0.29544    0.09306    1.41018
       188    2.15468    0.29263    0.09118    1.38672
       189    2.15641    0.28887    0.08874    1.36133
       190    2.15660    0.28730    0.08781    1.34147
       191    2.15761    0.28451    0.08607    1.31534
       192    2.16034    0.28061    0.08348    1.28894
       193    2.16155    0.27778    0.08174    1.26986
       194    2.16071    0.27569    0.08069    1.24409
       195    2.16185    0.27350    0.07934    1.22971
       196    2.16547    0.27162    0.07784    1.20815
       197    2.16525    0.26880    0.07634    1.18514
       198    2.16758    0.26631    0.07471    1.16889
       199    2.16801    0.26380    0.07333    1.14630
       200    2.16804    0.26105    0.07189    1.13223
       201    2.17028    0.25824    0.07016    1.10760
       202    2.16889    0.25667    0.06952    1.09250
       203    2.17060    0.25608    0.06901    1.07906
       204    2.17204    0.25307    0.06731    1.05825
       205    2.17225    0.25120    0.06634    1.04025
       206    2.17528    0.24994    0.06538    1.02672
       207    2.17526    0.24602    0.06343    1.00051
       208    2.17514    0.24535    0.06312    0.99118
       209    2.17631    0.24414    0.06240    0.97507
       210    2.17630    0.24277    0.06173    0.96116
       211    2.17786    0.23966    0.06007    0.94522
       212    2.17894    0.23893    0.05961    0.93408
       213    2.18000    0.23644    0.05832    0.91532
       214    2.17954    0.23492    0.05765    0.90002
       215    2.18167    0.23347    0.05677    0.89023
       216    2.18077    0.23102    0.05571    0.87273
       217    2.18251    0.22954    0.05487    0.86115
       218    2.18138    0.22983    0.05511    0.84670
       219    2.18428    0.22606    0.05312    0.83227
       220    2.18362    0.22619    0.05324    0.82122
       221    2.18582    0.22418    0.05214    0.81276
       222    2.18356    0.22286    0.05175    0.79496
       223    2.18374    0.22194    0.05132    0.78550
       224    2.18637    0.22074    0.05056    0.76884
       225    2.18638    0.21894    0.04977    0.76097
       226    2.18767    0.21811    0.04929    0.74896
       227    2.18698    0.21589    0.04839    0.73741
       228    2.18634    0.21663    0.04876    0.72838
       229    2.19046    0.21418    0.04737    0.71776
       230    2.19075    0.21299    0.04684    0.70555
       231    2.18967    0.21207    0.04653    0.69184
       232    2.18918    0.21188    0.04649    0.68725
       233    2.19160    0.20939    0.04526    0.67032
       234    2.18884    0.21075    0.04604    0.66286
       235    2.19208    0.20878    0.04497    0.65738
       236    2.19275    0.20696    0.04416    0.64245
       237    2.19262    0.20725    0.04429    0.63801
       238    2.19217    0.20606    0.04383    0.63036
       239    2.19199    0.20509    0.04345    0.62052
       240    2.19208    0.20397    0.04298    0.60696
       241    2.19460    0.20232    0.04213    0.59614
       242    2.19553    0.20156    0.04176    0.59273
       243    2.19583    0.20075    0.04141    0.58496
       244    2.19393    0.20072    0.04153    0.57337
       245    2.19632    0.19941    0.04084    0.56771
       246    2.19462    0.19877    0.04071    0.55777
       247    2.19519    0.19871    0.04064    0.55170
       248    2.19641    0.19733    0.04001    0.54110
       249    2.19774    0.19668    0.03967    0.53725
       250    2.19556    0.19755    0.04016    0.52535
       251    2.19788    0.19506    0.03903    0.52021
       252    2.19823    0.19322    0.03829    0.51236
       253    2.19740    0.19413    0.03870    0.50471
       254    2.19919    0.19377    0.03845    0.49754
       255    2.19676    0.19423    0.03878    0.49241
       256    2.19653    0.19341    0.03848    0.48150
       257    2.19972    0.19123    0.03744    0.47403
       258    2.19958    0.19218    0.03781    0.47098
       259    2.19954    0.19129    0.03747    0.46078
       260    2.19973    0.19080    0.03727    0.45745
       261    2.20119    0.19107    0.03729    0.45522
       262    2.20062    0.18987    0.03687    0.44614
       263    2.20027    0.19032    0.03706    0.43952
       264    2.19976    0.18879    0.03651    0.43359
       265    2.20250    0.18754    0.03588    0.42799
       266    2.20166    0.18699    0.03572    0.42170
       267    2.20101    0.18669    0.03565    0.41865
       268    2.20152    0.18634    0.03549    0.40946
       269    2.20256    0.18563    0.03517    0.40545
       270    2.20168    0.18564    0.03522    0.40147
       271    2.20205    0.18543    0.03512    0.39847
       272    2.20289    0.18513    0.03496    0.38875
       273    2.20163    0.18473    0.03489    0.38869
       274    2.20227    0.18532    0.03507    0.37907
       275    2.20088    0.18519    0.03510    0.37999
       276    2.20487    0.18200    0.03372    0.36945
       277    2.20393    0.18359    0.03434    0.36881
       278    2.20382    0.18265    0.03400    0.35988
       279    2.20228    0.18271    0.03411    0.35653
       280    2.20466    0.18191    0.03369    0.34615
       281    2.20379    0.18218    0.03383    0.34638
       282    2.20502    0.18180    0.03363    0.33862
       283    2.20428    0.18126    0.03347    0.33594
       284    2.20496    0.18215    0.03377    0.33550
       285    2.20282    0.18239    0.03396    0.33281
       286    2.20538    0.18044    0.03313    0.31974
       287    2.20531    0.18074    0.03324    0.31802
       288    2.20435    0.18014    0.03307    0.31367
       289    2.20582    0.17932    0.03270    0.31313
       290    2.20661    0.17999    0.03291    0.30364
       291    2.20606    0.17955    0.03277    0.30606
       292    2.20633    0.18006    0.03294    0.30059
       293    2.20573    0.17944    0.03275    0.29574
       294    2.20760    0.17752    0.03198    0.29200
       295    2.20641    0.17826    0.03229    0.28788
       296    2.20600    0.17956    0.03278    0.28716
       297    2.20853    0.17735    0.03188    0.27926
       298    2.20632    0.17742    0.03200    0.27955
       299    2.20786    0.17774    0.03205    0.27711
       300    2.20767    0.17641    0.03158    0.27087
       301    2.20804    0.17649    0.03160    0.26714
       302    2.20680    0.17637    0.03161    0.26600
       303    2.20745    0.17732    0.03192    0.26411
       304    2.20652    0.17698    0.03184    0.26099
       305    2.20723    0.17685    0.03176    0.25419
       306    2.20888    0.17629    0.03149    0.25228
       307    2.20853    0.17550    0.03123    0.24970
       308    2.20727    0.17549    0.03128    0.24687
       309    2.20881    0.17520    0.03111    0.24402
       310    2.20706    0.17681    0.03175    0.24153
       311    2.20867    0.17524    0.03113    0.24005
       312    2.20913    0.17415    0.03073    0.23150
       313    2.20796    0.17608    0.03146    0.23020
       314    2.20604    0.17685    0.03181    0.23607
       315    2.20867    0.17492    0.03102    0.22558
       316    2.20838    0.17574    0.03132    0.22145
       317    2.20780    0.17514    0.03113    0.22227
       318    2.21133    0.17250    0.03008    0.21870
       319    2.21072    0.17442    0.03076    0.21588
       320    2.20721    0.17606    0.03148    0.21943
       321    2.20974    0.17379    0.03058    0.20971
       322    2.20974    0.17451    0.03083    0.20850
       323    2.21051    0.17426    0.03072    0.20606
       324    2.21031    0.17344    0.03044    0.20167
       325    2.20956    0.17367    0.03055    0.19806
       326    2.20892    0.17445    0.03085    0.19859
       327    2.21018    0.17443    0.03079    0.19302
       328    2.20853    0.17455    0.03090    0.19698
       329    2.20967    0.17447    0.03082    0.19112
       330    2.21041    0.17435    0.03075    0.18686
       331    2.21027    0.17276    0.03020    0.18718
       332    2.21025    0.17272    0.03019    0.18403
       333    2.21167    0.17272    0.03014    0.18255
       334    2.21016    0.17366    0.03052    0.17969
       335    2.21097    0.17187    0.02987    0.18002
       336    2.21164    0.17112    0.02959    0.18016
       337    2.21070    0.17242    0.03007    0.17428
       338    2.21037    0.17275    0.03020    0.17295
       339    2.20993    0.17373    0.03055    0.17408
       340    2.21083    0.17275    0.03018    0.17151
       341    2.21001    0.17250    0.03012    0.17111
       342    2.21143    0.17212    0.02994    0.16959
       343    2.21164    0.17241    0.03003    0.16442
       344    2.21106    0.17183    0.02985    0.15676
       345    2.20932    0.17368    0.03056    0.16360
       346    2.21199    0.17186    0.02983    0.15696
       347    2.21309    0.17085    0.02945    0.15955
       348    2.21119    0.17216    0.02996    0.15171
       349    2.21164    0.17090    0.02951    0.15303
       350    2.21032    0.17243    0.03009    0.15504
       351    2.21055    0.17278    0.03020    0.15430
       352    2.21124    0.17281    0.03018    0.14765
       353    2.21150    0.17204    0.02991    0.15207
       354    2.21288    0.17137    0.02963    0.14858
       355    2.21174    0.17204    0.02990    0.14360
       356    2.21169    0.17116    0.02960    0.14383
       357    2.21189    0.17239    0.03002    0.14221
       358    2.21261    0.17081    0.02945    0.14033
       359    2.21254    0.17138    0.02965    0.14362
       360    2.21242    0.17165    0.02974    0.14103
       361    2.21226    0.17066    0.02941    0.13635
       362    2.21039    0.17236    0.03006    0.14119
       363    2.21168    0.17186    0.02984    0.13475
       364    2.21142    0.17247    0.03006    0.13504
       365    2.21122    0.17242    0.03005    0.13349
       366    2.21242    0.17036    0.02930    0.13154
       367    2.21296    0.17156    0.02970    0.12911
       368    2.21279    0.17181    0.02979    0.12610
       369    2.21324    0.17049    0.02932    0.12715
       370    2.21333    0.17039    0.02928    0.13068
       371    2.21349    0.17047    0.02931    0.12505
       372    2.21185    0.17127    0.02963    0.12559
       373    2.21395    0.16987    0.02909    0.12534
       374    2.21219    0.17007    0.02921    0.11994
       375    2.21114    0.17102    0.02957    0.12618
       376    2.21327    0.17047    0.02931    0.11869
       377    2.21262    0.17088    0.02947    0.11735
       378    2.21308    0.16919    0.02888    0.11788
       379    2.21360    0.17022    0.02922    0.11835
       380    2.21388    0.16852    0.02863    0.11301
       381    2.21178    0.17124    0.02963    0.11906
       382    2.21302    0.16916    0.02888    0.11451
       383    2.21210    0.17198    0.02987    0.11411
       384    2.21117    0.17200    0.02991    0.11984
       385    2.21289    0.17143    0.02965    0.11215
       386    2.21334    0.17072    0.02940    0.11264
       387    2.21324    0.17017    0.02921    0.10558
       388    2.21338    0.17070    0.02939    0.11440
       389    2.21367    0.17081    0.02942    0.10662
       390    2.21336    0.17016    0.02921    0.10548
       391    2.21233    0.17128    0.02962    0.10833
       392    2.21560    0.16907    0.02877    0.11458
       393    2.21351    0.17129    0.02959    0.10484
       394    2.21310    0.16990    0.02912    0.10347
       395    2.21308    0.16893    0.02880    0.10420
       396    2.21474    0.16927    0.02886    0.10646
       397    2.21513    0.16871    0.02866    0.10266
       398    2.21393    0.16977    0.02905    0.10100
       399    2.21313    0.17068    0.02939    0.10000
       400    2.21379    0.16978    0.02906    0.09515
       401    2.21365    0.17044    0.02929    0.09845
       402    2.21349    0.16940    0.02894    0.09809
       403    2.21235    0.17167    0.02975    0.10013
       404    2.21284    0.17148    0.02967    0.09747
       405    2.21290    0.17015    0.02922    0.09873
       406    2.21385    0.17016    0.02919    0.09612
       407    2.21471    0.16903    0.02878    0.09532
       408    2.21339    0.16945    0.02896    0.09561
       409    2.21351    0.17018    0.02921    0.09281
       410    2.21264    0.16992    0.02915    0.09921
       411    2.21645    0.16880    0.02865    0.10721
       412    2.21345    0.16917    0.02887    0.09195
       413    2.21281    0.17156    0.02970    0.09576
       414    2.21378    0.17057    0.02933    0.08881
       415    2.21395    0.17069    0.02937    0.08973
       416    2.21393    0.16917    0.02885    0.09038
       417    2.21456    0.17097    0.02944    0.09310
       418    2.21324    0.17034    0.02927    0.09150
       419    2.21581    0.16904    0.02875    0.09187
       420    2.21542    0.16853    0.02859    0.09110
       421    2.21402    0.16887    0.02875    0.08610
       422    2.21440    0.16958    0.02898    0.08748
       423    2.21389    0.16801    0.02846    0.08522
       424    2.21468    0.16860    0.02864    0.08495
       425    2.21500    0.16774    0.02834    0.08668
       426    2.21447    0.17041    0.02926    0.08776
       427    2.21302    0.16942    0.02897    0.09172
       428    2.21353    0.17042    0.02929    0.08523
       429    2.21393    0.16864    0.02867    0.08519
       430    2.21474    0.16867    0.02866    0.08232
       431    2.21557    0.16806    0.02843    0.08421
       432    2.21516    0.16930    0.02886    0.08456
       433    2.21453    0.16887    0.02873    0.08294
       434    2.21260    0.17065    0.02940    0.09172
       435    2.21513    0.16961    0.02896    0.08242
       436    2.21597    0.16832    0.02851    0.08612
       437    2.21437    0.16882    0.02872    0.08047
       438    2.21493    0.16911    0.02880    0.07983
       439    2.21250    0.16953    0.02902    0.09429
       440    2.21481    0.16915    0.02882    0.08120
       441    2.21622    0.16783    0.02833    0.08637
       442    2.21377    0.16983    0.02908    0.08104
       443    2.21267    0.17028    0.02927    0.09082
       444    2.21454    0.16918    0.02884    0.07765
       445    2.21444    0.16929    0.02888    0.07831
       446    2.21531    0.16943    0.02890    0.07882
       447    2.21510    0.16974    0.02901    0.07871
       448    2.21435    0.16947    0.02894    0.07650
       449    2.21689    0.16770    0.02827    0.08860
       450    2.21325    0.16914    0.02886    0.08659
       451    2.21606    0.16907    0.02876    0.08418
       452    2.21311    0.16981    0.02909    0.08574
       453    2.21705    0.16732    0.02814    0.08920
       454    2.21401    0.16910    0.02882    0.07982
       455    2.21334    0.16998    0.02914    0.08314
       456    2.21511    0.16882    0.02870    0.07564
       457    2.21478    0.16903    0.02878    0.07624
       458    2.21725    0.16738    0.02816    0.08755
       459    2.21548    0.16855    0.02860    0.07482
       460    2.21363    0.16868    0.02869    0.08148
       461    2.21326    0.17008    0.02918    0.08273
       462    2.21586    0.16844    0.02855    0.07785
       463    2.21510    0.16938    0.02889    0.07479
       464    2.21502    0.16879    0.02869    0.07269
       465    2.21507    0.16829    0.02852    0.07257
       466    2.21460    0.16817    0.02849    0.07341
       467    2.21537    0.16903    0.02876    0.07499
       468    2.21497    0.16858    0.02862    0.07303
       469    2.21515    0.16838    0.02855    0.07433
       470    2.21463    0.16914    0.02882    0.07355
       471    2.21507    0.16898    0.02875    0.07242
       472    2.21552    0.16862    0.02862    0.07275
       473    2.21549    0.16835    0.02853    0.07051
       474    2.21564    0.16839    0.02854    0.07337
       475    2.21482    0.16912    0.02881    0.07131
       476    2.21560    0.16725    0.02816    0.07035
       477    2.21642    0.16589    0.02768    0.07360
       478    2.21492    0.16874    0.02868    0.07182
       479    2.21521    0.16689    0.02805    0.07278
       480    2.21598    0.16702    0.02807    0.07204
       481    2.21467    0.16786    0.02839    0.07267
       482    2.21466    0.16835    0.02855    0.07178
       483    2.21560    0.16756    0.02826    0.07106
       484    2.21485    0.16876    0.02869    0.07114
       485    2.21488    0.16897    0.02876    0.07118
       486    2.21507    0.16854    0.02861    0.07086
       487    2.21498    0.16834    0.02854    0.07199
       488    2.21507    0.16778    0.02835    0.07035
       489    2.21582    0.16769    0.02830    0.07208
       490    2.21611    0.16800    0.02840    0.06947
       491    2.21421    0.16948    0.02895    0.07417
       492    2.21453    0.16954    0.02896    0.07197
       493    2.21514    0.16822    0.02850    0.06987
       494    2.21470    0.17005    0.02913    0.07058
       495    2.21470    0.16893    0.02875    0.07147
       496    2.21667    0.16715    0.02810    0.07571
       497    2.21617    0.16751    0.02823    0.06933
       498    2.21377    0.16976    0.02906    0.07683
       499    2.21765    0.16712    0.02806    0.08350
       500    2.21511    0.16942    0.02890    0.06813
       501    2.21575    0.16796    0.02839    0.06858
       502    2.21533    0.16835    0.02853    0.06844
       503    2.21441    0.16884    0.02873    0.07213
       504    2.21563    0.16808    0.02843    0.06886
       505    2.21586    0.16783    0.02834    0.06838
       506    2.21581    0.16800    0.02840    0.07042
       507    2.21530    0.16768    0.02831    0.06870
       508    2.21550    0.16823    0.02849    0.06850
       509    2.21627    0.16783    0.02833    0.06994
       510    2.21609    0.16754    0.02824    0.07032
       511    2.21502    0.16856    0.02861    0.06742
       512    2.21530    0.16816    0.02847    0.06881
       513    2.21451    0.16888    0.02873    0.07111
       514    2.21609    0.16814    0.02844    0.07217
       515    2.21493    0.16840    0.02856    0.06881
       516    2.21562    0.16782    0.02835    0.06707
       517    2.21530    0.16921    0.02883    0.06857
       518    2.21512    0.16864    0.02864    0.06873
       519    2.21526    0.16834    0.02853    0.06712
       520    2.21643    0.16651    0.02789    0.06682
       521    2.21511    0.16754    0.02827    0.06841
       522    2.21484    0.16660    0.02796    0.07030
       523    2.21575    0.16823    0.02848    0.06705
       524    2.21577    0.16815    0.02845    0.06749
       525    2.21751    0.16682    0.02797    0.07760
       526    2.21390    0.16893    0.02877    0.07704
       527    2.21621    0.16786    0.02835    0.06797
       528    2.21598    0.16801    0.02840    0.06721
       529    2.21453    0.16830    0.02854    0.07063
       530    2.21558    0.16862    0.02862    0.06634
       531    2.21495    0.16909    0.02879    0.06820
       532    2.21691    0.16691    0.02801    0.07577
       533    2.21392    0.16952    0.02897    0.07689
       534    2.21716    0.16670    0.02793    0.07309
       535    2.21569    0.16788    0.02837    0.06747
       536    2.21600    0.16855    0.02858    0.06642
       537    2.21614    0.16716    0.02811    0.06702
       538    2.21485    0.16846    0.02858    0.06911
       539    2.21667    0.16748    0.02821    0.06852
       540    2.21678    0.16747    0.02820    0.07222
       541    2.21519    0.16833    0.02853    0.06668
       542    2.21675    0.16661    0.02791    0.06803
       543    2.21494    0.16726    0.02818    0.06921
       544    2.21503    0.16816    0.02848    0.06865
       545    2.21570    0.16702    0.02808    0.06533
       546    2.21660    0.16790    0.02835    0.06871
       547    2.21642    0.16697    0.02804    0.06557
       548    2.21474    0.16853    0.02861    0.06962
       549    2.21498    0.16786    0.02838    0.06772
       550    2.21542    0.16723    0.02816    0.06649
       551    2.21586    0.16659    0.02793    0.06530
       552    2.21551    0.16751    0.02825    0.06658
       553    2.21626    0.16755    0.02824    0.06515
       554    2.21561    0.16759    0.02827    0.06681
       555    2.21656    0.16618    0.02777    0.06512
       556    2.21393    0.16827    0.02855    0.07927
       557    2.21505    0.16874    0.02867    0.06720
       558    2.21642    0.16872    0.02863    0.06961
       559    2.21882    0.16551    0.02750    0.09044
       560    2.21443    0.16855    0.02863    0.07275
       561    2.21559    0.16827    0.02850    0.06520
       562    2.21548    0.16679    0.02801    0.06632
       563    2.21641    0.16724    0.02813    0.06611
       564    2.21669    0.16631    0.02782    0.06620
       565    2.21614    0.16696    0.02804    0.06381
       566    2.21725    0.16627    0.02779    0.07190
       567    2.21324    0.16931    0.02892    0.08654
       568    2.21535    0.16748    0.02824    0.06622
       569    2.21736    0.16593    0.02767    0.07106
       570    2.21532    0.16670    0.02798    0.06606
       571    2.21502    0.16659    0.02795    0.06946
       572    2.21720    0.16625    0.02778    0.06977
       573    2.21587    0.16792    0.02837    0.06585
       574    2.21788    0.16606    0.02770    0.07622
       575    2.21671    0.16565    0.02760    0.06579
       576    2.21455    0.16755    0.02829    0.07263
       577    2.21584    0.16713    0.02811    0.06454
       578    2.21568    0.16696    0.02806    0.06648
       579    2.21424    0.16831    0.02855    0.07477
       580    2.21645    0.16762    0.02826    0.06467
       581    2.21603    0.16634    0.02784    0.06441
       582    2.21786    0.16655    0.02787    0.07784
       583    2.21582    0.16648    0.02789    0.06452
       584    2.21604    0.16805    0.02841    0.06414
       585    2.21696    0.16712    0.02808    0.06860
       586    2.21556    0.16672    0.02798    0.06545
       587    2.21437    0.16793    0.02842    0.07519
       588    2.21571    0.16754    0.02825    0.06485
       589    2.21599    0.16685    0.02801    0.06532
       590    2.21637    0.16686    0.02801    0.06487
       591    2.21600    0.16729    0.02816    0.06484
       592    2.21691    0.16536    0.02749    0.06602
       593    2.21534    0.16746    0.02823    0.06627
       594    2.21371    0.16827    0.02855    0.08244
       595    2.21711    0.16611    0.02774    0.06908
       596    2.21762    0.16591    0.02766    0.07215
       597    2.21600    0.16726    0.02815    0.06619
       598    2.21502    0.16712    0.02813    0.06911
       599    2.21503    0.16805    0.02844    0.06775
       600    2.21524    0.16852    0.02859    0.06577
       601    2.21707    0.16576    0.02762    0.06629
       602    2.21609    0.16710    0.02810    0.06405
       603    2.21512    0.16798    0.02841    0.06825
       604    2.21701    0.16661    0.02791    0.06633
       605    2.21378    0.16883    0.02874    0.08309
       606    2.21669    0.16766    0.02827    0.06683
       607    2.21670    0.16548    0.02754    0.06440
       608    2.21630    0.16738    0.02818    0.06452
       609    2.21481    0.16800    0.02843    0.06886
       610    2.21642    0.16781    0.02832    0.06533
       611    2.21617    0.16731    0.02816    0.06505
       612    2.21556    0.16731    0.02818    0.06515
       613    2.21692    0.16542    0.02751    0.06589
       614    2.21694    0.16575    0.02762    0.06477
       615    2.21633    0.16672    0.02796    0.06386
       616    2.21573    0.16659    0.02793    0.06467
       617    2.21665    0.16599    0.02771    0.06284
       618    2.21629    0.16695    0.02804    0.06389
       619    2.21625    0.16588    0.02769    0.06363
       620    2.21707    0.16577    0.02763    0.06594
       621    2.21609    0.16682    0.02800    0.06374
       622    2.21461    0.16860    0.02864    0.07071
       623    2.21747    0.16554    0.02754    0.06886
       624    2.21682    0.16658    0.02790    0.06645
       625    2.21678    0.16614    0.02776    0.06581
       626    2.21420    0.16852    0.02862    0.07614
       627    2.21658    0.16597    0.02771    0.06330
       628    2.21808    0.16519    0.02741    0.07525
       629    2.21598    0.16680    0.02800    0.06273
       630    2.21444    0.16704    0.02812    0.07524
       631    2.21598    0.16675    0.02798    0.06332
       632    2.21504    0.16774    0.02834    0.06807
       633    2.21640    0.16616    0.02777    0.06354
       634    2.21538    0.16694    0.02806    0.06605
       635    2.21720    0.16481    0.02730    0.06595
       636    2.21519    0.16682    0.02803    0.06688
       637    2.21721    0.16614    0.02774    0.06520
       638    2.21607    0.16612    0.02777    0.06332
       639    2.21652    0.16607    0.02774    0.06347
       640    2.21797    0.16509    0.02738    0.07399
       641    2.21772    0.16445    0.02718    0.06822
       642    2.21535    0.16579    0.02768    0.06749
       643    2.21519    0.16639    0.02788    0.06883
       644    2.21633    0.16675    0.02797    0.06283
       645    2.21402    0.16715    0.02817    0.07995
       646    2.21680    0.16631    0.02781    0.06500
       647    2.21586    0.16655    0.02792    0.06372
       648    2.21785    0.16501    0.02736    0.07068
       649    2.21467    0.16783    0.02838    0.07054
       650    2.21628    0.16653    0.02790    0.06341
       651    2.21653    0.16533    0.02750    0.06240
       652    2.21631    0.16543    0.02753    0.06290
       653    2.21781    0.16476    0.02728    0.06935
       654    2.21525    0.16574    0.02767    0.06891
       655    2.21527    0.16666    0.02797    0.06695
       656    2.21681    0.16537    0.02750    0.06380
       657    2.21426    0.16798    0.02844    0.07468
       658    2.21702    0.16578    0.02763    0.06407
       659    2.21693    0.16717    0.02809    0.06673
       660    2.21815    0.16590    0.02764    0.07596
       661    2.21654    0.16467    0.02728    0.06107
       662    2.21479    0.16581    0.02770    0.07103
       663    2.21543    0.16681    0.02802    0.06457
       664    2.21756    0.16569    0.02759    0.06799
       665    2.21597    0.16547    0.02756    0.06353
       666    2.21551    0.16619    0.02780    0.06597
       667    2.21494    0.16660    0.02796    0.07023
       668    2.21692    0.16620    0.02777    0.06483
       669    2.21654    0.16575    0.02763    0.06345
       670    2.21698    0.16621    0.02778    0.06507
       671    2.21721    0.16451    0.02721    0.06447
       672    2.21645    0.16604    0.02773    0.06306
       673    2.21466    0.16702    0.02811    0.07255
       674    2.21550    0.16647    0.02790    0.06480
       675    2.21792    0.16521    0.02742    0.07106
       676    2.21599    0.16669    0.02796    0.06415
       677    2.21512    0.16638    0.02788    0.06813
       678    2.21665    0.16556    0.02757    0.06239
       679    2.21704    0.16506    0.02739    0.06458
       680    2.21619    0.16625    0.02781    0.06381
       681    2.21584    0.16587    0.02769    0.06349
       682    2.21621    0.16580    0.02766    0.06206
       683    2.21565    0.16634    0.02785    0.06525
       684    2.21638    0.16662    0.02793    0.06279
       685    2.21562    0.16552    0.02758    0.06487
       686    2.21601    0.16745    0.02821    0.06382
       687    2.21672    0.16505    0.02740    0.06346
       688    2.21738    0.16511    0.02740    0.06557
       689    2.21712    0.16548    0.02753    0.06485
       690    2.21583    0.16567    0.02762    0.06397
       691    2.21656    0.16573    0.02763    0.06316
       692    2.21626    0.16631    0.02783    0.06216
       693    2.21432    0.16830    0.02855    0.07567
       694    2.21607    0.16616    0.02778    0.06249
       695    2.21685    0.16567    0.02760    0.06285
       696    2.21791    0.16416    0.02707    0.06959
       697    2.21663    0.16579    0.02765    0.06341
       698    2.21571    0.16653    0.02791    0.06325
       699    2.21643    0.16542    0.02753    0.06089
       700    2.21721    0.16492    0.02734    0.06500
       701    2.21565    0.16556    0.02759    0.06345
       702    2.21583    0.16627    0.02783    0.06331
       703    2.21643    0.16559    0.02758    0.06196
       704    2.21603    0.16620    0.02780    0.06397
       705    2.21738    0.16543    0.02751    0.06634
       706    2.21563    0.16675    0.02799    0.06360
       707    2.21709    0.16565    0.02759    0.06499
       708    2.21687    0.16526    0.02746    0.06228
       709    2.21641    0.16639    0.02785    0.06175
       710    2.21512    0.16601    0.02776    0.06865
       711    2.21612    0.16548    0.02755    0.06208
       712    2.21567    0.16597    0.02773    0.06433
       713    2.21591    0.16693    0.02804    0.06379
       714    2.21651    0.16664    0.02793    0.06411
       715    2.21767    0.16486    0.02731    0.06849
       716    2.21668    0.16558    0.02757    0.06302
       717    2.21562    0.16574    0.02765    0.06428
       718    2.21686    0.16471    0.02728    0.06114
       719    2.21594    0.16583    0.02768    0.06259
       720    2.21485    0.16690    0.02806    0.07170
       721    2.21683    0.16617    0.02777    0.06431
       722    2.21649    0.16608    0.02774    0.06200
       723    2.21773    0.16543    0.02750    0.07132
       724    2.21560    0.16547    0.02756    0.06590
       725    2.21752    0.16397    0.02702    0.06571
       726    2.21475    0.16686    0.02805    0.06939
       727    2.21602    0.16617    0.02778    0.06333
       728    2.21718    0.16484    0.02732    0.06258
       729    2.21692    0.16447    0.02720    0.06211
       730    2.21472    0.16661    0.02797    0.07215
       731    2.21598    0.16567    0.02762    0.06396
       732    2.21627    0.16550    0.02756    0.06263
       733    2.21630    0.16621    0.02779    0.06310
       734    2.21641    0.16532    0.02749    0.06164
       735    2.21585    0.16503    0.02741    0.06391
       736    2.21724    0.16484    0.02731    0.06205
       737    2.21605    0.16631    0.02783    0.06354
       738    2.21475    0.16657    0.02796    0.07121
       739    2.21663    0.16562    0.02759    0.06299
       740    2.21601    0.16624    0.02781    0.06260
       741    2.21542    0.16563    0.02762    0.06591
       742    2.21726    0.16425    0.02712    0.06379
       743    2.21751    0.16473    0.02727    0.06676
       744    2.21647    0.16486    0.02734    0.06192
       745    2.21527    0.16625    0.02783    0.06758
       746    2.21736    0.16461    0.02723    0.06446
       747    2.21645    0.16569    0.02762    0.06232
       748    2.21641    0.16599    0.02772    0.06171
       749    2.21688    0.16485    0.02733    0.06131
       750    2.21627    0.16494    0.02737    0.06315
       751    2.21610    0.16474    0.02731    0.06207
       752    2.21621    0.16527    0.02748    0.06261
       753    2.21658    0.16591    0.02768    0.06107
       754    2.21705    0.16457    0.02723    0.06489
       755    2.21562    0.16551    0.02758    0.06451
       756    2.21772    0.16471    0.02726    0.06797
       757    2.21783    0.16462    0.02723    0.07010
       758    2.21615    0.16498    0.02739    0.06209
       759    2.21644    0.16417    0.02711    0.06268
       760    2.21653    0.16464    0.02727    0.06079
       761    2.21656    0.16492    0.02736    0.06146
       762    2.21680    0.16565    0.02759    0.06235
       763    2.21629    0.16471    0.02729    0.06247
       764    2.21725    0.16336    0.02683    0.06246
       765    2.21507    0.16547    0.02758    0.06765
       766    2.21745    0.16383    0.02698    0.06427
       767    2.21572    0.16558    0.02760    0.06413
       768    2.21655    0.16506    0.02741    0.06146
       769    2.21542    0.16638    0.02787    0.06516
       770    2.21659    0.16490    0.02735    0.06091
       771    2.21670    0.16442    0.02719    0.06059
       772    2.21809    0.16378    0.02695    0.06833
       773    2.21448    0.16608    0.02780    0.07627
       774    2.21759    0.16341    0.02684    0.06420
       775    2.21595    0.16487    0.02736    0.06328
       776    2.21688    0.16467    0.02727    0.06194
       777    2.21670    0.16453    0.02722    0.06058
       778    2.21574    0.16532    0.02751    0.06508
       779    2.21620    0.16537    0.02751    0.06160
       780    2.21606    0.16600    0.02773    0.06192
       781    2.21695    0.16422    0.02712    0.06213
       782    2.21759    0.16435    0.02714    0.06458
       783    2.21685    0.16460    0.02725    0.06106
       784    2.21778    0.16424    0.02710    0.06632
       785    2.21765    0.16417    0.02709    0.06590
       786    2.21430    0.16624    0.02786    0.07759
       787    2.21633    0.16440    0.02719    0.06110
       788    2.21734    0.16418    0.02710    0.06313
       789    2.21546    0.16556    0.02760    0.06567
       790    2.21665    0.16466    0.02727    0.06062
       791    2.21802    0.16391    0.02699    0.07070
       792    2.21606    0.16537    0.02752    0.06208
       793    2.21554    0.16518    0.02747    0.06488
       794    2.21784    0.16326    0.02678    0.06667
       795    2.21526    0.16593    0.02773    0.06652
       796    2.21590    0.16433    0.02718    0.06386
       797    2.21556    0.16532    0.02752    0.06432
       798    2.21821    0.16380    0.02695    0.07088
       799    2.21589    0.16516    0.02745    0.06267
       800    2.21628    0.16440    0.02719    0.06092
       801    2.21565    0.16510    0.02744    0.06386
       802    2.21692    0.16501    0.02738    0.06194
       803    2.21617    0.16491    0.02737    0.06043
       804    2.21661    0.16432    0.02716    0.06076
       805    2.21757    0.16339    0.02683    0.06317
       806    2.21698    0.16443    0.02719    0.06159
       807    2.21698    0.16431    0.02715    0.06168
       808    2.21775    0.16408    0.02705    0.06630
       809    2.21559    0.16449    0.02724    0.06574
       810    2.21528    0.16497    0.02741    0.06721
       811    2.21764    0.16329    0.02680    0.06229
       812    2.21649    0.16469    0.02728    0.06065
       813    2.21610    0.16454    0.02725    0.06206
       814    2.21839    0.16296    0.02667    0.07070
       815    2.21537    0.16445    0.02723    0.06717
       816    2.21645    0.16439    0.02719    0.06139
       817    2.21516    0.16597    0.02774    0.06788
       818    2.21643    0.16486    0.02734    0.06122
       819    2.21702    0.16432    0.02715    0.06167
       820    2.21585    0.16390    0.02704    0.06327
       821    2.21691    0.16512    0.02742    0.06319
       822    2.21735    0.16503    0.02737    0.06489
       823    2.21552    0.16514    0.02746    0.06382
       824    2.21845    0.16363    0.02689    0.07315
       825    2.21585    0.16455    0.02725    0.06241
       826    2.21744    0.16333    0.02681    0.06238
       827    2.21626    0.16383    0.02701    0.06118
       828    2.21762    0.16285    0.02665    0.06398
       829    2.21648    0.16438    0.02718    0.05957
       830    2.21582    0.16392    0.02705    0.06235
       831    2.21533    0.16459    0.02728    0.06860
       832    2.21731    0.16416    0.02709    0.06125
       833    2.21586    0.16415    0.02712    0.06308
       834    2.21681    0.16387    0.02701    0.06054
       835    2.21895    0.16349    0.02683    0.08062
       836    2.21717    0.16316    0.02677    0.05936
       837    2.21506    0.16504    0.02744    0.07020
       838    2.21735    0.16505    0.02738    0.06360
       839    2.21570    0.16529    0.02750    0.06386
       840    2.21688    0.16403    0.02706    0.05971
       841    2.21616    0.16343    0.02688    0.06161
       842    2.21676    0.16373    0.02696    0.06027
       843    2.21796    0.16340    0.02683    0.06739
       844    2.21514    0.16410    0.02713    0.06957
       845    2.21705    0.16467    0.02727    0.06127
       846    2.21581    0.16434    0.02719    0.06308
       847    2.21658    0.16308    0.02675    0.06001
       848    2.21655    0.16396    0.02704    0.06072
       849    2.21677    0.16376    0.02697    0.06093
       850    2.21690    0.16443    0.02719    0.06117
       851    2.21659    0.16446    0.02721    0.06127
       852    2.21669    0.16340    0.02686    0.06006
       853    2.21720    0.16390    0.02701    0.06137
       854    2.21494    0.16577    0.02768    0.06895
       855    2.21806    0.16337    0.02681    0.06928
       856    2.21616    0.16346    0.02689    0.06159
       857    2.21666    0.16318    0.02678    0.06012
       858    2.21683    0.16297    0.02671    0.05942
       859    2.21693    0.16337    0.02684    0.05970
       860    2.21731    0.16401    0.02704    0.06102
       861    2.21528    0.16506    0.02744    0.06733
       862    2.21555    0.16415    0.02713    0.06548
       863    2.21662    0.16445    0.02720    0.05947
       864    2.21716    0.16402    0.02705    0.05981
       865    2.21599    0.16456    0.02726    0.06129
       866    2.21560    0.16487    0.02737    0.06378
       867    2.21654    0.16491    0.02735    0.06050
       868    2.21641    0.16404    0.02707    0.06011
       869    2.21662    0.16409    0.02708    0.06077
       870    2.21813    0.16287    0.02665    0.06866
       871    2.21750    0.16192    0.02636    0.06034
       872    2.21594    0.16423    0.02715    0.06197
       873    2.21800    0.16342    0.02683    0.06626
       874    2.21745    0.16346    0.02686    0.06300
       875    2.21840    0.16197    0.02635    0.06889
       876    2.21632    0.16245    0.02656    0.06109
       877    2.21609    0.16405    0.02708    0.06079
       878    2.21557    0.16380    0.02701    0.06411
       879    2.21736    0.16292    0.02668    0.06075
       880    2.21585    0.16297    0.02674    0.06360
       881    2.21719    0.16339    0.02684    0.06042
       882    2.21565    0.16484    0.02736    0.06388
       883    2.21670    0.16379    0.02698    0.05893
       884    2.21575    0.16414    0.02712    0.06334
       885    2.21710    0.16445    0.02719    0.06173
       886    2.21659    0.16379    0.02698    0.05935
       887    2.21672    0.16329    0.02682    0.05888
       888    2.21730    0.16358    0.02690    0.06108
       889    2.21724    0.16399    0.02704    0.06085
       890    2.21685    0.16368    0.02694    0.06011
       891    2.21545    0.16506    0.02743    0.06523
       892    2.21796    0.16298    0.02669    0.06491
       893    2.21629    0.16395    0.02705    0.05933
       894    2.21569    0.16501    0.02741    0.06350
       895    2.21641    0.16459    0.02725    0.05950
       896    2.21729    0.16336    0.02683    0.06125
       897    2.21698    0.16313    0.02676    0.05744
       898    2.21644    0.16336    0.02685    0.05916
       899    2.21464    0.16415    0.02716    0.07687
       900    2.21711    0.16390    0.02701    0.06043
       901    2.21850    0.16193    0.02634    0.06824
       902    2.21629    0.16395    0.02705    0.06053
       903    2.21457    0.16514    0.02748    0.07484
       904    2.21604    0.16501    0.02740    0.06088
       905    2.21832    0.16300    0.02669    0.06958
       906    2.21689    0.16356    0.02690    0.05941
       907    2.21542    0.16444    0.02723    0.06577
       908    2.21685    0.16537    0.02750    0.06000
       909    2.21736    0.16329    0.02680    0.06099
       910    2.21722    0.16294    0.02669    0.06009
       911    2.21565    0.16384    0.02703    0.06451
       912    2.21699    0.16349    0.02688    0.06004
       913    2.21737    0.16318    0.02677    0.06162
       914    2.21823    0.16304    0.02670    0.06887
       915    2.21760    0.16281    0.02664    0.06071
       916    2.21631    0.16285    0.02669    0.05929
       917    2.21729    0.16300    0.02671    0.05874
       918    2.21601    0.16411    0.02710    0.06079
       919    2.21579    0.16392    0.02705    0.06327
       920    2.21530    0.16374    0.02700    0.06819
       921    2.21791    0.16218    0.02643    0.06296
       922    2.21632    0.16381    0.02700    0.05999
       923    2.21751    0.16339    0.02683    0.06129
       924    2.21650    0.16282    0.02667    0.06004
       925    2.21663    0.16314    0.02677    0.05994
       926    2.21640    0.16330    0.02683    0.06171
       927    2.21635    0.16393    0.02704    0.05954
       928    2.21618    0.16351    0.02690    0.05994
       929    2.21581    0.16380    0.02701    0.06372
       930    2.21697    0.16295    0.02670    0.05923
       931    2.21774    0.16320    0.02676    0.06530
       932    2.21711    0.16327    0.02680    0.05915
       933    2.21666    0.16365    0.02694    0.05825
       934    2.21780    0.16170    0.02628    0.06201
       935    2.21696    0.16328    0.02681    0.06046
       936    2.21730    0.16343    0.02685    0.06037
       937    2.21554    0.16273    0.02667    0.06705
       938    2.21601    0.16440    0.02720    0.06101
       939    2.21725    0.16251    0.02655    0.05959
       940    2.21706    0.16220    0.02646    0.05951
       941    2.21442    0.16490    0.02741    0.07727
       942    2.21815    0.16230    0.02646    0.06702
       943    2.21672    0.16400    0.02705    0.05840
       944    2.21760    0.16253    0.02655    0.06212
       945    2.21705    0.16349    0.02688    0.05912
       946    2.21727    0.16252    0.02656    0.05898
       947    2.21612    0.16327    0.02683    0.06061
       948    2.21580    0.16313    0.02679    0.06419
       949    2.21591    0.16365    0.02696    0.06191
       950    2.21846    0.16149    0.02619    0.06733
       951    2.21543    0.16352    0.02693    0.06581
       952    2.21779    0.16236    0.02649    0.06164
       953    2.21563    0.16325    0.02683    0.06609
       954    2.21775    0.16247    0.02653    0.06286
       955    2.21862    0.16171    0.02626    0.06773
       956    2.21701    0.16257    0.02658    0.05885
       957    2.21685    0.16309    0.02675    0.05866
       958    2.21769    0.16200    0.02638    0.06138
       959    2.21646    0.16292    0.02671    0.05906
       960    2.21733    0.16154    0.02624    0.05835
       961    2.21534    0.16306    0.02678    0.06556
       962    2.21574    0.16390    0.02704    0.06260
       963    2.21637    0.16280    0.02667    0.05929
       964    2.21684    0.16321    0.02679    0.05848
       965    2.21507    0.16431    0.02720    0.06781
       966    2.21700    0.16338    0.02684    0.05918
       967    2.21745    0.16315    0.02676    0.06169
       968    2.21599    0.16289    0.02671    0.06214
       969    2.21891    0.16233    0.02646    0.07568
       970    2.21695    0.16248    0.02655    0.05851
       971    2.21850    0.16153    0.02621    0.06663
       972    2.21754    0.16198    0.02637    0.05947
       973    2.21814    0.16186    0.02632    0.06285
       974    2.21558    0.16270    0.02666    0.06551
       975    2.21570    0.16316    0.02680    0.06520
       976    2.21779    0.16189    0.02634    0.06221
       977    2.21600    0.16322    0.02682    0.06138
       978    2.21602    0.16289    0.02671    0.06155
       979    2.21708    0.16247    0.02654    0.05705
       980    2.21669    0.16179    0.02633    0.05883
       981    2.21758    0.16200    0.02638    0.06087
       982    2.21605    0.16171    0.02632    0.06121
       983    2.21647    0.16338    0.02686    0.05869
       984    2.21690    0.16279    0.02665    0.05829
       985    2.21660    0.16197    0.02639    0.05915
       986    2.21735    0.16214    0.02643    0.05846
       987    2.21730    0.16147    0.02621    0.05844
       988    2.21737    0.16193    0.02636    0.05862
       989    2.21580    0.16316    0.02680    0.06263
       990    2.21450    0.16338    0.02691    0.07830
       991    2.21617    0.16424    0.02714    0.06053
       992    2.21694    0.16325    0.02680    0.05868
       993    2.21767    0.16224    0.02646    0.06132
       994    2.21823    0.16162    0.02624    0.06347
       995    2.21728    0.16198    0.02638    0.05867
       996    2.21692    0.16220    0.02646    0.05829
       997    2.21677    0.16230    0.02650    0.05858
       998    2.21623    0.16321    0.02681    0.05904
       999    2.21663    0.16238    0.02652    0.05892

Final Weights:        -0.2615206276        -0.4075299443         0.4575897814         0.2136421920 