# Cycles, Average Predicted Temperature, Stddev Predicted Temperature, Mean Squared Error, || MSE Gradient ||
         0    0.00000    0.00000    4.88049    0.00102
         1    0.00000    0.00000    4.88049    0.00102
         2    0.00000    0.00000    4.88049    0.00102
         3    0.00000    0.00000    4.88049    0.00102
         4    0.00000    0.00000    4.88049    0.00102
         5    0.00000    0.00000    4.88049    0.00102
         6    0.00000    0.00000    4.88049    0.00103
         7    0.00000    0.00000    4.88049    0.00101
         8    0.00000    0.00000    4.88049    0.00102
         9    0.00000    0.00000    4.88049    0.00102
        10    0.00000    0.00000    4.88049    0.00103
        11    0.00000    0.00000    4.88049    0.00102
        12    0.00000    0.00000    4.88049    0.00102
        13    0.00000    0.00000    4.88049    0.00102
        14    0.00000    0.00000    4.88049    0.00102
        15    0.00000    0.00000    4.88049    0.00102
        16    0.00000    0.00000    4.88049    0.00102
        17    0.00000    0.00000    4.88049    0.00101
        18    0.00000    0.00000    4.88049    0.00103
        19    0.00000    0.00000    4.88049    0.00102
        20    0.00000    0.00000    4.88049    0.00102
        21    0.00000    0.00000    4.88049    0.00103
        22    0.00000    0.00000    4.88049    0.00102
        23    0.00000    0.00000    4.88049    0.00101
        24    0.00000    0.00000    4.88049    0.00102
        25    0.00000    0.00000    4.88049    0.00102
        26    0.00000    0.00000    4.88049    0.00102
        27    0.00000    0.00000    4.88049    0.00103
        28    0.00000    0.00000    4.88049    0.00102
        29    0.00000    0.00000    4.88049    0.00102
        30    0.00000    0.00000    4.88049    0.00102
        31    0.00000    0.00000    4.88049    0.00102
        32    0.00000    0.00000    4.88049    0.00102
        33    0.00000    0.00000    4.88049    0.00102
        34    0.00000    0.00000    4.88049    0.00102
        35    0.00000    0.00000    4.88049    0.00102
        36    0.00000    0.00000    4.88049    0.00102
        37    0.00000    0.00000    4.88049    0.00103
        38    0.00000    0.00000    4.88049    0.00102
        39    0.00000    0.00000    4.88049    0.00101
        40    0.00000    0.00000    4.88049    0.00103
        41    0.00000    0.00000    4.88049    0.00102
        42    0.00000    0.00000    4.88049    0.00101
        43    0.00000    0.00000    4.88049    0.00102
        44    0.00000    0.00000    4.88049    0.00102
        45    0.00000    0.00000    4.88049    0.00102
        46    0.00000    0.00000    4.88049    0.00102
        47    0.00000    0.00000    4.88049    0.00103
        48    0.00000    0.00000    4.88049    0.00102
        49    0.00000    0.00000    4.88049    0.00103
        50    0.00000    0.00000    4.88049    0.00102
        51    0.00000    0.00000    4.88049    0.00102
        52    0.00000    0.00000    4.88049    0.00103
        53    0.00000    0.00000    4.88049    0.00103
        54    0.00000    0.00000    4.88049    0.00103
        55    0.00000    0.00000    4.88049    0.00102
        56    0.00000    0.00000    4.88049    0.00103
        57    0.00000    0.00000    4.88049    0.00102
        58    0.00000    0.00000    4.88049    0.00103
        59    0.00000    0.00000    4.88049    0.00103
        60    0.00000    0.00000    4.88049    0.00102
        61    0.00000    0.00000    4.88049    0.00102
        62    0.00000    0.00000    4.88049    0.00103
        63    0.00000    0.00000    4.88049    0.00103
        64    0.00000    0.00000    4.88049    0.00102
        65    0.00000    0.00000    4.88049    0.00102
        66    0.00000    0.00000    4.88049    0.00103
        67    0.00000    0.00000    4.88049    0.00103
        68    0.00000    0.00000    4.88049    0.00103
        69    0.00000    0.00000    4.88049    0.00103
        70    0.00000    0.00000    4.88049    0.00103
        71    0.00000    0.00000    4.88049    0.00102
        72    0.00000    0.00000    4.88049    0.00102
        73    0.00000    0.00000    4.88049    0.00103
        74    0.00000    0.00000    4.88049    0.00103
        75    0.00000    0.00000    4.88049    0.00103
        76    0.00000    0.00000    4.88049    0.00103
        77    0.00000    0.00000    4.88049    0.00103
        78    0.00000    0.00000    4.88049    0.00103
        79    0.00000    0.00000    4.88049    0.00103
        80    0.00000    0.00000    4.88049    0.00102
        81    0.00000    0.00000    4.88049    0.00102
        82    0.00000    0.00000    4.88049    0.00103
        83    0.00000    0.00000    4.88049    0.00102
        84    0.00000    0.00000    4.88049    0.00103
        85    0.00000    0.00000    4.88049    0.00102
        86    0.00000    0.00000    4.88049    0.00103
        87    0.00000    0.00000    4.88049    0.00103
        88    0.00000    0.00000    4.88049    0.00103
        89    0.00000    0.00000    4.88049    0.00103
        90    0.00000    0.00000    4.88049    0.00103
        91    0.00000    0.00000    4.88049    0.00103
        92    0.00000    0.00000    4.88049    0.00103
        93    0.00000    0.00000    4.88049    0.00103
        94    0.00000    0.00000    4.88049    0.00103
        95    0.00000    0.00000    4.88049    0.00102
        96    0.00000    0.00000    4.88049    0.00103
        97    0.00000    0.00000    4.88049    0.00103
        98    0.00000    0.00000    4.88049    0.00103
        99    0.00000    0.00000    4.88049    0.00103
       100    0.00000    0.00000    4.88049    0.00103
       101    0.00000    0.00000    4.88049    0.00103
       102    0.00000    0.00000    4.88049    0.00103
       103    0.00000    0.00000    4.88049    0.00103
       104    0.00000    0.00000    4.88049    0.00103
       105    0.00000    0.00000    4.88049    0.00103
       106    0.00000    0.00000    4.88049    0.00103
       107    0.00000    0.00000    4.88049    0.00104
       108    0.00000    0.00000    4.88049    0.00103
       109    0.00000    0.00000    4.88049    0.00104
       110    0.00000    0.00000    4.88049    0.00103
       111    0.00000    0.00000    4.88049    0.00103
       112    0.00000    0.00000    4.88049    0.00104
       113    0.00000    0.00000    4.88049    0.00102
       114    0.00000    0.00000    4.88049    0.00104
       115    0.00000    0.00000    4.88049    0.00103
       116    0.00000    0.00000    4.88049    0.00103
       117    0.00000    0.00000    4.88049    0.00103
       118    0.00000    0.00000    4.88049    0.00103
       119    0.00000    0.00000    4.88049    0.00104
       120    0.00000    0.00000    4.88049    0.00104
       121    0.00000    0.00000    4.88049    0.00104
       122    0.00000    0.00000    4.88049    0.00103
       123    0.00000    0.00000    4.88049    0.00103
       124    0.00000    0.00000    4.88049    0.00103
       125    0.00000    0.00000    4.88049    0.00104
       126    0.00000    0.00000    4.88049    0.00104
       127    0.00000    0.00000    4.88049    0.00104
       128    0.00000    0.00000    4.88049    0.00104
       129    0.00000    0.00000    4.88049    0.00103
       130    0.00000    0.00000    4.88049    0.00104
       131    0.00000    0.00000    4.88049    0.00104
       132    0.00000    0.00000    4.88049    0.00103
       133    0.00000    0.00000    4.88049    0.00103
       134    0.00000    0.00000    4.88049    0.00104
       135    0.00000    0.00000    4.88049    0.00103
       136    0.00000    0.00000    4.88049    0.00104
       137    0.00000    0.00000    4.88049    0.00103
       138    0.00000    0.00000    4.88049    0.00104
       139    0.00000    0.00000    4.88049    0.00103
       140    0.00000    0.00000    4.88049    0.00103
       141    0.00000    0.00000    4.88049    0.00104
       142    0.00000    0.00000    4.88049    0.00103
       143    0.00000    0.00000    4.88049    0.00104
       144    0.00000    0.00000    4.88049    0.00103
       145    0.00000    0.00000    4.88049    0.00104
       146    0.00000    0.00000    4.88049    0.00103
       147    0.00000    0.00000    4.88049    0.00104
       148    0.00000    0.00000    4.88049    0.00104
       149    0.00000    0.00000    4.88049    0.00103
       150    0.00000    0.00000    4.88049    0.00103
       151    0.00000    0.00000    4.88049    0.00103
       152    0.00000    0.00000    4.88049    0.00103
       153    0.00000    0.00000    4.88049    0.00104
       154    0.00000    0.00000    4.88049    0.00103
       155    0.00000    0.00000    4.88049    0.00104
       156    0.00000    0.00000    4.88049    0.00103
       157    0.00000    0.00000    4.88049    0.00103
       158    0.00000    0.00000    4.88049    0.00105
       159    0.00000    0.00000    4.88049    0.00104
       160    0.00000    0.00000    4.88049    0.00104
       161    0.00000    0.00000    4.88049    0.00103
       162    0.00000    0.00000    4.88049    0.00103
       163    0.00000    0.00000    4.88049    0.00103
       164    0.00000    0.00000    4.88049    0.00103
       165    0.00000    0.00000    4.88049    0.00104
       166    0.00000    0.00000    4.88049    0.00103
       167    0.00000    0.00000    4.88049    0.00104
       168    0.00000    0.00000    4.88049    0.00104
       169    0.00000    0.00000    4.88049    0.00104
       170    0.00000    0.00000    4.88049    0.00104
       171    0.00000    0.00000    4.88049    0.00103
       172    0.00000    0.00000    4.88049    0.00104
       173    0.00000    0.00000    4.88049    0.00104
       174    0.00000    0.00000    4.88049    0.00104
       175    0.00000    0.00000    4.88049    0.00104
       176    0.00000    0.00000    4.88049    0.00104
       177    0.00000    0.00000    4.88049    0.00104
       178    0.00000    0.00000    4.88049    0.00104
       179    0.00000    0.00000    4.88049    0.00104
       180    0.00000    0.00000    4.88049    0.00105
       181    0.00000    0.00000    4.88049    0.00104
       182    0.00000    0.00000    4.88049    0.00105
       183    0.00000    0.00000    4.88049    0.00104
       184    0.00000    0.00000    4.88049    0.00105
       185    0.00000    0.00000    4.88049    0.00105
       186    0.00000    0.00000    4.88049    0.00104
       187    0.00000    0.00000    4.88049    0.00104
       188    0.00000    0.00000    4.88049    0.00104
       189    0.00000    0.00000    4.88049    0.00104
       190    0.00000    0.00000    4.88049    0.00105
       191    0.00000    0.00000    4.88049    0.00104
       192    0.00000    0.00000    4.88049    0.00104
       193    0.00000    0.00000    4.88049    0.00105
       194    0.00000    0.00000    4.88049    0.00104
       195    0.00000    0.00000    4.88049    0.00103
       196    0.00000    0.00000    4.88049    0.00104
       197    0.00000    0.00000    4.88049    0.00104
       198    0.00000    0.00000    4.88049    0.00104
       199    0.00000    0.00000    4.88049    0.00104
       200    0.00000    0.00000    4.88049    0.00104
       201    0.00000    0.00000    4.88049    0.00105
       202    0.00000    0.00000    4.88049    0.00104
       203    0.00000    0.00000    4.88049    0.00104
       204    0.00000    0.00000    4.88049    0.00104
       205    0.00000    0.00000    4.88049    0.00104
       206    0.00000    0.00000    4.88049    0.00104
       207    0.00000    0.00000    4.88049    0.00104
       208    0.00000    0.00000    4.88049    0.00104
       209    0.00000    0.00000    4.88049    0.00105
       210    0.00000    0.00000    4.88049    0.00104
       211    0.00000    0.00000    4.88049    0.00104
       212    0.00000    0.00000    4.88049    0.00104
       213    0.00000    0.00000    4.88049    0.00104
       214    0.00000    0.00000    4.88049    0.00104
       215    0.00000    0.00000    4.88049    0.00104
       216    0.00000    0.00000    4.88049    0.00105
       217    0.00000    0.00000    4.88049    0.00105
       218    0.00000    0.00000    4.88049    0.00105
       219    0.00000    0.00000    4.88049    0.00104
       220    0.00000    0.00000    4.88049    0.00104
       221    0.00000    0.00000    4.88049    0.00105
       222    0.00000    0.00000    4.88049    0.00104
       223    0.00000    0.00000    4.88049    0.00104
       224    0.00000    0.00000    4.88049    0.00105
       225    0.00000    0.00000    4.88049    0.00105
       226    0.00000    0.00000    4.88049    0.00103
       227    0.00000    0.00000    4.88049    0.00104
       228    0.00000    0.00000    4.88049    0.00104
       229    0.00000    0.00000    4.88049    0.00104
       230    0.00000    0.00000    4.88049    0.00105
       231    0.00000    0.00000    4.88049    0.00105
       232    0.00000    0.00000    4.88049    0.00105
       233    0.00000    0.00000    4.88049    0.00105
       234    0.00000    0.00000    4.88049    0.00105
       235    0.00000    0.00000    4.88049    0.00104
       236    0.00000    0.00000    4.88049    0.00105
       237    0.00000    0.00000    4.88049    0.00105
       238    0.00000    0.00000    4.88049    0.00104
       239    0.00000    0.00000    4.88049    0.00105
       240    0.00000    0.00000    4.88049    0.00105
       241    0.00000    0.00000    4.88049    0.00104
       242    0.00000    0.00000    4.88049    0.00105
       243    0.00000    0.00000    4.88049    0.00104
       244    0.00000    0.00000    4.88049    0.00104
       245    0.00000    0.00000    4.88049    0.00105
       246    0.00000    0.00000    4.88049    0.00104
       247    0.00000    0.00000    4.88049    0.00104
       248    0.00000    0.00000    4.88049    0.00105
       249    0.00000    0.00000    4.88049    0.00105
       250    0.00000    0.00000    4.88049    0.00105
       251    0.00000    0.00000    4.88049    0.00104
       252    0.00000    0.00000    4.88049    0.00105
       253    0.00000    0.00000    4.88049    0.00105
       254    0.00000    0.00000    4.88049    0.00104
       255    0.00000    0.00000    4.88049    0.00105
       256    0.00000    0.00000    4.88049    0.00105
       257    0.00000    0.00000    4.88049    0.00105
       258    0.00000    0.00000    4.88049    0.00105
       259    0.00000    0.00000    4.88049    0.00104
       260    0.00000    0.00000    4.88049    0.00105
       261    0.00000    0.00000    4.88049    0.00105
       262    0.00000    0.00000    4.88049    0.00105
       263    0.00000    0.00000    4.88049    0.00105
       264    0.00000    0.00000    4.88049    0.00104
       265    0.00000    0.00000    4.88049    0.00105
       266    0.00000    0.00000    4.88049    0.00104
       267    0.00000    0.00000    4.88049    0.00105
       268    0.00000    0.00000    4.88049    0.00105
       269    0.00000    0.00000    4.88049    0.00105
       270    0.00000    0.00000    4.88049    0.00105
       271    0.00000    0.00000    4.88049    0.00105
       272    0.00000    0.00000    4.88049    0.00105
       273    0.00000    0.00000    4.88049    0.00105
       274    0.00000    0.00000    4.88049    0.00106
       275    0.00000    0.00000    4.88049    0.00105
       276    0.00000    0.00000    4.88049    0.00105
       277    0.00000    0.00000    4.88049    0.00105
       278    0.00000    0.00000    4.88049    0.00105
       279    0.00000    0.00000    4.88049    0.00105
       280    0.00000    0.00000    4.88049    0.00105
       281    0.00000    0.00000    4.88049    0.00105
       282    0.00000    0.00000    4.88049    0.00105
       283    0.00000    0.00000    4.88049    0.00105
       284    0.00000    0.00000    4.88049    0.00105
       285    0.00000    0.00000    4.88049    0.00105
       286    0.00000    0.00000    4.88049    0.00105
       287    0.00000    0.00000    4.88049    0.00106
       288    0.00000    0.00000    4.88049    0.00105
       289    0.00000    0.00000    4.88049    0.00105
       290    0.00000    0.00000    4.88049    0.00105
       291    0.00000    0.00000    4.88049    0.00106
       292    0.00000    0.00000    4.88049    0.00105
       293    0.00000    0.00000    4.88049    0.00105
       294    0.00000    0.00000    4.88049    0.00106
       295    0.00000    0.00000    4.88049    0.00105
       296    0.00000    0.00000    4.88049    0.00105
       297    0.00000    0.00000    4.88049    0.00105
       298    0.00000    0.00000    4.88049    0.00105
       299    0.00000    0.00000    4.88049    0.00106
       300    0.00000    0.00000    4.88049    0.00105
       301    0.00000    0.00000    4.88049    0.00105
       302    0.00000    0.00000    4.88049    0.00105
       303    0.00000    0.00000    4.88049    0.00106
       304    0.00000    0.00000    4.88049    0.00105
       305    0.00000    0.00000    4.88049    0.00105
       306    0.00000    0.00000    4.88049    0.00105
       307    0.00000    0.00000    4.88049    0.00106
       308    0.00000    0.00000    4.88049    0.00105
       309    0.00000    0.00000    4.88049    0.00105
       310    0.00000    0.00000    4.88049    0.00105
       311    0.00000    0.00000    4.88049    0.00105
       312    0.00000    0.00000    4.88049    0.00106
       313    0.00000    0.00000    4.88049    0.00106
       314    0.00000    0.00000    4.88049    0.00106
       315    0.00000    0.00000    4.88049    0.00105
       316    0.00000    0.00000    4.88049    0.00105
       317    0.00000    0.00000    4.88049    0.00106
       318    0.00000    0.00000    4.88049    0.00106
       319    0.00000    0.00000    4.88049    0.00106
       320    0.00000    0.00000    4.88049    0.00105
       321    0.00000    0.00000    4.88049    0.00106
       322    0.00000    0.00000    4.88049    0.00105
       323    0.00000    0.00000    4.88049    0.00106
       324    0.00000    0.00000    4.88049    0.00105
       325    0.00000    0.00000    4.88049    0.00106
       326    0.00000    0.00000    4.88049    0.00106
       327    0.00000    0.00000    4.88049    0.00106
       328    0.00000    0.00000    4.88049    0.00106
       329    0.00000    0.00000    4.88049    0.00105
       330    0.00000    0.00000    4.88049    0.00106
       331    0.00000    0.00000    4.88049    0.00106
       332    0.00000    0.00000    4.88049    0.00106
       333    0.00000    0.00000    4.88049    0.00106
       334    0.00000    0.00000    4.88049    0.00106
       335    0.00000    0.00000    4.88049    0.00106
       336    0.00000    0.00000    4.88049    0.00106
       337    0.00000    0.00000    4.88049    0.00105
       338    0.00000    0.00000    4.88049    0.00106
       339    0.00000    0.00000    4.88049    0.00106
       340    0.00000    0.00000    4.88049    0.00106
       341    0.00000    0.00000    4.88049    0.00106
       342    0.00000    0.00000    4.88049    0.00106
       343    0.00000    0.00000    4.88049    0.00107
       344    0.00000    0.00000    4.88049    0.00105
       345    0.00000    0.00000    4.88049    0.00106
       346    0.00000    0.00000    4.88049    0.00106
       347    0.00000    0.00000    4.88049    0.00106
       348    0.00000    0.00000    4.88049    0.00105
       349    0.00000    0.00000    4.88049    0.00106
       350    0.00000    0.00000    4.88049    0.00106
       351    0.00000    0.00000    4.88049    0.00106
       352    0.00000    0.00000    4.88049    0.00106
       353    0.00000    0.00000    4.88049    0.00106
       354    0.00000    0.00000    4.88049    0.00105
       355    0.00000    0.00000    4.88049    0.00106
       356    0.00000    0.00000    4.88049    0.00106
       357    0.00000    0.00000    4.88049    0.00105
       358    0.00000    0.00000    4.88049    0.00106
       359    0.00000    0.00000    4.88049    0.00107
       360    0.00000    0.00000    4.88049    0.00106
       361    0.00000    0.00000    4.88049    0.00106
       362    0.00000    0.00000    4.88049    0.00107
       363    0.00000    0.00000    4.88049    0.00106
       364    0.00000    0.00000    4.88049    0.00106
       365    0.00000    0.00000    4.88049    0.00106
       366    0.00000    0.00000    4.88049    0.00106
       367    0.00000    0.00000    4.88049    0.00106
       368    0.00000    0.00000    4.88049    0.00106
       369    0.00000    0.00000    4.88049    0.00106
       370    0.00000    0.00000    4.88049    0.00106
       371    0.00000    0.00000    4.88049    0.00107
       372    0.00000    0.00000    4.88049    0.00106
       373    0.00000    0.00000    4.88049    0.00106
       374    0.00000    0.00000    4.88049    0.00107
       375    0.00000    0.00000    4.88049    0.00106
       376    0.00000    0.00000    4.88049    0.00106
       377    0.00000    0.00000    4.88049    0.00106
       378    0.00000    0.00000    4.88049    0.00106
       379    0.00000    0.00000    4.88049    0.00106
       380    0.00000    0.00000    4.88049    0.00106
       381    0.00000    0.00000    4.88049    0.00106
       382    0.00000    0.00000    4.88049    0.00106
       383    0.00000    0.00000    4.88049    0.00106
       384    0.00000    0.00000    4.88049    0.00107
       385    0.00000    0.00000    4.88049    0.00106
       386    0.00000    0.00000    4.88049    0.00106
       387    0.00000    0.00000    4.88049    0.00106
       388    0.00000    0.00000    4.88049    0.00106
       389    0.00000    0.00000    4.88049    0.00106
       390    0.00000    0.00000    4.88049    0.00107
       391    0.00000    0.00000    4.88049    0.00106
       392    0.00000    0.00000    4.88049    0.00106
       393    0.00000    0.00000    4.88049    0.00106
       394    0.00000    0.00000    4.88049    0.00107
       395    0.00000    0.00000    4.88049    0.00106
       396    0.00000    0.00000    4.88049    0.00107
       397    0.00000    0.00000    4.88049    0.00106
       398    0.00000    0.00000    4.88049    0.00106
       399    0.00000    0.00000    4.88049    0.00107
       400    0.00000    0.00000    4.88049    0.00106
       401    0.00000    0.00000    4.88049    0.00106
       402    0.00000    0.00000    4.88049    0.00106
       403    0.00000    0.00000    4.88049    0.00106
       404    0.00000    0.00000    4.88049    0.00107
       405    0.00000    0.00000    4.88049    0.00106
       406    0.00000    0.00000    4.88049    0.00107
       407    0.00000    0.00000    4.88049    0.00106
       408    0.00000    0.00000    4.88049    0.00107
       409    0.00000    0.00000    4.88049    0.00107
       410    0.00000    0.00000    4.88049    0.00107
       411    0.00000    0.00000    4.88049    0.00107
       412    0.00000    0.00000    4.88049    0.00107
       413    0.00000    0.00000    4.88049    0.00106
       414    0.00000    0.00000    4.88049    0.00106
       415    0.00000    0.00000    4.88049    0.00107
       416    0.00000    0.00000    4.88049    0.00106
       417    0.00000    0.00000    4.88049    0.00107
       418    0.00000    0.00000    4.88049    0.00106
       419    0.00000    0.00000    4.88049    0.00106
       420    0.00000    0.00000    4.88049    0.00106
       421    0.00000    0.00000    4.88049    0.00107
       422    0.00000    0.00000    4.88049    0.00107
       423    0.00000    0.00000    4.88049    0.00107
       424    0.00000    0.00000    4.88049    0.00107
       425    0.00000    0.00000    4.88049    0.00106
       426    0.00000    0.00000    4.88049    0.00107
       427    0.00000    0.00000    4.88049    0.00106
       428    0.00000    0.00000    4.88049    0.00106
       429    0.00000    0.00000    4.88049    0.00106
       430    0.00000    0.00000    4.88049    0.00106
       431    0.00000    0.00000    4.88049    0.00107
       432    0.00000    0.00000    4.88049    0.00107
       433    0.00000    0.00000    4.88049    0.00107
       434    0.00000    0.00000    4.88049    0.00107
       435    0.00000    0.00000    4.88049    0.00107
       436    0.00000    0.00000    4.88049    0.00107
       437    0.00000    0.00000    4.88049    0.00107
       438    0.00000    0.00000    4.88049    0.00107
       439    0.00000    0.00000    4.88049    0.00107
       440    0.00000    0.00000    4.88049    0.00107
       441    0.00000    0.00000    4.88049    0.00108
       442    0.00000    0.00000    4.88049    0.00107
       443    0.00000    0.00000    4.88049    0.00107
       444    0.00000    0.00000    4.88049    0.00107
       445    0.00000    0.00000    4.88049    0.00107
       446    0.00000    0.00000    4.88049    0.00107
       447    0.00000    0.00000    4.88049    0.00107
       448    0.00000    0.00000    4.88049    0.00106
       449    0.00000    0.00000    4.88049    0.00107
       450    0.00000    0.00000    4.88049    0.00108
       451    0.00000    0.00000    4.88049    0.00107
       452    0.00000    0.00000    4.88049    0.00107
       453    0.00000    0.00000    4.88049    0.00107
       454    0.00000    0.00000    4.88049    0.00107
       455    0.00000    0.00000    4.88049    0.00108
       456    0.00000    0.00000    4.88049    0.00107
       457    0.00000    0.00000    4.88049    0.00107
       458    0.00000    0.00000    4.88049    0.00107
       459    0.00000    0.00000    4.88049    0.00108
       460    0.00000    0.00000    4.88049    0.00108
       461    0.00000    0.00000    4.88049    0.00107
       462    0.00000    0.00000    4.88049    0.00107
       463    0.00000    0.00000    4.88049    0.00107
       464    0.00000    0.00000    4.88049    0.00107
       465    0.00000    0.00000    4.88049    0.00107
       466    0.00000    0.00000    4.88049    0.00107
       467    0.00000    0.00000    4.88049    0.00107
       468    0.00000    0.00000    4.88049    0.00107
       469    0.00000    0.00000    4.88049    0.00107
       470    0.00000    0.00000    4.88049    0.00108
       471    0.00000    0.00000    4.88049    0.00107
       472    0.00000    0.00000    4.88049    0.00107
       473    0.00000    0.00000    4.88049    0.00107
       474    0.00000    0.00000    4.88049    0.00107
       475    0.00000    0.00000    4.88049    0.00108
       476    0.00000    0.00000    4.88049    0.00108
       477    0.00000    0.00000    4.88049    0.00107
       478    0.00000    0.00000    4.88049    0.00108
       479    0.00000    0.00000    4.88049    0.00108
       480    0.00000    0.00000    4.88049    0.00107
       481    0.00000    0.00000    4.88049    0.00108
       482    0.00000    0.00000    4.88049    0.00108
       483    0.00000    0.00000    4.88049    0.00107
       484    0.00000    0.00000    4.88049    0.00108
       485    0.00000    0.00000    4.88049    0.00107
       486    0.00000    0.00000    4.88049    0.00108
       487    0.00000    0.00000    4.88049    0.00108
       488    0.00000    0.00000    4.88049    0.00108
       489    0.00000    0.00000    4.88049    0.00108
       490    0.00000    0.00000    4.88049    0.00108
       491    0.00000    0.00000    4.88049    0.00108
       492    0.00000    0.00000    4.88049    0.00108
       493    0.00000    0.00000    4.88049    0.00107
       494    0.00000    0.00000    4.88049    0.00107
       495    0.00000    0.00000    4.88049    0.00107
       496    0.00000    0.00000    4.88049    0.00107
       497    0.00000    0.00000    4.88049    0.00107
       498    0.00000    0.00000    4.88049    0.00107
       499    0.00000    0.00000    4.88049    0.00109
       500    0.00000    0.00000    4.88049    0.00107
       501    0.00000    0.00000    4.88049    0.00108
       502    0.00000    0.00000    4.88049    0.00109
       503    0.00000    0.00000    4.88049    0.00109
       504    0.00000    0.00000    4.88049    0.00107
       505    0.00000    0.00000    4.88049    0.00107
       506    0.00000    0.00000    4.88049    0.00108
       507    0.00000    0.00000    4.88049    0.00108
       508    0.00000    0.00000    4.88049    0.00107
       509    0.00000    0.00000    4.88049    0.00108
       510    0.00000    0.00000    4.88049    0.00108
       511    0.00000    0.00000    4.88049    0.00108
       512    0.00000    0.00000    4.88049    0.00109
       513    0.00000    0.00000    4.88049    0.00107
       514    0.00000    0.00000    4.88049    0.00108
       515    0.00000    0.00000    4.88049    0.00108
       516    0.00000    0.00000    4.88049    0.00107
       517    0.00000    0.00000    4.88049    0.00108
       518    0.00000    0.00000    4.88049    0.00108
       519    0.00000    0.00000    4.88049    0.00108
       520    0.00000    0.00000    4.88049    0.00108
       521    0.00000    0.00000    4.88049    0.00108
       522    0.00000    0.00000    4.88049    0.00107
       523    0.00000    0.00000    4.88049    0.00108
       524    0.00000    0.00000    4.88049    0.00107
       525    0.00000    0.00000    4.88049    0.00108
       526    0.00000    0.00000    4.88049    0.00109
       527    0.00000    0.00000    4.88049    0.00108
       528    0.00000    0.00000    4.88049    0.00108
       529    0.00000    0.00000    4.88049    0.00108
       530    0.00000    0.00000    4.88049    0.00108
       531    0.00000    0.00000    4.88049    0.00108
       532    0.00000    0.00000    4.88049    0.00108
       533    0.00000    0.00000    4.88049    0.00108
       534    0.00000    0.00000    4.88049    0.00108
       535    0.00000    0.00000    4.88049    0.00108
       536    0.00000    0.00000    4.88049    0.00107
       537    0.00000    0.00000    4.88049    0.00108
       538    0.00000    0.00000    4.88049    0.00109
       539    0.00000    0.00000    4.88049    0.00108
       540    0.00000    0.00000    4.88049    0.00108
       541    0.00000    0.00000    4.88049    0.00108
       542    0.00000    0.00000    4.88049    0.00109
       543    0.00000    0.00000    4.88049    0.00108
       544    0.00000    0.00000    4.88049    0.00108
       545    0.00000    0.00000    4.88049    0.00108
       546    0.00000    0.00000    4.88049    0.00108
       547    0.00000    0.00000    4.88049    0.00108
       548    0.00000    0.00000    4.88049    0.00107
       549    0.00000    0.00000    4.88049    0.00109
       550    0.00000    0.00000    4.88049    0.00108
       551    0.00000    0.00000    4.88049    0.00108
       552    0.00000    0.00000    4.88049    0.00108
       553    0.00000    0.00000    4.88049    0.00108
       554    0.00000    0.00000    4.88049    0.00108
       555    0.00000    0.00000    4.88049    0.00108
       556    0.00000    0.00000    4.88049    0.00108
       557    0.00000    0.00000    4.88049    0.00108
       558    0.00000    0.00000    4.88049    0.00109
       559    0.00000    0.00000    4.88049    0.00108
       560    0.00000    0.00000    4.88049    0.00108
       561    0.00000    0.00000    4.88049    0.00109
       562    0.00000    0.00000    4.88049    0.00108
       563    0.00000    0.00000    4.88049    0.00109
       564    0.00000    0.00000    4.88049    0.00109
       565    0.00000    0.00000    4.88049    0.00108
       566    0.00000    0.00000    4.88049    0.00109
       567    0.00000    0.00000    4.88049    0.00108
       568    0.00000    0.00000    4.88049    0.00109
       569    0.00000    0.00000    4.88049    0.00108
       570    0.00000    0.00000    4.88049    0.00109
       571    0.00000    0.00000    4.88049    0.00108
       572    0.00000    0.00000    4.88049    0.00109
       573    0.00000    0.00000    4.88049    0.00109
       574    0.00000    0.00000    4.88049    0.00108
       575    0.00000    0.00000    4.88049    0.00107
       576    0.00000    0.00000    4.88049    0.00109
       577    0.00000    0.00000    4.88049    0.00109
       578    0.00000    0.00000    4.88049    0.00108
       579    0.00000    0.00000    4.88049    0.00109
       580    0.00000    0.00000    4.88049    0.00110
       581    0.00000    0.00000    4.88049    0.00109
       582    0.00000    0.00000    4.88049    0.00109
       583    0.00000    0.00000    4.88049    0.00109
       584    0.00000    0.00000    4.88049    0.00109
       585    0.00000    0.00000    4.88049    0.00109
       586    0.00000    0.00000    4.88049    0.00109
       587    0.00000    0.00000    4.88049    0.00109
       588    0.00000    0.00000    4.88049    0.00108
       589    0.00000    0.00000    4.88049    0.00109
       590    0.00000    0.00000    4.88049    0.00109
       591    0.00000    0.00000    4.88049    0.00109
       592    0.00000    0.00000    4.88049    0.00108
       593    0.00000    0.00000    4.88049    0.00109
       594    0.00000    0.00000    4.88049    0.00108
       595    0.00000    0.00000    4.88049    0.00109
       596    0.00000    0.00000    4.88049    0.00109
       597    0.00000    0.00000    4.88049    0.00109
       598    0.00000    0.00000    4.88049    0.00108
       599    0.00000    0.00000    4.88049    0.00108
       600    0.00000    0.00000    4.88049    0.00109
       601    0.00000    0.00000    4.88049    0.00109
       602    0.00000    0.00000    4.88049    0.00109
       603    0.00000    0.00000    4.88049    0.00109
       604    0.00000    0.00000    4.88049    0.00109
       605    0.00000    0.00000    4.88049    0.00109
       606    0.00000    0.00000    4.88049    0.00109
       607    0.00000    0.00000    4.88049    0.00109
       608    0.00000    0.00000    4.88049    0.00108
       609    0.00000    0.00000    4.88049    0.00109
       610    0.00000    0.00000    4.88049    0.00109
       611    0.00000    0.00000    4.88049    0.00109
       612    0.00000    0.00000    4.88049    0.00109
       613    0.00000    0.00000    4.88049    0.00109
       614    0.00000    0.00000    4.88049    0.00109
       615    0.00000    0.00000    4.88049    0.00110
       616    0.00000    0.00000    4.88049    0.00109
       617    0.00000    0.00000    4.88049    0.00109
       618    0.00000    0.00000    4.88049    0.00109
       619    0.00000    0.00000    4.88049    0.00109
       620    0.00000    0.00000    4.88049    0.00109
       621    0.00000    0.00000    4.88049    0.00109
       622    0.00000    0.00000    4.88049    0.00110
       623    0.00000    0.00000    4.88049    0.00109
       624    0.00000    0.00000    4.88049    0.00109
       625    0.00000    0.00000    4.88049    0.00109
       626    0.00000    0.00000    4.88049    0.00109
       627    0.00000    0.00000    4.88049    0.00110
       628    0.00000    0.00000    4.88049    0.00108
       629    0.00000    0.00000    4.88049    0.00109
       630    0.00000    0.00000    4.88049    0.00110
       631    0.00000    0.00000    4.88049    0.00110
       632    0.00000    0.00000    4.88049    0.00109
       633    0.00000    0.00000    4.88049    0.00109
       634    0.00000    0.00000    4.88049    0.00110
       635    0.00000    0.00000    4.88049    0.00109
       636    0.00000    0.00000    4.88049    0.00109
       637    0.00000    0.00000    4.88049    0.00110
       638    0.00000    0.00000    4.88049    0.00109
       639    0.00000    0.00000    4.88049    0.00110
       640    0.00000    0.00000    4.88049    0.00109
       641    0.00000    0.00000    4.88049    0.00109
       642    0.00000    0.00000    4.88049    0.00110
       643    0.00000    0.00000    4.88049    0.00110
       644    0.00000    0.00000    4.88049    0.00110
       645    0.00000    0.00000    4.88049    0.00110
       646    0.00000    0.00000    4.88049    0.00109
       647    0.00000    0.00000    4.88049    0.00109
       648    0.00000    0.00000    4.88049    0.00110
       649    0.00000    0.00000    4.88049    0.00109
       650    0.00000    0.00000    4.88049    0.00109
       651    0.00000    0.00000    4.88049    0.00110
       652    0.00000    0.00000    4.88049    0.00110
       653    0.00000    0.00000    4.88049    0.00110
       654    0.00000    0.00000    4.88049    0.00109
       655    0.00000    0.00000    4.88049    0.00110
       656    0.00000    0.00000    4.88049    0.00110
       657    0.00000    0.00000    4.88049    0.00109
       658    0.00000    0.00000    4.88049    0.00109
       659    0.00000    0.00000    4.88049    0.00109
       660    0.00000    0.00000    4.88049    0.00109
       661    0.00000    0.00000    4.88049    0.00110
       662    0.00000    0.00000    4.88049    0.00109
       663    0.00000    0.00000    4.88049    0.00110
       664    0.00000    0.00000    4.88049    0.00109
       665    0.00000    0.00000    4.88049    0.00109
       666    0.00000    0.00000    4.88049    0.00110
       667    0.00000    0.00000    4.88049    0.00110
       668    0.00000    0.00000    4.88049    0.00110
       669    0.00000    0.00000    4.88049    0.00110
       670    0.00000    0.00000    4.88049    0.00109
       671    0.00000    0.00000    4.88049    0.00109
       672    0.00000    0.00000    4.88049    0.00110
       673    0.00000    0.00000    4.88049    0.00110
       674    0.00000    0.00000    4.88049    0.00109
       675    0.00000    0.00000    4.88049    0.00110
       676    0.00000    0.00000    4.88049    0.00109
       677    0.00000    0.00000    4.88049    0.00110
       678    0.00000    0.00000    4.88049    0.00110
       679    0.00000    0.00000    4.88049    0.00110
       680    0.00000    0.00000    4.88049    0.00110
       681    0.00000    0.00000    4.88049    0.00110
       682    0.00000    0.00000    4.88049    0.00110
       683    0.00000    0.00000    4.88049    0.00109
       684    0.00000    0.00000    4.88049    0.00110
       685    0.00000    0.00000    4.88049    0.00111
       686    0.00000    0.00000    4.88049    0.00110
       687    0.00000    0.00000    4.88049    0.00110
       688    0.00000    0.00000    4.88049    0.00110
       689    0.00000    0.00000    4.88049    0.00109
       690    0.00000    0.00000    4.88049    0.00110
       691    0.00000    0.00000    4.88049    0.00110
       692    0.00000    0.00000    4.88049    0.00109
       693    0.00000    0.00000    4.88049    0.00110
       694    0.00000    0.00000    4.88049    0.00109
       695    0.00000    0.00000    4.88049    0.00110
       696    0.00000    0.00000    4.88049    0.00110
       697    0.00000    0.00000    4.88049    0.00110
       698    0.00000    0.00000    4.88049    0.00110
       699    0.00000    0.00000    4.88049    0.00110
       700    0.00000    0.00000    4.88049    0.00110
       701    0.00000    0.00000    4.88049    0.00110
       702    0.00000    0.00000    4.88049    0.00110
       703    0.00000    0.00000    4.88049    0.00110
       704    0.00000    0.00000    4.88049    0.00109
       705    0.00000    0.00000    4.88049    0.00110
       706    0.00000    0.00000    4.88049    0.00110
       707    0.00000    0.00000    4.88049    0.00111
       708    0.00000    0.00000    4.88049    0.00110
       709    0.00000    0.00000    4.88049    0.00110
       710    0.00000    0.00000    4.88049    0.00110
       711    0.00000    0.00000    4.88049    0.00110
       712    0.00000    0.00000    4.88049    0.00110
       713    0.00000    0.00000    4.88049    0.00110
       714    0.00000    0.00000    4.88049    0.00111
       715    0.00000    0.00000    4.88049    0.00110
       716    0.00000    0.00000    4.88049    0.00111
       717    0.00000    0.00000    4.88049    0.00111
       718    0.00000    0.00000    4.88049    0.00110
       719    0.00000    0.00000    4.88049    0.00110
       720    0.00000    0.00000    4.88049    0.00110
       721    0.00000    0.00000    4.88049    0.00111
       722    0.00000    0.00000    4.88049    0.00111
       723    0.00000    0.00000    4.88049    0.00110
       724    0.00000    0.00000    4.88049    0.00110
       725    0.00000    0.00000    4.88049    0.00110
       726    0.00000    0.00000    4.88049    0.00111
       727    0.00000    0.00000    4.88049    0.00111
       728    0.00000    0.00000    4.88049    0.00110
       729    0.00000    0.00000    4.88049    0.00111
       730    0.00000    0.00000    4.88049    0.00111
       731    0.00000    0.00000    4.88049    0.00111
       732    0.00000    0.00000    4.88049    0.00111
       733    0.00000    0.00000    4.88049    0.00110
       734    0.00000    0.00000    4.88049    0.00111
       735    0.00000    0.00000    4.88049    0.00110
       736    0.00000    0.00000    4.88049    0.00111
       737    0.00000    0.00000    4.88049    0.00111
       738    0.00000    0.00000    4.88049    0.00111
       739    0.00000    0.00000    4.88049    0.00111
       740    0.00000    0.00000    4.88049    0.00111
       741    0.00000    0.00000    4.88049    0.00111
       742    0.00000    0.00000    4.88049    0.00111
       743    0.00000    0.00000    4.88049    0.00110
       744    0.00000    0.00000    4.88049    0.00111
       745    0.00000    0.00000    4.88049    0.00111
       746    0.00000    0.00000    4.88049    0.00111
       747    0.00000    0.00000    4.88049    0.00111
       748    0.00000    0.00000    4.88049    0.00111
       749    0.00000    0.00000    4.88049    0.00110
       750    0.00000    0.00000    4.88049    0.00112
       751    0.00000    0.00000    4.88049    0.00110
       752    0.00000    0.00000    4.88049    0.00111
       753    0.00000    0.00000    4.88049    0.00111
       754    0.00000    0.00000    4.88049    0.00111
       755    0.00000    0.00000    4.88049    0.00111
       756    0.00000    0.00000    4.88049    0.00111
       757    0.00000    0.00000    4.88049    0.00111
       758    0.00000    0.00000    4.88049    0.00111
       759    0.00000    0.00000    4.88049    0.00111
       760    0.00000    0.00000    4.88049    0.00112
       761    0.00000    0.00000    4.88049    0.00111
       762    0.00000    0.00000    4.88049    0.00111
       763    0.00000    0.00000    4.88049    0.00111
       764    0.00000    0.00000    4.88049    0.00111
       765    0.00000    0.00000    4.88049    0.00111
       766    0.00000    0.00000    4.88049    0.00111
       767    0.00000    0.00000    4.88049    0.00111
       768    0.00000    0.00000    4.88049    0.00111
       769    0.00000    0.00000    4.88049    0.00112
       770    0.00000    0.00000    4.88049    0.00111
       771    0.00000    0.00000    4.88049    0.00111
       772    0.00000    0.00000    4.88049    0.00111
       773    0.00000    0.00000    4.88049    0.00112
       774    0.00000    0.00000    4.88049    0.00111
       775    0.00000    0.00000    4.88049    0.00111
       776    0.00000    0.00000    4.88049    0.00111
       777    0.00000    0.00000    4.88049    0.00112
       778    0.00000    0.00000    4.88049    0.00110
       779    0.00000    0.00000    4.88049    0.00111
       780    0.00000    0.00000    4.88049    0.00112
       781    0.00000    0.00000    4.88049    0.00111
       782    0.00000    0.00000    4.88049    0.00111
       783    0.00000    0.00000    4.88049    0.00111
       784    0.00000    0.00000    4.88049    0.00112
       785    0.00000    0.00000    4.88049    0.00111
       786    0.00000    0.00000    4.88049    0.00111
       787    0.00000    0.00000    4.88049    0.00111
       788    0.00000    0.00000    4.88049    0.00111
       789    0.00000    0.00000    4.88049    0.00111
       790    0.00000    0.00000    4.88049    0.00111
       791    0.00000    0.00000    4.88049    0.00111
       792    0.00000    0.00000    4.88049    0.00112
       793    0.00000    0.00000    4.88049    0.00111
       794    0.00000    0.00000    4.88049    0.00111
       795    0.00000    0.00000    4.88049    0.00111
       796    0.00000    0.00000    4.88049    0.00110
       797    0.00000    0.00000    4.88049    0.00112
       798    0.00000    0.00000    4.88049    0.00111
       799    0.00000    0.00000    4.88049    0.00111
       800    0.00000    0.00000    4.88049    0.00111
       801    0.00000    0.00000    4.88049    0.00111
       802    0.00000    0.00000    4.88049    0.00111
       803    0.00000    0.00000    4.88049    0.00111
       804    0.00000    0.00000    4.88049    0.00111
       805    0.00000    0.00000    4.88049    0.00111
       806    0.00000    0.00000    4.88049    0.00111
       807    0.00000    0.00000    4.88049    0.00112
       808    0.00000    0.00000    4.88049    0.00111
       809    0.00000    0.00000    4.88049    0.00112
       810    0.00000    0.00000    4.88049    0.00112
       811    0.00000    0.00000    4.88049    0.00112
       812    0.00000    0.00000    4.88049    0.00111
       813    0.00000    0.00000    4.88049    0.00111
       814    0.00000    0.00000    4.88049    0.00112
       815    0.00000    0.00000    4.88049    0.00111
       816    0.00000    0.00000    4.88049    0.00113
       817    0.00000    0.00000    4.88049    0.00111
       818    0.00000    0.00000    4.88049    0.00112
       819    0.00000    0.00000    4.88049    0.00111
       820    0.00000    0.00000    4.88049    0.00112
       821    0.00000    0.00000    4.88049    0.00112
       822    0.00000    0.00000    4.88049    0.00111
       823    0.00000    0.00000    4.88049    0.00112
       824    0.00000    0.00000    4.88049    0.00112
       825    0.00000    0.00000    4.88049    0.00113
       826    0.00000    0.00000    4.88049    0.00112
       827    0.00000    0.00000    4.88049    0.00112
       828    0.00000    0.00000    4.88049    0.00112
       829    0.00000    0.00000    4.88049    0.00112
       830    0.00000    0.00000    4.88049    0.00112
       831    0.00000    0.00000    4.88049    0.00112
       832    0.00000    0.00000    4.88049    0.00112
       833    0.00000    0.00000    4.88049    0.00112
       834    0.00000    0.00000    4.88049    0.00112
       835    0.00000    0.00000    4.88049    0.00112
       836    0.00000    0.00000    4.88049    0.00111
       837    0.00000    0.00000    4.88049    0.00111
       838    0.00000    0.00000    4.88049    0.00111
       839    0.00000    0.00000    4.88049    0.00112
       840    0.00000    0.00000    4.88049    0.00112
       841    0.00000    0.00000    4.88049    0.00112
       842    0.00000    0.00000    4.88049    0.00112
       843    0.00000    0.00000    4.88049    0.00112
       844    0.00000    0.00000    4.88049    0.00111
       845    0.00000    0.00000    4.88049    0.00112
       846    0.00000    0.00000    4.88049    0.00112
       847    0.00000    0.00000    4.88049    0.00112
       848    0.00000    0.00000    4.88049    0.00113
       849    0.00000    0.00000    4.88049    0.00112
       850    0.00000    0.00000    4.88049    0.00112
       851    0.00000    0.00000    4.88049    0.00112
       852    0.00000    0.00000    4.88049    0.00112
       853    0.00000    0.00000    4.88049    0.00111
       854    0.00000    0.00000    4.88049    0.00112
       855    0.00000    0.00000    4.88049    0.00112
       856    0.00000    0.00000    4.88049    0.00113
       857    0.00000    0.00000    4.88049    0.00112
       858    0.00000    0.00000    4.88049    0.00112
       859    0.00000    0.00000    4.88049    0.00113
       860    0.00000    0.00000    4.88049    0.00112
       861    0.00000    0.00000    4.88049    0.00112
       862    0.00000    0.00000    4.88049    0.00113
       863    0.00000    0.00000    4.88049    0.00112
       864    0.00000    0.00000    4.88049    0.00113
       865    0.00000    0.00000    4.88049    0.00112
       866    0.00000    0.00000    4.88049    0.00112
       867    0.00000    0.00000    4.88049    0.00112
       868    0.00000    0.00000    4.88049    0.00112
       869    0.00000    0.00000    4.88049    0.00112
       870    0.00000    0.00000    4.88049    0.00113
       871    0.00000    0.00000    4.88049    0.00112
       872    0.00000    0.00000    4.88049    0.00112
       873    0.00000    0.00000    4.88049    0.00113
       874    0.00000    0.00000    4.88049    0.00112
       875    0.00000    0.00000    4.88049    0.00112
       876    0.00000    0.00000    4.88049    0.00113
       877    0.00000    0.00000    4.88049    0.00111
       878    0.00000    0.00000    4.88049    0.00112
       879    0.00000    0.00000    4.88049    0.00113
       880    0.00000    0.00000    4.88049    0.00112
       881    0.00000    0.00000    4.88049    0.00113
       882    0.00000    0.00000    4.88049    0.00112
       883    0.00000    0.00000    4.88049    0.00113
       884    0.00000    0.00000    4.88049    0.00113
       885    0.00000    0.00000    4.88049    0.00113
       886    0.00000    0.00000    4.88049    0.00112
       887    0.00000    0.00000    4.88049    0.00113
       888    0.00000    0.00000    4.88049    0.00113
       889    0.00000    0.00000    4.88049    0.00112
       890    0.00000    0.00000    4.88049    0.00112
       891    0.00000    0.00000    4.88049    0.00112
       892    0.00000    0.00000    4.88049    0.00112
       893    0.00000    0.00000    4.88049    0.00113
       894    0.00000    0.00000    4.88049    0.00114
       895    0.00000    0.00000    4.88049    0.00113
       896    0.00000    0.00000    4.88049    0.00112
       897    0.00000    0.00000    4.88049    0.00113
       898    0.00000    0.00000    4.88049    0.00112
       899    0.00000    0.00000    4.88049    0.00113
       900    0.00000    0.00000    4.88049    0.00113
       901    0.00000    0.00000    4.88049    0.00112
       902    0.00000    0.00000    4.88049    0.00112
       903    0.00000    0.00000    4.88049    0.00112
       904    0.00000    0.00000    4.88049    0.00114
       905    0.00000    0.00000    4.88049    0.00112
       906    0.00000    0.00000    4.88049    0.00113
       907    0.00000    0.00000    4.88049    0.00112
       908    0.00000    0.00000    4.88049    0.00114
       909    0.00000    0.00000    4.88049    0.00113
       910    0.00000    0.00000    4.88049    0.00113
       911    0.00000    0.00000    4.88049    0.00114
       912    0.00000    0.00000    4.88049    0.00114
       913    0.00000    0.00000    4.88049    0.00113
       914    0.00000    0.00000    4.88049    0.00113
       915    0.00000    0.00000    4.88049    0.00113
       916    0.00000    0.00000    4.88049    0.00113
       917    0.00000    0.00000    4.88049    0.00113
       918    0.00000    0.00000    4.88049    0.00113
       919    0.00000    0.00000    4.88049    0.00113
       920    0.00000    0.00000    4.88049    0.00114
       921    0.00000    0.00000    4.88049    0.00113
       922    0.00000    0.00000    4.88049    0.00113
       923    0.00000    0.00000    4.88049    0.00113
       924    0.00000    0.00000    4.88049    0.00113
       925    0.00000    0.00000    4.88049    0.00113
       926    0.00000    0.00000    4.88049    0.00112
       927    0.00000    0.00000    4.88049    0.00113
       928    0.00000    0.00000    4.88049    0.00113
       929    0.00000    0.00000    4.88049    0.00113
       930    0.00000    0.00000    4.88049    0.00112
       931    0.00000    0.00000    4.88049    0.00113
       932    0.00000    0.00000    4.88049    0.00113
       933    0.00000    0.00000    4.88049    0.00113
       934    0.00000    0.00000    4.88049    0.00113
       935    0.00000    0.00000    4.88049    0.00113
       936    0.00000    0.00000    4.88049    0.00113
       937    0.00000    0.00000    4.88049    0.00114
       938    0.00000    0.00000    4.88049    0.00113
       939    0.00000    0.00000    4.88049    0.00113
       940    0.00000    0.00000    4.88049    0.00113
       941    0.00000    0.00000    4.88049    0.00114
       942    0.00000    0.00000    4.88049    0.00113
       943    0.00000    0.00000    4.88049    0.00113
       944    0.00000    0.00000    4.88049    0.00113
       945    0.00000    0.00000    4.88049    0.00114
       946    0.00000    0.00000    4.88049    0.00113
       947    0.00000    0.00000    4.88049    0.00114
       948    0.00000    0.00000    4.88049    0.00113
       949    0.00000    0.00000    4.88049    0.00114
       950    0.00000    0.00000    4.88049    0.00114
       951    0.00000    0.00000    4.88049    0.00114
       952    0.00000    0.00000    4.88049    0.00114
       953    0.00000    0.00000    4.88049    0.00114
       954    0.00000    0.00000    4.88049    0.00113
       955    0.00000    0.00000    4.88049    0.00114
       956    0.00000    0.00000    4.88049    0.00113
       957    0.00000    0.00000    4.88049    0.00113
       958    0.00000    0.00000    4.88049    0.00113
       959    0.00000    0.00000    4.88049    0.00114
       960    0.00000    0.00000    4.88049    0.00113
       961    0.00000    0.00000    4.88049    0.00113
       962    0.00000    0.00000    4.88049    0.00113
       963    0.00000    0.00000    4.88049    0.00114
       964    0.00000    0.00000    4.88049    0.00113
       965    0.00000    0.00000    4.88049    0.00113
       966    0.00000    0.00000    4.88049    0.00113
       967    0.00000    0.00000    4.88049    0.00114
       968    0.00000    0.00000    4.88049    0.00113
       969    0.00000    0.00000    4.88049    0.00113
       970    0.00000    0.00000    4.88049    0.00114
       971    0.00000    0.00000    4.88049    0.00113
       972    0.00000    0.00000    4.88049    0.00114
       973    0.00000    0.00000    4.88049    0.00114
       974    0.00000    0.00000    4.88049    0.00114
       975    0.00000    0.00000    4.88049    0.00114
       976    0.00000    0.00000    4.88049    0.00113
       977    0.00000    0.00000    4.88049    0.00114
       978    0.00000    0.00000    4.88049    0.00114
       979    0.00000    0.00000    4.88049    0.00114
       980    0.00000    0.00000    4.88049    0.00114
       981    0.00000    0.00000    4.88049    0.00114
       982    0.00000    0.00000    4.88049    0.00114
       983    0.00000    0.00000    4.88049    0.00114
       984    0.00000    0.00000    4.88049    0.00114
       985    0.00000    0.00000    4.88049    0.00114
       986    0.00000    0.00000    4.88049    0.00114
       987    0.00000    0.00000    4.88049    0.00114
       988    0.00000    0.00000    4.88049    0.00114
       989    0.00000    0.00000    4.88049    0.00114
       990    0.00000    0.00000    4.88049    0.00113
       991    0.00000    0.00000    4.88049    0.00114
       992    0.00000    0.00000    4.88049    0.00113
       993    0.00000    0.00000    4.88049    0.00114
       994    0.00000    0.00000    4.88049    0.00114
       995    0.00000    0.00000    4.88049    0.00114
       996    0.00000    0.00000    4.88049    0.00114
       997    0.00000    0.00000    4.88049    0.00114
       998    0.00000    0.00000    4.88049    0.00114
       999    0.00000    0.00000    4.88049    0.00114

Final Weights:        -0.0227277620        -0.0246128745        -0.0356043103         0.0672662810 