# Cycles, Average Predicted Temperature, Stddev Predicted Temperature, Mean Squared Error, || MSE Gradient ||
         0 8.5932812e-04 2.6199310e-03 4.1673513e+00 8.3533883e-02
         1 9.0537570e-04 2.7617464e-03 4.1671640e+00 8.6306302e-02
         2 9.5412776e-04 2.9339934e-03 4.1669660e+00 8.9689579e-02
         3 9.7817293e-04 2.9711147e-03 4.1668680e+00 9.0814718e-02
         4 9.9637643e-04 3.0430475e-03 4.1667941e+00 9.1073311e-02
         5 1.0206724e-03 3.1267777e-03 4.1666955e+00 9.2145749e-02
         6 1.0317252e-03 3.2031743e-03 4.1666508e+00 9.1701284e-02
         7 1.0694483e-03 3.2651327e-03 4.1664972e+00 9.3961332e-02
         8 1.0978049e-03 3.3463013e-03 4.1663820e+00 9.4999053e-02
         9 1.1672911e-03 3.5529652e-03 4.1660998e+00 9.9767603e-02
        10 1.1785849e-03 3.5846640e-03 4.1660539e+00 9.9230384e-02
        11 1.1985746e-03 3.6854011e-03 4.1659730e+00 9.9577300e-02
        12 1.2407373e-03 3.7838705e-03 4.1658016e+00 1.0180392e-01
        13 1.2717364e-03 3.9173769e-03 4.1656761e+00 1.0279613e-01
        14 1.2911738e-03 3.9737452e-03 4.1655972e+00 1.0337354e-01
        15 1.3321678e-03 4.1250699e-03 4.1654311e+00 1.0509482e-01
        16 1.3469170e-03 4.1523187e-03 4.1653711e+00 1.0505604e-01
        17 1.4024023e-03 4.3125999e-03 4.1651460e+00 1.0787799e-01
        18 1.4022197e-03 4.3637335e-03 4.1651472e+00 1.0666597e-01
        19 1.4603809e-03 4.5589448e-03 4.1649116e+00 1.0953312e-01
        20 1.5095038e-03 4.6679059e-03 4.1647121e+00 1.1184576e-01
        21 1.5733647e-03 4.9049438e-03 4.1644537e+00 1.1469410e-01
        22 1.5406690e-03 4.7716802e-03 4.1645858e+00 1.1138823e-01
        23 1.6050549e-03 4.9669410e-03 4.1643250e+00 1.1500155e-01
        24 1.6214240e-03 5.0086116e-03 4.1642586e+00 1.1507763e-01
        25 1.6447319e-03 5.1011529e-03 4.1641644e+00 1.1566517e-01
        26 1.7253676e-03 5.3079183e-03 4.1638374e+00 1.2028828e-01
        27 1.7422894e-03 5.4119737e-03 4.1637695e+00 1.2042852e-01
        28 1.7432585e-03 5.4086569e-03 4.1637655e+00 1.1957825e-01
        29 1.7875225e-03 5.5368599e-03 4.1635863e+00 1.2137488e-01
        30 1.8217671e-03 5.6343142e-03 4.1634476e+00 1.2273469e-01
        31 1.9041882e-03 5.8414366e-03 4.1631136e+00 1.2692333e-01
        32 1.9109266e-03 5.9150114e-03 4.1630870e+00 1.2642099e-01
        33 1.9821113e-03 6.0779437e-03 4.1627985e+00 1.2982133e-01
        34 1.9847440e-03 6.1442573e-03 4.1627885e+00 1.2906325e-01
        35 2.0438528e-03 6.3120332e-03 4.1625494e+00 1.3160442e-01
        36 2.1158762e-03 6.4832290e-03 4.1622578e+00 1.3494534e-01
        37 2.1742407e-03 6.6658461e-03 4.1620220e+00 1.3743521e-01
        38 2.1936210e-03 6.6814800e-03 4.1619431e+00 1.3776617e-01
        39 2.2565777e-03 6.8867111e-03 4.1616891e+00 1.4026701e-01
        40 2.2758429e-03 7.0282078e-03 4.1616124e+00 1.4045304e-01
        41 2.4017059e-03 7.2964042e-03 4.1611028e+00 1.4676486e-01
        42 2.3874574e-03 7.3034604e-03 4.1611610e+00 1.4448092e-01
        43 2.4680854e-03 7.4648938e-03 4.1608345e+00 1.4850031e-01
        44 2.4409787e-03 7.4639490e-03 4.1609450e+00 1.4573325e-01
        45 2.5584225e-03 7.7769720e-03 4.1604707e+00 1.5109468e-01
        46 2.6283816e-03 8.0178098e-03 4.1601891e+00 1.5405022e-01
        47 2.6481799e-03 8.0687033e-03 4.1601091e+00 1.5402846e-01
        48 2.6999883e-03 8.1929402e-03 4.1598998e+00 1.5588443e-01
        49 2.8270837e-03 8.5724448e-03 4.1593878e+00 1.6141670e-01
        50 2.7655694e-03 8.4184834e-03 4.1596361e+00 1.5690394e-01
        51 2.8199552e-03 8.6668525e-03 4.1594185e+00 1.5857058e-01
        52 2.9083785e-03 8.7758071e-03 4.1590597e+00 1.6238997e-01
        53 2.9050002e-03 8.8366670e-03 4.1590746e+00 1.6053255e-01
        54 3.0410396e-03 9.1920251e-03 4.1585261e+00 1.6693929e-01
        55 3.0856138e-03 9.4597874e-03 4.1583493e+00 1.6769402e-01
        56 3.1311290e-03 9.5067603e-03 4.1581646e+00 1.6959322e-01
        57 3.2290943e-03 9.7724933e-03 4.1577702e+00 1.7314902e-01
        58 3.2540332e-03 9.9411097e-03 4.1576718e+00 1.7274070e-01
        59 3.3757364e-03 1.0241251e-02 4.1571816e+00 1.7781878e-01
        60 3.3708991e-03 1.0175907e-02 4.1572000e+00 1.7660481e-01
        61 3.4792761e-03 1.0436201e-02 4.1567634e+00 1.8062654e-01
        62 3.5162850e-03 1.0685718e-02 4.1566178e+00 1.8114031e-01
        63 3.5998038e-03 1.0921014e-02 4.1562823e+00 1.8382335e-01
        64 3.6589852e-03 1.1164992e-02 4.1560464e+00 1.8534593e-01
        65 3.8029426e-03 1.1388932e-02 4.1554645e+00 1.9139736e-01
        66 3.8547267e-03 1.1609916e-02 4.1552585e+00 1.9264099e-01
        67 3.8615061e-03 1.1675157e-02 4.1552324e+00 1.9130357e-01
        68 3.9091661e-03 1.1873030e-02 4.1550427e+00 1.9242316e-01
        69 4.0348566e-03 1.2122530e-02 4.1545363e+00 1.9667963e-01
        70 4.1568030e-03 1.2490005e-02 4.1540483e+00 2.0087188e-01
        71 4.1882811e-03 1.2600742e-02 4.1539228e+00 2.0144119e-01
        72 4.2524744e-03 1.2809604e-02 4.1536664e+00 2.0284539e-01
        73 4.3726217e-03 1.3130601e-02 4.1531850e+00 2.0645219e-01
        74 4.4695458e-03 1.3284872e-02 4.1527941e+00 2.1023912e-01
        75 4.5223822e-03 1.3537481e-02 4.1525855e+00 2.1054948e-01
        76 4.6118649e-03 1.3886143e-02 4.1522304e+00 2.1299248e-01
        77 4.6228442e-03 1.4018897e-02 4.1521894e+00 2.1226437e-01
        78 4.8856536e-03 1.4696112e-02 4.1511378e+00 2.2231787e-01
        79 4.9721178e-03 1.4942265e-02 4.1507928e+00 2.2445294e-01
        80 5.0217548e-03 1.4851441e-02 4.1505879e+00 2.2492019e-01
        81 5.1632393e-03 1.5366337e-02 4.1500270e+00 2.2944036e-01
        82 5.2092621e-03 1.5464305e-02 4.1498425e+00 2.3000951e-01
        83 5.4028441e-03 1.5954926e-02 4.1490693e+00 2.3663958e-01
        84 5.3372941e-03 1.5994846e-02 4.1493376e+00 2.3190641e-01
        85 5.4872210e-03 1.6369392e-02 4.1487389e+00 2.3656335e-01
        86 5.5255501e-03 1.6611714e-02 4.1485908e+00 2.3676066e-01
        87 5.7251985e-03 1.7166055e-02 4.1477963e+00 2.4287018e-01
        88 5.6982046e-03 1.7149545e-02 4.1479057e+00 2.4062941e-01
        89 5.9614431e-03 1.7741260e-02 4.1468542e+00 2.4900947e-01
        90 5.9457503e-03 1.7757968e-02 4.1469187e+00 2.4724408e-01
        91 6.0855653e-03 1.8324057e-02 4.1463697e+00 2.5061558e-01
        92 6.2807787e-03 1.8746470e-02 4.1455904e+00 2.5696803e-01
        93 6.3379179e-03 1.8938959e-02 4.1453650e+00 2.5705656e-01
        94 6.3567324e-03 1.8980715e-02 4.1452900e+00 2.5661271e-01
        95 6.5205878e-03 1.9310512e-02 4.1446355e+00 2.6153869e-01
        96 6.6769827e-03 1.9967850e-02 4.1440245e+00 2.6552672e-01
        97 6.8139720e-03 2.0205527e-02 4.1434764e+00 2.6950640e-01
        98 6.8578527e-03 2.0473837e-02 4.1433087e+00 2.6897628e-01
        99 7.2045219e-03 2.1362781e-02 4.1419348e+00 2.7986983e-01
       100 7.1546318e-03 2.1429095e-02 4.1421407e+00 2.7600774e-01
       101 7.2555900e-03 2.1641410e-02 4.1417389e+00 2.7786235e-01
       102 7.4281307e-03 2.2260247e-02 4.1410639e+00 2.8209449e-01
       103 7.5378484e-03 2.2472912e-02 4.1406269e+00 2.8476584e-01
       104 7.5780519e-03 2.2906555e-02 4.1404829e+00 2.8375144e-01
       105 7.8428220e-03 2.3389288e-02 4.1394279e+00 2.9214021e-01
       106 8.0416462e-03 2.3874079e-02 4.1386419e+00 2.9699991e-01
       107 8.0625549e-03 2.4033242e-02 4.1385644e+00 2.9576162e-01
       108 8.1256391e-03 2.4324607e-02 4.1383219e+00 2.9593771e-01
       109 8.3819433e-03 2.4805276e-02 4.1373028e+00 3.0325026e-01
       110 8.3556474e-03 2.4886244e-02 4.1374138e+00 3.0121251e-01
       111 8.6063125e-03 2.5573322e-02 4.1364289e+00 3.1019936e-01
       112 8.7433770e-03 2.6144160e-02 4.1359010e+00 3.1283008e-01
       113 9.0537332e-03 2.6600656e-02 4.1346629e+00 3.2175928e-01
       114 9.1294000e-03 2.7045775e-02 4.1343791e+00 3.2155082e-01
       115 9.0725429e-03 2.7294286e-02 4.1346238e+00 3.1693369e-01
       116 9.4626816e-03 2.7846317e-02 4.1330679e+00 3.3038322e-01
       117 9.5844607e-03 2.8358317e-02 4.1326016e+00 3.2961645e-01
       118 9.6571716e-03 2.8699992e-02 4.1323255e+00 3.3159471e-01
       119 9.7788884e-03 2.9129527e-02 4.1318556e+00 3.3173548e-01
       120 1.0074681e-02 2.9735576e-02 4.1306889e+00 3.3951195e-01
       121 1.0043519e-02 2.9959431e-02 4.1308290e+00 3.3611230e-01
       122 1.0261843e-02 3.0675110e-02 4.1299850e+00 3.4225475e-01
       123 1.0654637e-02 3.1573422e-02 4.1284448e+00 3.5318866e-01
       124 1.0695373e-02 3.1934471e-02 4.1283022e+00 3.5185940e-01
       125 1.0904384e-02 3.2292266e-02 4.1274760e+00 3.6781487e-01
       126 1.1155053e-02 3.2975153e-02 4.1265022e+00 3.7334119e-01
       127 1.1194848e-02 3.3137171e-02 4.1263513e+00 3.7369772e-01
       128 1.1571813e-02 3.4027697e-02 4.1248799e+00 3.8526904e-01
       129 1.1621010e-02 3.4321985e-02 4.1247003e+00 3.8179318e-01
       130 1.1622319e-02 3.4488353e-02 4.1247064e+00 3.7758690e-01
       131 1.2097504e-02 3.5484451e-02 4.1228464e+00 3.9489933e-01
       132 1.2030446e-02 3.5590824e-02 4.1231263e+00 3.8818735e-01
       133 1.2336476e-02 3.6409710e-02 4.1219427e+00 3.9493777e-01
       134 1.2576745e-02 3.7223533e-02 4.1210272e+00 3.9932156e-01
       135 1.2890675e-02 3.7814124e-02 4.1197973e+00 4.0536307e-01
       136 1.3360764e-02 3.9232889e-02 4.1179989e+00 4.1659891e-01
       137 1.3249322e-02 3.8884141e-02 4.1184238e+00 4.1153282e-01
       138 1.3315892e-02 3.9294007e-02 4.1181857e+00 4.0855972e-01
       139 1.3867262e-02 4.0282862e-02 4.1160273e+00 4.2669606e-01
       140 1.3966936e-02 4.0983996e-02 4.1156800e+00 4.2712573e-01
       141 1.4236997e-02 4.1623722e-02 4.1146373e+00 4.3201564e-01
       142 1.4419054e-02 4.2185702e-02 4.1139460e+00 4.3250156e-01
       143 1.4540203e-02 4.2690399e-02 4.1134976e+00 4.3134220e-01
       144 1.4765188e-02 4.3194450e-02 4.1126285e+00 4.3752096e-01
       145 1.4794741e-02 4.3825440e-02 4.1125635e+00 4.3341587e-01
       146 1.5341893e-02 4.4641857e-02 4.1104174e+00 4.4817072e-01
       147 1.5477567e-02 4.5363294e-02 4.1099324e+00 4.4789009e-01
       148 1.5721317e-02 4.5738395e-02 4.1089785e+00 4.5593467e-01
       149 1.6049223e-02 4.6827796e-02 4.1077504e+00 4.5903172e-01
       150 1.6376989e-02 4.7768315e-02 4.1065113e+00 4.6659638e-01
       151 1.6143629e-02 4.7940245e-02 4.1074733e+00 4.5658168e-01
       152 1.6543650e-02 4.8343626e-02 4.1058913e+00 4.6492232e-01
       153 1.7195343e-02 5.0172152e-02 4.1034316e+00 4.7969594e-01
       154 1.7291897e-02 5.0544608e-02 4.1030780e+00 4.7860203e-01
       155 1.7101655e-02 5.0553200e-02 4.1038494e+00 4.7149631e-01
       156 1.7766319e-02 5.1865609e-02 4.1012922e+00 4.8647500e-01
       157 1.8217163e-02 5.3034711e-02 4.0995895e+00 4.9555595e-01
       158 1.8301476e-02 5.3227812e-02 4.0992688e+00 4.9369934e-01
       159 1.8681738e-02 5.3887677e-02 4.0978003e+00 5.0229474e-01
       160 1.8851442e-02 5.5045675e-02 4.0972397e+00 5.0161705e-01
       161 1.9383981e-02 5.6215863e-02 4.0952151e+00 5.1079344e-01
       162 1.9584772e-02 5.7449801e-02 4.0945430e+00 5.1362113e-01
       163 1.9890839e-02 5.7688590e-02 4.0933324e+00 5.1764937e-01
       164 1.9957539e-02 5.8175792e-02 4.0931191e+00 5.1455872e-01
       165 2.0447656e-02 6.0006853e-02 4.0913534e+00 5.2470846e-01
       166 2.0668170e-02 6.0002877e-02 4.0904613e+00 5.2856568e-01
       167 2.1514701e-02 6.2110751e-02 4.0872967e+00 5.4305064e-01
       168 2.1275140e-02 6.1935145e-02 4.0882432e+00 5.3576243e-01
       169 2.1601391e-02 6.3487386e-02 4.0871193e+00 5.3876680e-01
       170 2.1771541e-02 6.4206398e-02 4.0865235e+00 5.3966234e-01
       171 2.2501524e-02 6.5622867e-02 4.0837581e+00 5.8199658e-01
       172 2.2217390e-02 6.5080623e-02 4.0848350e+00 7.3314523e-01
       173 2.3274242e-02 6.7145829e-02 4.0808394e+00 7.5016808e-01
       174 2.3524761e-02 6.8027183e-02 4.0799470e+00 7.5165137e-01
       175 2.3583473e-02 6.8935532e-02 4.0798344e+00 7.4798691e-01
       176 2.4232058e-02 6.9671957e-02 4.0773183e+00 7.5688073e-01
       177 2.4656142e-02 7.1052248e-02 4.0758011e+00 7.6218670e-01
       178 2.4959513e-02 7.1558653e-02 4.0746493e+00 7.7051143e-01
       179 2.5443836e-02 7.2172349e-02 4.0727836e+00 7.7362635e-01
       180 2.5592199e-02 7.3276462e-02 4.0723458e+00 7.7087670e-01
       181 2.6594761e-02 7.5834455e-02 4.0686846e+00 7.8805652e-01
       182 2.7158245e-02 7.5844200e-02 4.0664148e+00 7.9792870e-01
       183 2.7773319e-02 7.7069253e-02 4.0641236e+00 8.0662661e-01
       184 2.7829814e-02 7.8192252e-02 4.0640703e+00 8.0514011e-01
       185 2.8088230e-02 7.8637236e-02 4.0630991e+00 7.8804695e-01
       186 2.8660138e-02 7.9556761e-02 4.0609410e+00 8.2242212e-01
       187 2.8977264e-02 8.0420253e-02 4.0598021e+00 8.2016563e-01
       188 2.9798926e-02 8.2834903e-02 4.0568885e+00 8.3824116e-01
       189 3.0206779e-02 8.2918311e-02 4.0552609e+00 8.4482422e-01
       190 3.0874458e-02 8.4335991e-02 4.0528116e+00 8.4772672e-01
       191 3.1656279e-02 8.6566021e-02 4.0500483e+00 8.6217026e-01
       192 3.1941124e-02 8.7296588e-02 4.0490299e+00 8.6131436e-01
       193 3.1692740e-02 8.6012812e-02 4.0498062e+00 8.6846029e-01
       194 3.3700104e-02 9.0531183e-02 4.0425360e+00 1.0864188e+00
       195 3.3783498e-02 9.1220976e-02 4.0423264e+00 1.0768298e+00
       196 3.4252895e-02 9.2895786e-02 4.0407494e+00 1.0787206e+00
       197 3.6117708e-02 9.6480145e-02 4.0339425e+00 1.1128978e+00
       198 3.8041647e-02 1.0037244e-01 4.0269930e+00 1.1498798e+00
       199 3.8018692e-02 1.0238838e-01 4.0274938e+00 1.1230964e+00
       200 3.9360094e-02 1.0503372e-01 4.0226673e+00 1.1540629e+00
       201 3.9585139e-02 1.0505841e-01 4.0217710e+00 1.1473581e+00
       202 4.1192523e-02 1.0882296e-01 4.0161406e+00 1.1619654e+00
       203 4.2895521e-02 1.1403385e-01 4.0104892e+00 1.1874660e+00
       204 4.3480714e-02 1.1537086e-01 4.0084562e+00 1.1862885e+00
       205 4.5711654e-02 1.2119872e-01 4.0009215e+00 1.2166777e+00
       206 4.6194032e-02 1.2207006e-01 3.9992075e+00 1.2133597e+00
       207 4.7436771e-02 1.2518122e-01 3.9950171e+00 1.2226724e+00
       208 4.8889640e-02 1.2914874e-01 3.9902318e+00 1.2384539e+00
       209 5.0095334e-02 1.3214964e-01 3.9862106e+00 1.2641738e+00
       210 5.0990192e-02 1.3478191e-01 3.9833486e+00 1.3788878e+00
       211 5.2765494e-02 1.3802730e-01 3.9771669e+00 1.4170768e+00
       212 5.4302773e-02 1.4079142e-01 3.9718231e+00 1.4709011e+00
       213 5.5766437e-02 1.4356106e-01 3.9667934e+00 1.4921004e+00
       214 5.6874378e-02 1.4775530e-01 3.9636146e+00 1.4899695e+00
       215 5.8816501e-02 1.5083606e-01 3.9568265e+00 1.6079518e+00
       216 6.0619822e-02 1.5578041e-01 3.9511922e+00 1.6354673e+00
       217 6.1664420e-02 1.5756658e-01 3.9476129e+00 1.6622676e+00
       218 6.4794298e-02 1.6339181e-01 3.9370943e+00 1.7043237e+00
       219 6.7371345e-02 1.6832143e-01 3.9285441e+00 1.7161753e+00
       220 6.8299197e-02 1.7142659e-01 3.9259351e+00 1.6992507e+00
       221 7.0112215e-02 1.7456110e-01 3.9198652e+00 1.7156372e+00
       222 7.1627811e-02 1.7696194e-01 3.9147335e+00 1.7142048e+00
       223 7.4648807e-02 1.8390837e-01 3.9053428e+00 1.7536404e+00
       224 7.7044813e-02 1.8893173e-01 3.8977926e+00 1.7514458e+00
       225 7.7972221e-02 1.8959379e-01 3.8943989e+00 1.8188228e+00
       226 7.9559790e-02 1.9355268e-01 3.8896814e+00 1.8410745e+00
       227 8.1673278e-02 1.9870770e-01 3.8834116e+00 1.8474189e+00
       228 8.4344781e-02 2.0397067e-01 3.8750626e+00 1.8679138e+00
       229 8.6490133e-02 2.0652128e-01 3.8677133e+00 1.8746226e+00
       230 8.9707756e-02 2.1581940e-01 3.8590648e+00 1.8601606e+00
       231 9.1280321e-02 2.1658893e-01 3.8532589e+00 1.8873356e+00
       232 9.3602661e-02 2.2323475e-01 3.8471256e+00 1.8804132e+00
       233 9.5787565e-02 2.2584546e-01 3.8397875e+00 1.9146755e+00
       234 9.9864100e-02 2.3570372e-01 3.8284844e+00 1.9323890e+00
       235 9.9534346e-02 2.3324116e-01 3.8286108e+00 1.9321585e+00
       236 1.0183998e-01 2.3750830e-01 3.8216664e+00 1.9268562e+00
       237 1.0558048e-01 2.4752400e-01 3.8120220e+00 1.9416418e+00
       238 1.0719773e-01 2.4906409e-01 3.8065252e+00 1.9506983e+00
       239 1.1023037e-01 2.5655408e-01 3.7985847e+00 1.9694287e+00
       240 1.1256279e-01 2.6087312e-01 3.7918123e+00 1.9517557e+00
       241 1.1454959e-01 2.6577785e-01 3.7867314e+00 1.9632779e+00
       242 1.1606866e-01 2.6920353e-01 3.7827098e+00 1.9602711e+00
       243 1.1947508e-01 2.7597693e-01 3.7732912e+00 1.9636449e+00
       244 1.2168440e-01 2.8147243e-01 3.7678634e+00 1.9632015e+00
       245 1.2535418e-01 2.8475861e-01 3.7556414e+00 1.9992784e+00
       246 1.2960626e-01 2.9424231e-01 3.7448488e+00 2.0011472e+00
       247 1.3042110e-01 2.9812056e-01 3.7440298e+00 1.9703374e+00
       248 1.3176603e-01 3.0047315e-01 3.7402972e+00 1.9649840e+00
       249 1.3484498e-01 3.0710763e-01 3.7325730e+00 1.9703701e+00
       250 1.3513177e-01 3.0961815e-01 3.7330273e+00 1.9386845e+00
       251 1.3987107e-01 3.1908839e-01 3.7209268e+00 1.9557938e+00
       252 1.4240500e-01 3.2353800e-01 3.7141516e+00 2.0407347e+00
       253 1.4418101e-01 3.2904443e-01 3.7109998e+00 2.0118603e+00
       254 1.4746127e-01 3.3585250e-01 3.7030848e+00 2.0040226e+00
       255 1.5028722e-01 3.4175728e-01 3.6963847e+00 1.9883135e+00
       256 1.5462116e-01 3.4820602e-01 3.6844534e+00 1.9944777e+00
       257 1.5511134e-01 3.5286172e-01 3.6858671e+00 1.9380204e+00
       258 1.5933327e-01 3.5958528e-01 3.6747402e+00 1.9481488e+00
       259 1.6134041e-01 3.6529722e-01 3.6713261e+00 1.9537698e+00
       260 1.6466748e-01 3.7246061e-01 3.6641061e+00 1.9386145e+00
       261 1.6671805e-01 3.7398721e-01 3.6575495e+00 1.9403721e+00
       262 1.7205222e-01 3.8657183e-01 3.6471403e+00 1.9117595e+00
       263 1.7288621e-01 3.9264522e-01 3.6487540e+00 1.8954074e+00
       264 1.7403446e-01 3.9262099e-01 3.6444433e+00 1.8940804e+00
       265 1.7995638e-01 4.0512629e-01 3.6323274e+00 1.8766214e+00
       266 1.8105674e-01 4.0722185e-01 3.6299325e+00 1.8636110e+00
       267 1.8224100e-01 4.1287412e-01 3.6301610e+00 1.8136778e+00
       268 1.8566484e-01 4.1987249e-01 3.6232637e+00 1.7709169e+00
       269 1.8991191e-01 4.2142016e-01 3.6088135e+00 1.8398421e+00
       270 1.9200290e-01 4.3322395e-01 3.6111594e+00 1.5166125e+00
       271 1.9563180e-01 4.4177620e-01 3.6052270e+00 1.5038459e+00
       272 1.9568188e-01 4.4292374e-01 3.6060572e+00 1.5070013e+00
       273 1.9766843e-01 4.4392649e-01 3.5996138e+00 1.5311951e+00
       274 2.0090147e-01 4.5400683e-01 3.5967484e+00 1.5127867e+00
       275 2.0452995e-01 4.5988022e-01 3.5887665e+00 1.5093830e+00
       276 2.0738555e-01 4.6415836e-01 3.5822321e+00 1.5329516e+00
       277 2.0598544e-01 4.6761555e-01 3.5905935e+00 1.4921829e+00
       278 2.1230925e-01 4.7794561e-01 3.5771766e+00 1.4835145e+00
       279 2.1238321e-01 4.8083034e-01 3.5796717e+00 1.4576541e+00
       280 2.1619613e-01 4.8864709e-01 3.5733100e+00 1.4432887e+00
       281 2.1721201e-01 4.8628468e-01 3.5672977e+00 1.4660840e+00
       282 2.2041756e-01 4.9595986e-01 3.5651108e+00 1.7991983e+00
       283 2.2154547e-01 4.9793010e-01 3.5629605e+00 1.8141224e+00
       284 2.2725873e-01 5.1076808e-01 3.5551383e+00 1.7530948e+00
       285 2.3097638e-01 5.2009808e-01 3.5512749e+00 1.7358396e+00
       286 2.2986201e-01 5.2031084e-01 3.5555344e+00 1.7015725e+00
       287 2.3831264e-01 5.3455160e-01 3.5399960e+00 1.6928849e+00
       288 2.4170230e-01 5.4094664e-01 3.5346557e+00 1.6647902e+00
       289 2.3953755e-01 5.3464192e-01 3.5356747e+00 1.6904267e+00
       290 2.4426618e-01 5.4698327e-01 3.5319969e+00 1.6328903e+00
       291 2.4649183e-01 5.5261688e-01 3.5301931e+00 1.6011830e+00
       292 2.4877172e-01 5.5794338e-01 3.5279254e+00 1.5692452e+00
       293 2.4917951e-01 5.5824527e-01 3.5267997e+00 1.5324634e+00
       294 2.5477701e-01 5.6965357e-01 3.5196249e+00 1.4868997e+00
       295 2.5877855e-01 5.7779113e-01 3.5146729e+00 1.5289416e+00
       296 2.6405053e-01 5.8844791e-01 3.5083240e+00 1.4808299e+00
       297 2.6678860e-01 5.9611220e-01 3.5076725e+00 1.4224916e+00
       298 2.6465172e-01 5.9209128e-01 3.5104874e+00 1.4240046e+00
       299 2.7294902e-01 6.0930181e-01 3.5017340e+00 1.3739543e+00
       300 2.7102903e-01 6.0544650e-01 3.5038486e+00 1.3964467e+00
       301 2.7806402e-01 6.1603886e-01 3.4919153e+00 1.3839919e+00
       302 2.7985100e-01 6.2142728e-01 3.4922813e+00 1.3499923e+00
       303 2.8376080e-01 6.2443778e-01 3.4822658e+00 1.3755339e+00
       304 2.8480230e-01 6.3285604e-01 3.4891882e+00 1.2986639e+00
       305 2.8611286e-01 6.3086636e-01 3.4820689e+00 1.3528053e+00
       306 2.8798206e-01 6.3734601e-01 3.4837248e+00 1.3046242e+00
       307 2.9034246e-01 6.4486919e-01 3.4850951e+00 1.3002766e+00
       308 2.9131802e-01 6.3861502e-01 3.4736507e+00 1.3752064e+00
       309 2.9780317e-01 6.5004901e-01 3.4657170e+00 1.3307940e+00
       310 2.9755879e-01 6.5513635e-01 3.4732096e+00 1.3363338e+00
       311 2.9924621e-01 6.5401754e-01 3.4658597e+00 1.3792888e+00
       312 2.9839707e-01 6.5209482e-01 3.4663092e+00 1.4160489e+00
       313 3.0490953e-01 6.6315763e-01 3.4581883e+00 1.4185030e+00
       314 3.0664006e-01 6.6628572e-01 3.4563368e+00 1.4814862e+00
       315 3.1002088e-01 6.6953568e-01 3.4489539e+00 1.5301668e+00
       316 3.0686603e-01 6.6603614e-01 3.4552199e+00 1.5719468e+00
       317 3.1433756e-01 6.7423357e-01 3.4403303e+00 1.5951648e+00
       318 3.1564749e-01 6.7770678e-01 3.4405007e+00 1.6442399e+00
       319 3.1683238e-01 6.7774572e-01 3.4364631e+00 1.8542768e+00
       320 3.1950114e-01 6.8085668e-01 3.4314873e+00 1.8949584e+00
       321 3.2401735e-01 6.8508606e-01 3.4217240e+00 1.9514524e+00
       322 3.2710122e-01 6.8698276e-01 3.4137382e+00 2.0440221e+00
       323 3.3077759e-01 6.8981578e-01 3.4050411e+00 2.1133912e+00
       324 3.2999955e-01 6.8844383e-01 3.4058140e+00 2.1921720e+00
       325 3.3530071e-01 6.8855205e-01 3.3878371e+00 2.2868121e+00
       326 3.3896870e-01 6.9226624e-01 3.3804569e+00 2.3395182e+00
       327 3.4256426e-01 7.0097835e-01 3.3803593e+00 2.4134750e+00
       328 3.4111430e-01 6.9247489e-01 3.3734413e+00 2.5256303e+00
       329 3.5040883e-01 7.0108598e-01 3.3539049e+00 2.6288265e+00
       330 3.4831951e-01 6.9170313e-01 3.3479106e+00 2.8113544e+00
       331 3.5632532e-01 7.0018315e-01 3.3326551e+00 2.8121983e+00
       332 3.5492994e-01 6.9766839e-01 3.3338468e+00 2.9574843e+00
       333 3.6073094e-01 6.9429816e-01 3.3096127e+00 3.0880579e+00
       334 3.6381264e-01 6.9511329e-01 3.3003908e+00 3.1932290e+00
       335 3.7036579e-01 6.9705890e-01 3.2811440e+00 3.3099896e+00
       336 3.7834361e-01 7.1246949e-01 3.2762531e+00 3.3551901e+00
       337 3.7394609e-01 6.9683911e-01 3.2688787e+00 3.5344189e+00
       338 3.8558595e-01 7.1044167e-01 3.2493187e+00 3.6225270e+00
       339 3.8541273e-01 6.9759810e-01 3.2318085e+00 3.8301127e+00
       340 3.9230244e-01 7.0359820e-01 3.2174327e+00 4.1898310e+00
       341 4.0343268e-01 7.1184972e-01 3.1925073e+00 4.3120538e+00
       342 4.0311896e-01 7.0211017e-01 3.1797643e+00 4.5144018e+00
       343 4.0917591e-01 6.9921325e-01 3.1558850e+00 4.6595580e+00
       344 4.1634897e-01 7.0190426e-01 3.1362783e+00 4.7771174e+00
       345 4.2349603e-01 7.0336101e-01 3.1151355e+00 4.9431643e+00
       346 4.3161460e-01 7.0591153e-01 3.0925115e+00 5.1218464e+00
       347 4.3512313e-01 6.9992881e-01 3.0728110e+00 5.3334215e+00
       348 4.4442910e-01 7.0680604e-01 3.0526600e+00 5.4930553e+00
       349 4.5163143e-01 6.9907056e-01 3.0188205e+00 5.6875819e+00
       350 4.5971175e-01 6.9371170e-01 2.9857164e+00 5.8689205e+00
       351 4.7031928e-01 7.0029916e-01 2.9614379e+00 6.0400670e+00
       352 4.7554954e-01 6.9620739e-01 2.9393077e+00 6.2478277e+00
       353 4.8926346e-01 6.9931814e-01 2.9008652e+00 6.3909574e+00
       354 4.9243168e-01 6.8781106e-01 2.8750729e+00 6.6417674e+00
       355 5.0330503e-01 6.8603545e-01 2.8390479e+00 6.8242718e+00
       356 5.2085208e-01 7.0490495e-01 2.8115937e+00 6.9338760e+00
       357 5.3107763e-01 6.9151390e-01 2.7618841e+00 7.1829331e+00
       358 5.3819402e-01 6.8357898e-01 2.7295151e+00 7.3785727e+00
       359 5.5216898e-01 6.9188889e-01 2.6991017e+00 7.6060349e+00
       360 5.6109069e-01 6.8472269e-01 2.6627278e+00 7.8287708e+00
       361 5.7512684e-01 6.8665174e-01 2.6239902e+00 8.3582001e+00
       362 5.8663505e-01 6.7687715e-01 2.5770264e+00 8.5611337e+00
       363 6.0004221e-01 6.7750100e-01 2.5390193e+00 8.8026247e+00
       364 6.1644250e-01 6.7397826e-01 2.4872216e+00 8.9580340e+00
       365 6.3267743e-01 6.6683995e-01 2.4316177e+00 9.2609810e+00
       366 6.5179569e-01 6.7394082e-01 2.3876061e+00 9.5893132e+00
       367 6.7053123e-01 6.7213405e-01 2.3334226e+00 9.7967765e+00
       368 6.8144840e-01 6.6330945e-01 2.2918061e+00 9.9929382e+00
       369 7.0361293e-01 6.6691629e-01 2.2367715e+00 1.0145461e+01
       370 7.2659652e-01 6.6814880e-01 2.1774111e+00 1.0435559e+01
       371 7.4597795e-01 6.5436607e-01 2.1085597e+00 1.0705845e+01
       372 7.7093087e-01 6.6027691e-01 2.0522606e+00 1.1213714e+01
       373 7.9520296e-01 6.6123720e-01 1.9924028e+00 1.1312973e+01
       374 8.1898048e-01 6.6544920e-01 1.9392520e+00 1.1450754e+01
       375 8.4139162e-01 6.5618171e-01 1.8726756e+00 1.1751798e+01
       376 8.7381298e-01 6.6815124e-01 1.8117104e+00 1.2219967e+01
       377 9.0196598e-01 6.5704304e-01 1.7319915e+00 1.2328105e+01
       378 9.3278821e-01 6.6093539e-01 1.6677783e+00 1.2337171e+01
       379 9.6354306e-01 6.6000491e-01 1.5992514e+00 1.2326867e+01
       380 9.9586200e-01 6.5219891e-01 1.5203264e+00 1.2671677e+01
       381 1.0208408e+00 6.4366694e-01 1.4576182e+00 1.2749572e+01
       382 1.0618296e+00 6.4953560e-01 1.3831535e+00 1.2587117e+01
       383 1.0950907e+00 6.5812022e-01 1.3302647e+00 1.2466128e+01
       384 1.1287868e+00 6.5506995e-01 1.2635624e+00 1.2349673e+01
       385 1.1642410e+00 6.4689905e-01 1.1894077e+00 1.2271475e+01
       386 1.2008071e+00 6.4646259e-01 1.1259683e+00 1.2056073e+01
       387 1.2402011e+00 6.5384654e-01 1.0708247e+00 1.1808001e+01
       388 1.2786989e+00 6.5268751e-01 1.0090369e+00 1.1469430e+01
       389 1.3209963e+00 6.5610494e-01 9.5070474e-01 1.1241255e+01
       390 1.3569807e+00 6.5398434e-01 8.9731259e-01 1.0952822e+01
       391 1.3967467e+00 6.4833979e-01 8.3704068e-01 1.0539872e+01
       392 1.4356154e+00 6.5326363e-01 7.9477922e-01 1.0086830e+01
       393 1.4725568e+00 6.4699271e-01 7.4316903e-01 9.6762237e+00
       394 1.5179047e+00 6.5783612e-01 7.0770400e-01 9.1089373e+00
       395 1.5559187e+00 6.5203917e-01 6.6168953e-01 8.6131300e+00
       396 1.5933328e+00 6.5574377e-01 6.3154160e-01 8.1385145e+00
       397 1.6317334e+00 6.4747390e-01 5.8776011e-01 7.5930507e+00
       398 1.6757470e+00 6.6296551e-01 5.7386000e-01 6.9641607e+00
       399 1.7121987e+00 6.5801244e-01 5.4192533e-01 6.3249359e+00
       400 1.7491572e+00 6.6113971e-01 5.2301897e-01 5.7541695e+00
       401 1.7823204e+00 6.6178184e-01 5.0552734e-01 5.2248682e+00
       402 1.8196567e+00 6.6560457e-01 4.9258468e-01 4.6382398e+00
       403 1.8504579e+00 6.6593938e-01 4.8026592e-01 4.1330851e+00
       404 1.8821686e+00 6.5952386e-01 4.6060315e-01 3.6184184e+00
       405 1.9096416e+00 6.6918807e-01 4.6540211e-01 3.3454806e+00
       406 1.9381084e+00 6.6089535e-01 4.4763162e-01 2.9742983e+00
       407 1.9647154e+00 6.6060589e-01 4.4241436e-01 2.7191590e+00
       408 1.9844759e+00 6.5882087e-01 4.3738472e-01 2.5909223e+00
       409 2.0060449e+00 6.5760472e-01 4.3375600e-01 2.5179991e+00
       410 2.0265863e+00 6.5447310e-01 4.2858091e-01 2.5363495e+00
       411 2.0443706e+00 6.5789324e-01 4.3282794e-01 2.6564217e+00
       412 2.0596536e+00 6.5784466e-01 4.3306190e-01 2.7900052e+00
       413 2.0729480e+00 6.5876862e-01 4.3491743e-01 2.9402738e+00
       414 2.0872416e+00 6.6125317e-01 4.3927849e-01 3.1531465e+00
       415 2.0919644e+00 6.5088867e-01 4.2612590e-01 3.1291467e+00
       416 2.0989135e+00 6.4519354e-01 4.1948356e-01 3.1806332e+00
       417 2.1064391e+00 6.4588829e-01 4.2128977e-01 3.3069978e+00
       418 2.1101840e+00 6.5157023e-01 4.2915651e-01 3.4132785e+00
       419 2.1140736e+00 6.5325074e-01 4.3189275e-01 3.4990700e+00
       420 2.1073491e+00 6.3895012e-01 4.1249296e-01 3.2802638e+00
       421 2.1089511e+00 6.3371040e-01 4.0603566e-01 3.2739239e+00
       422 2.1085488e+00 6.3853536e-01 4.1212071e-01 3.3000884e+00
       423 2.1017404e+00 6.3167458e-01 4.0254989e-01 3.1440227e+00
       424 2.1012351e+00 6.3131929e-01 4.0204132e-01 3.1442335e+00
       425 2.0966896e+00 6.2797129e-01 3.9730978e-01 3.0520692e+00
       426 2.0921297e+00 6.2413565e-01 3.9203162e-01 2.9504222e+00
       427 2.0864731e+00 6.2146275e-01 3.8817015e-01 2.8621358e+00
       428 2.0818837e+00 6.2503493e-01 3.9223817e-01 2.8311651e+00
       429 2.0724142e+00 6.2143631e-01 3.8709195e-01 2.6796012e+00
       430 2.0703166e+00 6.1909931e-01 3.8407075e-01 2.6403076e+00
       431 2.0638312e+00 6.1539353e-01 3.7917422e-01 2.5404912e+00
       432 2.0550419e+00 6.1214861e-01 3.7488913e-01 2.4345523e+00
       433 2.0485463e+00 6.0830698e-01 3.7007681e-01 2.3483979e+00
       434 2.0434255e+00 6.0604252e-01 3.6728888e-01 2.2902942e+00
       435 2.0403135e+00 6.0818550e-01 3.6989342e-01 2.2938755e+00
       436 2.0322484e+00 6.0044811e-01 3.6063830e-01 2.1884662e+00
       437 2.0270667e+00 5.9665438e-01 3.5622749e-01 2.1512713e+00
       438 2.0196365e+00 5.9380076e-01 3.5311148e-01 2.1111026e+00
       439 2.0135359e+00 5.9489079e-01 3.5472052e-01 2.1227207e+00
       440 2.0145484e+00 5.9503538e-01 3.5483541e-01 2.1236968e+00
       441 2.0084856e+00 5.9154446e-01 3.5106602e-01 2.1009359e+00
       442 2.0082905e+00 5.8992259e-01 3.4916305e-01 2.1101944e+00
       443 1.9985696e+00 5.8252730e-01 3.4124750e-01 2.0750240e+00
       444 1.9984678e+00 5.8445255e-01 3.4350314e-01 2.0954770e+00
       445 1.9938775e+00 5.8374568e-01 3.4310054e-01 2.1155185e+00
       446 1.9914374e+00 5.7739945e-01 3.3597375e-01 2.0852441e+00
       447 1.9889927e+00 5.7634537e-01 3.3501211e-01 2.0967067e+00
       448 1.9884832e+00 5.8057106e-01 3.3995542e-01 2.1238434e+00
       449 1.9895871e+00 5.7398570e-01 3.3223473e-01 2.0620377e+00
       450 1.9868439e+00 5.7237442e-01 3.3068417e-01 2.0970974e+00
       451 1.9857070e+00 5.7102260e-01 3.2926582e-01 2.0986130e+00
       452 1.9827093e+00 5.6641033e-01 3.2436775e-01 2.0817232e+00
       453 1.9861516e+00 5.6743367e-01 3.2512987e-01 2.0811247e+00
       454 1.9867056e+00 5.6780825e-01 3.2549325e-01 2.0644676e+00
       455 1.9886616e+00 5.6116984e-01 3.1778511e-01 2.0009320e+00
       456 1.9887402e+00 5.6294338e-01 3.1977034e-01 2.0130312e+00
       457 1.9892547e+00 5.6328080e-01 3.2009554e-01 2.0200353e+00
       458 1.9885608e+00 5.6083909e-01 3.1742482e-01 2.0022551e+00
       459 1.9928207e+00 5.6290260e-01 3.1930425e-01 1.9926625e+00
       460 1.9956291e+00 5.6238951e-01 3.1845703e-01 1.9762044e+00
       461 1.9887788e+00 5.5338821e-01 3.0909947e-01 1.9629671e+00
       462 1.9890683e+00 5.4920896e-01 3.0446057e-01 1.9376896e+00
       463 1.9957601e+00 5.5255900e-01 3.0748432e-01 1.9185565e+00
       464 1.9953695e+00 5.5144938e-01 3.0629578e-01 1.9166031e+00
       465 1.9958636e+00 5.4624135e-01 3.0053287e-01 1.8940601e+00
       466 1.9991812e+00 5.5178342e-01 3.0632130e-01 1.8945608e+00
       467 1.9979612e+00 5.4513161e-01 2.9913146e-01 1.8557216e+00
       468 1.9980142e+00 5.4365305e-01 2.9751694e-01 1.8546881e+00
       469 1.9966205e+00 5.3776699e-01 2.9127692e-01 1.8313879e+00
       470 1.9997567e+00 5.3783897e-01 2.9107787e-01 1.8156531e+00
       471 2.0009370e+00 5.4063291e-01 2.9399209e-01 1.8265002e+00
       472 2.0050937e+00 5.3943449e-01 2.9237141e-01 1.8057123e+00
       473 2.0037648e+00 5.3786698e-01 2.9078329e-01 1.8017745e+00
       474 2.0035401e+00 5.3154118e-01 2.8403578e-01 1.7625557e+00
       475 2.0061516e+00 5.3417716e-01 2.8664955e-01 1.7793806e+00
       476 2.0038663e+00 5.3242954e-01 2.8495581e-01 1.7780519e+00
       477 2.0063068e+00 5.3429082e-01 2.8675980e-01 1.7693576e+00
       478 2.0099632e+00 5.3270529e-01 2.8481845e-01 1.7501528e+00
       479 2.0096637e+00 5.2802623e-01 2.7987466e-01 1.7228822e+00
       480 2.0100320e+00 5.2422523e-01 2.7585117e-01 1.6982202e+00
       481 2.0128843e+00 5.2907514e-01 2.8078383e-01 1.7264531e+00
       482 2.0075624e+00 5.2230026e-01 2.7400196e-01 1.7026363e+00
       483 2.0099391e+00 5.1907455e-01 2.7048347e-01 1.6764963e+00
       484 2.0091425e+00 5.2042344e-01 2.7193777e-01 1.6891317e+00
       485 2.0080728e+00 5.1526956e-01 2.6667195e-01 1.6560229e+00
       486 2.0114785e+00 5.2051295e-01 2.7188165e-01 1.6860840e+00
       487 2.0136151e+00 5.1764735e-01 2.6877970e-01 1.6722982e+00
       488 2.0145919e+00 5.1812759e-01 2.6922210e-01 1.6709131e+00
       489 2.0158671e+00 5.1597371e-01 2.6692581e-01 1.6561425e+00
       490 2.0097437e+00 5.1153084e-01 2.6272155e-01 1.6378900e+00
       491 2.0132009e+00 5.1347035e-01 2.6449663e-01 1.6400272e+00
       492 2.0133668e+00 5.1059900e-01 2.6154655e-01 1.6279722e+00
       493 2.0144154e+00 5.0823826e-01 2.5908183e-01 1.6158707e+00
       494 2.0123584e+00 5.0927034e-01 2.6025079e-01 1.6206596e+00
       495 2.0094554e+00 5.0082554e-01 2.5190281e-01 1.5793565e+00
       496 2.0107905e+00 4.9890666e-01 2.4989861e-01 1.5712109e+00
       497 2.0115814e+00 5.0540220e-01 2.5637298e-01 1.6104033e+00
       498 2.0120456e+00 4.9990404e-01 2.5081737e-01 1.5726819e+00
       499 2.0104673e+00 4.9721178e-01 2.4823076e-01 1.5721726e+00
       500 2.0092710e+00 4.9333835e-01 2.4447145e-01 1.5501298e+00
       501 2.0102815e+00 4.9470581e-01 2.4575689e-01 1.5538691e+00
       502 2.0124221e+00 4.9633332e-01 2.4723747e-01 1.5597814e+00
       503 2.0137463e+00 4.9809395e-01 2.4891101e-01 1.5775301e+00
       504 2.0112603e+00 4.9249322e-01 2.4351098e-01 1.5388499e+00
       505 2.0127008e+00 4.9468154e-01 2.4558397e-01 1.5587856e+00
       506 2.0114038e+00 4.9263059e-01 2.4363742e-01 1.5498474e+00
       507 2.0130959e+00 4.8932004e-01 2.4028505e-01 1.5150300e+00
       508 2.0112149e+00 4.8548201e-01 2.3665700e-01 1.5051339e+00
       509 2.0109366e+00 4.8346010e-01 2.3471525e-01 1.4988341e+00
       510 2.0130656e+00 4.8674307e-01 2.3777152e-01 1.5149838e+00
       511 2.0113539e+00 4.8375964e-01 2.3497900e-01 1.4964511e+00
       512 2.0129779e+00 4.8187983e-01 2.3306601e-01 1.4891004e+00
       513 2.0091730e+00 4.7880087e-01 2.3034547e-01 1.4798499e+00
       514 2.0132977e+00 4.7823633e-01 2.2954920e-01 1.4753223e+00
       515 2.0147474e+00 4.7900288e-01 2.3020108e-01 1.4751067e+00
       516 2.0145852e+00 4.7810553e-01 2.2935117e-01 1.4693636e+00
       517 2.0122161e+00 4.7591408e-01 2.2739725e-01 1.4552420e+00
       518 2.0126261e+00 4.7912385e-01 2.3043824e-01 1.4707415e+00
       519 2.0129651e+00 4.7147681e-01 2.2314897e-01 1.4284405e+00
       520 2.0127203e+00 4.7464331e-01 2.2615927e-01 1.4544939e+00
       521 2.0141738e+00 4.7477953e-01 2.2620482e-01 1.4484738e+00
       522 2.0130590e+00 4.7434195e-01 2.2585337e-01 1.4537110e+00
       523 2.0115018e+00 4.6982789e-01 2.2168474e-01 1.4264758e+00
       524 2.0160035e+00 4.7077857e-01 2.2232222e-01 1.4294362e+00
       525 2.0146913e+00 4.7038145e-01 2.2201911e-01 1.4268449e+00
       526 2.0120250e+00 4.6359989e-01 2.1583942e-01 1.3984047e+00
       527 2.0137118e+00 4.6176399e-01 2.1404137e-01 1.3821290e+00
       528 2.0140156e+00 4.6319717e-01 2.1534975e-01 1.3884146e+00
       529 2.0108310e+00 4.5830438e-01 2.1103111e-01 1.3676027e+00
       530 2.0141557e+00 4.6614377e-01 2.1808025e-01 1.4063128e+00
       531 2.0166277e+00 4.6254766e-01 2.1460770e-01 1.3875322e+00
       532 2.0122740e+00 4.5803704e-01 2.1069749e-01 1.3714909e+00
       533 2.0131339e+00 4.6034321e-01 2.1276459e-01 1.3811912e+00
       534 2.0155565e+00 4.5869784e-01 2.1111715e-01 1.3659913e+00
       535 2.0138950e+00 4.5457688e-01 2.0744510e-01 1.3397929e+00
       536 2.0123896e+00 4.5773795e-01 2.1041668e-01 1.3698555e+00
       537 2.0183678e+00 4.5773777e-01 2.1009503e-01 1.3605569e+00
       538 2.0154418e+00 4.5516518e-01 2.0789492e-01 1.3487553e+00
       539 2.0154234e+00 4.5427301e-01 2.0708454e-01 1.3365092e+00
       540 2.0164414e+00 4.5469638e-01 2.0741574e-01 1.3450227e+00
       541 2.0192444e+00 4.5416804e-01 2.0679864e-01 1.3441024e+00
       542 2.0204187e+00 4.5130017e-01 2.0414918e-01 1.3169971e+00
       543 2.0153320e+00 4.5030874e-01 2.0350344e-01 1.3170298e+00
       544 2.0136563e+00 4.4411351e-01 1.9805537e-01 1.2910358e+00
       545 2.0148047e+00 4.4611981e-01 1.9977705e-01 1.2939707e+00
       546 2.0138875e+00 4.4230905e-01 1.9644268e-01 1.2868542e+00
       547 2.0154378e+00 4.4361610e-01 1.9751503e-01 1.2874880e+00
       548 2.0151818e+00 4.4082061e-01 1.9505640e-01 1.2756729e+00
       549 2.0149787e+00 4.4041761e-01 1.9471231e-01 1.2790992e+00
       550 2.0142901e+00 4.4249875e-01 1.9658784e-01 1.2822560e+00
       551 2.0168768e+00 4.4369704e-01 1.9751171e-01 1.2895566e+00
       552 2.0154517e+00 4.3842886e-01 1.9293891e-01 1.2654127e+00
       553 2.0169482e+00 4.3845062e-01 1.9287997e-01 1.2614107e+00
       554 2.0161407e+00 4.3662392e-01 1.9132302e-01 1.2502355e+00
       555 2.0186096e+00 4.3901733e-01 1.9329588e-01 1.2623388e+00
       556 2.0195585e+00 4.3630769e-01 1.9088007e-01 1.2446393e+00
       557 2.0174425e+00 4.3301220e-01 1.8811581e-01 1.2266455e+00
       558 2.0158558e+00 4.3294682e-01 1.8814049e-01 1.2286234e+00
       559 2.0181114e+00 4.3043620e-01 1.8585881e-01 1.2199649e+00
       560 2.0142468e+00 4.3197916e-01 1.8739111e-01 1.2387674e+00
       561 2.0156589e+00 4.2909328e-01 1.8482902e-01 1.2212541e+00
       562 2.0157162e+00 4.2880772e-01 1.8458100e-01 1.2061293e+00
       563 2.0156876e+00 4.3035643e-01 1.8591311e-01 1.2161146e+00
       564 2.0149808e+00 4.2375384e-01 1.8031184e-01 1.1896947e+00
       565 2.0153847e+00 4.2513647e-01 1.8146367e-01 1.1939239e+00
       566 2.0157861e+00 4.2310170e-01 1.7971628e-01 1.1833839e+00
       567 2.0167971e+00 4.2492997e-01 1.8121418e-01 1.1859589e+00
       568 2.0191121e+00 4.2527727e-01 1.8139690e-01 1.1861229e+00
       569 2.0223414e+00 4.2610333e-01 1.8196107e-01 1.1960519e+00
       570 2.0183109e+00 4.2007625e-01 1.7703794e-01 1.1660805e+00
       571 2.0170503e+00 4.2183869e-01 1.7858375e-01 1.1757491e+00
       572 2.0192609e+00 4.1984072e-01 1.7679550e-01 1.1628992e+00
       573 2.0167879e+00 4.1529434e-01 1.7311856e-01 1.1424275e+00
       574 2.0187354e+00 4.2106495e-01 1.7784942e-01 1.1672161e+00
       575 2.0212256e+00 4.2210512e-01 1.7861547e-01 1.1733289e+00
       576 2.0161462e+00 4.1532425e-01 1.7317652e-01 1.1432737e+00
       577 2.0194108e+00 4.2077175e-01 1.7757126e-01 1.1653547e+00
       578 2.0177545e+00 4.1294057e-01 1.7112077e-01 1.1311318e+00
       579 2.0185028e+00 4.1653177e-01 1.7406344e-01 1.1393812e+00
       580 2.0201879e+00 4.1142238e-01 1.6975585e-01 1.1187798e+00
       581 2.0185571e+00 4.0964868e-01 1.6837419e-01 1.1054306e+00
       582 2.0200120e+00 4.1129695e-01 1.6966046e-01 1.1223769e+00
       583 2.0203758e+00 4.1364364e-01 1.7158027e-01 1.1321623e+00
       584 2.0176731e+00 4.0816196e-01 1.6720104e-01 1.1105890e+00
       585 2.0194607e+00 4.0769953e-01 1.6673903e-01 1.1067750e+00
       586 2.0168306e+00 4.0352002e-01 1.6347540e-01 1.0996007e+00
       587 2.0202168e+00 4.0636697e-01 1.6562032e-01 1.0993792e+00
       588 2.0196203e+00 4.0140652e-01 1.6164006e-01 1.0772398e+00
       589 2.0169959e+00 4.0632630e-01 1.6573968e-01 1.1042175e+00
       590 2.0195037e+00 4.0598027e-01 1.6533814e-01 1.0997490e+00
       591 2.0178604e+00 4.0043924e-01 1.6094726e-01 1.0669582e+00
       592 2.0212480e+00 4.0141716e-01 1.6157752e-01 1.0745993e+00
       593 2.0176087e+00 3.9840807e-01 1.5933701e-01 1.0649143e+00
       594 2.0187853e+00 4.0189727e-01 1.6207280e-01 1.0763686e+00
       595 2.0212492e+00 4.0326796e-01 1.6306679e-01 1.0823434e+00
       596 2.0195850e+00 4.0397591e-01 1.6371100e-01 1.0932437e+00
       597 2.0193953e+00 3.9593649e-01 1.5728881e-01 1.0492096e+00
       598 2.0204630e+00 3.9706953e-01 1.5813962e-01 1.0562260e+00
       599 2.0211207e+00 3.9849429e-01 1.5924485e-01 1.0618089e+00
       600 2.0221758e+00 3.9687203e-01 1.5791106e-01 1.0508490e+00
       601 2.0191987e+00 3.9345114e-01 1.5533594e-01 1.0391658e+00
       602 2.0175770e+00 3.9277716e-01 1.5488348e-01 1.0395706e+00
       603 2.0211465e+00 3.9729646e-01 1.5829054e-01 1.0568304e+00
       604 2.0197211e+00 3.9196100e-01 1.5414174e-01 1.0315077e+00
       605 2.0209664e+00 3.9377197e-01 1.5551007e-01 1.0422337e+00
       606 2.0192441e+00 3.9351271e-01 1.5538230e-01 1.0325620e+00
       607 2.0193876e+00 3.8669838e-01 1.5005910e-01 1.0080801e+00
       608 2.0235171e+00 3.9274299e-01 1.5459860e-01 1.0331625e+00
       609 2.0172426e+00 3.8403784e-01 1.4811127e-01 1.0014983e+00
       610 2.0180163e+00 3.8768687e-01 1.5088920e-01 1.0175270e+00
       611 2.0182877e+00 3.8435802e-01 1.4830609e-01 1.0003857e+00
       612 2.0177413e+00 3.8522961e-01 1.4900335e-01 1.0015028e+00
       613 2.0198542e+00 3.8915065e-01 1.5194055e-01 1.0198128e+00
       614 2.0232659e+00 3.8629000e-01 1.4958100e-01 1.0039830e+00
       615 2.0208267e+00 3.8502957e-01 1.4870744e-01 9.9989905e-01
       616 2.0196576e+00 3.8378081e-01 1.4779889e-01 9.9079176e-01
       617 2.0200008e+00 3.8245975e-01 1.4677124e-01 9.8802340e-01
       618 2.0225803e+00 3.8254769e-01 1.4673029e-01 9.8478741e-01
       619 2.0197295e+00 3.8035371e-01 1.4517687e-01 9.7237532e-01
       620 2.0254007e+00 3.8446288e-01 1.4809617e-01 9.9419717e-01
       621 2.0214014e+00 3.8049992e-01 1.4521555e-01 9.7581939e-01
       622 2.0226135e+00 3.7997274e-01 1.4476553e-01 9.6789696e-01
       623 2.0209307e+00 3.7870414e-01 1.4387206e-01 9.6161766e-01
       624 2.0220224e+00 3.7930597e-01 1.4428285e-01 9.7414855e-01
       625 2.0210708e+00 3.7583167e-01 1.4169871e-01 9.5201733e-01
       626 2.0221556e+00 3.7546354e-01 1.4137733e-01 9.4819036e-01
       627 2.0231739e+00 3.7698322e-01 1.4248089e-01 9.5990946e-01
       628 2.0208603e+00 3.6997079e-01 1.3733662e-01 9.2848696e-01
       629 2.0224686e+00 3.7352303e-01 1.3991142e-01 9.4161765e-01
       630 2.0210748e+00 3.7062476e-01 1.3781181e-01 9.3439394e-01
       631 2.0231489e+00 3.7294587e-01 1.3945411e-01 9.3542361e-01
       632 2.0215624e+00 3.6918158e-01 1.3672371e-01 9.1788642e-01
       633 2.0205445e+00 3.7254711e-01 1.3926320e-01 9.4031690e-01
       634 2.0218379e+00 3.7250192e-01 1.3917502e-01 9.3863888e-01
       635 2.0220879e+00 3.7042267e-01 1.3762014e-01 9.3329801e-01
       636 2.0231424e+00 3.7138873e-01 1.3829533e-01 9.3026431e-01
       637 2.0233542e+00 3.7092266e-01 1.3794130e-01 9.2942358e-01
       638 2.0202728e+00 3.6630440e-01 1.3466265e-01 9.0612234e-01
       639 2.0227512e+00 3.6677695e-01 1.3490619e-01 9.1100879e-01
       640 2.0221747e+00 3.6594699e-01 1.3432089e-01 9.0670433e-01
       641 2.0220689e+00 3.6855506e-01 1.3624079e-01 9.1781935e-01
       642 2.0209088e+00 3.6809441e-01 1.3594966e-01 9.1369420e-01
       643 2.0221287e+00 3.6725974e-01 1.3528526e-01 9.1568352e-01
       644 2.0225657e+00 3.6469528e-01 1.3339078e-01 9.0391753e-01
       645 2.0191283e+00 3.6266590e-01 1.3206194e-01 9.0077376e-01
       646 2.0202329e+00 3.6126798e-01 1.3100004e-01 8.9104123e-01
       647 2.0224884e+00 3.6212880e-01 1.3152845e-01 8.9181694e-01
       648 2.0201140e+00 3.6080689e-01 1.3067235e-01 8.8776833e-01
       649 2.0222152e+00 3.6225217e-01 1.3162870e-01 8.9485460e-01
       650 2.0224516e+00 3.5746815e-01 1.2817612e-01 8.7416512e-01
       651 2.0216675e+00 3.5832383e-01 1.2882030e-01 8.7595173e-01
       652 2.0219072e+00 3.5637891e-01 1.2742044e-01 8.7042115e-01
       653 2.0229849e+00 3.6164446e-01 1.3115851e-01 8.8455645e-01
       654 2.0215918e+00 3.5528780e-01 1.2665688e-01 8.6628520e-01
       655 2.0220635e+00 3.5892196e-01 1.2923315e-01 8.7988106e-01
       656 2.0234185e+00 3.5923939e-01 1.2940819e-01 8.7879608e-01
       657 2.0234151e+00 3.5589266e-01 1.2701497e-01 8.6449294e-01
       658 2.0227159e+00 3.5703751e-01 1.2785802e-01 8.7586177e-01
       659 2.0225487e+00 3.5596468e-01 1.2709966e-01 8.6139399e-01
       660 2.0253817e+00 3.5700944e-01 1.2774085e-01 8.7252815e-01
       661 2.0220498e+00 3.5356082e-01 1.2541398e-01 8.5663190e-01
       662 2.0251045e+00 3.5448028e-01 1.2595081e-01 8.5606503e-01
       663 2.0221186e+00 3.4982134e-01 1.2278092e-01 8.3759574e-01
       664 2.0229121e+00 3.4976574e-01 1.2271068e-01 8.3582741e-01
       665 2.0267980e+00 3.5006345e-01 1.2278370e-01 8.3249489e-01
       666 2.0226261e+00 3.4957819e-01 1.2259067e-01 8.3947985e-01
       667 2.0229581e+00 3.4879396e-01 1.2203005e-01 8.3422416e-01
       668 2.0239907e+00 3.5273115e-01 1.2475328e-01 8.4964201e-01
       669 2.0228990e+00 3.4857217e-01 1.2187767e-01 8.2985495e-01
       670 2.0208905e+00 3.4666764e-01 1.2063540e-01 8.2406858e-01
       671 2.0221114e+00 3.4487090e-01 1.1934218e-01 8.1830453e-01
       672 2.0250111e+00 3.5029811e-01 1.2300652e-01 8.4084201e-01
       673 2.0242677e+00 3.4474432e-01 1.1917261e-01 8.1401714e-01
       674 2.0226914e+00 3.4541680e-01 1.1969596e-01 8.1653005e-01
       675 2.0244073e+00 3.4666470e-01 1.2049538e-01 8.2147271e-01
       676 2.0235476e+00 3.4388927e-01 1.1861024e-01 8.1024936e-01
       677 2.0216815e+00 3.4452450e-01 1.1912089e-01 8.1447377e-01
       678 2.0240726e+00 3.4238706e-01 1.1755993e-01 8.0223582e-01
       679 2.0245115e+00 3.4439722e-01 1.1892469e-01 8.1322051e-01
       680 2.0251706e+00 3.4385488e-01 1.1852846e-01 8.1348794e-01
       681 2.0229942e+00 3.4117646e-01 1.1677281e-01 8.0106429e-01
       682 2.0234322e+00 3.3958837e-01 1.1567500e-01 7.9882856e-01
       683 2.0228136e+00 3.3643268e-01 1.1356537e-01 7.7895412e-01
       684 2.0229598e+00 3.3930953e-01 1.1550372e-01 7.9488971e-01
       685 2.0229029e+00 3.3844905e-01 1.1492272e-01 7.8495775e-01
       686 2.0244097e+00 3.3872154e-01 1.1505116e-01 7.8689170e-01
       687 2.0257337e+00 3.3884383e-01 1.1508848e-01 7.8731464e-01
       688 2.0227112e+00 3.3439034e-01 1.1219932e-01 7.6910990e-01
       689 2.0226668e+00 3.3344882e-01 1.1157228e-01 7.7108975e-01
       690 2.0265049e+00 3.3528014e-01 1.1266121e-01 7.7362243e-01
       691 2.0240235e+00 3.3573379e-01 1.1305000e-01 7.7526619e-01
       692 2.0240561e+00 3.3350505e-01 1.1155725e-01 7.6409061e-01
       693 2.0218762e+00 3.3490313e-01 1.1257589e-01 7.7121971e-01
       694 2.0247909e+00 3.3644651e-01 1.1350166e-01 7.8110672e-01
       695 2.0258296e+00 3.3443893e-01 1.1211958e-01 7.6576096e-01
       696 2.0250119e+00 3.3280894e-01 1.1105952e-01 7.6400254e-01
       697 2.0240255e+00 3.3179987e-01 1.1042390e-01 7.5847156e-01
       698 2.0226050e+00 3.3205123e-01 1.1064461e-01 7.6128826e-01
       699 2.0245751e+00 3.2897079e-01 1.0853478e-01 7.4871131e-01
       700 2.0243240e+00 3.2806044e-01 1.0794560e-01 7.4514814e-01
       701 2.0235767e+00 3.3110804e-01 1.0998185e-01 7.5483491e-01
       702 2.0241770e+00 3.3024913e-01 1.0939173e-01 7.5295719e-01
       703 2.0256369e+00 3.2937044e-01 1.0876144e-01 7.4543067e-01
       704 2.0244290e+00 3.2997373e-01 1.0920085e-01 7.4924623e-01
       705 2.0236873e+00 3.2648046e-01 1.0693469e-01 7.3689023e-01
       706 2.0233721e+00 3.2771579e-01 1.0775465e-01 7.3791413e-01
       707 2.0244141e+00 3.2520557e-01 1.0607738e-01 7.3046879e-01
       708 2.0256470e+00 3.2522297e-01 1.0604620e-01 7.3057823e-01
       709 2.0265087e+00 3.2442312e-01 1.0549868e-01 7.2548987e-01
       710 2.0257630e+00 3.2396933e-01 1.0522850e-01 7.2527564e-01
       711 2.0246778e+00 3.2151893e-01 1.0368379e-01 7.1398251e-01
       712 2.0262446e+00 3.2604576e-01 1.0656255e-01 7.3099272e-01
       713 2.0248288e+00 3.2334583e-01 1.0485661e-01 7.2146085e-01
       714 2.0251755e+00 3.2464434e-01 1.0568606e-01 7.2680332e-01
       715 2.0237364e+00 3.1852611e-01 1.0180226e-01 7.0527344e-01
       716 2.0269027e+00 3.2256401e-01 1.0428359e-01 7.1972210e-01
       717 2.0256793e+00 3.2173377e-01 1.0378776e-01 7.1388439e-01
       718 2.0269632e+00 3.2104258e-01 1.0330254e-01 7.1483667e-01
       719 2.0251162e+00 3.2234491e-01 1.0420039e-01 7.1978451e-01
       720 2.0249506e+00 3.1951992e-01 1.0239283e-01 7.0180400e-01
       721 2.0263040e+00 3.2015811e-01 1.0275603e-01 7.0574638e-01
       722 2.0267904e+00 3.1760555e-01 1.0111280e-01 6.9764164e-01
       723 2.0234812e+00 3.1947757e-01 1.0241881e-01 7.0832288e-01
       724 2.0243055e+00 3.1586606e-01 1.0009397e-01 6.9009465e-01
       725 2.0249426e+00 3.1986657e-01 1.0261475e-01 7.0987702e-01
       726 2.0270135e+00 3.1940337e-01 1.0225118e-01 7.0656751e-01
       727 2.0255256e+00 3.1596631e-01 1.0011498e-01 6.9143854e-01
       728 2.0254713e+00 3.1709566e-01 1.0083175e-01 6.9466688e-01
       729 2.0224851e+00 3.1173875e-01 9.7572364e-02 6.7818477e-01
       730 2.0251787e+00 3.1478457e-01 9.9381329e-02 6.9028583e-01
       731 2.0267276e+00 3.1586770e-01 1.0001387e-01 6.9072432e-01
       732 2.0268019e+00 3.1800857e-01 1.0136862e-01 6.9941000e-01
       733 2.0269511e+00 3.1287807e-01 9.8127260e-02 6.8239334e-01
       734 2.0256866e+00 3.1299693e-01 9.8241983e-02 6.7812983e-01
       735 2.0245860e+00 3.1451037e-01 9.9229381e-02 6.8900838e-01
       736 2.0253401e+00 3.1176358e-01 9.7483042e-02 6.7515806e-01
       737 2.0249367e+00 3.1295811e-01 9.8243109e-02 6.8024837e-01
       738 2.0259081e+00 3.0989304e-01 9.6301301e-02 6.7046230e-01
       739 2.0296640e+00 3.1186928e-01 9.7421279e-02 6.7584262e-01
       740 2.0267604e+00 3.1159109e-01 9.7329455e-02 6.6934054e-01
       741 2.0272483e+00 3.1054781e-01 9.6665497e-02 6.6753055e-01
       742 2.0274741e+00 3.0605153e-01 9.3886361e-02 6.5053688e-01
       743 2.0272185e+00 3.0837287e-01 9.5320278e-02 6.5984571e-01
       744 2.0244892e+00 3.0780953e-01 9.5062747e-02 6.5876024e-01
       745 2.0240719e+00 3.0673292e-01 9.4416142e-02 6.5910007e-01
       746 2.0251610e+00 3.0872940e-01 9.5606452e-02 6.6020788e-01
       747 2.0242493e+00 3.0622272e-01 9.4096987e-02 6.5247903e-01
       748 2.0271423e+00 3.0683740e-01 9.4377939e-02 6.5376160e-01
       749 2.0239000e+00 3.0655268e-01 9.4311884e-02 6.5653495e-01
       750 2.0260913e+00 3.0441182e-01 9.2928201e-02 6.4743074e-01
       751 2.0248691e+00 3.0296867e-01 9.2092692e-02 6.4158665e-01
       752 2.0256617e+00 3.0359724e-01 9.2447015e-02 6.4392889e-01
       753 2.0274746e+00 3.0577484e-01 9.3717063e-02 6.4896636e-01
       754 2.0258219e+00 3.0376129e-01 9.2541352e-02 6.4266884e-01
       755 2.0261542e+00 3.0468182e-01 9.3090628e-02 6.4624485e-01
       756 2.0237970e+00 3.0288249e-01 9.2078935e-02 6.3993621e-01
       757 2.0255551e+00 3.0151214e-01 9.1188853e-02 6.3561998e-01
       758 2.0263494e+00 3.0180896e-01 9.1342010e-02 6.3297268e-01
       759 2.0264618e+00 2.9972810e-01 9.0086729e-02 6.2430432e-01
       760 2.0266684e+00 3.0228444e-01 9.1619191e-02 6.3473340e-01
       761 2.0265369e+00 2.9908579e-01 8.9699738e-02 6.2304664e-01
       762 2.0261402e+00 2.9982936e-01 9.0157711e-02 6.2483730e-01
       763 2.0277407e+00 2.9836391e-01 8.9232032e-02 6.1672443e-01
       764 2.0252958e+00 2.9740166e-01 8.8735757e-02 6.1571522e-01
       765 2.0259272e+00 2.9650850e-01 8.8184275e-02 6.1318746e-01
       766 2.0246391e+00 2.9850531e-01 8.9416151e-02 6.2632727e-01
       767 2.0275478e+00 2.9850731e-01 8.9323259e-02 6.2116957e-01
       768 2.0273943e+00 2.9759045e-01 8.8781269e-02 6.1590237e-01
       769 2.0258366e+00 2.9945872e-01 8.9945474e-02 6.2600053e-01
       770 2.0263197e+00 2.9476962e-01 8.7143437e-02 6.0164453e-01
       771 2.0275061e+00 2.9656062e-01 8.8166082e-02 6.1152784e-01
       772 2.0292411e+00 2.9704842e-01 8.8407434e-02 6.1200764e-01
       773 2.0275430e+00 2.9484573e-01 8.7150795e-02 6.0051290e-01
       774 2.0260399e+00 2.9446791e-01 8.6974662e-02 6.0000462e-01
       775 2.0264053e+00 2.9277495e-01 8.5968758e-02 5.9848260e-01
       776 2.0264697e+00 2.9347388e-01 8.6376468e-02 5.9840687e-01
       777 2.0279459e+00 2.9348642e-01 8.6339367e-02 5.9606344e-01
       778 2.0263131e+00 2.9363408e-01 8.6475495e-02 5.9949748e-01
       779 2.0257387e+00 2.9251066e-01 8.5835665e-02 5.9300722e-01
       780 2.0272796e+00 2.9015181e-01 8.4412686e-02 5.8559762e-01
       781 2.0265678e+00 2.8998760e-01 8.4339265e-02 5.8806730e-01
       782 2.0268878e+00 2.9244321e-01 8.5759545e-02 5.9527218e-01
       783 2.0298769e+00 2.9212883e-01 8.5492763e-02 5.9122860e-01
       784 2.0293445e+00 2.9063238e-01 8.4634163e-02 5.8560341e-01
       785 2.0270868e+00 2.9080770e-01 8.4799552e-02 5.8567167e-01
       786 2.0274152e+00 2.9003823e-01 8.4342745e-02 5.8025629e-01
       787 2.0283146e+00 2.9011896e-01 8.4363674e-02 5.8038858e-01
       788 2.0282862e+00 2.9084365e-01 8.4785483e-02 5.8649481e-01
       789 2.0275112e+00 2.8832879e-01 8.3351217e-02 5.7308869e-01
       790 2.0278535e+00 2.8696665e-01 8.2557603e-02 5.7142952e-01
       791 2.0278529e+00 2.8870523e-01 8.3558470e-02 5.7504715e-01
       792 2.0272036e+00 2.8980271e-01 8.4212511e-02 5.7720427e-01
       793 2.0284762e+00 2.8894111e-01 8.3677144e-02 5.7808856e-01
       794 2.0275108e+00 2.8523464e-01 8.1576541e-02 5.6364924e-01
       795 2.0306316e+00 2.8783259e-01 8.2982974e-02 5.7682914e-01
       796 2.0282216e+00 2.8515397e-01 8.1510050e-02 5.6075785e-01
       797 2.0278197e+00 2.8303721e-01 8.0318782e-02 5.5404880e-01
       798 2.0259997e+00 2.8488961e-01 8.1426711e-02 5.6489211e-01
       799 2.0281144e+00 2.8535910e-01 8.1630105e-02 5.6580581e-01
       800 2.0256943e+00 2.8460614e-01 8.1275302e-02 5.6259092e-01
       801 2.0269466e+00 2.8176083e-01 7.9623872e-02 5.5234510e-01
       802 2.0243296e+00 2.8225464e-01 7.9989421e-02 5.5983598e-01
       803 2.0249177e+00 2.8479060e-01 8.1406675e-02 5.6490709e-01
       804 2.0254524e+00 2.8027181e-01 7.8835012e-02 5.4948479e-01
       805 2.0264781e+00 2.8106654e-01 7.9247683e-02 5.5184574e-01
       806 2.0275306e+00 2.8602120e-01 8.2025281e-02 5.6806453e-01
       807 2.0271417e+00 2.8182647e-01 7.9654929e-02 5.4844644e-01
       808 2.0255961e+00 2.8199671e-01 7.9800055e-02 5.5401886e-01
       809 2.0275479e+00 2.7872256e-01 7.7902913e-02 5.3811604e-01
       810 2.0264029e+00 2.8101135e-01 7.9219042e-02 5.4940033e-01
       811 2.0268692e+00 2.7980486e-01 7.8527846e-02 5.4125722e-01
       812 2.0274305e+00 2.7857289e-01 7.7822971e-02 5.3389576e-01
       813 2.0287922e+00 2.7829774e-01 7.7631198e-02 5.3807709e-01
       814 2.0289257e+00 2.7909654e-01 7.8072863e-02 5.3998783e-01
       815 2.0282131e+00 2.7978000e-01 7.8474353e-02 5.4054437e-01
       816 2.0288908e+00 2.7985749e-01 7.8499131e-02 5.3995673e-01
       817 2.0279883e+00 2.7721107e-01 7.7049855e-02 5.3028744e-01
       818 2.0273161e+00 2.7794815e-01 7.7478700e-02 5.3507968e-01
       819 2.0284617e+00 2.7698843e-01 7.6913168e-02 5.3286543e-01
       820 2.0300593e+00 2.7651370e-01 7.6608849e-02 5.2989303e-01
       821 2.0276475e+00 2.7666041e-01 7.6754705e-02 5.3017299e-01
       822 2.0281575e+00 2.7841267e-01 7.7712684e-02 5.3870500e-01
       823 2.0278832e+00 2.7514225e-01 7.5910143e-02 5.2367173e-01
       824 2.0279016e+00 2.7558848e-01 7.6155366e-02 5.2474765e-01
       825 2.0293598e+00 2.7428479e-01 7.5398736e-02 5.2668010e-01
       826 2.0291128e+00 2.7510416e-01 7.5855324e-02 5.2473953e-01
       827 2.0284483e+00 2.7672920e-01 7.6769998e-02 5.2975061e-01
       828 2.0295111e+00 2.7590626e-01 7.6286973e-02 5.2961557e-01
       829 2.0277888e+00 2.7530695e-01 7.6003527e-02 5.2499554e-01
       830 2.0260440e+00 2.7437654e-01 7.5545665e-02 5.2527761e-01
       831 2.0283698e+00 2.7461626e-01 7.5607216e-02 5.2096483e-01
       832 2.0274580e+00 2.7350371e-01 7.5023582e-02 5.1948357e-01
       833 2.0279946e+00 2.7281433e-01 7.4631354e-02 5.1626440e-01
       834 2.0256608e+00 2.7031698e-01 7.3347030e-02 5.1116346e-01
       835 2.0281681e+00 2.7116475e-01 7.3729096e-02 5.0826681e-01
       836 2.0296018e+00 2.7392225e-01 7.5193800e-02 5.2349395e-01
       837 2.0272497e+00 2.7122153e-01 7.3786632e-02 5.1521658e-01
       838 2.0271887e+00 2.6913362e-01 7.2660255e-02 5.0637795e-01
       839 2.0283591e+00 2.6967481e-01 7.2917925e-02 5.0579665e-01
       840 2.0267576e+00 2.7076834e-01 7.3556028e-02 5.1224711e-01
       841 2.0281613e+00 2.6888495e-01 7.2498081e-02 5.0199615e-01
       842 2.0291972e+00 2.6960016e-01 7.2855062e-02 5.0254565e-01
       843 2.0291858e+00 2.7007135e-01 7.3109648e-02 5.0541066e-01
       844 2.0271624e+00 2.6870079e-01 7.2428258e-02 5.0168896e-01
       845 2.0283856e+00 2.6709557e-01 7.1532732e-02 4.9465657e-01
       846 2.0276917e+00 2.6667765e-01 7.1329403e-02 4.9306671e-01
       847 2.0269426e+00 2.6724179e-01 7.1653005e-02 4.9740643e-01
       848 2.0277017e+00 2.6666450e-01 7.1322096e-02 4.9216539e-01
       849 2.0296901e+00 2.6614881e-01 7.0993363e-02 4.9326501e-01
       850 2.0281296e+00 2.6818976e-01 7.2125606e-02 5.0206481e-01
       851 2.0291965e+00 2.6691724e-01 7.1415649e-02 4.9256879e-01
       852 2.0284593e+00 2.6693832e-01 7.1446714e-02 4.9429570e-01
       853 2.0273009e+00 2.6457203e-01 7.0222334e-02 4.8850376e-01
       854 2.0282419e+00 2.6736841e-01 7.1682565e-02 4.9809954e-01
       855 2.0288877e+00 2.6633954e-01 7.1115750e-02 4.9457994e-01
       856 2.0297915e+00 2.6352877e-01 6.9603046e-02 4.8356952e-01
       857 2.0288929e+00 2.6357330e-01 6.9649746e-02 4.8406837e-01
       858 2.0289354e+00 2.6287382e-01 6.9280372e-02 4.7941022e-01
       859 2.0298117e+00 2.6641946e-01 7.1134460e-02 4.9217529e-01
       860 2.0290848e+00 2.6446016e-01 7.0112943e-02 4.8488106e-01
       861 2.0281522e+00 2.6131163e-01 6.8482988e-02 4.7524877e-01
       862 2.0288350e+00 2.6316747e-01 6.9437526e-02 4.8038512e-01
       863 2.0287943e+00 2.6267439e-01 6.9179344e-02 4.8144672e-01
       864 2.0282111e+00 2.6078093e-01 6.8204258e-02 4.7233301e-01
       865 2.0273864e+00 2.6212823e-01 6.8932633e-02 4.7994176e-01
       866 2.0295689e+00 2.6049756e-01 6.8020213e-02 4.7028754e-01
       867 2.0304097e+00 2.6243087e-01 6.9010551e-02 4.7716019e-01
       868 2.0286394e+00 2.6204165e-01 6.8851531e-02 4.7628489e-01
       869 2.0293278e+00 2.6287004e-01 6.9268076e-02 4.7835043e-01
       870 2.0293550e+00 2.6017185e-01 6.7856108e-02 4.6830162e-01
       871 2.0288061e+00 2.6322522e-01 6.9468706e-02 4.7779043e-01
       872 2.0273539e+00 2.6151110e-01 6.8610451e-02 4.7736710e-01
       873 2.0286561e+00 2.5823432e-01 6.6870213e-02 4.6357535e-01
       874 2.0286344e+00 2.5942008e-01 6.7484623e-02 4.6780406e-01
       875 2.0282196e+00 2.5924009e-01 6.7402749e-02 4.6592010e-01
       876 2.0286544e+00 2.5967678e-01 6.7617329e-02 4.7068306e-01
       877 2.0273018e+00 2.5809212e-01 6.6835496e-02 4.6467265e-01
       878 2.0274634e+00 2.5747563e-01 6.6512841e-02 4.6468602e-01
       879 2.0284228e+00 2.5950787e-01 6.7535990e-02 4.6696676e-01
       880 2.0280702e+00 2.5691301e-01 6.6205839e-02 4.5700729e-01
       881 2.0300463e+00 2.5878153e-01 6.7117221e-02 4.6444259e-01
       882 2.0279966e+00 2.5792552e-01 6.6729211e-02 4.6417298e-01
       883 2.0295881e+00 2.5709591e-01 6.6259055e-02 4.5801846e-01
       884 2.0309889e+00 2.5472909e-01 6.5014102e-02 4.5044593e-01
       885 2.0293665e+00 2.5512672e-01 6.5256059e-02 4.5078378e-01
       886 2.0315890e+00 2.5569495e-01 6.5493924e-02 4.5751061e-01
       887 2.0297817e+00 2.5569427e-01 6.5535439e-02 4.5414294e-01
       888 2.0274447e+00 2.5745396e-01 6.6502234e-02 4.6246909e-01
       889 2.0278034e+00 2.5597526e-01 6.5732522e-02 4.5599775e-01
       890 2.0296789e+00 2.5544594e-01 6.5411084e-02 4.5249312e-01
       891 2.0289124e+00 2.5400030e-01 6.4694492e-02 4.4862849e-01
       892 2.0299377e+00 2.5265465e-01 6.3986379e-02 4.4322783e-01
       893 2.0296086e+00 2.5388548e-01 6.4618068e-02 4.4615193e-01
       894 2.0289853e+00 2.5459718e-01 6.4996122e-02 4.5011922e-01
       895 2.0306575e+00 2.5370371e-01 6.4500348e-02 4.4689492e-01
       896 2.0304057e+00 2.5213252e-01 6.3711492e-02 4.4023318e-01
       897 2.0282056e+00 2.5129768e-01 6.3348242e-02 4.3994853e-01
       898 2.0299365e+00 2.5511048e-01 6.5233393e-02 4.4852969e-01
       899 2.0291959e+00 2.5299274e-01 6.4176174e-02 4.4121205e-01
       900 2.0290817e+00 2.5196055e-01 6.3657965e-02 4.3929810e-01
       901 2.0301570e+00 2.5227628e-01 6.3789967e-02 4.4266786e-01
       902 2.0278381e+00 2.5371105e-01 6.4577482e-02 4.4701121e-01
       903 2.0301904e+00 2.5131170e-01 6.3303412e-02 4.4216410e-01
       904 2.0294334e+00 2.4972964e-01 6.2529589e-02 4.3655546e-01
       905 2.0282614e+00 2.5082127e-01 6.3107460e-02 4.3799317e-01
       906 2.0288083e+00 2.4958731e-01 6.2474956e-02 4.3384141e-01
       907 2.0295809e+00 2.4691162e-01 6.1126277e-02 4.2221616e-01
       908 2.0296609e+00 2.4957364e-01 6.2445910e-02 4.3187428e-01
       909 2.0282184e+00 2.4979681e-01 6.2595802e-02 4.3386419e-01
       910 2.0296889e+00 2.4856261e-01 6.1941574e-02 4.2979622e-01
       911 2.0278261e+00 2.4768738e-01 6.1557571e-02 4.2604221e-01
       912 2.0292152e+00 2.5037878e-01 6.2859878e-02 4.3547443e-01
       913 2.0278424e+00 2.5057265e-01 6.2994716e-02 4.3574069e-01
       914 2.0302669e+00 2.4785938e-01 6.1578269e-02 4.2507730e-01
       915 2.0296375e+00 2.4874353e-01 6.2032846e-02 4.2588990e-01
       916 2.0300358e+00 2.4689703e-01 6.1107741e-02 4.2459348e-01
       917 2.0293334e+00 2.4588128e-01 6.0624880e-02 4.1823062e-01
       918 2.0309354e+00 2.4921478e-01 6.2236405e-02 4.3275760e-01
       919 2.0300968e+00 2.4770800e-01 6.1507362e-02 4.2406937e-01
       920 2.0283357e+00 2.4533379e-01 6.0382746e-02 4.1768357e-01
       921 2.0291040e+00 2.4742093e-01 6.1390375e-02 4.2177188e-01
       922 2.0328053e+00 2.4828991e-01 6.1737398e-02 4.3223416e-01
       923 2.0299442e+00 2.4667118e-01 6.0998514e-02 4.2306126e-01
       924 2.0298323e+00 2.4455484e-01 5.9961686e-02 4.1475069e-01
       925 2.0309032e+00 2.4469913e-01 6.0006796e-02 4.1538667e-01
       926 2.0311291e+00 2.4456368e-01 5.9935441e-02 4.1507642e-01
       927 2.0289252e+00 2.4526091e-01 6.0330913e-02 4.1567277e-01
       928 2.0293279e+00 2.4374409e-01 5.9578598e-02 4.1091694e-01
       929 2.0295054e+00 2.4360479e-01 5.9506147e-02 4.1082424e-01
       930 2.0290296e+00 2.4522707e-01 6.0311537e-02 4.1696750e-01
       931 2.0282318e+00 2.4205792e-01 5.8789017e-02 4.1178152e-01
       932 2.0298746e+00 2.4243277e-01 5.8927214e-02 4.0918254e-01
       933 2.0304818e+00 2.4362215e-01 5.9490638e-02 4.1109700e-01
       934 2.0302041e+00 2.4218618e-01 5.8799651e-02 4.0624754e-01
       935 2.0289361e+00 2.4383268e-01 5.9632081e-02 4.1255971e-01
       936 2.0295048e+00 2.4092030e-01 5.8205460e-02 4.0275312e-01
       937 2.0297264e+00 2.4253611e-01 5.8981024e-02 4.0458510e-01
       938 2.0300522e+00 2.4145600e-01 5.8450197e-02 4.0254272e-01
       939 2.0284669e+00 2.4322149e-01 5.9347133e-02 4.0929171e-01
       940 2.0292885e+00 2.4073906e-01 5.8123730e-02 3.9909113e-01
       941 2.0298165e+00 2.4166557e-01 5.8557259e-02 4.0127219e-01
       942 2.0286642e+00 2.4126119e-01 5.8391992e-02 4.0421932e-01
       943 2.0308921e+00 2.4150078e-01 5.8452007e-02 4.0490054e-01
       944 2.0301072e+00 2.4093859e-01 5.8199260e-02 4.0469689e-01
       945 2.0316148e+00 2.4132741e-01 5.8352382e-02 4.0477357e-01
       946 2.0307126e+00 2.3841817e-01 5.6976725e-02 3.9190541e-01
       947 2.0315703e+00 2.4035988e-01 5.7887283e-02 3.9972656e-01
       948 2.0298351e+00 2.3868873e-01 5.7126859e-02 3.9318813e-01
       949 2.0305977e+00 2.3915785e-01 5.7332646e-02 3.9549765e-01
       950 2.0311400e+00 2.3961476e-01 5.7539037e-02 3.9758274e-01
       951 2.0302400e+00 2.3785947e-01 5.6721769e-02 3.9393769e-01
       952 2.0308070e+00 2.3967082e-01 5.7573426e-02 3.9627017e-01
       953 2.0312095e+00 2.3872749e-01 5.7113078e-02 3.9474464e-01
       954 2.0286621e+00 2.3860441e-01 5.7117151e-02 3.9518953e-01
       955 2.0300750e+00 2.3677203e-01 5.6209635e-02 3.8871428e-01
       956 2.0284996e+00 2.3833643e-01 5.6993792e-02 3.9580959e-01
       957 2.0309336e+00 2.3819036e-01 5.6863088e-02 3.9146481e-01
       958 2.0304401e+00 2.3592827e-01 5.5802018e-02 3.8550881e-01
       959 2.0309107e+00 2.3730335e-01 5.6441843e-02 3.8840957e-01
       960 2.0297035e+00 2.3608299e-01 5.5893012e-02 3.8281511e-01
       961 2.0289221e+00 2.3555891e-01 5.5666080e-02 3.8350800e-01
       962 2.0287821e+00 2.3368657e-01 5.4791248e-02 3.8151345e-01
       963 2.0313122e+00 2.3454177e-01 5.5129843e-02 3.8252135e-01
       964 2.0317063e+00 2.3450929e-01 5.5106130e-02 3.7839927e-01
       965 2.0300974e+00 2.3623761e-01 5.5956299e-02 3.8380704e-01
       966 2.0300335e+00 2.3488932e-01 5.5322644e-02 3.8039983e-01
       967 2.0298459e+00 2.3602727e-01 5.5863152e-02 3.8377376e-01
       968 2.0289872e+00 2.3463776e-01 5.5231226e-02 3.7955194e-01
       969 2.0304685e+00 2.3265291e-01 5.4266577e-02 3.7557287e-01
       970 2.0287058e+00 2.3474408e-01 5.5288681e-02 3.7977097e-01
       971 2.0303642e+00 2.3396692e-01 5.4882191e-02 3.7603107e-01
       972 2.0292455e+00 2.3331951e-01 5.4607548e-02 3.7649918e-01
       973 2.0301802e+00 2.3263415e-01 5.4264736e-02 3.7410880e-01
       974 2.0296103e+00 2.3325949e-01 5.4570176e-02 3.7493515e-01
       975 2.0320796e+00 2.3259311e-01 5.4203333e-02 3.7769030e-01
       976 2.0301112e+00 2.3284235e-01 5.4363317e-02 3.7247096e-01
       977 2.0305228e+00 2.3117579e-01 5.3580165e-02 3.7029089e-01
       978 2.0311612e+00 2.3241315e-01 5.4139208e-02 3.7072052e-01
       979 2.0325099e+00 2.3259451e-01 5.4195401e-02 3.7238582e-01
       980 2.0312903e+00 2.3126936e-01 5.3606002e-02 3.6853392e-01
       981 2.0317103e+00 2.2881942e-01 5.2469765e-02 3.6297859e-01
       982 2.0285691e+00 2.3141255e-01 5.3739394e-02 3.7242057e-01
       983 2.0305393e+00 2.3295948e-01 5.4407654e-02 3.7270951e-01
       984 2.0320164e+00 2.3053196e-01 5.3250055e-02 3.6776380e-01
       985 2.0295954e+00 2.3170442e-01 5.3847504e-02 3.7108139e-01
       986 2.0318840e+00 2.2818796e-01 5.2177547e-02 3.6038382e-01
       987 2.0310765e+00 2.2855691e-01 5.2363485e-02 3.5998318e-01
       988 2.0315111e+00 2.2938704e-01 5.2734100e-02 3.6178394e-01
       989 2.0315326e+00 2.2716731e-01 5.1720210e-02 3.5703332e-01
       990 2.0307014e+00 2.3057621e-01 5.3299147e-02 3.6976917e-01
       991 2.0292278e+00 2.2871445e-01 5.2480314e-02 3.6103072e-01
       992 2.0304362e+00 2.2815918e-01 5.2196573e-02 3.5914500e-01
       993 2.0298840e+00 2.2744036e-01 5.1882451e-02 3.5934031e-01
       994 2.0297744e+00 2.2750207e-01 5.1913251e-02 3.5891421e-01
       995 2.0305698e+00 2.2739753e-01 5.1846454e-02 3.5556231e-01
       996 2.0308199e+00 2.2984943e-01 5.2961790e-02 3.6199086e-01
       997 2.0314905e+00 2.2813363e-01 5.2161083e-02 3.5860297e-01
       998 2.0297664e+00 2.2909871e-01 5.2642478e-02 3.6037603e-01
       999 2.0311814e+00 2.2598883e-01 5.1193836e-02 3.5283122e-01
      1000 2.0298634e+00 2.2720614e-01 5.1776473e-02 3.5740779e-01

Final Weights:        -0.5867651644        -0.0487418477        -0.0123736028         0.6460528001 