# Cycles, Average Predicted Temperature, Stddev Predicted Temperature, Mean Squared Error, || MSE Gradient ||
         0    0.00701    0.00590    5.02740    0.98578
         1    0.00724    0.00607    5.02635    1.01574
         2    0.00748    0.00620    5.02530    1.04687
         3    0.00774    0.00634    5.02411    1.08098
         4    0.00803    0.00659    5.02283    1.11538
         5    0.00828    0.00664    5.02169    1.14892
         6    0.00854    0.00684    5.02056    1.18497
         7    0.00888    0.00705    5.01904    1.23432
         8    0.00929    0.00730    5.01719    1.28351
         9    0.00964    0.00750    5.01562    1.32803
        10    0.01007    0.00775    5.01369    1.38278
        11    0.01053    0.00806    5.01166    1.43923
        12    0.01091    0.00832    5.00993    1.49041
        13    0.01138    0.00856    5.00783    1.54872
        14    0.01192    0.00890    5.00542    1.61712
        15    0.01258    0.00931    5.00248    1.69724
        16    0.01326    0.00976    4.99944    1.78092
        17    0.01391    0.01018    4.99655    1.86056
        18    0.01483    0.01074    4.99246    2.01328
        19    0.01569    0.01132    4.98863    2.12315
        20    0.01676    0.01185    4.98386    2.25420
        21    0.01797    0.01265    4.97848    2.39173
        22    0.01928    0.01340    4.97265    2.58672
        23    0.02079    0.01440    4.96596    2.76328
        24    0.02269    0.01556    4.95754    2.97144
        25    0.02469    0.01694    4.94866    3.19655
        26    0.02709    0.01854    4.93806    3.45254
        27    0.02989    0.02035    4.92570    3.77263
        28    0.03331    0.02260    4.91063    4.11212
        29    0.03727    0.02537    4.89322    4.49184
        30    0.04205    0.02891    4.87230    4.92786
        31    0.04813    0.03304    4.84572    5.47305
        32    0.05527    0.03845    4.81474    6.10738
        33    0.06451    0.04511    4.77482    6.83916
        34    0.07600    0.05382    4.72564    7.70896
        35    0.09107    0.06529    4.66174    8.77626
        36    0.11086    0.08055    4.57894   10.06573
        37    0.13744    0.10087    4.46964   11.61615
        38    0.17382    0.12976    4.32398   13.50070
        39    0.22423    0.17003    4.12936   15.68249
        40    0.29753    0.22902    3.86140   18.20095
        41    0.40295    0.31401    3.50717   20.62950
        42    0.55590    0.43873    3.05971   22.08694
        43    0.76008    0.60834    2.58753   20.69513
        44    1.00245    0.80735    2.20617   14.93778
        45    1.20847    0.97736    2.03833    7.21305
        46    1.32152    1.06932    2.00400    1.75057
        47    1.34708    1.08882    1.99932    0.74910
        48    1.35397    1.09577    2.00212    0.67599
        49    1.35282    1.09081    1.99333    0.68282
        50    1.35398    1.09255    1.99507    0.69048
        51    1.35667    1.09488    1.99534    0.68786
        52    1.35593    1.09400    1.99475    0.66104
        53    1.35499    1.09268    1.99353    0.66679
        54    1.35525    1.09240    1.99246    0.66465
        55    1.35554    1.09524    1.99815    0.66542
        56    1.35394    1.09226    1.99449    0.65949
        57    1.35558    1.09223    1.99151    0.65710
        58    1.35414    1.09387    1.99765    0.60934
        59    1.35523    1.09204    1.99171    0.64868
        60    1.35178    1.09183    1.99743    0.64214
        61    1.35683    1.09411    1.99338    0.61311
        62    1.35837    1.09546    1.99357    0.64466
        63    1.35485    1.09138    1.99094    0.63500
        64    1.36071    1.09351    1.98515    0.64868
        65    1.35917    1.09111    1.98266    0.62476
        66    1.35750    1.09198    1.98753    0.63267
        67    1.35900    1.09334    1.98783    0.63823
        68    1.35834    1.09301    1.98828    0.61137
        69    1.35661    1.09156    1.98821    0.60432
        70    1.35541    1.09196    1.99121    0.60606
        71    1.36528    1.09552    1.98146    0.63351
        72    1.35401    1.09099    1.99161    0.61772
        73    1.35902    1.09270    1.98638    0.58711
        74    1.35775    1.09409    1.99168    1.37573
        75    1.35485    1.08406    1.97503    1.29935
        76    1.35355    1.08616    1.98190    1.30648
        77    1.35186    1.08517    1.98279    1.29936
        78    1.35443    1.08378    1.97516    1.29046
        79    1.35066    1.08321    1.98071    1.29934
        80    1.35568    1.08530    1.97624    1.29738
        81    1.35196    1.08276    1.97739    1.31874
        82    1.35113    1.08578    1.98543    1.34368
        83    1.35682    1.08363    1.97057    1.32813
        84    1.34888    1.08213    1.98156    1.34208
        85    1.35838    1.08664    1.97432    1.35931
        86    1.35365    1.07916    1.96658    1.38872
        87    1.35572    1.08368    1.97265    1.38143
        88    1.36025    1.08078    1.95829    1.37134
        89    1.35843    1.07962    1.95902    1.41106
        90    1.36120    1.08209    1.95942    1.41509
        91    1.35811    1.07819    1.95651    1.42932
        92    1.35969    1.08192    1.96175    1.42659
        93    1.35950    1.07972    1.95732    1.43955
        94    1.36380    1.07874    1.94759    1.44355
        95    1.36282    1.07585    1.94310    1.47597
        96    1.36581    1.07919    1.94500    1.47450
        97    1.36462    1.07754    1.94355    1.47583
        98    1.37052    1.07964    1.93768    1.49429
        99    1.36365    1.07481    1.93938    1.49236
       100    1.36410    1.07844    1.94641    1.52321
       101    1.36699    1.07628    1.93665    1.52110
       102    1.36641    1.07484    1.93456    1.54077
       103    1.37182    1.07577    1.92706    1.53240
       104    1.36935    1.07020    1.91944    1.57974
       105    1.36989    1.07580    1.93049    1.57909
       106    1.37289    1.07389    1.92114    1.57374
       107    1.37143    1.07580    1.92780    1.57349
       108    1.36985    1.07232    1.92312    1.59428
       109    1.37564    1.07498    1.91867    1.60419
       110    1.37449    1.07185    1.91395    1.62511
       111    1.37374    1.07002    1.91134    1.62208
       112    1.37685    1.07001    1.90589    1.62589
       113    1.37453    1.07234    1.91493    1.63323
       114    1.37544    1.06877    1.90569    1.66264
       115    1.38001    1.06903    1.89829    1.68286
       116    1.38201    1.06898    1.89472    1.68078
       117    1.38125    1.06888    1.89582    1.66524
       118    1.38087    1.06739    1.89329    1.69361
       119    1.38445    1.06723    1.88675    1.68752
       120    1.38421    1.06831    1.88946    1.71422
       121    1.38372    1.06174    1.87631    1.75095
       122    1.39145    1.06708    1.87438    1.73222
       123    1.38316    1.06426    1.88264    1.74576
       124    1.38728    1.06376    1.87448    1.74011
       125    1.38869    1.06592    1.87664    1.76510
       126    1.38805    1.06321    1.87198    1.76643
       127    1.39299    1.06447    1.86617    1.76921
       128    1.39086    1.06210    1.86476    1.77386
       129    1.38979    1.06009    1.86234    1.79346
       130    1.39639    1.06151    1.85407    1.78748
       131    1.39838    1.06163    1.85092    1.76559
       132    1.39829    1.06056    1.84881    1.79228
       133    1.39789    1.06112    1.85067    1.79896
       134    1.39570    1.05505    1.84158    1.84243
       135    1.40159    1.05922    1.84036    1.81531
       136    1.40725    1.05659    1.82525    1.81615
       137    1.40606    1.05609    1.82619    1.82559
       138    1.40777    1.05702    1.82528    1.83251
       139    1.40534    1.05510    1.82532    1.84612
       140    1.40690    1.05552    1.82357    1.84864
       141    1.40877    1.05458    1.81844    1.85594
       142    1.41210    1.05554    1.81488    1.85886
       143    1.40914    1.05080    1.80985    1.88582
       144    1.40993    1.05024    1.80735    1.86888
       145    1.41414    1.05318    1.80648    1.89893
       146    1.41300    1.05270    1.80739    1.88369
       147    1.41589    1.04858    1.79389    1.90985
       148    1.41606    1.04988    1.79636    1.92373
       149    1.42083    1.05060    1.78993    1.93814
       150    1.41700    1.04610    1.78687    1.96145
       151    1.42325    1.05036    1.78544    1.96435
       152    1.41932    1.04323    1.77700    1.97702
       153    1.42476    1.04775    1.77746    1.96619
       154    1.42761    1.04672    1.77060    1.97088
       155    1.42526    1.04171    1.76402    1.97613
       156    1.43095    1.04383    1.75910    1.98148
       157    1.43188    1.04172    1.75317    1.98836
       158    1.42795    1.04170    1.75958    1.98579
       159    1.43240    1.04219    1.75329    2.00315
       160    1.43209    1.04246    1.75435    1.99843
       161    1.43046    1.04044    1.75283    2.01899
       162    1.43143    1.03977    1.74984    2.02317
       163    1.43956    1.03854    1.73406    2.01791
       164    1.43954    1.03840    1.73380    2.04669
       165    1.43961    1.03407    1.72470    2.04312
       166    1.44396    1.03819    1.72623    2.04208
       167    1.44364    1.03568    1.72154    2.03575
       168    1.44821    1.03338    1.70944    2.04736
       169    1.44877    1.03217    1.70603    2.05668
       170    1.45034    1.03433    1.70800    2.06424
       171    1.45016    1.03065    1.70069    2.06108
       172    1.45226    1.02944    1.69483    2.07371
       173    1.45883    1.03453    1.69491    2.08854
       174    1.44658    1.02832    1.70162    2.12781
       175    1.45880    1.02790    1.68129    2.10663
       176    1.45963    1.02887    1.68197    2.11749
       177    1.46091    1.02438    1.67073    2.14255
       178    1.46198    1.02522    1.67077    2.15550
       179    1.46434    1.02337    1.66327    2.17197
       180    1.46014    1.02302    1.66917    2.18579
       181    1.46566    1.02253    1.65948    2.16815
       182    1.47265    1.02080    1.64504    2.20917
       183    1.46644    1.01889    1.65083    2.25160
       184    1.47020    1.01856    1.64428    2.24925
       185    1.47613    1.02000    1.63801    2.27026
       186    1.47535    1.01583    1.63072    2.27142
       187    1.47812    1.01691    1.62865    2.27412
       188    1.48085    1.01370    1.61793    2.29030
       189    1.47951    1.00943    1.61134    2.30982
       190    1.48200    1.01031    1.60931    2.31547
       191    1.48875    1.01292    1.60426    2.29699
       192    1.48733    1.01063    1.60179    2.30384
       193    1.49166    1.01209    1.59817    2.30701
       194    1.49320    1.00705    1.58566    2.31284
       195    1.48919    1.00471    1.58704    2.32222
       196    1.49393    1.00550    1.58145    2.32657
       197    1.49541    1.00310    1.57439    2.35052
       198    1.50004    1.00510    1.57145    2.34301
       199    1.49254    0.99937    1.57125    2.37295
       200    1.50587    1.00201    1.55655    2.36150
       201    1.50499    1.00050    1.55482    2.36397
       202    1.51277    0.99765    1.53760    2.35539
       203    1.51171    0.99826    1.54038    2.35920
       204    1.51267    0.99476    1.53200    2.38960
       205    1.51330    0.99300    1.52757    2.37896
       206    1.51927    0.99409    1.52100    2.40021
       207    1.51785    0.99055    1.51605    2.38910
       208    1.52353    0.99263    1.51190    2.38191
       209    1.52326    0.98926    1.50561    2.39120
       210    1.52683    0.98892    1.49976    2.39525
       211    1.52971    0.98613    1.49010    2.41157
       212    1.52942    0.98696    1.49215    2.40290
       213    1.53281    0.98255    1.47859    2.42165
       214    1.53449    0.98075    1.47266    2.42492
       215    1.53863    0.98448    1.47409    2.42431
       216    1.53872    0.98118    1.46748    2.41785
       217    1.53924    0.97752    1.45958    2.43021
       218    1.54888    0.97892    1.44871    2.42537
       219    1.54432    0.97750    1.45233    2.43449
       220    1.54392    0.97503    1.44809    2.44330
       221    1.55133    0.97405    1.43578    2.43446
       222    1.55432    0.97264    1.42887    2.44206
       223    1.55466    0.97077    1.42476    2.43303
       224    1.55585    0.97068    1.42292    2.45643
       225    1.56222    0.96983    1.41250    2.42597
       226    1.56303    0.96793    1.40770    2.43509
       227    1.56166    0.96663    1.40707    2.44082
       228    1.57088    0.96263    1.38676    2.50529
       229    1.56628    0.96195    1.39171    2.51259
       230    1.57038    0.96088    1.38407    2.50152
       231    1.57961    0.95911    1.36822    2.49190
       232    1.57957    0.95878    1.36764    2.49232
       233    1.58150    0.95411    1.35613    2.48813
       234    1.58715    0.95533    1.35094    2.48836
       235    1.58558    0.95432    1.35110    2.47049
       236    1.59128    0.95058    1.33644    2.46959
       237    1.58998    0.95323    1.34321    2.45572
       238    1.59120    0.94907    1.33368    2.47253
       239    1.59786    0.94719    1.32139    2.46193
       240    1.60017    0.95000    1.32371    2.42924
       241    1.60033    0.94679    1.31743    2.44159
       242    1.60389    0.94309    1.30582    2.40220
       243    1.60721    0.94572    1.30653    2.37771
       244    1.60596    0.94242    1.30190    2.40274
       245    1.61893    0.94263    1.28578    2.35634
       246    1.61669    0.93887    1.28152    2.35261
       247    1.62128    0.93861    1.27524    2.33193
       248    1.61901    0.93953    1.27984    2.34983
       249    1.62529    0.93637    1.26603    2.31822
       250    1.62583    0.93699    1.26652    2.32144
       251    1.62877    0.93440    1.25802    2.29831
       252    1.63537    0.93452    1.25010    2.26837
       253    1.63839    0.93243    1.24249    2.25666
       254    1.63473    0.93256    1.24722    2.24645
       255    1.63716    0.93072    1.24081    2.22855
       256    1.64537    0.93053    1.23049    2.21775
       257    1.64325    0.92880    1.22982    2.19875
       258    1.64919    0.92897    1.22297    2.18909
       259    1.64775    0.92576    1.21877    2.17306
       260    1.65135    0.92850    1.21952    2.16250
       261    1.65438    0.92698    1.21308    2.12166
       262    1.65636    0.92189    1.20132    2.13086
       263    1.66577    0.92638    1.19856    2.08497
       264    1.65598    0.92168    1.20140    2.08293
       265    1.66715    0.92335    1.19134    2.05999
       266    1.66400    0.92035    1.18948    2.04354
       267    1.66309    0.92082    1.19141    2.04551
       268    1.66610    0.92014    1.18665    2.02580
       269    1.67806    0.91999    1.17256    1.96414
       270    1.67607    0.91552    1.16665    1.96333
       271    1.67718    0.91839    1.17063    1.96263
       272    1.67511    0.91865    1.17349    1.94845
       273    1.68511    0.91696    1.15899    1.90435
       274    1.68546    0.91433    1.15379    1.90628
       275    1.68546    0.91348    1.15223    5.87421
       276    1.68966    0.89529    1.11462    5.57625
       277    1.68535    0.87736    1.08766    5.36377
       278    1.70188    0.86862    1.05404    5.13060
       279    1.71468    0.86436    1.03281    4.97787
       280    1.72884    0.85867    1.00808    4.77291
       281    1.74268    0.85284    0.98388    4.61979
       282    1.74811    0.84676    0.96808    4.43480
       283    1.75745    0.84004    0.94746    4.25480
       284    1.77104    0.83562    0.92688    4.10682
       285    1.77709    0.83007    0.91189    3.96173
       286    1.79229    0.82622    0.89139    3.83293
       287    1.79863    0.82355    0.88123    3.74174
       288    1.80131    0.81842    0.87040    3.67909
       289    1.80835    0.81390    0.85677    3.55873
       290    1.81617    0.80989    0.84343    3.41316
       291    1.82112    0.80312    0.82825    3.33440
       292    1.82944    0.80325    0.82141    3.27071
       293    1.83255    0.79626    0.80762    3.22019
       294    1.83551    0.79222    0.79875    3.16124
       295    1.84218    0.79010    0.78992    3.11882
       296    1.84788    0.78416    0.77595    3.07380
       297    1.85536    0.78116    0.76530    3.04603
       298    1.85124    0.77843    0.76431    3.05748
       299    1.85774    0.77609    0.75555    3.03935
       300    1.86414    0.76978    0.74082    2.98917
       301    1.86648    0.76797    0.73624    2.98664
       302    1.87223    0.76302    0.72429    2.94496
       303    1.87844    0.76044    0.71572    3.00319
       304    1.88309    0.75412    0.70272    2.96168
       305    1.88287    0.74884    0.69495    2.94996
       306    1.88875    0.74641    0.68704    2.96636
       307    1.89095    0.74546    0.68405    2.98176
       308    1.89623    0.73861    0.67012    2.93411
       309    1.90143    0.73579    0.66232    2.95625
       310    1.90425    0.73103    0.65339    2.93892
       311    1.90886    0.72795    0.64574    2.91663
       312    1.91301    0.72308    0.63585    2.92868
       313    1.91435    0.71925    0.62944    2.97013
       314    1.92221    0.71598    0.61954    3.00457
       315    1.92416    0.71132    0.61162    3.01710
       316    1.93046    0.70545    0.59925    3.01204
       317    1.93279    0.70237    0.59343    3.05692
       318    1.93669    0.69576    0.58173    3.03086
       319    1.93952    0.69257    0.57555    3.04690
       320    1.94642    0.68662    0.56311    3.03894
       321    1.95252    0.68222    0.55343    3.03272
       322    1.95484    0.67827    0.54669    3.07305
       323    1.95891    0.67152    0.53520    3.05261
       324    1.96423    0.66631    0.52516    3.04022
       325    1.96995    0.66195    0.51615    3.21961
       326    1.97145    0.65713    0.50895    3.33396
       327    1.98177    0.64920    0.49297    3.30796
       328    1.98185    0.64416    0.48641    3.31560
       329    1.98783    0.63632    0.47321    3.29489
       330    1.99134    0.63067    0.46422    3.28969
       331    1.99977    0.62448    0.45219    3.26047
       332    2.00510    0.61802    0.44153    3.28770
       333    2.01074    0.61086    0.43001    3.25679
       334    2.01482    0.60384    0.41955    3.22682
       335    2.01853    0.59893    0.41192    3.22920
       336    2.02604    0.59136    0.39950    3.19202
       337    2.03294    0.58409    0.38792    3.13755
       338    2.03562    0.57799    0.37969    3.12259
       339    2.04061    0.57052    0.36900    3.12416
       340    2.04337    0.56264    0.35892    3.08699
       341    2.05042    0.55739    0.35020    3.38626
       342    2.05589    0.54759    0.33722    3.31429
       343    2.06154    0.54232    0.32932    3.28381
       344    2.06662    0.53377    0.31824    3.22477
       345    2.07101    0.52444    0.30679    3.16739
       346    2.07584    0.51707    0.29742    3.10923
       347    2.08221    0.50814    0.28608    3.03400
       348    2.08558    0.50224    0.27901    3.00277
       349    2.09056    0.49363    0.26883    2.95984
       350    2.09431    0.48489    0.25911    2.89191
       351    2.10009    0.48055    0.25315    2.86426
       352    2.10337    0.47211    0.24415    2.79736
       353    2.10774    0.46448    0.23575    2.73652
       354    2.11212    0.45885    0.22933    2.67971
       355    2.11234    0.45068    0.22184    2.62348
       356    2.12005    0.44481    0.21453    2.56111
       357    2.12031    0.43757    0.20808    2.52284
       358    2.12442    0.43296    0.20302    2.48804
       359    2.12963    0.42616    0.19591    2.47902
       360    2.12887    0.41948    0.19044    2.44655
       361    2.13314    0.41323    0.18423    2.39024
       362    2.13559    0.40697    0.17853    2.34316
       363    2.14119    0.40228    0.17350    2.30655
       364    2.14322    0.39624    0.16824    2.25930
       365    2.14497    0.38946    0.16254    2.21200
       366    2.14790    0.38513    0.15858    2.18063
       367    2.14978    0.37856    0.15319    2.13305
       368    2.15372    0.37308    0.14830    2.09131
       369    2.15497    0.36814    0.14440    2.05033
       370    2.15607    0.36358    0.14086    2.02233
       371    2.15988    0.35794    0.13610    1.97906
       372    2.16220    0.35331    0.13240    1.94233
       373    2.16434    0.34831    0.12852    1.90641
       374    2.16603    0.34327    0.12475    1.87030
       375    2.16822    0.33887    0.12139    1.83467
       376    2.16808    0.33436    0.11838    1.81193
       377    2.17158    0.32976    0.11476    1.77292
       378    2.17298    0.32496    0.11140    1.73746
       379    2.17519    0.32115    0.10862    1.72540
       380    2.17749    0.31630    0.10519    1.68487
       381    2.17689    0.31261    0.10295    1.66889
       382    2.18059    0.30893    0.10014    1.63602
       383    2.18057    0.30445    0.09740    1.61116
       384    2.18214    0.30086    0.09501    1.58607
       385    2.18251    0.29682    0.09255    1.56087
       386    2.18622    0.29452    0.09071    1.54035
       387    2.18676    0.28901    0.08742    1.50319
       388    2.18821    0.28585    0.08543    1.48028
       389    2.18858    0.28228    0.08336    1.45835
       390    2.19109    0.27886    0.08114    1.43132
       391    2.19160    0.27510    0.07899    1.40920
       392    2.19263    0.27165    0.07699    1.38302
       393    2.19561    0.26860    0.07502    1.36167
       394    2.19339    0.26511    0.07340    1.34569
       395    2.19624    0.26259    0.07176    1.32417
       396    2.19708    0.25933    0.06997    1.30727
       397    2.19935    0.25587    0.06795    1.28062
       398    2.19938    0.25394    0.06697    1.26759
       399    2.19994    0.24986    0.06485    1.24114
       400    2.19996    0.24738    0.06362    1.22684
       401    2.20287    0.24410    0.06173    1.20250
       402    2.20353    0.24185    0.06057    1.18713
       403    2.20284    0.23937    0.05944    1.17713
       404    2.20391    0.23681    0.05813    1.15554
       405    2.20508    0.23376    0.05659    1.13993
       406    2.20742    0.23102    0.05511    1.11539
       407    2.20652    0.22772    0.05368    1.09798
       408    2.20824    0.22578    0.05265    1.08217
       409    2.20899    0.22336    0.05150    1.06670
       410    2.20918    0.22120    0.05053    1.05378
       411    2.20957    0.21909    0.04957    1.04141
       412    2.21072    0.21632    0.04827    1.02092
       413    2.21119    0.21403    0.04725    1.00487
       414    2.21284    0.21214    0.04632    0.99443
       415    2.21309    0.20931    0.04511    0.97773
       416    2.21429    0.20775    0.04438    0.96324
       417    2.21369    0.20485    0.04322    0.94897
       418    2.21353    0.20308    0.04251    0.93747
       419    2.21479    0.20134    0.04172    0.92346
       420    2.21578    0.19939    0.04087    0.91005
       421    2.21642    0.19715    0.03994    0.89419
       422    2.21768    0.19555    0.03923    0.88703
       423    2.21703    0.19252    0.03810    0.86995
       424    2.21775    0.19112    0.03752    0.86137
       425    2.21830    0.18961    0.03690    0.84929
       426    2.21994    0.18778    0.03612    0.83941
       427    2.21916    0.18582    0.03543    0.82889
       428    2.21913    0.18411    0.03480    0.81706
       429    2.22199    0.18278    0.03415    0.80945
       430    2.22095    0.18088    0.03351    0.79319
       431    2.22021    0.17920    0.03295    0.78399
       432    2.22081    0.17720    0.03221    0.76989
       433    2.22292    0.17530    0.03142    0.75671
       434    2.22225    0.17463    0.03122    0.75394
       435    2.22303    0.17283    0.03055    0.74167
       436    2.22373    0.17109    0.02992    0.72829
       437    2.22438    0.16960    0.02938    0.72161
       438    2.22340    0.16834    0.02900    0.71289
       439    2.22485    0.16665    0.02836    0.70149
       440    2.22473    0.16565    0.02804    0.69510
       441    2.22483    0.16449    0.02765    0.68942
       442    2.22566    0.16280    0.02706    0.67502
       443    2.22567    0.16135    0.02659    0.66686
       444    2.22743    0.15977    0.02600    0.65761
       445    2.22695    0.15826    0.02554    0.64944
       446    2.22564    0.15799    0.02552    0.64708
       447    2.22710    0.15599    0.02482    0.63265
       448    2.22823    0.15471    0.02437    0.62631
       449    2.22703    0.15333    0.02400    0.61718
       450    2.22773    0.15269    0.02377    0.61076
       451    2.22917    0.15121    0.02326    0.60281
       452    2.22904    0.15020    0.02297    0.59363
       453    2.22941    0.14856    0.02246    0.58441
       454    2.22964    0.14730    0.02208    0.57528
       455    2.22964    0.14649    0.02184    0.57049
       456    2.23046    0.14584    0.02162    0.56458
       457    2.22929    0.14482    0.02137    0.55725
       458    2.22964    0.14329    0.02091    0.55134
       459    2.23063    0.14275    0.02072    0.54520
       460    2.23145    0.14165    0.02038    0.53983
       461    2.23088    0.14103    0.02022    0.53398
       462    2.23067    0.13948    0.01980    0.52363
       463    2.23221    0.13865    0.01951    0.51938
       464    2.23132    0.13787    0.01933    0.51232
       465    2.23291    0.13723    0.01910    0.51013
       466    2.23189    0.13555    0.01867    0.49956
       467    2.23236    0.13489    0.01848    0.49324
       468    2.23206    0.13429    0.01833    0.48931
       469    2.23366    0.13394    0.01818    0.48177
       470    2.23394    0.13266    0.01783    0.47207
       471    2.23278    0.13161    0.01759    0.47089
       472    2.23384    0.13079    0.01734    0.46290
       473    2.23261    0.12993    0.01716    0.45995
       474    2.23518    0.12927    0.01691    0.45506
       475    2.23356    0.12842    0.01674    0.45236
       476    2.23470    0.12775    0.01653    0.44114
       477    2.23480    0.12696    0.01633    0.43983
       478    2.23481    0.12597    0.01607    0.43060
       479    2.23436    0.12542    0.01595    0.42473
       480    2.23518    0.12460    0.01572    0.42265
       481    2.23555    0.12377    0.01551    0.41650
       482    2.23500    0.12340    0.01543    0.41270
       483    2.23505    0.12321    0.01538    0.40911
       484    2.23473    0.12198    0.01509    0.40308
       485    2.23606    0.12146    0.01492    0.39778
       486    2.23554    0.12119    0.01487    0.39287
       487    2.23763    0.12059    0.01468    0.39190
       488    2.23643    0.11956    0.01446    0.38484
       489    2.23576    0.11955    0.01447    0.38346
       490    2.23730    0.11815    0.01410    0.37766
       491    2.23616    0.11752    0.01398    0.37090
       492    2.23696    0.11715    0.01387    0.36860
       493    2.23792    0.11677    0.01376    0.36526
       494    2.23610    0.11530    0.01347    0.36138
       495    2.23718    0.11557    0.01350    0.35485
       496    2.23716    0.11508    0.01339    0.34734
       497    2.23794    0.11431    0.01319    0.34729
       498    2.23692    0.11445    0.01325    0.34736
       499    2.23801    0.11321    0.01294    0.33566
       500    2.23859    0.11306    0.01290    0.33790
       501    2.23760    0.11271    0.01284    0.33436
       502    2.23810    0.11218    0.01271    0.33070
       503    2.23833    0.11186    0.01263    0.32603
       504    2.23777    0.11164    0.01259    0.32378
       505    2.23785    0.11106    0.01246    0.31977
       506    2.23894    0.11011    0.01223    0.31359
       507    2.23853    0.10956    0.01212    0.30868
       508    2.23877    0.10923    0.01204    0.30714
       509    2.23873    0.10905    0.01200    0.30452
       510    2.23932    0.10839    0.01185    0.30092
       511    2.23973    0.10810    0.01178    0.29801
       512    2.23865    0.10823    0.01183    0.29308
       513    2.24004    0.10720    0.01158    0.29311
       514    2.23957    0.10714    0.01157    0.28771
       515    2.23975    0.10673    0.01148    0.28627
       516    2.23791    0.10659    0.01149    0.28820
       517    2.24040    0.10593    0.01130    0.27818
       518    2.24055    0.10548    0.01120    0.27786
       519    2.24024    0.10502    0.01111    0.27341
       520    2.23967    0.10516    0.01115    0.27102
       521    2.23912    0.10463    0.01105    0.26897
       522    2.23935    0.10415    0.01094    0.26593
       523    2.24141    0.10380    0.01083    0.26450
       524    2.23975    0.10359    0.01082    0.25888
       525    2.24071    0.10302    0.01068    0.25545
       526    2.24054    0.10306    0.01070    0.25222
       527    2.23999    0.10248    0.01059    0.24949
       528    2.24121    0.10237    0.01054    0.25031
       529    2.24083    0.10232    0.01054    0.24700
       530    2.24099    0.10163    0.01040    0.24230
       531    2.24124    0.10098    0.01026    0.23852
       532    2.24044    0.10093    0.01026    0.23851
       533    2.24147    0.10091    0.01024    0.23447
       534    2.23962    0.10099    0.01029    0.23831
       535    2.24135    0.10100    0.01026    0.23073
       536    2.24227    0.10038    0.01012    0.22989
       537    2.24149    0.09972    0.01000    0.22533
       538    2.24035    0.09979    0.01004    0.22788
       539    2.24108    0.09930    0.00993    0.22135
       540    2.24216    0.09887    0.00982    0.21881
       541    2.24256    0.09846    0.00974    0.21736
       542    2.24155    0.09859    0.00978    0.21226
       543    2.24095    0.09842    0.00975    0.21496
       544    2.24148    0.09814    0.00969    0.21076
       545    2.24227    0.09816    0.00968    0.20816
       546    2.24208    0.09775    0.00961    0.20450
       547    2.24105    0.09790    0.00965    0.20691
       548    2.24213    0.09747    0.00955    0.20240
       549    2.24212    0.09695    0.00945    0.19925
       550    2.24240    0.09660    0.00938    0.19890
       551    2.24167    0.09704    0.00947    0.19715
       552    2.24197    0.09653    0.00937    0.19322
       553    2.24292    0.09653    0.00936    0.19564
       554    2.24263    0.09580    0.00922    0.19050
       555    2.24279    0.09542    0.00915    0.18909
       556    2.24202    0.09566    0.00920    0.18646
       557    2.24316    0.09536    0.00913    0.18539
       558    2.24232    0.09559    0.00918    0.18553
       559    2.24280    0.09520    0.00910    0.18255
       560    2.24178    0.09445    0.00898    0.18107
       561    2.24237    0.09508    0.00909    0.17927
       562    2.24319    0.09416    0.00890    0.17446
       563    2.24331    0.09409    0.00889    0.17467
       564    2.24222    0.09483    0.00904    0.17533
       565    2.24236    0.09479    0.00903    0.17276
       566    2.24370    0.09371    0.00881    0.17062
       567    2.24399    0.09356    0.00878    0.17079
       568    2.24186    0.09364    0.00882    0.17150
       569    2.24379    0.09351    0.00877    0.16584
       570    2.24342    0.09339    0.00876    0.16227
       571    2.24291    0.09334    0.00875    0.16246
       572    2.24297    0.09286    0.00866    0.15995
       573    2.24334    0.09283    0.00865    0.16014
       574    2.24312    0.09336    0.00875    0.15736
       575    2.24309    0.09304    0.00869    0.15696
       576    2.24414    0.09239    0.00856    0.15886
       577    2.24392    0.09304    0.00868    0.15372
       578    2.24338    0.09205    0.00851    0.14902
       579    2.24423    0.09194    0.00848    0.15325
       580    2.24259    0.09193    0.00849    0.15301
       581    2.24305    0.09201    0.00850    0.14784
       582    2.24329    0.09162    0.00843    0.14729
       583    2.24376    0.09226    0.00854    0.14603
       584    2.24350    0.09197    0.00849    0.14175
       585    2.24377    0.09173    0.00844    0.14354
       586    2.24423    0.09103    0.00831    0.14086
       587    2.24378    0.09159    0.00842    0.13934
       588    2.24341    0.09094    0.00830    0.14059
       589    2.24398    0.09089    0.00829    0.13879
       590    2.24349    0.09117    0.00834    0.13781
       591    2.24484    0.09119    0.00833    0.13944
       592    2.24348    0.09059    0.00824    0.13372
       593    2.24388    0.09038    0.00820    0.13532
       594    2.24328    0.09065    0.00825    0.13533
       595    2.24410    0.09116    0.00834    0.13239
       596    2.24446    0.09034    0.00818    0.12981
       597    2.24393    0.09062    0.00824    0.12978
       598    2.24471    0.09044    0.00820    0.13111
       599    2.24319    0.09012    0.00816    0.13252
       600    2.24475    0.09050    0.00821    0.12946
       601    2.24444    0.09035    0.00819    0.12276
       602    2.24382    0.09008    0.00814    0.12565
       603    2.24529    0.08977    0.00807    0.12808
       604    2.24440    0.08955    0.00804    0.12417
       605    2.24429    0.08965    0.00806    0.12133
       606    2.24397    0.08982    0.00809    0.12012
       607    2.24475    0.08948    0.00803    0.12041
       608    2.24423    0.08904    0.00795    0.11884
       609    2.24451    0.08968    0.00806    0.11831
       610    2.24342    0.08927    0.00800    0.12190
       611    2.24441    0.08932    0.00800    0.11604
       612    2.24442    0.08927    0.00799    0.11465
       613    2.24546    0.08945    0.00801    0.12047
       614    2.24431    0.08999    0.00812    0.11576
       615    2.24454    0.08931    0.00800    0.11244
       616    2.24472    0.08894    0.00793    0.11119
       617    2.24449    0.08901    0.00795    0.11036
       618    2.24390    0.08954    0.00805    0.11530
       619    2.24563    0.08853    0.00785    0.11479
       620    2.24467    0.08845    0.00784    0.10783
       621    2.24533    0.08859    0.00786    0.10773
       622    2.24528    0.08841    0.00783    0.10811
       623    2.24457    0.08862    0.00787    0.10657
       624    2.24415    0.08869    0.00789    0.10808
       625    2.24526    0.08849    0.00785    0.10654
       626    2.24453    0.08852    0.00786    0.10439
       627    2.24467    0.08832    0.00782    0.10409
       628    2.24471    0.08847    0.00785    0.10206
       629    2.24539    0.08814    0.00778    0.10321
       630    2.24404    0.08837    0.00784    0.10568
       631    2.24622    0.08860    0.00786    0.10825
       632    2.24518    0.08755    0.00768    0.09863
       633    2.24415    0.08782    0.00774    0.10408
       634    2.24558    0.08749    0.00767    0.09849
       635    2.24483    0.08771    0.00771    0.09753
       636    2.24549    0.08791    0.00774    0.10086
       637    2.24475    0.08807    0.00778    0.09600
       638    2.24539    0.08754    0.00768    0.09656
       639    2.24406    0.08821    0.00781    0.10331
       640    2.24548    0.08713    0.00761    0.09443
       641    2.24524    0.08750    0.00767    0.09482
       642    2.24530    0.08736    0.00765    0.09159
       643    2.24517    0.08725    0.00763    0.09182
       644    2.24478    0.08784    0.00773    0.09283
       645    2.24560    0.08773    0.00771    0.09271
       646    2.24579    0.08681    0.00755    0.09344
       647    2.24567    0.08742    0.00765    0.09182
       648    2.24573    0.08693    0.00757    0.09202
       649    2.24503    0.08666    0.00753    0.08896
       650    2.24550    0.08710    0.00760    0.08812
       651    2.24490    0.08724    0.00763    0.09064
       652    2.24505    0.08734    0.00764    0.08972
       653    2.24588    0.08672    0.00753    0.08910
       654    2.24429    0.08667    0.00753    0.09566
       655    2.24615    0.08687    0.00756    0.09086
       656    2.24516    0.08724    0.00763    0.08696
       657    2.24498    0.08696    0.00758    0.08747
       658    2.24537    0.08738    0.00765    0.08557
       659    2.24547    0.08690    0.00757    0.08658
       660    2.24621    0.08645    0.00748    0.08809
       661    2.24543    0.08698    0.00758    0.08390
       662    2.24563    0.08632    0.00746    0.08213
       663    2.24599    0.08669    0.00752    0.08571
       664    2.24510    0.08613    0.00744    0.08297
       665    2.24508    0.08666    0.00753    0.08319
       666    2.24644    0.08626    0.00745    0.08674
       667    2.24563    0.08636    0.00747    0.08126
       668    2.24514    0.08551    0.00733    0.08285
       669    2.24553    0.08637    0.00747    0.08093
       670    2.24535    0.08690    0.00757    0.08016
       671    2.24559    0.08611    0.00743    0.07984
       672    2.24611    0.08575    0.00736    0.08037
       673    2.24514    0.08671    0.00754    0.08057
       674    2.24618    0.08651    0.00749    0.08125
       675    2.24611    0.08623    0.00745    0.07895
       676    2.24578    0.08575    0.00736    0.07612
       677    2.24586    0.08536    0.00730    0.07584
       678    2.24510    0.08606    0.00742    0.08059
       679    2.24553    0.08582    0.00738    0.07703
       680    2.24509    0.08684    0.00756    0.08058
       681    2.24742    0.08617    0.00743    0.09615
       682    2.24486    0.08607    0.00743    0.08234
       683    2.24608    0.08602    0.00741    0.07710
       684    2.24667    0.08568    0.00735    0.08232
       685    2.24445    0.08633    0.00747    0.08947
       686    2.24680    0.08561    0.00734    0.08220
       687    2.24571    0.08599    0.00741    0.07423
       688    2.24614    0.08553    0.00732    0.07576
       689    2.24505    0.08572    0.00736    0.07911
       690    2.24547    0.08622    0.00745    0.07555
       691    2.24604    0.08550    0.00732    0.07216
       692    2.24629    0.08553    0.00732    0.07352
       693    2.24611    0.08503    0.00724    0.07170
       694    2.24603    0.08564    0.00734    0.07150
       695    2.24620    0.08489    0.00722    0.07145
       696    2.24537    0.08530    0.00729    0.07420
       697    2.24617    0.08541    0.00730    0.07223
       698    2.24631    0.08520    0.00727    0.07258
       699    2.24643    0.08478    0.00719    0.07091
       700    2.24624    0.08507    0.00725    0.07105
       701    2.24499    0.08555    0.00734    0.07939
       702    2.24588    0.08508    0.00725    0.07039
       703    2.24655    0.08481    0.00720    0.07129
       704    2.24560    0.08468    0.00718    0.07119
       705    2.24652    0.08467    0.00718    0.07236
       706    2.24553    0.08491    0.00722    0.07162
       707    2.24654    0.08460    0.00716    0.06959
       708    2.24499    0.08571    0.00736    0.07819
       709    2.24614    0.08516    0.00726    0.06810
       710    2.24566    0.08513    0.00726    0.06999
       711    2.24672    0.08454    0.00715    0.07034
       712    2.24671    0.08461    0.00716    0.07098
       713    2.24589    0.08490    0.00722    0.06774
       714    2.24643    0.08486    0.00721    0.06875
       715    2.24523    0.08529    0.00729    0.07458
       716    2.24720    0.08482    0.00720    0.07814
       717    2.24487    0.08505    0.00725    0.08128
       718    2.24647    0.08531    0.00729    0.06800
       719    2.24674    0.08515    0.00726    0.07074
       720    2.24570    0.08438    0.00713    0.06840
       721    2.24592    0.08501    0.00724    0.06610
       722    2.24669    0.08468    0.00718    0.07019
       723    2.24609    0.08482    0.00720    0.06727
       724    2.24522    0.08478    0.00720    0.07334
       725    2.24721    0.08388    0.00704    0.07323
       726    2.24584    0.08438    0.00713    0.06677
       727    2.24614    0.08442    0.00714    0.06529
       728    2.24643    0.08441    0.00713    0.06576
       729    2.24647    0.08514    0.00726    0.06617
       730    2.24617    0.08448    0.00715    0.06404
       731    2.24615    0.08468    0.00718    0.06499
       732    2.24625    0.08419    0.00710    0.06358
       733    2.24564    0.08473    0.00719    0.06799
       734    2.24653    0.08433    0.00712    0.06439
       735    2.24609    0.08495    0.00723    0.06416
       736    2.24672    0.08453    0.00715    0.06512
       737    2.24534    0.08445    0.00715    0.07189
       738    2.24690    0.08390    0.00704    0.06580
       739    2.24606    0.08481    0.00720    0.06440
       740    2.24641    0.08458    0.00716    0.06416
       741    2.24710    0.08444    0.00714    0.07018
       742    2.24546    0.08502    0.00724    0.06994
       743    2.24633    0.08473    0.00719    0.06410
       744    2.24673    0.08395    0.00705    0.06403
       745    2.24629    0.08360    0.00700    0.06111
       746    2.24595    0.08390    0.00705    0.06364
       747    2.24684    0.08451    0.00715    0.06534
       748    2.24613    0.08439    0.00713    0.06314
       749    2.24570    0.08425    0.00711    0.06598
       750    2.24568    0.08445    0.00714    0.06647
       751    2.24714    0.08471    0.00718    0.06890
       752    2.24620    0.08442    0.00714    0.06222
       753    2.24766    0.08427    0.00710    0.07623
       754    2.24579    0.08407    0.00708    0.06450
       755    2.24555    0.08451    0.00716    0.06859
       756    2.24620    0.08409    0.00708    0.06156
       757    2.24755    0.08448    0.00714    0.07448
       758    2.24627    0.08416    0.00709    0.06144
       759    2.24705    0.08332    0.00695    0.06497
       760    2.24587    0.08372    0.00702    0.06364
       761    2.24640    0.08326    0.00694    0.05945
       762    2.24689    0.08301    0.00690    0.06146
       763    2.24669    0.08347    0.00697    0.06062
       764    2.24594    0.08343    0.00697    0.06212
       765    2.24637    0.08325    0.00694    0.05888
       766    2.24704    0.08366    0.00700    0.06326
       767    2.24563    0.08407    0.00708    0.06700
       768    2.24632    0.08410    0.00708    0.06028
       769    2.24669    0.08420    0.00710    0.06138
       770    2.24619    0.08410    0.00708    0.06090
       771    2.24648    0.08395    0.00705    0.06028
       772    2.24590    0.08289    0.00688    0.06268
       773    2.24781    0.08326    0.00693    0.07607
       774    2.24621    0.08413    0.00709    0.06021
       775    2.24547    0.08397    0.00706    0.06845
       776    2.24759    0.08316    0.00692    0.06950
       777    2.24597    0.08329    0.00695    0.06202
       778    2.24732    0.08320    0.00693    0.06598
       779    2.24626    0.08375    0.00702    0.05922
       780    2.24639    0.08339    0.00696    0.05787
       781    2.24580    0.08305    0.00691    0.06330
       782    2.24653    0.08344    0.00697    0.05893
       783    2.24614    0.08316    0.00692    0.05930
       784    2.24727    0.08306    0.00690    0.06352
       785    2.24550    0.08288    0.00688    0.06834
       786    2.24722    0.08338    0.00696    0.06367
       787    2.24694    0.08321    0.00693    0.05993
       788    2.24689    0.08308    0.00691    0.05951
       789    2.24643    0.08373    0.00702    0.05888
       790    2.24609    0.08339    0.00696    0.06015
       791    2.24631    0.08272    0.00685    0.05824
       792    2.24612    0.08303    0.00690    0.05975
       793    2.24660    0.08326    0.00694    0.05776
       794    2.24748    0.08317    0.00692    0.06692
       795    2.24643    0.08290    0.00688    0.05745
       796    2.24609    0.08315    0.00692    0.05978
       797    2.24683    0.08274    0.00685    0.05706
       798    2.24656    0.08314    0.00692    0.05696
       799    2.24728    0.08265    0.00683    0.06111
       800    2.24567    0.08293    0.00689    0.06547
       801    2.24602    0.08324    0.00694    0.06078
       802    2.24736    0.08342    0.00696    0.06358
       803    2.24741    0.08225    0.00677    0.06170
       804    2.24569    0.08307    0.00691    0.06599
       805    2.24629    0.08305    0.00690    0.05700
       806    2.24755    0.08327    0.00694    0.06715
       807    2.24668    0.08292    0.00688    0.05611
       808    2.24643    0.08290    0.00688    0.05680
       809    2.24596    0.08318    0.00693    0.06074
       810    2.24683    0.08291    0.00688    0.05679
       811    2.24725    0.08258    0.00682    0.05963
       812    2.24695    0.08297    0.00689    0.05824
       813    2.24636    0.08255    0.00682    0.05625
       814    2.24594    0.08250    0.00682    0.06171
       815    2.24688    0.08306    0.00690    0.05716
       816    2.24609    0.08215    0.00676    0.05874
       817    2.24763    0.08214    0.00675    0.06493
       818    2.24698    0.08287    0.00687    0.05821
       819    2.24619    0.08253    0.00682    0.05864
       820    2.24674    0.08278    0.00686    0.05624
       821    2.24692    0.08275    0.00685    0.05678
       822    2.24704    0.08240    0.00679    0.05686
       823    2.24582    0.08301    0.00690    0.06445
       824    2.24649    0.08226    0.00677    0.05537
       825    2.24735    0.08227    0.00677    0.06029
       826    2.24564    0.08280    0.00687    0.06659
       827    2.24739    0.08237    0.00679    0.06101
       828    2.24653    0.08223    0.00677    0.05519
       829    2.24560    0.08253    0.00682    0.06785
       830    2.24662    0.08274    0.00685    0.05575
       831    2.24712    0.08288    0.00687    0.05932
       832    2.24656    0.08220    0.00676    0.05505
       833    2.24761    0.08235    0.00678    0.06376
       834    2.24627    0.08248    0.00681    0.05663
       835    2.24585    0.08320    0.00693    0.06369
       836    2.24744    0.08216    0.00675    0.05965
       837    2.24711    0.08243    0.00680    0.05657
       838    2.24636    0.08198    0.00673    0.05628
       839    2.24682    0.08235    0.00679    0.05481
       840    2.24704    0.08226    0.00677    0.05527
       841    2.24730    0.08179    0.00669    0.05722
       842    2.24662    0.08221    0.00677    0.05426
       843    2.24638    0.08253    0.00682    0.05644
       844    2.24662    0.08203    0.00674    0.05410
       845    2.24710    0.08235    0.00679    0.05672
       846    2.24707    0.08259    0.00683    0.05680
       847    2.24590    0.08247    0.00681    0.06194
       848    2.24628    0.08217    0.00676    0.05677
       849    2.24728    0.08212    0.00675    0.05716
       850    2.24675    0.08193    0.00672    0.05393
       851    2.24690    0.08215    0.00675    0.05447
       852    2.24632    0.08218    0.00676    0.05632
       853    2.24710    0.08262    0.00683    0.05642
       854    2.24715    0.08180    0.00670    0.05512
       855    2.24619    0.08156    0.00666    0.05663
       856    2.24749    0.08207    0.00674    0.06009
       857    2.24646    0.08201    0.00673    0.05469
       858    2.24707    0.08178    0.00669    0.05479
       859    2.24545    0.08232    0.00679    0.07064
       860    2.24761    0.08162    0.00666    0.06174
       861    2.24523    0.08184    0.00671    0.07555
       862    2.24728    0.08231    0.00678    0.05752
       863    2.24782    0.08133    0.00662    0.06548
       864    2.24636    0.08169    0.00668    0.05551
       865    2.24755    0.08132    0.00662    0.05981
       866    2.24556    0.08214    0.00676    0.06874
       867    2.24631    0.08154    0.00666    0.05588
       868    2.24786    0.08129    0.00661    0.06462
       869    2.24615    0.08227    0.00678    0.05823
       870    2.24680    0.08185    0.00671    0.05354
       871    2.24773    0.08153    0.00665    0.06308
       872    2.24599    0.08147    0.00665    0.06013
       873    2.24727    0.08146    0.00664    0.05514
       874    2.24610    0.08160    0.00667    0.05772
       875    2.24643    0.08199    0.00673    0.05501
       876    2.24733    0.08133    0.00662    0.05707
       877    2.24700    0.08198    0.00673    0.05447
       878    2.24742    0.08135    0.00662    0.05714
       879    2.24693    0.08157    0.00666    0.05255
       880    2.24587    0.08204    0.00674    0.06208
       881    2.24706    0.08145    0.00664    0.05286
       882    2.24635    0.08177    0.00669    0.05511
       883    2.24726    0.08185    0.00670    0.05601
       884    2.24625    0.08137    0.00663    0.05612
       885    2.24730    0.08135    0.00662    0.05501
       886    2.24667    0.08144    0.00664    0.05291
       887    2.24703    0.08158    0.00666    0.05346
       888    2.24634    0.08250    0.00681    0.05586
       889    2.24708    0.08122    0.00660    0.05337
       890    2.24701    0.08183    0.00670    0.05389
       891    2.24608    0.08095    0.00656    0.05895
       892    2.24678    0.08133    0.00662    0.05209
       893    2.24707    0.08128    0.00661    0.05281
       894    2.24744    0.08100    0.00656    0.05506
       895    2.24663    0.08120    0.00660    0.05180
       896    2.24703    0.08118    0.00659    0.05260
       897    2.24688    0.08130    0.00662    0.05246
       898    2.24533    0.08168    0.00669    0.07602
       899    2.24738    0.08134    0.00662    0.05695
       900    2.24705    0.08158    0.00666    0.05354
       901    2.24727    0.08141    0.00663    0.05398
       902    2.24680    0.08112    0.00659    0.05200
       903    2.24666    0.08089    0.00655    0.05233
       904    2.24749    0.08082    0.00653    0.05591
       905    2.24719    0.08110    0.00658    0.05432
       906    2.24569    0.08140    0.00664    0.06627
       907    2.24763    0.08106    0.00657    0.05864
       908    2.24573    0.08152    0.00666    0.06555
       909    2.24741    0.08061    0.00650    0.05412
       910    2.24724    0.08054    0.00649    0.05252
       911    2.24736    0.08051    0.00649    0.05407
       912    2.24702    0.08053    0.00649    0.05164
       913    2.24662    0.08077    0.00653    0.05197
       914    2.24640    0.08086    0.00655    0.05432
       915    2.24686    0.08137    0.00663    0.05196
       916    2.24703    0.08076    0.00653    0.05109
       917    2.24655    0.08078    0.00653    0.05180
       918    2.24719    0.08146    0.00664    0.05427
       919    2.24648    0.08097    0.00656    0.05318
       920    2.24706    0.08015    0.00643    0.05136
       921    2.24699    0.08088    0.00655    0.05198
       922    2.24668    0.08067    0.00651    0.05111
       923    2.24698    0.08110    0.00658    0.05161
       924    2.24672    0.08057    0.00650    0.05084
       925    2.24753    0.08020    0.00644    0.05429
       926    2.24659    0.08067    0.00651    0.05239
       927    2.24646    0.08069    0.00652    0.05256
       928    2.24689    0.08067    0.00651    0.05035
       929    2.24671    0.08146    0.00664    0.05260
       930    2.24693    0.08019    0.00644    0.05033
       931    2.24703    0.08055    0.00649    0.05083
       932    2.24753    0.08112    0.00658    0.05685
       933    2.24689    0.08122    0.00660    0.05126
       934    2.24749    0.08022    0.00644    0.05449
       935    2.24617    0.08074    0.00653    0.05667
       936    2.24665    0.08044    0.00648    0.05092
       937    2.24665    0.08033    0.00646    0.05111
       938    2.24708    0.08046    0.00648    0.05066
       939    2.24745    0.08067    0.00651    0.05481
       940    2.24698    0.07992    0.00639    0.04998
       941    2.24675    0.07979    0.00637    0.05035
       942    2.24681    0.08104    0.00657    0.05126
       943    2.24566    0.08072    0.00653    0.06687
       944    2.24760    0.08018    0.00643    0.05522
       945    2.24724    0.08061    0.00650    0.05243
       946    2.24663    0.08022    0.00644    0.05181
       947    2.24683    0.08076    0.00653    0.05003
       948    2.24740    0.08071    0.00652    0.05433
       949    2.24711    0.08074    0.00652    0.05161
       950    2.24660    0.08068    0.00652    0.05213
       951    2.24719    0.07992    0.00639    0.05023
       952    2.24596    0.08095    0.00656    0.06067
       953    2.24685    0.08005    0.00641    0.04934
       954    2.24695    0.07975    0.00637    0.04874
       955    2.24744    0.07998    0.00640    0.05372
       956    2.24750    0.07984    0.00638    0.05365
       957    2.24707    0.07991    0.00639    0.04988
       958    2.24720    0.07898    0.00624    0.04926
       959    2.24655    0.07968    0.00636    0.05233
       960    2.24628    0.08023    0.00645    0.05490
       961    2.24716    0.07965    0.00635    0.04977
       962    2.24745    0.08002    0.00641    0.05319
       963    2.24591    0.08021    0.00644    0.06167
       964    2.24696    0.07994    0.00640    0.04918
       965    2.24707    0.08010    0.00642    0.04996
       966    2.24696    0.08032    0.00646    0.04970
       967    2.24750    0.07971    0.00636    0.05375
       968    2.24691    0.08026    0.00645    0.05002
       969    2.24644    0.07937    0.00631    0.05214
       970    2.24751    0.08007    0.00641    0.05360
       971    2.24622    0.07980    0.00638    0.05560
       972    2.24724    0.08024    0.00644    0.05116
       973    2.24709    0.07929    0.00629    0.04872
       974    2.24716    0.07986    0.00638    0.05014
       975    2.24674    0.08023    0.00644    0.04975
       976    2.24713    0.07966    0.00635    0.04972
       977    2.24628    0.07967    0.00636    0.05364
       978    2.24718    0.07990    0.00639    0.05081
       979    2.24780    0.07931    0.00629    0.05668
       980    2.24628    0.08007    0.00642    0.05522
       981    2.24652    0.07974    0.00637    0.05148
       982    2.24671    0.08027    0.00645    0.04978
       983    2.24708    0.08031    0.00645    0.04964
       984    2.24711    0.07973    0.00636    0.04956
       985    2.24661    0.07949    0.00633    0.04930
       986    2.24724    0.07998    0.00640    0.05016
       987    2.24710    0.07996    0.00640    0.04934
       988    2.24674    0.07965    0.00635    0.04924
       989    2.24753    0.07938    0.00630    0.05254
       990    2.24677    0.08030    0.00645    0.05095
       991    2.24696    0.07974    0.00636    0.04884
       992    2.24630    0.07959    0.00634    0.05400
       993    2.24723    0.07919    0.00627    0.04883
       994    2.24649    0.08007    0.00642    0.05111
       995    2.24787    0.07934    0.00630    0.05847
       996    2.24692    0.08000    0.00641    0.04963
       997    2.24653    0.08008    0.00642    0.05174
       998    2.24666    0.07955    0.00634    0.04936
       999    2.24711    0.07969    0.00635    0.04873

Final Weights:         0.2025724469         0.4130335611        -0.7002623422         0.0842248471 