# Cycles, Average Predicted Temperature, Stddev Predicted Temperature, Mean Squared Error, || MSE Gradient ||
         0    0.08359    0.07357    4.60901    5.09640
         1    0.08999    0.07706    4.58208    5.28146
         2    0.09672    0.08090    4.55397    5.47026
         3    0.10390    0.08477    4.52402    5.63710
         4    0.11178    0.08895    4.49132    5.81981
         5    0.12001    0.09335    4.45734    5.99299
         6    0.12915    0.09794    4.41974    6.18352
         7    0.13854    0.10283    4.38138    6.36536
         8    0.14863    0.10805    4.34038    6.55000
         9    0.15933    0.11362    4.29721    6.73512
        10    0.17085    0.11912    4.25092    6.92175
        11    0.18302    0.12531    4.20249    7.10901
        12    0.19623    0.13173    4.15027    7.30374
        13    0.20995    0.13833    4.09645    7.48824
        14    0.22461    0.14542    4.03948    7.67504
        15    0.24003    0.15271    3.98006    7.85450
        16    0.25627    0.16038    3.91813    8.03155
        17    0.27335    0.16826    3.85360    8.20370
        18    0.29161    0.17698    3.78551    8.37472
        19    0.31073    0.18526    3.71481    8.53821
        20    0.33071    0.19465    3.64210    8.68866
        21    0.35240    0.20403    3.56397    8.84915
        22    0.37391    0.21386    3.48779    8.97671
        23    0.39754    0.22387    3.40505    9.11270
        24    0.42170    0.23434    3.32192    9.23569
        25    0.44728    0.24505    3.23524    9.34591
        26    0.47283    0.25599    3.15031    9.42989
        27    0.50072    0.26744    3.05911    9.51948
        28    0.52895    0.27946    2.96888    9.58655
        29    0.55852    0.29125    2.87595    9.64200
        30    0.58904    0.30302    2.78191    9.68525
        31    0.62080    0.31537    2.68636    9.70778
        32    0.65159    0.32718    2.59584    9.70546
        33    0.68467    0.33998    2.50110    9.69323
        34    0.71818    0.35240    2.40731    9.66668
        35    0.75242    0.36530    2.31429    9.61957
        36    0.78748    0.37733    2.22088    9.55792
        37    0.82371    0.39046    2.12782    9.47845
        38    0.85930    0.40266    2.03872    9.38415
        39    0.89478    0.41487    1.95276    9.27039
        40    0.93063    0.42648    1.86812    9.14324
        41    0.96836    0.43851    1.78197    9.00721
        42    1.00465    0.44918    1.70124    8.85658
        43    1.04033    0.46006    1.62504    8.69353
        44    1.07587    0.47081    1.55180    8.52152
        45    1.11321    0.48077    1.47654    8.33814
        46    1.14776    0.49029    1.40986    8.15029
        47    1.18334    0.50006    1.34384    7.94887
        48    1.21784    0.50825    1.28114    7.75212
        49    1.25226    0.51696    1.22164    7.54544
        50    1.28587    0.52432    1.16475    7.33716
        51    1.31876    0.53108    1.11091    7.12799
        52    1.35206    0.53763    1.05839    6.92039
        53    1.38013    0.54367    1.01647    6.72445
        54    1.41257    0.54933    0.96863    6.50890
        55    1.44105    0.55406    0.92814    6.31235
        56    1.46728    0.55749    0.89130    6.13232
        57    1.49505    0.56116    0.85386    5.93581
        58    1.52243    0.56384    0.81742    5.75759
        59    1.54741    0.56716    0.78649    5.58049
        60    1.56934    0.56929    0.75949    5.41413
        61    1.59455    0.56988    0.72753    5.24367
        62    1.61945    0.57205    0.69901    5.06556
        63    1.63880    0.57199    0.67574    4.93801
        64    1.65980    0.57178    0.65113    4.79444
        65    1.67909    0.57116    0.62883    4.64987
        66    1.69943    0.57235    0.60823    4.51672
        67    1.71832    0.57089    0.58690    4.38282
        68    1.73693    0.56977    0.56696    4.25844
        69    1.75266    0.56820    0.54993    4.15642
        70    1.76580    0.56659    0.53575    4.05365
        71    1.78143    0.56473    0.51940    3.94964
        72    1.79774    0.56167    0.50161    3.84585
        73    1.81407    0.55869    0.48446    3.73466
        74    1.82439    0.55590    0.47288    3.66691
        75    1.83859    0.55275    0.45809    3.56938
        76    1.85147    0.54944    0.44455    3.49241
        77    1.86000    0.54761    0.43618    3.42156
        78    1.87264    0.54406    0.42313    3.34554
        79    1.88128    0.54009    0.41274    3.27440
        80    1.89045    0.53651    0.40258    3.21108
        81    1.89974    0.53117    0.39068    3.13606
        82    1.91201    0.52894    0.38038    3.07354
        83    1.91957    0.52598    0.37252    3.02184
        84    1.92775    0.52289    0.36428    2.95649
        85    1.93521    0.51773    0.35446    2.90508
        86    1.94205    0.51440    0.34706    2.84627
        87    1.94980    0.50992    0.33808    2.79247
        88    1.95785    0.50679    0.33046    2.74084
        89    1.96361    0.50188    0.32241    2.69872
        90    1.97092    0.49808    0.31479    2.64638
        91    1.97677    0.49466    0.30841    2.59532
        92    1.98153    0.49099    0.30240    2.55834
        93    1.98720    0.48722    0.29594    2.51326
        94    1.99204    0.48394    0.29043    2.47010
        95    1.99808    0.47852    0.28240    2.42164
        96    2.00140    0.47676    0.27919    2.39387
        97    2.00674    0.47245    0.27269    2.35695
        98    2.01126    0.46702    0.26559    2.31556
        99    2.01819    0.46415    0.25995    2.26531
       100    2.02163    0.45979    0.25449    2.22867
       101    2.02388    0.45731    0.25128    2.19664
       102    2.02899    0.45383    0.24604    2.17158
       103    2.03112    0.45079    0.24244    2.12678
       104    2.03729    0.44705    0.23668    2.09897
       105    2.04084    0.44335    0.23203    2.06472
       106    2.04152    0.44157    0.23020    2.02633
       107    2.04904    0.43668    0.22314    1.99338
       108    2.04963    0.43369    0.22033    1.96692
       109    2.05471    0.42932    0.21476    1.93675
       110    2.05743    0.42671    0.21158    1.90248
       111    2.05916    0.42357    0.20832    1.87674
       112    2.06198    0.42033    0.20463    1.84420
       113    2.06260    0.41816    0.20260    1.82289
       114    2.06855    0.41470    0.19778    1.78963
       115    2.07151    0.41099    0.19377    1.76662
       116    2.06945    0.41153    0.19487    1.74605
       117    2.07493    0.40577    0.18844    1.71152
       118    2.07678    0.40444    0.18680    1.68782
       119    2.07948    0.40029    0.18264    1.66739
       120    2.08094    0.39923    0.18136    1.64157
       121    2.08019    0.39756    0.18026    1.62041
       122    2.08640    0.39237    0.17434    1.58569
       123    2.08697    0.39185    0.17377    1.56817
       124    2.09015    0.38860    0.17034    1.54944
       125    2.09079    0.38690    0.16884    1.51905
       126    2.09513    0.38401    0.16543    1.49967
       127    2.09668    0.38128    0.16293    1.47748
       128    2.09591    0.38027    0.16237    1.46354
       129    2.10083    0.37644    0.15818    1.43864
       130    2.10223    0.37528    0.15695    1.42155
       131    2.10076    0.37330    0.15584    1.39938
       132    2.10530    0.37168    0.15350    1.38122
       133    2.10302    0.37027    0.15302    1.35862
       134    2.10854    0.36676    0.14907    1.34490
       135    2.10853    0.36613    0.14861    1.32260
       136    2.10997    0.36378    0.14654    1.30145
       137    2.11079    0.36121    0.14449    1.28435
       138    2.11404    0.35886    0.14204    1.26943
       139    2.11403    0.35799    0.14141    1.25098
       140    2.11561    0.35533    0.13916    1.22782
       141    2.11412    0.35484    0.13916    1.21659
       142    2.11688    0.35308    0.13728    1.19882
       143    2.12275    0.35001    0.13383    1.18040
       144    2.12006    0.35056    0.13480    1.16793
       145    2.12183    0.34825    0.13280    1.15130
       146    2.12390    0.34643    0.13110    1.13446
       147    2.12526    0.34555    0.13021    1.12139
       148    2.12403    0.34540    0.13036    1.11225
       149    2.12861    0.34158    0.12679    1.09273
       150    2.12686    0.34192    0.12738    1.08143
       151    2.12695    0.34075    0.12657    1.06527
       152    2.12933    0.33874    0.12471    1.04504
       153    2.12782    0.33853    0.12488    1.04154
       154    2.13043    0.33605    0.12269    1.02397
       155    2.13141    0.33485    0.12169    1.00941
       156    2.13380    0.33328    0.12017    0.99482
       157    2.13535    0.33109    0.11842    0.98459
       158    2.13648    0.33026    0.11767    0.96916
       159    2.13682    0.32924    0.11693    0.95938
       160    2.13607    0.32864    0.11667    0.94433
       161    2.13652    0.32827    0.11634    0.93504
       162    2.13951    0.32565    0.11409    0.92267
       163    2.14180    0.32346    0.11226    0.90590
       164    2.14058    0.32410    0.11289    0.90178
       165    2.14264    0.32225    0.11134    0.88768
       166    2.14157    0.32193    0.11131    0.87821
       167    2.14268    0.32090    0.11046    0.86826
       168    2.14307    0.31938    0.10942    0.85331
       169    2.14500    0.31809    0.10827    0.83943
       170    2.14474    0.31770    0.10806    0.83410
       171    2.14634    0.31559    0.10646    0.82367
       172    2.14537    0.31709    0.10757    0.81298
       173    2.14743    0.31470    0.10572    0.80007
       174    2.14691    0.31594    0.10659    0.79881
       175    2.14943    0.31274    0.10416    0.78352
       176    2.14829    0.31404    0.10516    0.77913
       177    2.15188    0.31157    0.10305    0.76835
       178    2.15064    0.31139    0.10313    0.75507
       179    2.15036    0.31026    0.10247    0.74932
       180    2.15238    0.30886    0.10129    0.73728
       181    2.15131    0.30982    0.10205    0.73267
       182    2.15393    0.30727    0.10008    0.72084
       183    2.15527    0.30545    0.09876    0.70883
       184    2.15521    0.30635    0.09932    0.70138
       185    2.15371    0.30811    0.10063    0.69728
       186    2.15538    0.30627    0.09925    0.68870
       187    2.15502    0.30442    0.09817    0.68075
       188    2.15710    0.30431    0.09780    0.67429
       189    2.15856    0.30144    0.09585    0.65961
       190    2.15793    0.30253    0.09660    0.65515
       191    2.15839    0.30184    0.09612    0.65136
       192    2.15718    0.30151    0.09609    0.64166
       193    2.15854    0.30090    0.09553    0.63550
       194    2.15831    0.30292    0.09679    0.63037
       195    2.16059    0.29938    0.09433    0.62724
       196    2.15729    0.30176    0.09623    0.62114
       197    2.15927    0.30146    0.09577    0.61355
       198    2.15905    0.30014    0.09501    0.60738
       199    2.16113    0.29930    0.09421    0.59797
       200    2.16221    0.29893    0.09385    0.59465
       201    2.16074    0.29934    0.09429    0.58251
       202    2.16236    0.29678    0.09254    0.57720
       203    2.16207    0.29724    0.09286    0.57709
       204    2.16346    0.29687    0.09245    0.56664
       205    2.16546    0.29352    0.09022    0.55586
       206    2.16315    0.29617    0.09208    0.55728
       207    2.16509    0.29234    0.08957    0.54282
       208    2.16691    0.29333    0.08992    0.54320
       209    2.16323    0.29609    0.09202    0.53991
       210    2.16712    0.29208    0.08916    0.52978
       211    2.16587    0.29355    0.09018    0.53000
       212    2.16662    0.29273    0.08960    0.52291
       213    2.16741    0.29216    0.08917    0.51637
       214    2.16830    0.28999    0.08780    0.50901
       215    2.16836    0.29017    0.08790    0.50597
       216    2.16647    0.29221    0.08932    0.50651
       217    2.16787    0.29157    0.08877    0.49994
       218    2.16799    0.29108    0.08847    0.49877
       219    2.17198    0.28739    0.08587    0.48785
       220    2.16968    0.28906    0.08710    0.48374
       221    2.17103    0.28770    0.08615    0.48073
       222    2.16896    0.28804    0.08659    0.47296
       223    2.17049    0.28876    0.08683    0.46967
       224    2.17208    0.28646    0.08532    0.46625
       225    2.16938    0.28849    0.08680    0.46558
       226    2.16903    0.28870    0.08697    0.46248
       227    2.17175    0.28566    0.08490    0.44986
       228    2.17161    0.28732    0.08587    0.44973
       229    2.17209    0.28633    0.08525    0.44330
       230    2.17103    0.28700    0.08575    0.44267
       231    2.17210    0.28588    0.08499    0.44076
       232    2.17326    0.28614    0.08500    0.43710
       233    2.17148    0.28717    0.08580    0.42862
       234    2.17478    0.28366    0.08342    0.42811
       235    2.17250    0.28614    0.08509    0.42595
       236    2.17207    0.28611    0.08512    0.42428
       237    2.17468    0.28393    0.08358    0.41507
       238    2.17380    0.28489    0.08423    0.41281
       239    2.17358    0.28426    0.08390    0.40677
       240    2.17561    0.28305    0.08299    0.40282
       241    2.17447    0.28443    0.08390    0.40273
       242    2.17412    0.28447    0.08395    0.40261
       243    2.17445    0.28402    0.08366    0.40019
       244    2.17665    0.28160    0.08206    0.39271
       245    2.17679    0.28203    0.08229    0.38923
       246    2.17855    0.28060    0.08130    0.38313
       247    2.17443    0.28402    0.08367    0.38831
       248    2.17583    0.28259    0.08271    0.38178
       249    2.17740    0.28088    0.08157    0.37881
       250    2.17743    0.28178    0.08208    0.37645
       251    2.17722    0.28252    0.08252    0.37511
       252    2.17859    0.28142    0.08176    0.37094
       253    2.17820    0.27955    0.08075    0.36531
       254    2.17939    0.27874    0.08018    0.36023
       255    2.17751    0.28130    0.08180    0.36181
       256    2.17808    0.28008    0.08105    0.36340
       257    2.17595    0.28145    0.08205    0.36505
       258    2.17836    0.27961    0.08076    0.35641
       259    2.17702    0.28133    0.08187    0.35634
       260    2.18058    0.27865    0.08001    0.34941
       261    2.18023    0.27664    0.07893    0.34347
       262    2.17935    0.27896    0.08030    0.34484
       263    2.17809    0.28040    0.08124    0.34712
       264    2.17936    0.27777    0.07964    0.33893
       265    2.18164    0.27663    0.07878    0.33755
       266    2.18128    0.27653    0.07876    0.33681
       267    2.17965    0.27797    0.07972    0.33633
       268    2.18077    0.27755    0.07938    0.33271
       269    2.17897    0.27882    0.08026    0.33297
       270    2.18030    0.27793    0.07964    0.33212
       271    2.18187    0.27611    0.07847    0.32840
       272    2.18153    0.27771    0.07940    0.32840
       273    2.18204    0.27734    0.07914    0.32669
       274    2.18100    0.27579    0.07838    0.32343
       275    2.18155    0.27765    0.07936    0.32327
       276    2.18078    0.27596    0.07850    0.32007
       277    2.18130    0.27744    0.07926    0.32139
       278    2.18005    0.27863    0.08005    0.32168
       279    2.18255    0.27658    0.07867    0.31421
       280    2.18093    0.27769    0.07944    0.31884
       281    2.18082    0.27687    0.07900    0.31553
       282    2.18226    0.27532    0.07800    0.31151
       283    2.18306    0.27421    0.07732    0.30539
       284    2.18225    0.27612    0.07845    0.31038
       285    2.18246    0.27617    0.07846    0.30700
       286    2.18273    0.27474    0.07764    0.30358
       287    2.18297    0.27532    0.07794    0.30131
       288    2.18260    0.27691    0.07885    0.30550
       289    2.18314    0.27430    0.07736    0.30201
       290    2.18401    0.27406    0.07715    0.30066
       291    2.18101    0.27745    0.07930    0.30655
       292    2.18459    0.27350    0.07679    0.29690
       293    2.18448    0.27311    0.07659    0.29504
       294    2.18377    0.27440    0.07736    0.29325
       295    2.18502    0.27432    0.07720    0.29373
       296    2.18663    0.27099    0.07525    0.28837
       297    2.18502    0.27264    0.07629    0.29083
       298    2.18313    0.27443    0.07743    0.29167
       299    2.18341    0.27445    0.07742    0.29271
       300    2.18688    0.27155    0.07553    0.28535
       301    2.18501    0.27337    0.07668    0.28643
       302    2.18353    0.27295    0.07658    0.28596
       303    2.18329    0.27419    0.07729    0.28643
       304    2.18698    0.27116    0.07531    0.28012
       305    2.18420    0.27194    0.07598    0.27882
       306    2.18688    0.27031    0.07486    0.27709
       307    2.18524    0.27142    0.07560    0.28036
       308    2.18279    0.27447    0.07749    0.28405
       309    2.18565    0.27154    0.07563    0.27916
       310    2.18736    0.27114    0.07527    0.27388
       311    2.18728    0.27021    0.07477    0.27603
       312    2.18631    0.27106    0.07531    0.27440
       313    2.18290    0.27438    0.07742    0.28216
       314    2.18533    0.27306    0.07649    0.27468
       315    2.18729    0.27220    0.07585    0.27595
       316    2.18455    0.27336    0.07672    0.27743
       317    2.18615    0.27115    0.07537    0.27036
       318    2.18694    0.27202    0.07578    0.27361
       319    2.18502    0.27495    0.07755    0.27709
       320    2.18717    0.27091    0.07516    0.26831
       321    2.18751    0.26901    0.07410    0.26415
       322    2.18636    0.27039    0.07495    0.26879
       323    2.18849    0.27035    0.07474    0.26908
       324    2.18623    0.27157    0.07559    0.26912
       325    2.18614    0.27143    0.07553    0.26565
       326    2.18446    0.27128    0.07560    0.27141
       327    2.18638    0.27015    0.07481    0.26455
       328    2.18875    0.26864    0.07380    0.26082
       329    2.18683    0.27143    0.07547    0.26693
       330    2.18829    0.26791    0.07345    0.25996
       331    2.18822    0.26996    0.07456    0.26263
       332    2.18794    0.26985    0.07452    0.26256
       333    2.18529    0.27208    0.07596    0.26695
       334    2.18748    0.27050    0.07491    0.26020
       335    2.18890    0.26896    0.07396    0.25681
       336    2.18698    0.26943    0.07438    0.26187
       337    2.18638    0.27167    0.07564    0.26332
       338    2.18988    0.26727    0.07298    0.25388
       339    2.18831    0.26951    0.07431    0.25853
       340    2.18917    0.26897    0.07394    0.26020
       341    2.18708    0.26876    0.07400    0.25734
       342    2.18947    0.26775    0.07327    0.25286
       343    2.18770    0.26887    0.07401    0.25708
       344    2.18961    0.26671    0.07270    0.25337
       345    2.18963    0.26669    0.07269    0.25319
       346    2.18958    0.26800    0.07339    0.25415
       347    2.19065    0.26608    0.07228    0.25034
       348    2.18964    0.26622    0.07244    0.24986
       349    2.18901    0.26807    0.07347    0.25545
       350    2.18909    0.26664    0.07271    0.25094
       351    2.18921    0.26767    0.07324    0.25151
       352    2.18709    0.27033    0.07485    0.25893
       353    2.18673    0.26919    0.07427    0.25568
       354    2.18996    0.26536    0.07195    0.24820
       355    2.18811    0.26871    0.07389    0.25365
       356    2.18897    0.26594    0.07234    0.24865
       357    2.19073    0.26620    0.07234    0.24871
       358    2.18799    0.26864    0.07386    0.25300
       359    2.18862    0.26761    0.07326    0.25147
       360    2.18863    0.26696    0.07291    0.25065
       361    2.18796    0.26782    0.07343    0.25320
       362    2.18944    0.26598    0.07233    0.24844
       363    2.18823    0.26746    0.07321    0.24999
       364    2.18912    0.26749    0.07315    0.24919
       365    2.19146    0.26466    0.07147    0.24355
       366    2.19180    0.26401    0.07110    0.24330
       367    2.19019    0.26625    0.07241    0.24729
       368    2.19038    0.26473    0.07159    0.24406
       369    2.18879    0.26743    0.07315    0.24834
       370    2.19044    0.26405    0.07122    0.24338
       371    2.19274    0.26284    0.07041    0.23948
       372    2.19223    0.26415    0.07114    0.24264
       373    2.19162    0.26291    0.07053    0.24087
       374    2.19087    0.26560    0.07201    0.24672
       375    2.19115    0.26321    0.07073    0.24221
       376    2.19097    0.26514    0.07176    0.24225
       377    2.18941    0.26549    0.07207    0.24537
       378    2.19166    0.26304    0.07060    0.23880
       379    2.19260    0.26295    0.07048    0.23971
       380    2.19064    0.26469    0.07155    0.24249
       381    2.19114    0.26411    0.07120    0.24037
       382    2.18928    0.26489    0.07176    0.24314
       383    2.18942    0.26440    0.07149    0.24209
       384    2.18911    0.26548    0.07209    0.24421
       385    2.19129    0.26262    0.07041    0.23812
       386    2.19151    0.26373    0.07097    0.24110
       387    2.18937    0.26578    0.07223    0.24437
       388    2.19113    0.26258    0.07040    0.23860
       389    2.18998    0.26503    0.07178    0.24277
       390    2.19025    0.26492    0.07170    0.24327
       391    2.19129    0.26414    0.07120    0.24227
       392    2.19013    0.26373    0.07108    0.24001
       393    2.19247    0.26208    0.07004    0.23734
       394    2.19221    0.26232    0.07018    0.23723
       395    2.19093    0.26341    0.07085    0.23864
       396    2.19378    0.26021    0.06896    0.23517
       397    2.19132    0.26471    0.07151    0.24257
       398    2.19224    0.26181    0.06991    0.23685
       399    2.19357    0.26024    0.06899    0.23370
       400    2.19318    0.26069    0.06925    0.23458
       401    2.19118    0.26313    0.07068    0.23899
       402    2.19225    0.26194    0.06998    0.23448
       403    2.19116    0.26227    0.07023    0.23640
       404    2.19183    0.26069    0.06935    0.23461
       405    2.19385    0.26071    0.06922    0.23322
       406    2.19331    0.26009    0.06893    0.23445
       407    2.19321    0.25949    0.06863    0.23204
       408    2.19216    0.26153    0.06977    0.23530
       409    2.19392    0.26005    0.06887    0.23274
       410    2.19231    0.26176    0.06988    0.23484
       411    2.19199    0.26041    0.06920    0.23285
       412    2.19213    0.26181    0.06992    0.23484
       413    2.19376    0.25891    0.06829    0.23051
       414    2.19323    0.26109    0.06946    0.23406
       415    2.19181    0.26059    0.06931    0.23303
       416    2.19159    0.26144    0.06976    0.23609
       417    2.19162    0.26143    0.06975    0.23517
       418    2.19341    0.25920    0.06846    0.23047
       419    2.19295    0.26004    0.06893    0.23308
       420    2.19229    0.26007    0.06900    0.23259
       421    2.19274    0.25945    0.06864    0.23222
       422    2.19251    0.25972    0.06880    0.23361
       423    2.19307    0.25943    0.06861    0.23241
       424    2.19302    0.26018    0.06900    0.23251
       425    2.19069    0.26145    0.06984    0.23749
       426    2.19294    0.25884    0.06831    0.23119
       427    2.19366    0.25907    0.06838    0.23156
       428    2.19267    0.25910    0.06847    0.23096
       429    2.19430    0.25922    0.06841    0.23312
       430    2.19252    0.25969    0.06878    0.23274
       431    2.19178    0.25968    0.06883    0.23196
       432    2.19391    0.25788    0.06775    0.22748
       433    2.19234    0.25974    0.06882    0.23289
       434    2.19267    0.26012    0.06899    0.23284
       435    2.19380    0.25850    0.06807    0.22953
       436    2.19328    0.25927    0.06851    0.23280
       437    2.19241    0.25930    0.06859    0.23219
       438    2.19365    0.25857    0.06812    0.23013
       439    2.19489    0.25646    0.06695    0.22722
       440    2.19408    0.25696    0.06726    0.22889
       441    2.19337    0.25816    0.06793    0.23039
       442    2.19400    0.25629    0.06692    0.22750
       443    2.19189    0.26052    0.06926    0.23429
       444    2.19520    0.25632    0.06685    0.22595
       445    2.19331    0.25873    0.06823    0.23127
       446    2.19286    0.25903    0.06842    0.23208
       447    2.19476    0.25736    0.06742    0.22818
       448    2.19200    0.25991    0.06894    0.23352
       449    2.19424    0.25800    0.06778    0.23108
       450    2.19252    0.25861    0.06822    0.23306
       451    2.19344    0.25542    0.06652    0.22737
       452    2.19209    0.25885    0.06838    0.23317
       453    2.19300    0.25787    0.06781    0.22962
       454    2.19479    0.25609    0.06676    0.22704
       455    2.19660    0.25404    0.06560    0.22362
       456    2.19331    0.25744    0.06756    0.22945
       457    2.19545    0.25495    0.06614    0.22604
       458    2.19416    0.25637    0.06695    0.22684
       459    2.19225    0.25789    0.06787    0.23119
       460    2.19439    0.25678    0.06715    0.22781
       461    2.19305    0.25675    0.06723    0.22823
       462    2.19338    0.25626    0.06695    0.22822
       463    2.19560    0.25320    0.06524    0.22182
       464    2.19306    0.25806    0.06790    0.23035
       465    2.19489    0.25756    0.06751    0.22910
       466    2.19532    0.25605    0.06671    0.22782
       467    2.19429    0.25580    0.06665    0.22680
       468    2.19230    0.25740    0.06762    0.23215
       469    2.19513    0.25400    0.06568    0.22433
       470    2.19415    0.25548    0.06650    0.22707
       471    2.19556    0.25497    0.06614    0.22687
       472    2.19361    0.25505    0.06631    0.22698
       473    2.19364    0.25564    0.06662    0.22745
       474    2.19527    0.25347    0.06540    0.22367
       475    2.19541    0.25490    0.06611    0.22524
       476    2.19570    0.25394    0.06561    0.22485
       477    2.19338    0.25433    0.06597    0.22587
       478    2.19543    0.25430    0.06581    0.22511
       479    2.19509    0.25344    0.06540    0.22154
       480    2.19549    0.25387    0.06559    0.22459
       481    2.19396    0.25463    0.06608    0.22628
       482    2.19448    0.25551    0.06649    0.22787
       483    2.19432    0.25560    0.06655    0.22785
       484    2.19563    0.25343    0.06535    0.22252
       485    2.19465    0.25356    0.06549    0.22483
       486    2.19266    0.25532    0.06652    0.22812
       487    2.19445    0.25351    0.06547    0.22346
       488    2.19446    0.25462    0.06604    0.22557
       489    2.19434    0.25457    0.06602    0.22741
       490    2.19487    0.25348    0.06543    0.22415
       491    2.19762    0.25154    0.06427    0.22254
       492    2.19420    0.25521    0.06636    0.22836
       493    2.19493    0.25317    0.06527    0.22328
       494    2.19447    0.25341    0.06542    0.22423
       495    2.19412    0.25434    0.06592    0.22649
       496    2.19629    0.25148    0.06432    0.22200
       497    2.19526    0.25252    0.06492    0.22317
       498    2.19522    0.25270    0.06501    0.22321
       499    2.19601    0.25032    0.06376    0.21935
       500    2.19468    0.25245    0.06492    0.22193
       501    2.19365    0.25481    0.06619    0.22873
       502    2.19533    0.25271    0.06501    0.22433
       503    2.19527    0.25361    0.06547    0.22619
       504    2.19382    0.25335    0.06544    0.22593
       505    2.19454    0.25318    0.06530    0.22435
       506    2.19572    0.25181    0.06453    0.22259
       507    2.19496    0.25157    0.06446    0.22217
       508    2.19519    0.25213    0.06472    0.22400
       509    2.19795    0.24888    0.06292    0.21912
       510    2.19623    0.25117    0.06417    0.22131
       511    2.19496    0.25225    0.06480    0.22401
       512    2.19569    0.25096    0.06410    0.22173
       513    2.19522    0.25107    0.06419    0.22191
       514    2.19561    0.24984    0.06355    0.22062
       515    2.19745    0.24810    0.06256    0.21705
       516    2.19436    0.25156    0.06449    0.22406
       517    2.19488    0.25145    0.06441    0.22219
       518    2.19619    0.25154    0.06436    0.22346
       519    2.19603    0.25117    0.06418    0.22258
       520    2.19686    0.24999    0.06354    0.21951
       521    2.19575    0.25035    0.06379    0.22067
       522    2.19590    0.25045    0.06384    0.22020
       523    2.19614    0.24866    0.06293    0.21800
       524    2.19432    0.25143    0.06443    0.22369
       525    2.19460    0.25209    0.06475    0.22395
       526    2.19495    0.25172    0.06454    0.22337
       527    2.19705    0.24936    0.06321    0.21991
       528    2.19790    0.24874    0.06285    0.21856
       529    2.19603    0.24943    0.06332    0.21946
       530    2.19519    0.25121    0.06426    0.22328
       531    2.19368    0.25248    0.06501    0.22637
       532    2.19405    0.25127    0.06437    0.22448
       533    2.19700    0.24924    0.06316    0.22011
       534    2.19685    0.24924    0.06317    0.21936
       535    2.19624    0.24965    0.06341    0.22176
       536    2.19587    0.24827    0.06275    0.21821
       537    2.19622    0.24840    0.06279    0.21865
       538    2.19621    0.24935    0.06326    0.21999
       539    2.19574    0.24920    0.06322    0.22127
       540    2.19475    0.25085    0.06411    0.22316
       541    2.19627    0.24933    0.06325    0.22004
       542    2.19600    0.24933    0.06326    0.22072
       543    2.19521    0.24950    0.06341    0.22257
       544    2.19478    0.25048    0.06393    0.22381
       545    2.19529    0.24964    0.06347    0.22111
       546    2.19683    0.24835    0.06272    0.22006
       547    2.19687    0.24871    0.06290    0.22026
       548    2.19532    0.24915    0.06322    0.22071
       549    2.19662    0.24798    0.06255    0.21867
       550    2.19598    0.24767    0.06244    0.21859
       551    2.19850    0.24795    0.06242    0.21956
       552    2.19859    0.24597    0.06144    0.21569
       553    2.19533    0.24853    0.06292    0.22179
       554    2.19843    0.24706    0.06199    0.21799
       555    2.19578    0.24696    0.06211    0.21797
       556    2.19565    0.24755    0.06240    0.21853
       557    2.19388    0.24991    0.06370    0.22521
       558    2.19790    0.24616    0.06158    0.21627
       559    2.19755    0.24479    0.06092    0.21406
       560    2.19465    0.24878    0.06308    0.22237
       561    2.19638    0.24812    0.06264    0.21969
       562    2.19685    0.24622    0.06167    0.21657
       563    2.19584    0.24766    0.06245    0.21972
       564    2.19685    0.24563    0.06138    0.21532
       565    2.19651    0.24787    0.06251    0.21983
       566    2.19678    0.24687    0.06199    0.21761
       567    2.19809    0.24446    0.06073    0.21318
       568    2.19825    0.24495    0.06096    0.21520
       569    2.19752    0.24490    0.06098    0.21432
       570    2.19624    0.24632    0.06176    0.21841
       571    2.19772    0.24542    0.06122    0.21616
       572    2.19718    0.24619    0.06163    0.21700
       573    2.19613    0.24580    0.06151    0.21819
       574    2.19540    0.24615    0.06173    0.21734
       575    2.19787    0.24551    0.06126    0.21601
       576    2.19757    0.24539    0.06121    0.21551
       577    2.19559    0.24689    0.06208    0.22034
       578    2.19738    0.24376    0.06043    0.21315
       579    2.19605    0.24621    0.06172    0.21812
       580    2.19827    0.24366    0.06032    0.21308
       581    2.19928    0.24280    0.05985    0.21243
       582    2.19729    0.24583    0.06145    0.21857
       583    2.19573    0.24629    0.06178    0.21929
       584    2.19724    0.24303    0.06009    0.21290
       585    2.19683    0.24519    0.06116    0.21600
       586    2.19753    0.24476    0.06091    0.21580
       587    2.19770    0.24403    0.06054    0.21477
       588    2.19741    0.24451    0.06079    0.21567
       589    2.19703    0.24439    0.06076    0.21600
       590    2.19681    0.24513    0.06114    0.21633
       591    2.19558    0.24617    0.06173    0.22029
       592    2.19535    0.24528    0.06131    0.21854
       593    2.19727    0.24404    0.06057    0.21506
       594    2.19844    0.24298    0.05998    0.21329
       595    2.19761    0.24413    0.06059    0.21571
       596    2.19653    0.24469    0.06094    0.21721
       597    2.19936    0.24220    0.05955    0.21203
       598    2.19610    0.24521    0.06122    0.21784
       599    2.19884    0.24173    0.05936    0.21237
       600    2.19857    0.24225    0.05962    0.21202
       601    2.19805    0.24249    0.05977    0.21384
       602    2.19759    0.24299    0.06004    0.21391
       603    2.19746    0.24406    0.06057    0.21642
       604    2.19723    0.24313    0.06013    0.21504
       605    2.19764    0.24325    0.06017    0.21538
       606    2.19877    0.24185    0.05942    0.21260
       607    2.19823    0.24096    0.05902    0.20995
       608    2.19797    0.24198    0.05953    0.21232
       609    2.19628    0.24295    0.06011    0.21449
       610    2.19856    0.24190    0.05945    0.21244
       611    2.19601    0.24299    0.06015    0.21714
       612    2.19814    0.24129    0.05919    0.21206
       613    2.19689    0.24297    0.06008    0.21601
       614    2.19946    0.24013    0.05855    0.21076
       615    2.19839    0.24175    0.05939    0.21275
       616    2.19757    0.24094    0.05905    0.21188
       617    2.19638    0.24176    0.05953    0.21349
       618    2.19892    0.23988    0.05846    0.20936
       619    2.19871    0.24058    0.05881    0.21013
       620    2.19638    0.24305    0.06015    0.21751
       621    2.20000    0.23881    0.05788    0.20935
       622    2.19886    0.24068    0.05884    0.21099
       623    2.19903    0.24011    0.05856    0.21034
       624    2.19885    0.23927    0.05817    0.20786
       625    2.19801    0.23914    0.05816    0.20787
       626    2.19823    0.24056    0.05883    0.21101
       627    2.19762    0.24128    0.05921    0.21346
       628    2.19753    0.24013    0.05866    0.21048
       629    2.19852    0.23953    0.05831    0.20967
       630    2.19733    0.24192    0.05954    0.21430
       631    2.19684    0.24184    0.05953    0.21480
       632    2.19750    0.24049    0.05884    0.21164
       633    2.19930    0.23965    0.05833    0.21121
       634    2.19984    0.23741    0.05722    0.20682
       635    2.19885    0.23882    0.05795    0.20813
       636    2.19719    0.23947    0.05837    0.21130
       637    2.19840    0.23984    0.05847    0.21013
       638    2.19637    0.24157    0.05943    0.21568
       639    2.19888    0.23867    0.05788    0.20850
       640    2.19933    0.23651    0.05683    0.20511
       641    2.19879    0.23988    0.05847    0.21116
       642    2.19795    0.23893    0.05807    0.20951
       643    2.19937    0.23809    0.05758    0.20889
       644    2.19811    0.23879    0.05799    0.20952
       645    2.19895    0.23851    0.05780    0.20884
       646    2.19841    0.23996    0.05853    0.21146
       647    2.19751    0.24003    0.05862    0.21150
       648    2.19874    0.23846    0.05779    0.20954
       649    2.19817    0.23980    0.05846    0.21209
       650    2.19662    0.23973    0.05853    0.21251
       651    2.19738    0.23894    0.05810    0.21104
       652    2.19978    0.23664    0.05686    0.20580
       653    2.19783    0.23933    0.05826    0.21198
       654    2.19609    0.24091    0.05913    0.21501
       655    2.19895    0.23879    0.05793    0.20916
       656    2.19803    0.23795    0.05759    0.20950
       657    2.19770    0.23811    0.05769    0.21006
       658    2.19754    0.23954    0.05838    0.21223
       659    2.20085    0.23639    0.05668    0.20738
       660    2.19668    0.23810    0.05775    0.21185
       661    2.19925    0.23690    0.05702    0.20772
       662    2.19909    0.23549    0.05636    0.20554
       663    2.19833    0.23821    0.05770    0.21091
       664    2.19862    0.23776    0.05746    0.20845
       665    2.20245    0.23445    0.05568    0.20757
       666    2.20040    0.23464    0.05588    0.20338
       667    2.19885    0.23622    0.05672    0.20676
       668    2.19878    0.23700    0.05710    0.20887
       669    2.19817    0.23723    0.05724    0.20820
       670    2.19906    0.23626    0.05673    0.20678
       671    2.19879    0.23699    0.05709    0.20839
       672    2.19827    0.23598    0.05664    0.20700
       673    2.19882    0.23587    0.05656    0.20722
       674    2.19691    0.23847    0.05791    0.21125
       675    2.19968    0.23511    0.05615    0.20517
       676    2.19953    0.23440    0.05582    0.20405
       677    2.19943    0.23577    0.05647    0.20561
       678    2.19906    0.23679    0.05698    0.20902
       679    2.19894    0.23681    0.05699    0.20986
       680    2.19840    0.23619    0.05673    0.20752
       681    2.19848    0.23682    0.05703    0.20887
       682    2.19735    0.23735    0.05735    0.21185
       683    2.19998    0.23381    0.05552    0.20396
       684    2.19678    0.23699    0.05721    0.21144
       685    2.19863    0.23571    0.05649    0.20819
       686    2.20075    0.23408    0.05560    0.20546
       687    2.20014    0.23362    0.05542    0.20333
       688    2.19819    0.23545    0.05640    0.20778
       689    2.19796    0.23587    0.05661    0.20878
       690    2.20065    0.23276    0.05499    0.20284
       691    2.19930    0.23605    0.05661    0.20875
       692    2.19820    0.23567    0.05650    0.20706
       693    2.20005    0.23449    0.05583    0.20533
       694    2.19925    0.23537    0.05629    0.20706
       695    2.19904    0.23516    0.05621    0.20779
       696    2.20063    0.23372    0.05544    0.20506
       697    2.20112    0.23205    0.05463    0.20194
       698    2.19858    0.23434    0.05585    0.20635
       699    2.19882    0.23336    0.05538    0.20461
       700    2.19798    0.23468    0.05605    0.20790
       701    2.19795    0.23516    0.05627    0.20798
       702    2.20093    0.23117    0.05424    0.20034
       703    2.20006    0.23196    0.05465    0.20051
       704    2.19886    0.23347    0.05543    0.20492
       705    2.20045    0.23283    0.05504    0.20384
       706    2.19965    0.23287    0.05510    0.20440
       707    2.19901    0.23480    0.05604    0.20773
       708    2.20069    0.23139    0.05435    0.20214
       709    2.19971    0.23303    0.05517    0.20387
       710    2.19900    0.23329    0.05534    0.20542
       711    2.19985    0.23263    0.05498    0.20428
       712    2.20049    0.23136    0.05435    0.20187
       713    2.19928    0.23304    0.05520    0.20414
       714    2.19797    0.23419    0.05582    0.20861
       715    2.19971    0.23257    0.05496    0.20365
       716    2.19900    0.23362    0.05549    0.20674
       717    2.19881    0.23379    0.05558    0.20642
       718    2.19846    0.23344    0.05544    0.20640
       719    2.20070    0.23230    0.05478    0.20455
       720    2.20005    0.23218    0.05476    0.20371
       721    2.19979    0.23248    0.05491    0.20489
       722    2.19967    0.23136    0.05440    0.20291
       723    2.20044    0.23096    0.05417    0.20134
       724    2.19805    0.23372    0.05559    0.20639
       725    2.19925    0.23260    0.05500    0.20502
       726    2.19893    0.23346    0.05542    0.20674
       727    2.19939    0.23182    0.05463    0.20330
       728    2.19829    0.23268    0.05509    0.20556
       729    2.19765    0.23429    0.05589    0.20947
       730    2.20021    0.23139    0.05438    0.20358
       731    2.19952    0.23117    0.05432    0.20337
       732    2.19851    0.23155    0.05456    0.20417
       733    2.19995    0.23312    0.05520    0.20658
       734    2.19965    0.23240    0.05488    0.20569
       735    2.20011    0.23163    0.05450    0.20545
       736    2.20007    0.23069    0.05407    0.20254
       737    2.20054    0.22967    0.05357    0.20076
       738    2.19838    0.23209    0.05481    0.20666
       739    2.20051    0.23031    0.05386    0.20155
       740    2.20143    0.22945    0.05342    0.20031
       741    2.19995    0.23051    0.05399    0.20114
       742    2.19907    0.23155    0.05452    0.20487
       743    2.19938    0.23166    0.05455    0.20503
       744    2.20152    0.22894    0.05318    0.20065
       745    2.20096    0.22989    0.05365    0.20189
       746    2.19901    0.23062    0.05409    0.20348
       747    2.19967    0.23114    0.05429    0.20428
       748    2.19919    0.23089    0.05421    0.20368
       749    2.19974    0.23068    0.05408    0.20267
       750    2.20013    0.23093    0.05417    0.20434
       751    2.20075    0.22918    0.05333    0.20108
       752    2.19956    0.23165    0.05454    0.20573
       753    2.20114    0.22928    0.05335    0.20159
       754    2.20010    0.22970    0.05361    0.20157
       755    2.19994    0.23002    0.05377    0.20195
       756    2.20197    0.22753    0.05251    0.19873
       757    2.20086    0.22912    0.05330    0.20103
       758    2.20024    0.22932    0.05343    0.20164
       759    2.19982    0.22990    0.05371    0.20282
       760    2.19910    0.23025    0.05392    0.20412
       761    2.19998    0.23020    0.05384    0.20281
       762    2.19967    0.22914    0.05338    0.20152
       763    2.19959    0.22923    0.05342    0.20211
       764    2.20053    0.22855    0.05305    0.20016
       765    2.20050    0.22775    0.05269    0.20008
       766    2.20019    0.22825    0.05294    0.20012
       767    2.19987    0.22846    0.05305    0.20097
       768    2.20120    0.22685    0.05224    0.19736
       769    2.20248    0.22599    0.05178    0.19724
       770    2.20043    0.22891    0.05323    0.20105
       771    2.19934    0.22891    0.05329    0.20248
       772    2.19755    0.23007    0.05393    0.20685
       773    2.20093    0.22763    0.05261    0.19892
       774    2.20215    0.22627    0.05193    0.19769
       775    2.20000    0.22836    0.05300    0.20140
       776    2.20220    0.22777    0.05261    0.20080
       777    2.20121    0.22546    0.05161    0.19696
       778    2.20234    0.22588    0.05174    0.19840
       779    2.20157    0.22618    0.05192    0.19742
       780    2.20147    0.22576    0.05174    0.19662
       781    2.19952    0.22701    0.05241    0.20028
       782    2.20099    0.22537    0.05158    0.19558
       783    2.20194    0.22575    0.05170    0.19756
       784    2.20176    0.22637    0.05200    0.19828
       785    2.20053    0.22589    0.05185    0.19754
       786    2.20033    0.22704    0.05238    0.19989
       787    2.20065    0.22645    0.05210    0.19855
       788    2.20042    0.22592    0.05187    0.19800
       789    2.20098    0.22593    0.05184    0.19701
       790    2.20126    0.22554    0.05165    0.19680
       791    2.20141    0.22459    0.05121    0.19548
       792    2.20087    0.22638    0.05205    0.19928
       793    2.20049    0.22507    0.05148    0.19724
       794    2.20043    0.22592    0.05187    0.19926
       795    2.20042    0.22673    0.05223    0.19986
       796    2.19901    0.22822    0.05299    0.20380
       797    2.20259    0.22370    0.05075    0.19595
       798    2.20067    0.22637    0.05206    0.20047
       799    2.20025    0.22649    0.05214    0.19954
       800    2.20199    0.22348    0.05068    0.19482
       801    2.19915    0.22665    0.05227    0.20229
       802    2.20221    0.22291    0.05042    0.19428
       803    2.20057    0.22548    0.05166    0.19868
       804    2.20301    0.22368    0.05072    0.19517
       805    2.20129    0.22471    0.05127    0.19720
       806    2.20022    0.22542    0.05165    0.19977
       807    2.19937    0.22681    0.05233    0.20088
       808    2.19879    0.22773    0.05279    0.20407
       809    2.20166    0.22466    0.05123    0.19749
       810    2.20171    0.22403    0.05094    0.19686
       811    2.19977    0.22604    0.05196    0.20084
       812    2.20032    0.22514    0.05152    0.19829
       813    2.20012    0.22541    0.05165    0.19881
       814    2.19998    0.22487    0.05142    0.19904
       815    2.20193    0.22365    0.05076    0.19653
       816    2.20086    0.22564    0.05171    0.20005
       817    2.20006    0.22495    0.05145    0.19839
       818    2.20002    0.22610    0.05197    0.20167
       819    2.20095    0.22520    0.05151    0.19846
       820    2.20239    0.22276    0.05034    0.19567
       821    2.20005    0.22489    0.05143    0.20027
       822    2.20159    0.22293    0.05046    0.19478
       823    2.20125    0.22306    0.05054    0.19473
       824    2.20057    0.22383    0.05092    0.19726
       825    2.19953    0.22499    0.05150    0.20091
       826    2.20158    0.22309    0.05053    0.19646
       827    2.20238    0.22238    0.05017    0.19426
       828    2.20135    0.22463    0.05124    0.19881
       829    2.20366    0.22143    0.04968    0.19400
       830    2.20234    0.22353    0.05069    0.19765
       831    2.19939    0.22461    0.05134    0.20015
       832    2.20055    0.22395    0.05097    0.19825
       833    2.20115    0.22383    0.05088    0.19740
       834    2.20151    0.22207    0.05008    0.19486
       835    2.20315    0.22103    0.04953    0.19234
       836    2.20311    0.22172    0.04984    0.19393
       837    2.20108    0.22275    0.05041    0.19614
       838    2.19999    0.22374    0.05091    0.19870
       839    2.20294    0.22070    0.04940    0.19339
       840    2.20271    0.22022    0.04920    0.19152
       841    2.20081    0.22290    0.05049    0.19765
       842    2.20072    0.22241    0.05028    0.19563
       843    2.20116    0.22147    0.04984    0.19408
       844    2.20221    0.22137    0.04973    0.19446
       845    2.20218    0.22067    0.04942    0.19297
       846    2.20080    0.22257    0.05034    0.19707
       847    2.20193    0.22237    0.05019    0.19510
       848    2.20090    0.22200    0.05008    0.19615
       849    2.20139    0.22237    0.05022    0.19588
       850    2.20120    0.22239    0.05024    0.19619
       851    2.20176    0.22078    0.04950    0.19367
       852    2.20256    0.22065    0.04940    0.19450
       853    2.20122    0.22189    0.05002    0.19727
       854    2.20290    0.21980    0.04900    0.19273
       855    2.20030    0.22133    0.04982    0.19661
       856    2.20309    0.21955    0.04888    0.19315
       857    2.20158    0.22147    0.04981    0.19465
       858    2.20196    0.22037    0.04930    0.19346
       859    2.20156    0.22019    0.04925    0.19300
       860    2.20245    0.21884    0.04861    0.19077
       861    2.20148    0.22047    0.04937    0.19370
       862    2.20215    0.22079    0.04948    0.19422
       863    2.20161    0.22080    0.04951    0.19488
       864    2.20142    0.22112    0.04966    0.19469
       865    2.20151    0.21983    0.04909    0.19265
       866    2.20154    0.22032    0.04930    0.19441
       867    2.20053    0.22173    0.04998    0.19766
       868    2.20276    0.21985    0.04903    0.19324
       869    2.20134    0.22085    0.04955    0.19389
       870    2.20227    0.21940    0.04886    0.19347
       871    2.20315    0.21861    0.04847    0.19087
       872    2.20055    0.22019    0.04930    0.19566
       873    2.20305    0.21728    0.04789    0.18885
       874    2.20145    0.22054    0.04941    0.19516
       875    2.20127    0.22052    0.04941    0.19570
       876    2.20365    0.21819    0.04826    0.19123
       877    2.20182    0.21893    0.04868    0.19265
       878    2.20199    0.21876    0.04860    0.19127
       879    2.20072    0.21922    0.04887    0.19450
       880    2.20186    0.21983    0.04907    0.19375
       881    2.20139    0.21868    0.04859    0.19267
       882    2.20072    0.21949    0.04899    0.19477
       883    2.20243    0.21918    0.04875    0.19326
       884    2.20163    0.21978    0.04906    0.19434
       885    2.20224    0.21877    0.04859    0.19292
       886    2.20186    0.21883    0.04863    0.19349
       887    2.20345    0.21705    0.04777    0.18983
       888    2.20325    0.21667    0.04762    0.18892
       889    2.20350    0.21657    0.04756    0.18869
       890    2.20228    0.21770    0.04812    0.19067
       891    2.20141    0.21999    0.04916    0.19573
       892    2.20220    0.21651    0.04760    0.18967
       893    2.20215    0.21765    0.04810    0.19126
       894    2.20245    0.21704    0.04782    0.19069
       895    2.20332    0.21650    0.04754    0.18925
       896    2.20249    0.21730    0.04793    0.19093
       897    2.20141    0.21926    0.04884    0.19511
       898    2.20251    0.21856    0.04848    0.19414
       899    2.20165    0.21757    0.04810    0.19244
       900    2.20371    0.21634    0.04745    0.18955
       901    2.20374    0.21514    0.04693    0.18776
       902    2.20270    0.21632    0.04750    0.18919
       903    2.20101    0.21816    0.04839    0.19398
       904    2.20424    0.21431    0.04655    0.18666
       905    2.20231    0.21621    0.04747    0.18960
       906    2.20217    0.21602    0.04740    0.18952
       907    2.20148    0.21815    0.04836    0.19362
       908    2.20357    0.21560    0.04714    0.18922
       909    2.20156    0.21730    0.04798    0.19301
       910    2.20286    0.21616    0.04742    0.18997
       911    2.20214    0.21664    0.04767    0.19065
       912    2.20351    0.21565    0.04716    0.18939
       913    2.20203    0.21727    0.04794    0.19234
       914    2.20428    0.21467    0.04670    0.18784
       915    2.20358    0.21415    0.04652    0.18680
       916    2.20237    0.21651    0.04760    0.19049
       917    2.20222    0.21481    0.04687    0.18740
       918    2.20111    0.21732    0.04801    0.19358
       919    2.20193    0.21567    0.04725    0.19023
       920    2.20333    0.21418    0.04654    0.18729
       921    2.20324    0.21534    0.04704    0.18848
       922    2.20244    0.21451    0.04673    0.18826
       923    2.20393    0.21465    0.04671    0.18870
       924    2.20228    0.21489    0.04690    0.18926
       925    2.20426    0.21395    0.04639    0.18687
       926    2.20311    0.21369    0.04634    0.18603
       927    2.20210    0.21589    0.04734    0.19118
       928    2.20125    0.21646    0.04764    0.19229
       929    2.20264    0.21507    0.04696    0.19029
       930    2.20232    0.21537    0.04710    0.19036
       931    2.20275    0.21472    0.04680    0.18844
       932    2.20340    0.21445    0.04665    0.18907
       933    2.20081    0.21581    0.04738    0.19381
       934    2.20312    0.21360    0.04630    0.18714
       935    2.20162    0.21554    0.04722    0.19122
       936    2.20127    0.21588    0.04738    0.19235
       937    2.20408    0.21419    0.04651    0.18786
       938    2.20261    0.21420    0.04659    0.18760
       939    2.20498    0.21322    0.04605    0.18786
       940    2.20222    0.21478    0.04686    0.19022
       941    2.20400    0.21264    0.04585    0.18642
       942    2.20391    0.21252    0.04580    0.18530
       943    2.20371    0.21220    0.04568    0.18602
       944    2.20293    0.21316    0.04613    0.18680
       945    2.20261    0.21528    0.04705    0.19080
       946    2.20246    0.21427    0.04663    0.18908
       947    2.20145    0.21495    0.04697    0.19078
       948    2.20248    0.21435    0.04666    0.18952
       949    2.20450    0.21161    0.04539    0.18491
       950    2.20390    0.21121    0.04525    0.18415
       951    2.20273    0.21298    0.04606    0.18800
       952    2.20281    0.21355    0.04630    0.18746
       953    2.20318    0.21222    0.04571    0.18523
       954    2.20259    0.21240    0.04582    0.18667
       955    2.20300    0.21215    0.04570    0.18604
       956    2.20241    0.21255    0.04589    0.18700
       957    2.20370    0.21216    0.04566    0.18637
       958    2.20341    0.21147    0.04538    0.18495
       959    2.20145    0.21410    0.04661    0.19063
       960    2.20365    0.21123    0.04527    0.18535
       961    2.20381    0.21239    0.04575    0.18728
       962    2.20238    0.21291    0.04605    0.18827
       963    2.20360    0.21230    0.04572    0.18701
       964    2.20455    0.21081    0.04505    0.18500
       965    2.20252    0.21279    0.04599    0.18808
       966    2.20128    0.21443    0.04676    0.19185
       967    2.20346    0.21209    0.04565    0.18597
       968    2.20296    0.21201    0.04564    0.18716
       969    2.20428    0.21143    0.04532    0.18652
       970    2.20502    0.21092    0.04507    0.18600
       971    2.20220    0.21225    0.04578    0.18746
       972    2.20332    0.21092    0.04516    0.18455
       973    2.20389    0.21157    0.04540    0.18682
       974    2.20377    0.21167    0.04545    0.18681
       975    2.20331    0.21151    0.04541    0.18621
       976    2.20365    0.21030    0.04488    0.18539
       977    2.20281    0.21172    0.04552    0.18639
       978    2.20401    0.21008    0.04477    0.18433
       979    2.20348    0.20968    0.04462    0.18391
       980    2.20370    0.21048    0.04495    0.18439
       981    2.20384    0.21022    0.04483    0.18427
       982    2.20285    0.21073    0.04510    0.18550
       983    2.20382    0.20884    0.04426    0.18228
       984    2.20259    0.21226    0.04576    0.18888
       985    2.20439    0.20986    0.04465    0.18368
       986    2.20202    0.21172    0.04556    0.18777
       987    2.20413    0.21025    0.04483    0.18557
       988    2.20460    0.20874    0.04418    0.18304
       989    2.20536    0.20895    0.04423    0.18374
       990    2.20415    0.20854    0.04411    0.18318
       991    2.20316    0.21110    0.04524    0.18722
       992    2.20351    0.20975    0.04465    0.18401
       993    2.20309    0.20893    0.04433    0.18334
       994    2.20374    0.20972    0.04463    0.18397
       995    2.20351    0.20978    0.04467    0.18537
       996    2.20452    0.20916    0.04435    0.18482
       997    2.20246    0.20991    0.04478    0.18618
       998    2.20279    0.21009    0.04483    0.18578
       999    2.20159    0.21162    0.04554    0.18978

Final Weights:        -0.5306421479        -0.2308786335         0.5405497984         0.2266037107 