# Cycles, Average Predicted Temperature, Stddev Predicted Temperature, Mean Squared Error, || MSE Gradient ||
         0    0.00000    0.00001    4.88049    0.00342
         1    0.00000    0.00001    4.88049    0.00345
         2    0.00000    0.00001    4.88049    0.00352
         3    0.00000    0.00001    4.88049    0.00346
         4    0.00000    0.00001    4.88049    0.00351
         5    0.00000    0.00001    4.88049    0.00351
         6    0.00000    0.00001    4.88049    0.00340
         7    0.00000    0.00001    4.88049    0.00348
         8    0.00000    0.00001    4.88049    0.00344
         9    0.00000    0.00001    4.88049    0.00350
        10    0.00000    0.00001    4.88049    0.00344
        11    0.00000    0.00001    4.88049    0.00345
        12    0.00000    0.00001    4.88049    0.00345
        13    0.00000    0.00001    4.88049    0.00343
        14    0.00000    0.00001    4.88049    0.00346
        15    0.00000    0.00001    4.88049    0.00354
        16    0.00000    0.00001    4.88049    0.00351
        17    0.00000    0.00001    4.88049    0.00354
        18    0.00000    0.00001    4.88049    0.00346
        19    0.00000    0.00001    4.88049    0.00345
        20    0.00000    0.00001    4.88049    0.00353
        21    0.00000    0.00001    4.88049    0.00344
        22    0.00000    0.00001    4.88049    0.00348
        23    0.00000    0.00001    4.88049    0.00351
        24    0.00000    0.00001    4.88049    0.00349
        25    0.00000    0.00001    4.88049    0.00346
        26    0.00000    0.00001    4.88049    0.00352
        27    0.00000    0.00001    4.88049    0.00351
        28    0.00000    0.00001    4.88049    0.00347
        29    0.00000    0.00001    4.88049    0.00349
        30    0.00000    0.00001    4.88049    0.00345
        31    0.00000    0.00001    4.88049    0.00348
        32    0.00000    0.00001    4.88049    0.00352
        33    0.00000    0.00001    4.88049    0.00354
        34    0.00000    0.00001    4.88049    0.00351
        35    0.00000    0.00001    4.88049    0.00359
        36    0.00000    0.00001    4.88049    0.00352
        37    0.00000    0.00001    4.88049    0.00354
        38    0.00000    0.00001    4.88049    0.00353
        39    0.00000    0.00001    4.88049    0.00355
        40    0.00000    0.00001    4.88049    0.00352
        41    0.00000    0.00001    4.88049    0.00353
        42    0.00000    0.00001    4.88049    0.00355
        43    0.00000    0.00001    4.88049    0.00353
        44    0.00000    0.00001    4.88049    0.00358
        45    0.00000    0.00001    4.88049    0.00354
        46    0.00000    0.00001    4.88049    0.00352
        47    0.00000    0.00001    4.88049    0.00349
        48    0.00000    0.00001    4.88049    0.00356
        49    0.00000    0.00001    4.88049    0.00355
        50    0.00000    0.00001    4.88049    0.00354
        51    0.00000    0.00001    4.88049    0.00355
        52    0.00000    0.00001    4.88049    0.00354
        53    0.00000    0.00001    4.88049    0.00352
        54    0.00000    0.00001    4.88049    0.00359
        55    0.00000    0.00001    4.88049    0.00357
        56    0.00000    0.00001    4.88049    0.00357
        57    0.00000    0.00001    4.88049    0.00354
        58    0.00000    0.00001    4.88049    0.00351
        59    0.00000    0.00001    4.88049    0.00356
        60    0.00000    0.00001    4.88049    0.00359
        61    0.00000    0.00001    4.88049    0.00354
        62    0.00000    0.00001    4.88049    0.00354
        63    0.00000    0.00001    4.88049    0.00355
        64    0.00000    0.00001    4.88049    0.00362
        65    0.00000    0.00001    4.88049    0.00355
        66    0.00000    0.00001    4.88049    0.00356
        67    0.00000    0.00001    4.88049    0.00357
        68    0.00000    0.00001    4.88049    0.00350
        69    0.00000    0.00001    4.88049    0.00354
        70    0.00000    0.00001    4.88049    0.00358
        71    0.00000    0.00001    4.88049    0.00358
        72    0.00000    0.00001    4.88049    0.00360
        73    0.00000    0.00001    4.88049    0.00362
        74    0.00000    0.00001    4.88049    0.00360
        75    0.00000    0.00001    4.88049    0.00362
        76    0.00000    0.00001    4.88049    0.00359
        77    0.00000    0.00001    4.88049    0.00360
        78    0.00000    0.00001    4.88049    0.00359
        79    0.00000    0.00001    4.88049    0.00357
        80    0.00000    0.00001    4.88049    0.00359
        81    0.00000    0.00001    4.88049    0.00361
        82    0.00000    0.00001    4.88049    0.00360
        83    0.00000    0.00001    4.88049    0.00359
        84    0.00000    0.00001    4.88049    0.00364
        85    0.00000    0.00001    4.88049    0.00365
        86    0.00000    0.00001    4.88049    0.00361
        87    0.00000    0.00001    4.88049    0.00363
        88    0.00000    0.00001    4.88049    0.00362
        89    0.00000    0.00001    4.88049    0.00367
        90    0.00000    0.00001    4.88049    0.00358
        91    0.00000    0.00001    4.88049    0.00354
        92    0.00000    0.00001    4.88049    0.00369
        93    0.00000    0.00001    4.88049    0.00364
        94    0.00000    0.00001    4.88049    0.00363
        95    0.00000    0.00001    4.88049    0.00363
        96    0.00000    0.00001    4.88049    0.00358
        97    0.00000    0.00001    4.88049    0.00363
        98    0.00000    0.00001    4.88049    0.00363
        99    0.00000    0.00001    4.88049    0.00364
       100    0.00000    0.00001    4.88049    0.00367
       101    0.00000    0.00001    4.88049    0.00364
       102    0.00000    0.00001    4.88049    0.00363
       103    0.00000    0.00001    4.88049    0.00361
       104    0.00000    0.00001    4.88049    0.00374
       105    0.00000    0.00001    4.88049    0.00360
       106    0.00000    0.00001    4.88049    0.00363
       107    0.00000    0.00001    4.88049    0.00366
       108    0.00000    0.00001    4.88049    0.00366
       109    0.00000    0.00001    4.88049    0.00363
       110    0.00000    0.00001    4.88049    0.00367
       111    0.00000    0.00001    4.88049    0.00367
       112    0.00000    0.00001    4.88049    0.00365
       113    0.00000    0.00001    4.88049    0.00369
       114    0.00000    0.00001    4.88049    0.00367
       115    0.00000    0.00001    4.88049    0.00367
       116    0.00000    0.00001    4.88049    0.00364
       117    0.00000    0.00001    4.88049    0.00364
       118    0.00000    0.00001    4.88049    0.00369
       119    0.00000    0.00001    4.88049    0.00372
       120    0.00000    0.00001    4.88049    0.00368
       121    0.00000    0.00001    4.88049    0.00373
       122    0.00000    0.00001    4.88049    0.00370
       123    0.00000    0.00001    4.88049    0.00368
       124    0.00000    0.00001    4.88049    0.00366
       125    0.00000    0.00001    4.88049    0.00368
       126    0.00000    0.00001    4.88049    0.00364
       127    0.00000    0.00001    4.88049    0.00371
       128    0.00000    0.00001    4.88049    0.00366
       129    0.00000    0.00001    4.88049    0.00366
       130    0.00000    0.00001    4.88049    0.00374
       131    0.00000    0.00001    4.88049    0.00368
       132    0.00000    0.00001    4.88049    0.00375
       133    0.00000    0.00001    4.88049    0.00372
       134    0.00000    0.00001    4.88049    0.00367
       135    0.00000    0.00001    4.88049    0.00370
       136    0.00000    0.00001    4.88049    0.00371
       137    0.00000    0.00001    4.88049    0.00371
       138    0.00000    0.00001    4.88049    0.00370
       139    0.00000    0.00001    4.88049    0.00377
       140    0.00000    0.00001    4.88049    0.00374
       141    0.00000    0.00001    4.88049    0.00376
       142    0.00000    0.00001    4.88049    0.00375
       143    0.00000    0.00001    4.88049    0.00369
       144    0.00000    0.00001    4.88049    0.00374
       145    0.00000    0.00001    4.88049    0.00373
       146    0.00000    0.00001    4.88049    0.00373
       147    0.00000    0.00001    4.88049    0.00378
       148    0.00000    0.00001    4.88049    0.00372
       149    0.00000    0.00001    4.88049    0.00375
       150    0.00000    0.00001    4.88049    0.00370
       151    0.00000    0.00001    4.88049    0.00371
       152    0.00000    0.00001    4.88049    0.00373
       153    0.00000    0.00001    4.88049    0.00372
       154    0.00000    0.00001    4.88049    0.00368
       155    0.00000    0.00001    4.88049    0.00376
       156    0.00000    0.00001    4.88049    0.00375
       157    0.00000    0.00001    4.88049    0.00371
       158    0.00000    0.00001    4.88049    0.00376
       159    0.00000    0.00001    4.88049    0.00373
       160    0.00000    0.00001    4.88049    0.00378
       161    0.00000    0.00001    4.88049    0.00366
       162    0.00000    0.00001    4.88049    0.00373
       163    0.00000    0.00001    4.88049    0.00380
       164    0.00000    0.00001    4.88049    0.00383
       165    0.00000    0.00001    4.88049    0.00377
       166    0.00000    0.00001    4.88049    0.00373
       167    0.00000    0.00001    4.88049    0.00374
       168    0.00000    0.00001    4.88049    0.00377
       169    0.00000    0.00001    4.88049    0.00377
       170    0.00000    0.00001    4.88049    0.00381
       171    0.00000    0.00001    4.88049    0.00380
       172    0.00000    0.00001    4.88049    0.00374
       173    0.00000    0.00001    4.88049    0.00372
       174    0.00000    0.00001    4.88049    0.00372
       175    0.00000    0.00001    4.88049    0.00375
       176    0.00000    0.00001    4.88049    0.00375
       177    0.00000    0.00001    4.88049    0.00380
       178    0.00000    0.00001    4.88049    0.00374
       179    0.00000    0.00001    4.88049    0.00378
       180    0.00000    0.00001    4.88049    0.00380
       181    0.00000    0.00001    4.88049    0.00382
       182    0.00000    0.00001    4.88049    0.00384
       183    0.00000    0.00001    4.88049    0.00382
       184    0.00000    0.00001    4.88049    0.00379
       185    0.00000    0.00001    4.88049    0.00377
       186    0.00000    0.00001    4.88049    0.00384
       187    0.00000    0.00001    4.88049    0.00383
       188    0.00000    0.00001    4.88049    0.00385
       189    0.00000    0.00001    4.88049    0.00382
       190    0.00000    0.00001    4.88049    0.00384
       191    0.00000    0.00001    4.88049    0.00384
       192    0.00000    0.00001    4.88049    0.00381
       193    0.00000    0.00001    4.88049    0.00385
       194    0.00000    0.00001    4.88049    0.00376
       195    0.00000    0.00001    4.88049    0.00378
       196    0.00000    0.00001    4.88049    0.00379
       197    0.00000    0.00001    4.88049    0.00382
       198    0.00000    0.00001    4.88049    0.00383
       199    0.00000    0.00001    4.88049    0.00380
       200    0.00000    0.00001    4.88049    0.00383
       201    0.00000    0.00001    4.88049    0.00383
       202    0.00000    0.00001    4.88049    0.00381
       203    0.00000    0.00001    4.88049    0.00383
       204    0.00000    0.00001    4.88049    0.00380
       205    0.00000    0.00001    4.88049    0.00377
       206    0.00000    0.00001    4.88049    0.00379
       207    0.00000    0.00001    4.88049    0.00386
       208    0.00000    0.00001    4.88049    0.00379
       209    0.00000    0.00001    4.88048    0.00387
       210    0.00000    0.00001    4.88049    0.00382
       211    0.00000    0.00001    4.88049    0.00380
       212    0.00000    0.00001    4.88049    0.00383
       213    0.00000    0.00001    4.88049    0.00385
       214    0.00000    0.00001    4.88049    0.00382
       215    0.00000    0.00001    4.88049    0.00381
       216    0.00000    0.00001    4.88049    0.00380
       217    0.00000    0.00001    4.88048    0.00392
       218    0.00000    0.00001    4.88049    0.00382
       219    0.00000    0.00001    4.88048    0.00391
       220    0.00000    0.00001    4.88048    0.00391
       221    0.00000    0.00001    4.88048    0.00386
       222    0.00000    0.00001    4.88048    0.00393
       223    0.00000    0.00001    4.88048    0.00392
       224    0.00000    0.00001    4.88049    0.00384
       225    0.00000    0.00001    4.88048    0.00386
       226    0.00000    0.00001    4.88048    0.00386
       227    0.00000    0.00001    4.88048    0.00385
       228    0.00000    0.00001    4.88048    0.00389
       229    0.00000    0.00001    4.88048    0.00385
       230    0.00000    0.00001    4.88048    0.00385
       231    0.00000    0.00001    4.88048    0.00386
       232    0.00000    0.00001    4.88048    0.00389
       233    0.00000    0.00001    4.88048    0.00394
       234    0.00000    0.00001    4.88048    0.00391
       235    0.00000    0.00001    4.88048    0.00387
       236    0.00000    0.00001    4.88048    0.00386
       237    0.00000    0.00001    4.88048    0.00390
       238    0.00000    0.00001    4.88048    0.00392
       239    0.00000    0.00001    4.88048    0.00390
       240    0.00000    0.00001    4.88048    0.00396
       241    0.00000    0.00001    4.88048    0.00399
       242    0.00000    0.00001    4.88048    0.00399
       243    0.00000    0.00001    4.88048    0.00394
       244    0.00000    0.00001    4.88048    0.00401
       245    0.00000    0.00001    4.88048    0.00397
       246    0.00000    0.00001    4.88048    0.00392
       247    0.00000    0.00001    4.88048    0.00389
       248    0.00000    0.00001    4.88048    0.00391
       249    0.00000    0.00001    4.88048    0.00392
       250    0.00000    0.00001    4.88048    0.00395
       251    0.00000    0.00001    4.88048    0.00393
       252    0.00000    0.00001    4.88048    0.00393
       253    0.00000    0.00001    4.88048    0.00394
       254    0.00000    0.00001    4.88048    0.00399
       255    0.00000    0.00001    4.88048    0.00391
       256    0.00000    0.00001    4.88048    0.00391
       257    0.00000    0.00001    4.88048    0.00390
       258    0.00000    0.00001    4.88048    0.00398
       259    0.00000    0.00001    4.88048    0.00391
       260    0.00000    0.00001    4.88048    0.00397
       261    0.00000    0.00001    4.88048    0.00396
       262    0.00000    0.00001    4.88048    0.00392
       263    0.00000    0.00001    4.88048    0.00389
       264    0.00000    0.00001    4.88048    0.00395
       265    0.00000    0.00001    4.88048    0.00389
       266    0.00000    0.00001    4.88048    0.00391
       267    0.00000    0.00001    4.88048    0.00391
       268    0.00000    0.00001    4.88048    0.00399
       269    0.00000    0.00001    4.88048    0.00393
       270    0.00000    0.00001    4.88048    0.00394
       271    0.00000    0.00001    4.88048    0.00398
       272    0.00000    0.00001    4.88048    0.00394
       273    0.00000    0.00001    4.88048    0.00398
       274    0.00000    0.00001    4.88048    0.00393
       275    0.00000    0.00001    4.88048    0.00391
       276    0.00000    0.00001    4.88048    0.00393
       277    0.00000    0.00001    4.88048    0.00401
       278    0.00000    0.00001    4.88048    0.00399
       279    0.00000    0.00001    4.88048    0.00405
       280    0.00000    0.00001    4.88048    0.00401
       281    0.00000    0.00001    4.88048    0.00400
       282    0.00000    0.00001    4.88048    0.00398
       283    0.00000    0.00001    4.88048    0.00399
       284    0.00000    0.00001    4.88048    0.00401
       285    0.00000    0.00001    4.88048    0.00401
       286    0.00000    0.00001    4.88048    0.00394
       287    0.00000    0.00001    4.88048    0.00399
       288    0.00000    0.00001    4.88048    0.00399
       289    0.00000    0.00001    4.88048    0.00401
       290    0.00000    0.00001    4.88048    0.00403
       291    0.00000    0.00001    4.88048    0.00397
       292    0.00000    0.00001    4.88048    0.00403
       293    0.00000    0.00001    4.88048    0.00400
       294    0.00000    0.00001    4.88048    0.00407
       295    0.00000    0.00001    4.88048    0.00395
       296    0.00000    0.00001    4.88048    0.00400
       297    0.00000    0.00001    4.88048    0.00399
       298    0.00000    0.00001    4.88048    0.00402
       299    0.00000    0.00001    4.88048    0.00402
       300    0.00000    0.00001    4.88048    0.00415
       301    0.00000    0.00001    4.88048    0.00407
       302    0.00000    0.00001    4.88048    0.00406
       303    0.00000    0.00001    4.88048    0.00404
       304    0.00000    0.00001    4.88048    0.00401
       305    0.00000    0.00001    4.88048    0.00405
       306    0.00000    0.00001    4.88048    0.00407
       307    0.00000    0.00001    4.88048    0.00397
       308    0.00000    0.00001    4.88048    0.00401
       309    0.00000    0.00001    4.88048    0.00403
       310    0.00000    0.00001    4.88048    0.00400
       311    0.00000    0.00001    4.88048    0.00407
       312    0.00000    0.00001    4.88048    0.00407
       313    0.00000    0.00001    4.88048    0.00411
       314    0.00000    0.00001    4.88048    0.00403
       315    0.00000    0.00001    4.88048    0.00406
       316    0.00000    0.00001    4.88048    0.00400
       317    0.00000    0.00001    4.88048    0.00407
       318    0.00000    0.00001    4.88048    0.00407
       319    0.00000    0.00001    4.88048    0.00410
       320    0.00000    0.00001    4.88048    0.00402
       321    0.00000    0.00001    4.88048    0.00409
       322    0.00000    0.00001    4.88048    0.00407
       323    0.00000    0.00001    4.88048    0.00409
       324    0.00000    0.00001    4.88048    0.00403
       325    0.00000    0.00001    4.88048    0.00406
       326    0.00000    0.00001    4.88048    0.00410
       327    0.00000    0.00001    4.88048    0.00408
       328    0.00000    0.00001    4.88048    0.00409
       329    0.00000    0.00001    4.88048    0.00407
       330    0.00000    0.00001    4.88048    0.00411
       331    0.00000    0.00001    4.88048    0.00407
       332    0.00000    0.00001    4.88048    0.00409
       333    0.00000    0.00001    4.88048    0.00407
       334    0.00000    0.00001    4.88048    0.00417
       335    0.00000    0.00001    4.88048    0.00409
       336    0.00000    0.00001    4.88048    0.00410
       337    0.00000    0.00001    4.88048    0.00414
       338    0.00000    0.00001    4.88048    0.00417
       339    0.00000    0.00001    4.88048    0.00414
       340    0.00000    0.00001    4.88048    0.00406
       341    0.00000    0.00001    4.88048    0.00412
       342    0.00000    0.00001    4.88048    0.00411
       343    0.00000    0.00001    4.88048    0.00417
       344    0.00000    0.00001    4.88048    0.00410
       345    0.00000    0.00001    4.88048    0.00414
       346    0.00000    0.00001    4.88048    0.00415
       347    0.00000    0.00001    4.88048    0.00415
       348    0.00000    0.00001    4.88048    0.00406
       349    0.00000    0.00001    4.88048    0.00408
       350    0.00000    0.00001    4.88048    0.00410
       351    0.00000    0.00001    4.88048    0.00411
       352    0.00000    0.00001    4.88048    0.00409
       353    0.00000    0.00001    4.88048    0.00414
       354    0.00000    0.00001    4.88048    0.00407
       355    0.00000    0.00001    4.88048    0.00414
       356    0.00000    0.00001    4.88048    0.00411
       357    0.00000    0.00001    4.88048    0.00414
       358    0.00000    0.00001    4.88048    0.00420
       359    0.00000    0.00001    4.88048    0.00415
       360    0.00000    0.00001    4.88048    0.00415
       361    0.00000    0.00001    4.88048    0.00418
       362    0.00000    0.00001    4.88048    0.00418
       363    0.00000    0.00001    4.88048    0.00415
       364    0.00000    0.00001    4.88048    0.00420
       365    0.00000    0.00001    4.88048    0.00417
       366    0.00000    0.00001    4.88048    0.00412
       367    0.00000    0.00001    4.88048    0.00413
       368    0.00000    0.00001    4.88048    0.00413
       369    0.00000    0.00001    4.88048    0.00410
       370    0.00000    0.00001    4.88048    0.00413
       371    0.00000    0.00001    4.88048    0.00412
       372    0.00000    0.00001    4.88048    0.00418
       373    0.00000    0.00001    4.88048    0.00422
       374    0.00000    0.00001    4.88048    0.00421
       375    0.00000    0.00001    4.88048    0.00418
       376    0.00000    0.00001    4.88048    0.00420
       377    0.00000    0.00001    4.88048    0.00414
       378    0.00000    0.00001    4.88048    0.00420
       379    0.00000    0.00001    4.88048    0.00417
       380    0.00000    0.00001    4.88048    0.00428
       381    0.00000    0.00001    4.88048    0.00412
       382    0.00000    0.00001    4.88048    0.00413
       383    0.00000    0.00001    4.88048    0.00423
       384    0.00000    0.00001    4.88048    0.00415
       385    0.00000    0.00001    4.88048    0.00423
       386    0.00000    0.00001    4.88048    0.00418
       387    0.00000    0.00001    4.88048    0.00415
       388    0.00000    0.00001    4.88048    0.00421
       389    0.00000    0.00001    4.88048    0.00414
       390    0.00000    0.00001    4.88048    0.00424
       391    0.00000    0.00001    4.88048    0.00419
       392    0.00000    0.00001    4.88048    0.00416
       393    0.00000    0.00001    4.88048    0.00418
       394    0.00000    0.00001    4.88048    0.00422
       395    0.00000    0.00001    4.88048    0.00426
       396    0.00000    0.00001    4.88048    0.00420
       397    0.00000    0.00001    4.88048    0.00423
       398    0.00000    0.00001    4.88048    0.00428
       399    0.00000    0.00001    4.88048    0.00425
       400    0.00000    0.00001    4.88048    0.00425
       401    0.00000    0.00001    4.88048    0.00420
       402    0.00000    0.00001    4.88048    0.00422
       403    0.00000    0.00001    4.88048    0.00418
       404    0.00000    0.00001    4.88048    0.00427
       405    0.00000    0.00001    4.88048    0.00420
       406    0.00000    0.00001    4.88048    0.00425
       407    0.00000    0.00001    4.88048    0.00425
       408    0.00000    0.00001    4.88048    0.00416
       409    0.00000    0.00001    4.88048    0.00424
       410    0.00000    0.00001    4.88048    0.00426
       411    0.00000    0.00001    4.88048    0.00426
       412    0.00000    0.00001    4.88048    0.00420
       413    0.00000    0.00001    4.88048    0.00425
       414    0.00000    0.00001    4.88048    0.00425
       415    0.00000    0.00001    4.88048    0.00428
       416    0.00000    0.00001    4.88048    0.00432
       417    0.00000    0.00001    4.88048    0.00425
       418    0.00000    0.00001    4.88048    0.00424
       419    0.00000    0.00001    4.88048    0.00429
       420    0.00000    0.00001    4.88048    0.00429
       421    0.00000    0.00001    4.88048    0.00437
       422    0.00000    0.00001    4.88048    0.00421
       423    0.00000    0.00001    4.88048    0.00431
       424    0.00000    0.00001    4.88048    0.00429
       425    0.00000    0.00001    4.88048    0.00427
       426    0.00000    0.00001    4.88048    0.00427
       427    0.00000    0.00001    4.88048    0.00425
       428    0.00000    0.00001    4.88048    0.00428
       429    0.00000    0.00001    4.88048    0.00425
       430    0.00000    0.00001    4.88048    0.00429
       431    0.00000    0.00001    4.88048    0.00430
       432    0.00000    0.00001    4.88048    0.00424
       433    0.00000    0.00001    4.88048    0.00430
       434    0.00000    0.00001    4.88048    0.00428
       435    0.00000    0.00001    4.88048    0.00425
       436    0.00000    0.00001    4.88048    0.00431
       437    0.00000    0.00001    4.88048    0.00434
       438    0.00000    0.00001    4.88048    0.00433
       439    0.00000    0.00001    4.88048    0.00433
       440    0.00000    0.00001    4.88048    0.00439
       441    0.00000    0.00001    4.88048    0.00434
       442    0.00000    0.00001    4.88048    0.00434
       443    0.00000    0.00001    4.88048    0.00430
       444    0.00000    0.00001    4.88048    0.00436
       445    0.00000    0.00001    4.88048    0.00432
       446    0.00000    0.00001    4.88048    0.00433
       447    0.00000    0.00001    4.88048    0.00429
       448    0.00000    0.00001    4.88048    0.00438
       449    0.00000    0.00001    4.88048    0.00429
       450    0.00000    0.00001    4.88048    0.00424
       451    0.00000    0.00001    4.88048    0.00425
       452    0.00000    0.00001    4.88048    0.00430
       453    0.00000    0.00001    4.88048    0.00440
       454    0.00000    0.00001    4.88048    0.00430
       455    0.00000    0.00001    4.88048    0.00436
       456    0.00000    0.00001    4.88048    0.00431
       457    0.00000    0.00001    4.88048    0.00432
       458    0.00000    0.00001    4.88048    0.00443
       459    0.00000    0.00001    4.88048    0.00438
       460    0.00000    0.00001    4.88048    0.00434
       461    0.00000    0.00001    4.88048    0.00433
       462    0.00000    0.00001    4.88048    0.00441
       463    0.00000    0.00001    4.88048    0.00431
       464    0.00000    0.00001    4.88048    0.00426
       465    0.00000    0.00001    4.88048    0.00437
       466    0.00000    0.00001    4.88048    0.00435
       467    0.00000    0.00001    4.88048    0.00445
       468    0.00000    0.00001    4.88048    0.00435
       469    0.00000    0.00001    4.88048    0.00434
       470    0.00000    0.00001    4.88048    0.00446
       471    0.00000    0.00001    4.88048    0.00443
       472    0.00000    0.00001    4.88048    0.00432
       473    0.00000    0.00001    4.88048    0.00440
       474    0.00000    0.00001    4.88048    0.00441
       475    0.00000    0.00001    4.88048    0.00438
       476    0.00000    0.00001    4.88048    0.00438
       477    0.00000    0.00001    4.88048    0.00437
       478    0.00000    0.00001    4.88048    0.00437
       479    0.00000    0.00001    4.88048    0.00437
       480    0.00000    0.00001    4.88048    0.00436
       481    0.00000    0.00001    4.88048    0.00438
       482    0.00000    0.00001    4.88048    0.00439
       483    0.00000    0.00001    4.88048    0.00441
       484    0.00000    0.00001    4.88048    0.00448
       485    0.00000    0.00001    4.88048    0.00446
       486    0.00000    0.00001    4.88048    0.00443
       487    0.00000    0.00001    4.88048    0.00448
       488    0.00000    0.00001    4.88048    0.00440
       489    0.00000    0.00001    4.88048    0.00439
       490    0.00000    0.00001    4.88048    0.00443
       491    0.00000    0.00001    4.88048    0.00441
       492    0.00000    0.00001    4.88048    0.00442
       493    0.00000    0.00001    4.88048    0.00444
       494    0.00000    0.00001    4.88048    0.00442
       495    0.00000    0.00001    4.88048    0.00443
       496    0.00000    0.00001    4.88048    0.00441
       497    0.00000    0.00001    4.88048    0.00446
       498    0.00000    0.00001    4.88048    0.00440
       499    0.00000    0.00001    4.88048    0.00443
       500    0.00000    0.00001    4.88048    0.00452
       501    0.00000    0.00001    4.88048    0.00444
       502    0.00000    0.00001    4.88048    0.00444
       503    0.00000    0.00001    4.88048    0.00449
       504    0.00000    0.00001    4.88048    0.00451
       505    0.00000    0.00001    4.88048    0.00441
       506    0.00000    0.00001    4.88048    0.00438
       507    0.00000    0.00001    4.88048    0.00440
       508    0.00000    0.00001    4.88048    0.00447
       509    0.00000    0.00001    4.88048    0.00448
       510    0.00000    0.00001    4.88048    0.00448
       511    0.00000    0.00001    4.88048    0.00443
       512    0.00000    0.00001    4.88048    0.00448
       513    0.00000    0.00001    4.88048    0.00447
       514    0.00000    0.00001    4.88048    0.00442
       515    0.00000    0.00001    4.88048    0.00452
       516    0.00000    0.00001    4.88048    0.00455
       517    0.00000    0.00001    4.88048    0.00445
       518    0.00000    0.00001    4.88048    0.00450
       519    0.00000    0.00001    4.88048    0.00452
       520    0.00000    0.00001    4.88048    0.00442
       521    0.00000    0.00001    4.88048    0.00455
       522    0.00000    0.00001    4.88048    0.00439
       523    0.00000    0.00001    4.88048    0.00451
       524    0.00000    0.00001    4.88048    0.00449
       525    0.00000    0.00001    4.88048    0.00441
       526    0.00000    0.00001    4.88048    0.00457
       527    0.00000    0.00001    4.88048    0.00449
       528    0.00000    0.00001    4.88048    0.00452
       529    0.00000    0.00001    4.88048    0.00449
       530    0.00000    0.00001    4.88048    0.00450
       531    0.00000    0.00001    4.88048    0.00451
       532    0.00000    0.00001    4.88048    0.00460
       533    0.00000    0.00001    4.88048    0.00451
       534    0.00000    0.00001    4.88048    0.00456
       535    0.00000    0.00001    4.88048    0.00453
       536    0.00000    0.00001    4.88048    0.00449
       537    0.00000    0.00001    4.88048    0.00450
       538    0.00000    0.00001    4.88048    0.00460
       539    0.00000    0.00001    4.88048    0.00448
       540    0.00000    0.00001    4.88048    0.00453
       541    0.00000    0.00001    4.88048    0.00455
       542    0.00000    0.00001    4.88048    0.00452
       543    0.00000    0.00001    4.88048    0.00451
       544    0.00000    0.00001    4.88048    0.00451
       545    0.00000    0.00001    4.88048    0.00444
       546    0.00000    0.00001    4.88048    0.00452
       547    0.00000    0.00001    4.88048    0.00452
       548    0.00000    0.00001    4.88048    0.00454
       549    0.00000    0.00001    4.88048    0.00453
       550    0.00000    0.00001    4.88048    0.00463
       551    0.00000    0.00001    4.88048    0.00456
       552    0.00000    0.00001    4.88048    0.00453
       553    0.00000    0.00001    4.88048    0.00455
       554    0.00000    0.00001    4.88048    0.00456
       555    0.00000    0.00001    4.88048    0.00456
       556    0.00000    0.00001    4.88048    0.00444
       557    0.00000    0.00001    4.88048    0.00450
       558    0.00000    0.00001    4.88048    0.00452
       559    0.00000    0.00001    4.88048    0.00458
       560    0.00000    0.00001    4.88048    0.00464
       561    0.00000    0.00001    4.88048    0.00465
       562    0.00000    0.00001    4.88048    0.00467
       563    0.00000    0.00001    4.88048    0.00453
       564    0.00000    0.00001    4.88048    0.00455
       565    0.00000    0.00001    4.88048    0.00453
       566    0.00000    0.00001    4.88048    0.00470
       567    0.00000    0.00001    4.88048    0.00465
       568    0.00000    0.00001    4.88048    0.00456
       569    0.00000    0.00001    4.88048    0.00464
       570    0.00000    0.00001    4.88048    0.00467
       571    0.00000    0.00001    4.88048    0.00458
       572    0.00000    0.00001    4.88048    0.00465
       573    0.00000    0.00001    4.88048    0.00460
       574    0.00000    0.00001    4.88048    0.00464
       575    0.00000    0.00001    4.88048    0.00461
       576    0.00000    0.00001    4.88048    0.00463
       577    0.00000    0.00001    4.88048    0.00466
       578    0.00000    0.00001    4.88048    0.00466
       579    0.00000    0.00001    4.88048    0.00468
       580    0.00000    0.00001    4.88048    0.00472
       581    0.00000    0.00001    4.88048    0.00464
       582    0.00000    0.00001    4.88048    0.00456
       583    0.00000    0.00001    4.88048    0.00470
       584    0.00000    0.00001    4.88048    0.00467
       585    0.00000    0.00001    4.88048    0.00465
       586    0.00000    0.00001    4.88048    0.00468
       587    0.00000    0.00001    4.88048    0.00460
       588    0.00000    0.00001    4.88048    0.00466
       589    0.00000    0.00001    4.88048    0.00469
       590    0.00000    0.00001    4.88048    0.00471
       591    0.00000    0.00001    4.88048    0.00468
       592    0.00000    0.00001    4.88048    0.00463
       593    0.00000    0.00001    4.88048    0.00465
       594    0.00000    0.00001    4.88048    0.00461
       595    0.00000    0.00001    4.88048    0.00461
       596    0.00000    0.00001    4.88048    0.00471
       597    0.00000    0.00001    4.88048    0.00463
       598    0.00000    0.00001    4.88048    0.00466
       599    0.00000    0.00001    4.88048    0.00463
       600    0.00000    0.00001    4.88048    0.00468
       601    0.00000    0.00001    4.88048    0.00464
       602    0.00000    0.00001    4.88048    0.00466
       603    0.00000    0.00001    4.88048    0.00469
       604    0.00000    0.00001    4.88048    0.00465
       605    0.00000    0.00001    4.88048    0.00462
       606    0.00000    0.00001    4.88048    0.00471
       607    0.00000    0.00001    4.88048    0.00468
       608    0.00000    0.00001    4.88048    0.00468
       609    0.00000    0.00001    4.88048    0.00465
       610    0.00000    0.00001    4.88048    0.00462
       611    0.00000    0.00001    4.88048    0.00472
       612    0.00000    0.00001    4.88048    0.00465
       613    0.00000    0.00001    4.88048    0.00469
       614    0.00001    0.00001    4.88048    0.00475
       615    0.00000    0.00001    4.88048    0.00468
       616    0.00001    0.00001    4.88048    0.00473
       617    0.00001    0.00001    4.88048    0.00475
       618    0.00001    0.00001    4.88048    0.00482
       619    0.00000    0.00001    4.88048    0.00466
       620    0.00001    0.00001    4.88048    0.00474
       621    0.00000    0.00001    4.88048    0.00469
       622    0.00000    0.00001    4.88048    0.00470
       623    0.00001    0.00001    4.88048    0.00476
       624    0.00001    0.00001    4.88048    0.00475
       625    0.00000    0.00001    4.88048    0.00465
       626    0.00000    0.00001    4.88048    0.00467
       627    0.00001    0.00001    4.88048    0.00476
       628    0.00001    0.00001    4.88048    0.00477
       629    0.00001    0.00001    4.88048    0.00470
       630    0.00001    0.00001    4.88048    0.00473
       631    0.00001    0.00001    4.88048    0.00472
       632    0.00001    0.00001    4.88048    0.00475
       633    0.00001    0.00001    4.88048    0.00472
       634    0.00001    0.00001    4.88048    0.00475
       635    0.00001    0.00001    4.88048    0.00481
       636    0.00001    0.00001    4.88048    0.00476
       637    0.00001    0.00001    4.88048    0.00480
       638    0.00001    0.00001    4.88048    0.00475
       639    0.00001    0.00001    4.88048    0.00472
       640    0.00001    0.00001    4.88048    0.00482
       641    0.00001    0.00001    4.88048    0.00483
       642    0.00001    0.00001    4.88048    0.00479
       643    0.00001    0.00001    4.88048    0.00476
       644    0.00001    0.00001    4.88048    0.00474
       645    0.00001    0.00001    4.88048    0.00478
       646    0.00001    0.00001    4.88048    0.00473
       647    0.00001    0.00001    4.88048    0.00476
       648    0.00001    0.00001    4.88048    0.00480
       649    0.00001    0.00001    4.88048    0.00481
       650    0.00001    0.00001    4.88048    0.00491
       651    0.00001    0.00001    4.88048    0.00482
       652    0.00001    0.00001    4.88048    0.00485
       653    0.00001    0.00001    4.88048    0.00478
       654    0.00001    0.00001    4.88048    0.00493
       655    0.00001    0.00001    4.88048    0.00482
       656    0.00001    0.00001    4.88048    0.00477
       657    0.00001    0.00001    4.88048    0.00482
       658    0.00001    0.00001    4.88048    0.00482
       659    0.00001    0.00001    4.88048    0.00481
       660    0.00001    0.00001    4.88048    0.00480
       661    0.00001    0.00001    4.88048    0.00483
       662    0.00001    0.00001    4.88048    0.00484
       663    0.00001    0.00001    4.88048    0.00483
       664    0.00001    0.00001    4.88048    0.00479
       665    0.00001    0.00001    4.88048    0.00478
       666    0.00001    0.00001    4.88048    0.00484
       667    0.00001    0.00001    4.88048    0.00492
       668    0.00001    0.00001    4.88048    0.00485
       669    0.00001    0.00001    4.88048    0.00487
       670    0.00001    0.00001    4.88048    0.00481
       671    0.00001    0.00001    4.88048    0.00480
       672    0.00001    0.00001    4.88048    0.00492
       673    0.00001    0.00001    4.88048    0.00489
       674    0.00001    0.00001    4.88048    0.00481
       675    0.00001    0.00001    4.88048    0.00477
       676    0.00001    0.00001    4.88048    0.00490
       677    0.00001    0.00001    4.88048    0.00490
       678    0.00001    0.00001    4.88048    0.00487
       679    0.00001    0.00001    4.88048    0.00476
       680    0.00001    0.00001    4.88048    0.00487
       681    0.00001    0.00001    4.88048    0.00489
       682    0.00001    0.00001    4.88048    0.00482
       683    0.00001    0.00001    4.88048    0.00485
       684    0.00001    0.00001    4.88048    0.00490
       685    0.00001    0.00001    4.88048    0.00486
       686    0.00001    0.00001    4.88048    0.00485
       687    0.00001    0.00001    4.88048    0.00496
       688    0.00001    0.00001    4.88048    0.00491
       689    0.00001    0.00001    4.88048    0.00489
       690    0.00001    0.00001    4.88048    0.00487
       691    0.00001    0.00001    4.88048    0.00486
       692    0.00001    0.00001    4.88048    0.00481
       693    0.00001    0.00001    4.88048    0.00488
       694    0.00001    0.00001    4.88048    0.00487
       695    0.00001    0.00001    4.88048    0.00486
       696    0.00001    0.00001    4.88048    0.00479
       697    0.00001    0.00001    4.88048    0.00485
       698    0.00001    0.00001    4.88048    0.00500
       699    0.00001    0.00001    4.88048    0.00487
       700    0.00001    0.00001    4.88048    0.00495
       701    0.00001    0.00001    4.88048    0.00498
       702    0.00001    0.00001    4.88048    0.00487
       703    0.00001    0.00001    4.88048    0.00492
       704    0.00001    0.00001    4.88048    0.00502
       705    0.00001    0.00001    4.88048    0.00494
       706    0.00001    0.00001    4.88048    0.00488
       707    0.00001    0.00001    4.88048    0.00491
       708    0.00001    0.00001    4.88048    0.00502
       709    0.00001    0.00001    4.88048    0.00495
       710    0.00001    0.00001    4.88048    0.00491
       711    0.00001    0.00001    4.88048    0.00496
       712    0.00001    0.00001    4.88048    0.00498
       713    0.00001    0.00001    4.88048    0.00498
       714    0.00001    0.00001    4.88048    0.00492
       715    0.00001    0.00001    4.88048    0.00496
       716    0.00001    0.00001    4.88048    0.00501
       717    0.00001    0.00001    4.88048    0.00489
       718    0.00001    0.00001    4.88048    0.00497
       719    0.00001    0.00001    4.88048    0.00499
       720    0.00001    0.00001    4.88048    0.00500
       721    0.00001    0.00001    4.88048    0.00496
       722    0.00001    0.00001    4.88048    0.00492
       723    0.00001    0.00001    4.88047    0.00502
       724    0.00001    0.00001    4.88048    0.00499
       725    0.00001    0.00001    4.88048    0.00494
       726    0.00001    0.00001    4.88048    0.00494
       727    0.00001    0.00001    4.88047    0.00504
       728    0.00001    0.00001    4.88048    0.00497
       729    0.00001    0.00001    4.88048    0.00499
       730    0.00001    0.00001    4.88047    0.00504
       731    0.00001    0.00001    4.88047    0.00506
       732    0.00001    0.00001    4.88047    0.00500
       733    0.00001    0.00001    4.88048    0.00493
       734    0.00001    0.00001    4.88047    0.00502
       735    0.00001    0.00001    4.88047    0.00501
       736    0.00001    0.00001    4.88047    0.00499
       737    0.00001    0.00001    4.88048    0.00494
       738    0.00001    0.00001    4.88048    0.00497
       739    0.00001    0.00001    4.88047    0.00514
       740    0.00001    0.00001    4.88047    0.00502
       741    0.00001    0.00001    4.88047    0.00500
       742    0.00001    0.00001    4.88047    0.00500
       743    0.00001    0.00001    4.88047    0.00502
       744    0.00001    0.00001    4.88047    0.00499
       745    0.00001    0.00001    4.88047    0.00505
       746    0.00001    0.00001    4.88047    0.00503
       747    0.00001    0.00001    4.88047    0.00507
       748    0.00001    0.00001    4.88047    0.00502
       749    0.00001    0.00001    4.88047    0.00499
       750    0.00001    0.00001    4.88047    0.00509
       751    0.00001    0.00001    4.88047    0.00507
       752    0.00001    0.00001    4.88047    0.00507
       753    0.00001    0.00001    4.88047    0.00502
       754    0.00001    0.00001    4.88047    0.00511
       755    0.00001    0.00001    4.88047    0.00501
       756    0.00001    0.00001    4.88047    0.00494
       757    0.00001    0.00001    4.88047    0.00509
       758    0.00001    0.00001    4.88047    0.00499
       759    0.00001    0.00001    4.88047    0.00511
       760    0.00001    0.00001    4.88047    0.00514
       761    0.00001    0.00001    4.88047    0.00511
       762    0.00001    0.00001    4.88047    0.00510
       763    0.00001    0.00001    4.88047    0.00503
       764    0.00001    0.00001    4.88047    0.00509
       765    0.00001    0.00001    4.88047    0.00508
       766    0.00001    0.00001    4.88047    0.00519
       767    0.00001    0.00001    4.88047    0.00514
       768    0.00001    0.00001    4.88047    0.00518
       769    0.00001    0.00001    4.88047    0.00509
       770    0.00001    0.00001    4.88047    0.00504
       771    0.00001    0.00001    4.88047    0.00508
       772    0.00001    0.00001    4.88047    0.00515
       773    0.00001    0.00001    4.88047    0.00515
       774    0.00001    0.00001    4.88047    0.00504
       775    0.00001    0.00001    4.88047    0.00504
       776    0.00001    0.00001    4.88047    0.00510
       777    0.00001    0.00001    4.88047    0.00503
       778    0.00001    0.00001    4.88047    0.00507
       779    0.00001    0.00001    4.88047    0.00512
       780    0.00001    0.00001    4.88047    0.00512
       781    0.00001    0.00001    4.88047    0.00503
       782    0.00001    0.00001    4.88047    0.00503
       783    0.00001    0.00001    4.88047    0.00510
       784    0.00001    0.00001    4.88047    0.00512
       785    0.00001    0.00001    4.88047    0.00516
       786    0.00001    0.00001    4.88047    0.00513
       787    0.00001    0.00001    4.88047    0.00517
       788    0.00001    0.00001    4.88047    0.00509
       789    0.00001    0.00001    4.88047    0.00519
       790    0.00001    0.00001    4.88047    0.00519
       791    0.00001    0.00001    4.88047    0.00511
       792    0.00001    0.00001    4.88047    0.00514
       793    0.00001    0.00001    4.88047    0.00508
       794    0.00001    0.00001    4.88047    0.00517
       795    0.00001    0.00001    4.88047    0.00525
       796    0.00001    0.00001    4.88047    0.00520
       797    0.00001    0.00001    4.88047    0.00518
       798    0.00001    0.00001    4.88047    0.00514
       799    0.00001    0.00001    4.88047    0.00518
       800    0.00001    0.00001    4.88047    0.00518
       801    0.00001    0.00001    4.88047    0.00525
       802    0.00001    0.00001    4.88047    0.00510
       803    0.00001    0.00001    4.88047    0.00522
       804    0.00001    0.00001    4.88047    0.00523
       805    0.00001    0.00001    4.88047    0.00510
       806    0.00001    0.00001    4.88047    0.00513
       807    0.00001    0.00001    4.88047    0.00523
       808    0.00001    0.00001    4.88047    0.00521
       809    0.00001    0.00001    4.88047    0.00519
       810    0.00001    0.00001    4.88047    0.00523
       811    0.00001    0.00001    4.88047    0.00520
       812    0.00001    0.00001    4.88047    0.00519
       813    0.00001    0.00001    4.88047    0.00521
       814    0.00001    0.00002    4.88047    0.00527
       815    0.00001    0.00001    4.88047    0.00521
       816    0.00001    0.00002    4.88047    0.00527
       817    0.00001    0.00002    4.88047    0.00527
       818    0.00001    0.00001    4.88047    0.00522
       819    0.00001    0.00001    4.88047    0.00520
       820    0.00001    0.00002    4.88047    0.00523
       821    0.00001    0.00001    4.88047    0.00516
       822    0.00001    0.00002    4.88047    0.00520
       823    0.00001    0.00001    4.88047    0.00511
       824    0.00001    0.00001    4.88047    0.00517
       825    0.00001    0.00001    4.88047    0.00517
       826    0.00001    0.00002    4.88047    0.00529
       827    0.00001    0.00002    4.88047    0.00521
       828    0.00001    0.00002    4.88047    0.00530
       829    0.00001    0.00002    4.88047    0.00527
       830    0.00001    0.00001    4.88047    0.00520
       831    0.00001    0.00002    4.88047    0.00526
       832    0.00001    0.00002    4.88047    0.00518
       833    0.00001    0.00002    4.88047    0.00521
       834    0.00001    0.00002    4.88047    0.00522
       835    0.00001    0.00002    4.88047    0.00518
       836    0.00001    0.00002    4.88047    0.00526
       837    0.00001    0.00002    4.88047    0.00521
       838    0.00001    0.00002    4.88047    0.00520
       839    0.00001    0.00002    4.88047    0.00525
       840    0.00001    0.00002    4.88047    0.00533
       841    0.00001    0.00002    4.88047    0.00522
       842    0.00001    0.00002    4.88047    0.00523
       843    0.00001    0.00002    4.88047    0.00525
       844    0.00001    0.00002    4.88047    0.00530
       845    0.00001    0.00002    4.88047    0.00534
       846    0.00001    0.00002    4.88047    0.00526
       847    0.00001    0.00002    4.88047    0.00530
       848    0.00001    0.00002    4.88047    0.00537
       849    0.00001    0.00002    4.88047    0.00526
       850    0.00001    0.00002    4.88047    0.00525
       851    0.00001    0.00002    4.88047    0.00536
       852    0.00001    0.00002    4.88047    0.00532
       853    0.00001    0.00002    4.88047    0.00534
       854    0.00001    0.00002    4.88047    0.00527
       855    0.00001    0.00002    4.88047    0.00529
       856    0.00001    0.00002    4.88047    0.00519
       857    0.00001    0.00002    4.88047    0.00526
       858    0.00001    0.00002    4.88047    0.00533
       859    0.00001    0.00002    4.88047    0.00534
       860    0.00001    0.00002    4.88047    0.00524
       861    0.00001    0.00002    4.88047    0.00533
       862    0.00001    0.00002    4.88047    0.00543
       863    0.00001    0.00002    4.88047    0.00536
       864    0.00001    0.00002    4.88047    0.00529
       865    0.00001    0.00002    4.88047    0.00536
       866    0.00001    0.00002    4.88047    0.00529
       867    0.00001    0.00002    4.88047    0.00537
       868    0.00001    0.00002    4.88047    0.00538
       869    0.00001    0.00002    4.88047    0.00541
       870    0.00001    0.00002    4.88047    0.00540
       871    0.00001    0.00002    4.88047    0.00532
       872    0.00001    0.00002    4.88047    0.00536
       873    0.00001    0.00002    4.88047    0.00539
       874    0.00001    0.00002    4.88047    0.00535
       875    0.00001    0.00002    4.88047    0.00534
       876    0.00001    0.00002    4.88047    0.00534
       877    0.00001    0.00002    4.88047    0.00541
       878    0.00001    0.00002    4.88047    0.00543
       879    0.00001    0.00002    4.88047    0.00539
       880    0.00001    0.00002    4.88047    0.00543
       881    0.00001    0.00002    4.88047    0.00539
       882    0.00001    0.00002    4.88047    0.00542
       883    0.00001    0.00002    4.88047    0.00535
       884    0.00001    0.00002    4.88047    0.00546
       885    0.00001    0.00002    4.88047    0.00528
       886    0.00001    0.00002    4.88047    0.00534
       887    0.00001    0.00002    4.88047    0.00536
       888    0.00001    0.00002    4.88047    0.00539
       889    0.00001    0.00002    4.88047    0.00538
       890    0.00001    0.00002    4.88047    0.00539
       891    0.00001    0.00002    4.88047    0.00533
       892    0.00001    0.00002    4.88047    0.00541
       893    0.00001    0.00002    4.88047    0.00537
       894    0.00001    0.00002    4.88047    0.00536
       895    0.00001    0.00002    4.88047    0.00543
       896    0.00001    0.00002    4.88047    0.00543
       897    0.00001    0.00002    4.88047    0.00530
       898    0.00001    0.00002    4.88047    0.00545
       899    0.00001    0.00002    4.88047    0.00538
       900    0.00001    0.00002    4.88047    0.00538
       901    0.00001    0.00002    4.88047    0.00548
       902    0.00001    0.00002    4.88047    0.00540
       903    0.00001    0.00002    4.88047    0.00545
       904    0.00001    0.00002    4.88047    0.00555
       905    0.00001    0.00002    4.88047    0.00547
       906    0.00001    0.00002    4.88047    0.00539
       907    0.00001    0.00002    4.88047    0.00549
       908    0.00001    0.00002    4.88047    0.00547
       909    0.00001    0.00002    4.88047    0.00547
       910    0.00001    0.00002    4.88047    0.00545
       911    0.00001    0.00002    4.88047    0.00538
       912    0.00001    0.00002    4.88047    0.00541
       913    0.00001    0.00002    4.88047    0.00557
       914    0.00001    0.00002    4.88047    0.00548
       915    0.00001    0.00002    4.88047    0.00545
       916    0.00001    0.00002    4.88047    0.00544
       917    0.00001    0.00002    4.88047    0.00548
       918    0.00001    0.00002    4.88047    0.00548
       919    0.00001    0.00002    4.88047    0.00539
       920    0.00001    0.00002    4.88047    0.00550
       921    0.00001    0.00002    4.88047    0.00550
       922    0.00001    0.00002    4.88047    0.00551
       923    0.00001    0.00002    4.88047    0.00549
       924    0.00001    0.00002    4.88047    0.00539
       925    0.00001    0.00002    4.88047    0.00545
       926    0.00001    0.00002    4.88047    0.00563
       927    0.00001    0.00002    4.88047    0.00554
       928    0.00001    0.00002    4.88047    0.00555
       929    0.00001    0.00002    4.88047    0.00550
       930    0.00001    0.00002    4.88047    0.00543
       931    0.00001    0.00002    4.88047    0.00553
       932    0.00001    0.00002    4.88047    0.00548
       933    0.00001    0.00002    4.88047    0.00544
       934    0.00001    0.00002    4.88047    0.00559
       935    0.00001    0.00002    4.88047    0.00548
       936    0.00001    0.00002    4.88047    0.00541
       937    0.00001    0.00002    4.88047    0.00547
       938    0.00001    0.00002    4.88047    0.00555
       939    0.00001    0.00002    4.88047    0.00554
       940    0.00001    0.00002    4.88047    0.00546
       941    0.00001    0.00002    4.88047    0.00562
       942    0.00001    0.00002    4.88047    0.00549
       943    0.00001    0.00002    4.88047    0.00549
       944    0.00001    0.00002    4.88047    0.00554
       945    0.00001    0.00002    4.88047    0.00553
       946    0.00001    0.00002    4.88047    0.00554
       947    0.00001    0.00002    4.88047    0.00557
       948    0.00001    0.00002    4.88047    0.00556
       949    0.00001    0.00002    4.88047    0.00553
       950    0.00001    0.00002    4.88047    0.00560
       951    0.00001    0.00002    4.88047    0.00561
       952    0.00001    0.00002    4.88047    0.00561
       953    0.00001    0.00002    4.88047    0.00569
       954    0.00001    0.00002    4.88047    0.00557
       955    0.00001    0.00002    4.88047    0.00562
       956    0.00001    0.00002    4.88047    0.00562
       957    0.00001    0.00002    4.88047    0.00557
       958    0.00001    0.00002    4.88047    0.00567
       959    0.00001    0.00002    4.88047    0.00557
       960    0.00001    0.00002    4.88047    0.00570
       961    0.00001    0.00002    4.88047    0.00566
       962    0.00001    0.00002    4.88047    0.00556
       963    0.00001    0.00002    4.88047    0.00555
       964    0.00001    0.00002    4.88047    0.00563
       965    0.00001    0.00002    4.88047    0.00558
       966    0.00001    0.00002    4.88047    0.00556
       967    0.00001    0.00002    4.88047    0.00559
       968    0.00001    0.00002    4.88047    0.00563
       969    0.00001    0.00002    4.88047    0.00561
       970    0.00001    0.00002    4.88047    0.00563
       971    0.00001    0.00002    4.88047    0.00567
       972    0.00001    0.00002    4.88047    0.00567
       973    0.00001    0.00002    4.88047    0.00570
       974    0.00001    0.00002    4.88047    0.00550
       975    0.00001    0.00002    4.88047    0.00565
       976    0.00001    0.00002    4.88047    0.00566
       977    0.00001    0.00002    4.88047    0.00557
       978    0.00001    0.00002    4.88047    0.00565
       979    0.00001    0.00002    4.88047    0.00565
       980    0.00001    0.00002    4.88047    0.00568
       981    0.00001    0.00002    4.88047    0.00563
       982    0.00001    0.00002    4.88047    0.00564
       983    0.00001    0.00002    4.88047    0.00568
       984    0.00001    0.00002    4.88047    0.00573
       985    0.00001    0.00002    4.88047    0.00574
       986    0.00001    0.00002    4.88047    0.00569
       987    0.00001    0.00002    4.88047    0.00569
       988    0.00001    0.00002    4.88047    0.00564
       989    0.00001    0.00002    4.88047    0.00567
       990    0.00001    0.00002    4.88047    0.00572
       991    0.00001    0.00002    4.88047    0.00569
       992    0.00001    0.00002    4.88047    0.00571
       993    0.00001    0.00002    4.88047    0.00570
       994    0.00001    0.00002    4.88047    0.00583
       995    0.00001    0.00002    4.88047    0.00565
       996    0.00001    0.00002    4.88047    0.00572
       997    0.00001    0.00002    4.88047    0.00579
       998    0.00001    0.00002    4.88047    0.00573
       999    0.00001    0.00002    4.88047    0.00578

Final Weights:        -0.0571695295         0.0047174333        -0.0355932075         0.0112666608 