# Cycles, Average Predicted Temperature, Stddev Predicted Temperature, Mean Squared Error, || MSE Gradient ||
         0 8.9937398e-01 1.1210809e-01 2.4192431e+00 2.7759207e+01
         1 9.1464393e-01 1.1364277e-01 2.3724448e+00 2.7823689e+01
         2 9.2869700e-01 1.1529855e-01 2.3298482e+00 2.7901696e+01
         3 9.4450943e-01 1.1738909e-01 2.2824509e+00 2.7944705e+01
         4 9.5779236e-01 1.1848867e-01 2.2428729e+00 2.7981112e+01
         5 9.7259249e-01 1.2027471e-01 2.1993274e+00 2.8030605e+01
         6 9.8719695e-01 1.2157207e-01 2.1566799e+00 2.8047893e+01
         7 1.0028461e+00 1.2321528e-01 2.1115211e+00 2.8072239e+01
         8 1.0184072e+00 1.2418722e-01 2.0669428e+00 2.8090644e+01
         9 1.0326947e+00 1.2567561e-01 2.0265904e+00 2.8101839e+01
        10 1.0493108e+00 1.2835040e-01 1.9804218e+00 2.8093120e+01
        11 1.0657813e+00 1.3000985e-01 1.9349581e+00 2.8092762e+01
        12 1.0812073e+00 1.3071345e-01 1.8926515e+00 2.8081126e+01
        13 1.0972323e+00 1.3280466e-01 1.8495664e+00 2.8046367e+01
        14 1.1152313e+00 1.3493340e-01 1.8017374e+00 2.8000978e+01
        15 1.1303454e+00 1.3648248e-01 1.7620169e+00 2.7968002e+01
        16 1.1476216e+00 1.3816820e-01 1.7171564e+00 2.7904661e+01
        17 1.1641672e+00 1.3951630e-01 1.6746833e+00 2.7848287e+01
        18 1.1823377e+00 1.4174349e-01 1.6288852e+00 2.7767803e+01
        19 1.1983330e+00 1.4312244e-01 1.5889576e+00 2.7693873e+01
        20 1.2159016e+00 1.4416367e-01 1.5455601e+00 2.7597295e+01
        21 1.2345944e+00 1.4708948e-01 1.5005972e+00 2.7484453e+01
        22 1.2507956e+00 1.4734590e-01 1.4615297e+00 2.7370724e+01
        23 1.2703332e+00 1.5074292e-01 1.4160367e+00 2.7241220e+01
        24 1.2874201e+00 1.5239535e-01 1.3764913e+00 2.7112434e+01
        25 1.3062638e+00 1.5328116e-01 1.3332754e+00 2.6963577e+01
        26 1.3256779e+00 1.5569620e-01 1.2899613e+00 2.6785697e+01
        27 1.3425592e+00 1.5689404e-01 1.2526363e+00 2.6635891e+01
        28 1.3623659e+00 1.5853692e-01 1.2096489e+00 2.6433412e+01
        29 1.3808527e+00 1.6057883e-01 1.1704019e+00 2.6246805e+01
        30 1.3997271e+00 1.6273124e-01 1.1310679e+00 2.6041699e+01
        31 1.4191563e+00 1.6402376e-01 1.0910278e+00 2.5817002e+01
        32 1.4383044e+00 1.6609356e-01 1.0525728e+00 2.5579512e+01
        33 1.4590090e+00 1.6787493e-01 1.0116731e+00 2.5322187e+01
        34 1.4793705e+00 1.7078530e-01 9.7268774e-01 2.5055731e+01
        35 1.4979691e+00 1.7205717e-01 9.3733819e-01 2.4804528e+01
        36 1.5174178e+00 1.7427183e-01 9.0142388e-01 2.4524463e+01
        37 1.5385949e+00 1.7600496e-01 8.6295020e-01 2.4187050e+01
        38 1.5585936e+00 1.7876075e-01 8.2784521e-01 2.3896558e+01
        39 1.5779887e+00 1.7946604e-01 7.9386817e-01 2.3585963e+01
        40 1.5985513e+00 1.8179743e-01 7.5924198e-01 2.3246421e+01
        41 1.6203559e+00 1.8372594e-01 7.2325997e-01 2.2868646e+01
        42 1.6403340e+00 1.8584000e-01 6.9126224e-01 2.2523839e+01
        43 1.6604749e+00 1.8812560e-01 6.5987872e-01 2.2158706e+01
        44 1.6822910e+00 1.8989559e-01 6.2654372e-01 2.1752568e+01
        45 1.7003098e+00 1.9062000e-01 5.9945167e-01 2.1393801e+01
        46 1.7201765e+00 1.9248372e-01 5.7074406e-01 2.1014118e+01
        47 1.7414558e+00 1.9521536e-01 5.4116493e-01 2.0578195e+01
        48 1.7616651e+00 1.9744096e-01 5.1377975e-01 2.0152955e+01
        49 1.7825192e+00 1.9873998e-01 4.8599008e-01 1.9698804e+01
        50 1.8016631e+00 2.0084270e-01 4.6161288e-01 1.9280592e+01
        51 1.8249233e+00 2.0393245e-01 4.3321011e-01 1.8762768e+01
        52 1.8441723e+00 2.0451771e-01 4.0972773e-01 1.8317389e+01
        53 1.8645076e+00 2.0661121e-01 3.8633328e-01 1.7833689e+01
        54 1.8840667e+00 2.0862369e-01 3.6461998e-01 1.7365278e+01
        55 1.9033752e+00 2.1002211e-01 3.4369574e-01 1.6889698e+01
        56 1.9242245e+00 2.1146929e-01 3.2191695e-01 1.6366044e+01
        57 1.9452999e+00 2.1411774e-01 3.0129598e-01 1.5831703e+01
        58 1.9646008e+00 2.1481991e-01 2.8245957e-01 1.5327640e+01
        59 1.9847479e+00 2.1789859e-01 2.6460992e-01 1.4787764e+01
        60 2.0041548e+00 2.1934496e-01 2.4753284e-01 1.4264432e+01
        61 2.0226865e+00 2.2126540e-01 2.3217114e-01 1.3754998e+01
        62 2.0411319e+00 2.2307067e-01 2.1752303e-01 1.3235533e+01
        63 2.0589321e+00 2.2324077e-01 2.0333432e-01 1.2735431e+01
        64 2.0798930e+00 2.2576160e-01 1.8848108e-01 1.2126538e+01
        65 2.0961672e+00 2.2579701e-01 1.7669205e-01 1.1652779e+01
        66 2.1124400e+00 2.2785986e-01 1.6635357e-01 1.1164073e+01
        67 2.1310351e+00 2.2984451e-01 1.5502703e-01 1.0601576e+01
        68 2.1482849e+00 2.3172251e-01 1.4516238e-01 1.0070937e+01
        69 2.1629281e+00 2.3226496e-01 1.3677125e-01 9.6205053e+00
        70 2.1791617e+00 2.3419712e-01 1.2859225e-01 9.1105109e+00
        71 2.1944912e+00 2.3533961e-01 1.2103802e-01 8.6227397e+00
        72 2.2087706e+00 2.3714228e-01 1.1477605e-01 8.1580840e+00
        73 2.2237920e+00 2.3735595e-01 1.0783424e-01 7.6728029e+00
        74 2.2422988e+00 2.3890834e-01 1.0051665e-01 7.0719527e+00
        75 2.2522729e+00 2.3896350e-01 9.6484860e-02 6.7463654e+00
        76 2.2665472e+00 2.3946627e-01 9.1263773e-02 6.2645139e+00
        77 2.2800796e+00 2.4056796e-01 8.6991141e-02 5.8156547e+00
        78 2.2923005e+00 2.4175959e-01 8.3544493e-02 5.4010417e+00
        79 2.3014900e+00 2.4216081e-01 8.0911482e-02 5.0808254e+00
        80 2.3147278e+00 2.4347114e-01 7.7772116e-02 4.6305761e+00
        81 2.3266458e+00 2.4387156e-01 7.4867781e-02 4.2206994e+00
        82 2.3360655e+00 2.4642898e-01 7.3872924e-02 3.8896081e+00
        83 2.3444690e+00 2.4397791e-01 7.0814524e-02 3.6038647e+00
        84 2.3585750e+00 2.4470761e-01 6.8372545e-02 3.1123011e+00
        85 2.3634671e+00 2.4521507e-01 6.7743519e-02 2.9312269e+00
        86 2.3735625e+00 2.4694123e-01 6.6933269e-02 2.5808118e+00
        87 2.3798547e+00 2.4719925e-01 6.6129379e-02 2.3553535e+00
        88 2.3900402e+00 2.4795794e-01 6.5165194e-02 2.0044633e+00
        89 2.3935978e+00 2.4530603e-01 6.3438007e-02 1.8864008e+00
        90 2.4041381e+00 2.4856107e-01 6.3952493e-02 1.5244714e+00
        91 2.4106474e+00 2.4821526e-01 6.3216640e-02 1.3125592e+00
        92 2.4161465e+00 2.4886633e-01 6.3129788e-02 1.1352044e+00
        93 2.4150667e+00 2.4675152e-01 6.2157476e-02 1.1674407e+00
        94 2.4251984e+00 2.4913898e-01 6.2721587e-02 8.7658372e-01
        95 2.4290965e+00 2.4909307e-01 6.2514936e-02 7.7940441e-01
        96 2.4300295e+00 2.4636118e-01 6.1121935e-02 7.4909267e-01
        97 2.4335269e+00 2.4646041e-01 6.1038340e-02 6.8129745e-01
        98 2.4401491e+00 2.4708772e-01 6.1164087e-02 6.1332882e-01
        99 2.4426339e+00 2.4689855e-01 6.1024282e-02 6.1311503e-01
       100 2.4463164e+00 2.4788072e-01 6.1464247e-02 6.3714957e-01
       101 2.4443120e+00 2.4693265e-01 6.1016797e-02 6.1597938e-01
       102 2.4500378e+00 2.4609255e-01 6.0562008e-02 6.7728036e-01
       103 2.4483511e+00 2.4612674e-01 6.0583984e-02 6.5213132e-01
       104 2.4504448e+00 2.4458927e-01 5.9823986e-02 6.7757404e-01
       105 2.4509904e+00 2.4473478e-01 5.9895187e-02 6.8807542e-01
       106 2.4503179e+00 2.4386688e-01 5.9471217e-02 6.7267345e-01
       107 2.4520076e+00 2.4404849e-01 5.9561324e-02 7.0424181e-01
       108 2.4507513e+00 2.4348744e-01 5.9286135e-02 6.7817710e-01
       109 2.4529249e+00 2.4307278e-01 5.9089238e-02 7.1910030e-01
       110 2.4515169e+00 2.4219290e-01 5.8658034e-02 6.8728306e-01
       111 2.4510666e+00 2.4162145e-01 5.8381047e-02 6.7583355e-01
       112 2.4525001e+00 2.4111045e-01 5.8137419e-02 7.0187665e-01
       113 2.4523309e+00 2.4026827e-01 5.7731436e-02 6.9500369e-01
       114 2.4522977e+00 2.3982887e-01 5.7520375e-02 6.9324780e-01
       115 2.4504069e+00 2.3909383e-01 5.7165959e-02 6.5488326e-01
       116 2.4500566e+00 2.3977112e-01 5.7490629e-02 6.5342681e-01
       117 2.4488654e+00 2.3812766e-01 5.6708222e-02 6.2863581e-01
       118 2.4467755e+00 2.3608356e-01 5.5751009e-02 5.9523418e-01
       119 2.4442469e+00 2.3645363e-01 5.5952222e-02 5.8289493e-01
       120 2.4460691e+00 2.3664726e-01 5.6023556e-02 5.9366033e-01
       121 2.4468717e+00 2.3610693e-01 5.5761291e-02 6.0149898e-01
       122 2.4428810e+00 2.3487549e-01 5.5227949e-02 5.7992505e-01
       123 2.4439447e+00 2.3427228e-01 5.4929408e-02 5.7858875e-01
       124 2.4442405e+00 2.3363122e-01 5.4625533e-02 5.7878114e-01
       125 2.4435758e+00 2.3370863e-01 5.4670764e-02 5.8047352e-01
       126 2.4416761e+00 2.3197392e-01 5.3893695e-02 5.7575677e-01
       127 2.4406743e+00 2.3027363e-01 5.3126863e-02 5.8072808e-01
       128 2.4383321e+00 2.3053094e-01 5.3297976e-02 5.9973389e-01
       129 2.4378089e+00 2.3072207e-01 5.3399373e-02 6.0903879e-01
       130 2.4375177e+00 2.3054155e-01 5.3323709e-02 6.1040089e-01
       131 2.4371632e+00 2.2866417e-01 5.2471095e-02 6.1685132e-01
       132 2.4367496e+00 2.2953409e-01 5.2881075e-02 6.2629050e-01
       133 2.4353233e+00 2.2869743e-01 5.2539577e-02 6.5329101e-01
       134 2.4358746e+00 2.2625455e-01 5.1411513e-02 6.3817650e-01
       135 2.4332880e+00 2.2622655e-01 5.1482330e-02 6.9127374e-01
       136 2.4317246e+00 2.2518696e-01 5.1069998e-02 7.2091911e-01
       137 2.4324390e+00 2.2637646e-01 5.1580504e-02 7.0488540e-01
       138 2.4311168e+00 2.2346133e-01 5.0319254e-02 7.3964215e-01
       139 2.4338973e+00 2.2425800e-01 5.0574659e-02 6.7688200e-01
       140 2.4310681e+00 2.2291656e-01 5.0077995e-02 7.4160207e-01
       141 2.4315421e+00 2.2311998e-01 5.0150322e-02 7.2798009e-01
       142 2.4286010e+00 2.2167876e-01 4.9630728e-02 8.0352665e-01
       143 2.4320162e+00 2.2183970e-01 4.9562690e-02 7.2272862e-01
       144 2.4288890e+00 2.2108187e-01 4.9353794e-02 7.9884964e-01
       145 2.4317143e+00 2.2077905e-01 4.9104608e-02 7.2905223e-01
       146 2.4296318e+00 2.2013161e-01 4.8902642e-02 7.7743473e-01
       147 2.4261817e+00 2.1837518e-01 4.8289855e-02 8.7086979e-01
       148 2.4281154e+00 2.1865540e-01 4.8321158e-02 8.2145742e-01
       149 2.4306339e+00 2.1718228e-01 4.7571599e-02 7.5767132e-01
       150 2.4268529e+00 2.1610796e-01 4.7272295e-02 8.5531145e-01
       151 2.4284941e+00 2.1770889e-01 4.7891157e-02 8.1726271e-01
       152 2.4268079e+00 2.1469693e-01 4.6666567e-02 8.5807044e-01
       153 2.4279277e+00 2.1629536e-01 4.7303177e-02 8.2814821e-01
       154 2.4301686e+00 2.1400300e-01 4.6219650e-02 7.6698935e-01
       155 2.4277560e+00 2.1469045e-01 4.6619344e-02 8.3032066e-01
       156 2.4267585e+00 2.1517638e-01 4.6875036e-02 8.5727079e-01
       157 2.4294409e+00 2.1335850e-01 4.5974655e-02 7.8487867e-01
       158 2.4291961e+00 2.1290928e-01 4.5793646e-02 7.9443751e-01
       159 2.4284647e+00 2.1270567e-01 4.5739007e-02 8.1701995e-01
       160 2.4284198e+00 2.1145560e-01 4.5210776e-02 8.1224117e-01
       161 2.4301624e+00 2.1102917e-01 4.4955933e-02 7.6454411e-01
       162 2.4308242e+00 2.1018548e-01 4.4573784e-02 7.5208268e-01
       163 2.4272403e+00 2.0900870e-01 4.4235939e-02 8.4535735e-01
       164 2.4298775e+00 2.1020382e-01 4.4620062e-02 7.7647385e-01
       165 2.4330216e+00 2.0903285e-01 4.4007972e-02 6.9352914e-01
       166 2.4299706e+00 2.0841433e-01 4.3867078e-02 7.7462684e-01
       167 2.4298129e+00 2.0806463e-01 4.3728005e-02 7.8208950e-01
       168 2.4285782e+00 2.0732710e-01 4.3474792e-02 8.1050717e-01
       169 2.4311323e+00 2.0773769e-01 4.3538630e-02 7.3843399e-01
       170 2.4307679e+00 2.0573773e-01 4.2726109e-02 7.4679064e-01
       171 2.4330633e+00 2.0643374e-01 4.2926649e-02 6.9296774e-01
       172 2.4311966e+00 2.0538942e-01 4.2565980e-02 7.4078900e-01
       173 2.4314268e+00 2.0453150e-01 4.2205368e-02 7.3408297e-01
       174 2.4333239e+00 2.0336328e-01 4.1659255e-02 6.8342499e-01
       175 2.4341676e+00 2.0382617e-01 4.1819095e-02 6.6265371e-01
       176 2.4320693e+00 2.0219252e-01 4.1229666e-02 7.1365389e-01
       177 2.4319272e+00 2.0148633e-01 4.0949913e-02 7.1639430e-01
       178 2.4337026e+00 2.0248525e-01 4.1289872e-02 6.7409163e-01
       179 2.4344714e+00 2.0132316e-01 4.0795035e-02 6.5420708e-01
       180 2.4323657e+00 2.0099187e-01 4.0734618e-02 7.0394957e-01
       181 2.4348004e+00 2.0053988e-01 4.0469682e-02 6.4649438e-01
       182 2.4346227e+00 2.0113602e-01 4.0714823e-02 6.4964294e-01
       183 2.4339031e+00 1.9955454e-01 4.0104827e-02 6.6816193e-01
       184 2.4337805e+00 1.9748044e-01 3.9285473e-02 6.6493732e-01
       185 2.4341795e+00 1.9814297e-01 3.9534230e-02 6.6141357e-01
       186 2.4349637e+00 1.9573071e-01 3.8558774e-02 6.3818185e-01
       187 2.4349622e+00 1.9622524e-01 3.8752658e-02 6.4020585e-01
       188 2.4343103e+00 1.9659274e-01 3.8917987e-02 6.5290997e-01
       189 2.4349791e+00 1.9651538e-01 3.8866073e-02 6.3641757e-01
       190 2.4326231e+00 1.9546159e-01 3.8532737e-02 6.9763967e-01
       191 2.4335292e+00 1.9553052e-01 3.8527715e-02 6.7137646e-01
       192 2.4329500e+00 1.9371262e-01 3.7840357e-02 6.8261988e-01
       193 2.4351696e+00 1.9368008e-01 3.7753793e-02 6.3241595e-01
       194 2.4351608e+00 1.9290339e-01 3.7453812e-02 6.3033273e-01
       195 2.4354199e+00 1.9349988e-01 3.7676300e-02 6.2220073e-01
       196 2.4358157e+00 1.9139247e-01 3.6853218e-02 6.1583307e-01
       197 2.4358522e+00 1.9130595e-01 3.6819025e-02 6.1707461e-01
       198 2.4371282e+00 1.9161477e-01 3.6900962e-02 5.8382396e-01
       199 2.4367778e+00 1.9008988e-01 3.6328553e-02 5.9181214e-01
       200 2.4351251e+00 1.8920683e-01 3.6042427e-02 6.2657598e-01
       201 2.4347939e+00 1.8879502e-01 3.5897206e-02 6.3549768e-01
       202 2.4342910e+00 1.8906293e-01 3.6014708e-02 6.4619874e-01
       203 2.4360350e+00 1.8832482e-01 3.5681893e-02 6.0640024e-01
       204 2.4357443e+00 1.8786655e-01 3.5518118e-02 6.0917543e-01
       205 2.4361603e+00 1.8728633e-01 3.5288159e-02 6.0190883e-01
       206 2.4340761e+00 1.8596930e-01 3.4861603e-02 6.5523967e-01
       207 2.4356935e+00 1.8526626e-01 3.4549386e-02 6.0984580e-01
       208 2.4346697e+00 1.8528375e-01 3.4587686e-02 6.3546226e-01
       209 2.4372500e+00 1.8490530e-01 3.4371413e-02 5.7523067e-01
       210 2.4358382e+00 1.8508024e-01 3.4476168e-02 6.0263449e-01
       211 2.4359722e+00 1.8484331e-01 3.4384550e-02 6.0037883e-01
       212 2.4349744e+00 1.8299078e-01 3.3733555e-02 6.2342898e-01
       213 2.4356961e+00 1.8312102e-01 3.3759030e-02 6.0691813e-01
       214 2.4366353e+00 1.8204921e-01 3.3340296e-02 5.8281255e-01
       215 2.4365164e+00 1.8275445e-01 3.3600936e-02 5.8296359e-01
       216 2.4361533e+00 1.8118894e-01 3.3041623e-02 5.9088456e-01
       217 2.4363659e+00 1.8078874e-01 3.2890615e-02 5.8731128e-01
       218 2.4359743e+00 1.8017846e-01 3.2681716e-02 5.9589599e-01
       219 2.4369393e+00 1.7916745e-01 3.2290886e-02 5.7268598e-01
       220 2.4395857e+00 1.7986037e-01 3.2473728e-02 5.1502711e-01
       221 2.4357858e+00 1.7818499e-01 3.1972927e-02 5.9834754e-01
       222 2.4356706e+00 1.7800153e-01 3.1911032e-02 5.9981732e-01
       223 2.4379528e+00 1.7818022e-01 3.1911195e-02 5.4344968e-01
       224 2.4370870e+00 1.7784976e-01 3.1816398e-02 5.6175494e-01
       225 2.4380698e+00 1.7657036e-01 3.1337122e-02 5.3960208e-01
       226 2.4375793e+00 1.7712260e-01 3.1545096e-02 5.4892293e-01
       227 2.4380875e+00 1.7635793e-01 3.1261700e-02 5.4027889e-01
       228 2.4365550e+00 1.7638308e-01 3.1311641e-02 5.7576264e-01
       229 2.4367621e+00 1.7509846e-01 3.0854296e-02 5.6764663e-01
       230 2.4371241e+00 1.7604066e-01 3.1175167e-02 5.5841945e-01
       231 2.4374677e+00 1.7414399e-01 3.0501757e-02 5.4819202e-01
       232 2.4368761e+00 1.7302676e-01 3.0129917e-02 5.6607820e-01
       233 2.4353312e+00 1.7295284e-01 3.0149506e-02 6.0196030e-01
       234 2.4389962e+00 1.7227481e-01 2.9816061e-02 5.0985691e-01
       235 2.4372316e+00 1.7183168e-01 2.9708067e-02 5.5268665e-01
       236 2.4364143e+00 1.7143742e-01 2.9595447e-02 5.7306783e-01
       237 2.4369796e+00 1.7111448e-01 2.9468969e-02 5.5906179e-01
       238 2.4375744e+00 1.7101686e-01 2.9419576e-02 5.4006571e-01
       239 2.4393308e+00 1.6966292e-01 2.8915221e-02 4.9717293e-01
       240 2.4379190e+00 1.7031076e-01 2.9169624e-02 5.3280754e-01
       241 2.4393421e+00 1.6990469e-01 2.8997063e-02 4.9807808e-01
       242 2.4371699e+00 1.6903209e-01 2.8755455e-02 5.4426524e-01
       243 2.4358081e+00 1.6810525e-01 2.8481747e-02 5.8134516e-01
       244 2.4392486e+00 1.6807195e-01 2.8379776e-02 4.9463372e-01
       245 2.4383047e+00 1.6688318e-01 2.8004141e-02 5.1187265e-01
       246 2.4385960e+00 1.6761879e-01 2.8243054e-02 5.0709636e-01
       247 2.4371054e+00 1.6589570e-01 2.7706743e-02 5.4298456e-01
       248 2.4362622e+00 1.6634425e-01 2.7879442e-02 5.6185714e-01
       249 2.4391854e+00 1.6482225e-01 2.7299424e-02 4.9056699e-01
       250 2.4398591e+00 1.6558069e-01 2.7534926e-02 4.7545853e-01
       251 2.4385810e+00 1.6454588e-01 2.7222705e-02 5.0129627e-01
       252 2.4368842e+00 1.6388306e-01 2.7049090e-02 5.4320792e-01
       253 2.4393505e+00 1.6340584e-01 2.6830738e-02 4.8576225e-01
       254 2.4384932e+00 1.6311616e-01 2.6756379e-02 5.0086824e-01
       255 2.4390068e+00 1.6275897e-01 2.6627683e-02 4.8601092e-01
       256 2.4368115e+00 1.6227980e-01 2.6528184e-02 5.4253810e-01
       257 2.4378774e+00 1.6147761e-01 2.6239953e-02 5.1518541e-01
       258 2.4394396e+00 1.6176153e-01 2.6294043e-02 4.7266350e-01
       259 2.4398501e+00 1.6047036e-01 2.5868894e-02 4.5834456e-01
       260 2.4399235e+00 1.6049162e-01 2.5874128e-02 4.6283298e-01
       261 2.4392153e+00 1.6010294e-01 2.5765313e-02 4.7454917e-01
       262 2.4403030e+00 1.5955457e-01 2.5566178e-02 4.4953010e-01
       263 2.4397047e+00 1.5913167e-01 2.5444228e-02 4.5894369e-01
       264 2.4398151e+00 1.5881990e-01 2.5342680e-02 4.5977430e-01
       265 2.4386245e+00 1.5900658e-01 2.5429399e-02 4.8686408e-01
       266 2.4390415e+00 1.5813558e-01 2.5143253e-02 4.7476917e-01
       267 2.4388585e+00 1.5693272e-01 2.4768576e-02 4.7958527e-01
       268 2.4423428e+00 1.5733967e-01 2.4825952e-02 4.0024587e-01
       269 2.4403837e+00 1.5680584e-01 2.4694914e-02 4.3986994e-01
       270 2.4383631e+00 1.5650529e-01 2.4646600e-02 4.8720073e-01
       271 2.4396884e+00 1.5645664e-01 2.4600378e-02 4.5157277e-01
       272 2.4405125e+00 1.5494830e-01 2.4113172e-02 4.3553543e-01
       273 2.4389438e+00 1.5529684e-01 2.4255791e-02 4.6923873e-01
       274 2.4399411e+00 1.5517746e-01 2.4196233e-02 4.4593366e-01
       275 2.4395593e+00 1.5427429e-01 2.3925121e-02 4.4965313e-01
       276 2.4393873e+00 1.5339138e-01 2.3657347e-02 4.5330499e-01
       277 2.4402944e+00 1.5371903e-01 2.3738238e-02 4.3085671e-01
       278 2.4405891e+00 1.5239686e-01 2.3327443e-02 4.2251025e-01
       279 2.4379919e+00 1.5244825e-01 2.3402477e-02 4.8758256e-01
       280 2.4395756e+00 1.5182155e-01 2.3173983e-02 4.4305734e-01
       281 2.4412494e+00 1.5252639e-01 2.3353994e-02 4.0573883e-01
       282 2.4380721e+00 1.5248206e-01 2.3410753e-02 4.8166644e-01
       283 2.4407954e+00 1.5140363e-01 2.3021561e-02 4.0865777e-01
       284 2.4391678e+00 1.4995600e-01 2.2620259e-02 4.5275403e-01
       285 2.4391953e+00 1.5017963e-01 2.2686743e-02 4.5259769e-01
       286 2.4419720e+00 1.5032046e-01 2.2672772e-02 3.8157910e-01
       287 2.4396817e+00 1.4887342e-01 2.2285143e-02 4.3549563e-01
       288 2.4388467e+00 1.4951257e-01 2.2494988e-02 4.5654124e-01
       289 2.4402605e+00 1.5078740e-01 2.2846245e-02 4.1323627e-01
       290 2.4402447e+00 1.4893514e-01 2.2291411e-02 4.1806508e-01
       291 2.4401846e+00 1.4836674e-01 2.2123686e-02 4.1362101e-01
       292 2.4403800e+00 1.4722353e-01 2.1781687e-02 4.1058128e-01
       293 2.4415224e+00 1.4755774e-01 2.1857886e-02 3.7832820e-01
       294 2.4426908e+00 1.4686429e-01 2.1633588e-02 3.5631752e-01
       295 2.4401590e+00 1.4688857e-01 2.1687791e-02 4.1331110e-01
       296 2.4383160e+00 1.4573828e-01 2.1393507e-02 4.6104173e-01
       297 2.4414359e+00 1.4634598e-01 2.1503342e-02 3.7929111e-01
       298 2.4401116e+00 1.4534797e-01 2.1238573e-02 4.0934698e-01
       299 2.4408374e+00 1.4649192e-01 2.1557550e-02 3.8946835e-01
       300 2.4410255e+00 1.4524127e-01 2.1189012e-02 3.8336639e-01
       301 2.4397374e+00 1.4449015e-01 2.0998023e-02 4.1382319e-01
       302 2.4428341e+00 1.4502000e-01 2.1092991e-02 3.3856321e-01
       303 2.4413855e+00 1.4447269e-01 2.0959494e-02 3.6817229e-01
       304 2.4398293e+00 1.4453723e-01 2.1009621e-02 4.0853424e-01
       305 2.4417780e+00 1.4354170e-01 2.0684183e-02 3.5957598e-01
       306 2.4425541e+00 1.4216245e-01 2.0276845e-02 3.3839450e-01
       307 2.4429219e+00 1.4228502e-01 2.0305838e-02 3.3154443e-01
       308 2.4382449e+00 1.4333459e-01 2.0700436e-02 4.4732206e-01
       309 2.4426410e+00 1.4256174e-01 2.0389122e-02 3.3499673e-01
       310 2.4406921e+00 1.4226358e-01 2.0339488e-02 3.8100113e-01
       311 2.4408941e+00 1.4241006e-01 2.0377177e-02 3.7077688e-01
       312 2.4441197e+00 1.4191860e-01 2.0184455e-02 3.0074358e-01
       313 2.4415721e+00 1.4050412e-01 1.9825096e-02 3.5276747e-01
       314 2.4419898e+00 1.4150280e-01 2.0099263e-02 3.4352718e-01
       315 2.4430795e+00 1.3929655e-01 1.9461909e-02 3.1555910e-01
       316 2.4413294e+00 1.4015615e-01 1.9731934e-02 3.5814466e-01
       317 2.4398727e+00 1.3981136e-01 1.9664882e-02 3.9122016e-01
       318 2.4402811e+00 1.4040349e-01 1.9822114e-02 3.7599017e-01
       319 2.4428829e+00 1.3905587e-01 1.9397958e-02 3.1297582e-01
       320 2.4417093e+00 1.3892429e-01 1.9381154e-02 3.3803633e-01
       321 2.4408927e+00 1.3941908e-01 1.9534258e-02 3.6046467e-01
       322 2.4415932e+00 1.3758452e-01 1.9012802e-02 3.3982641e-01
       323 2.4412086e+00 1.3758750e-01 1.9020790e-02 3.4601466e-01
       324 2.4426475e+00 1.3789149e-01 1.9079229e-02 3.1359764e-01
       325 2.4422298e+00 1.3735107e-01 1.8937402e-02 3.2224832e-01
       326 2.4419888e+00 1.3766975e-01 1.9029196e-02 3.2133531e-01
       327 2.4425321e+00 1.3651355e-01 1.8702994e-02 3.1127105e-01
       328 2.4436111e+00 1.3653595e-01 1.8692603e-02 2.8849817e-01
       329 2.4414317e+00 1.3716298e-01 1.8899958e-02 3.3563439e-01
       330 2.4434032e+00 1.3701917e-01 1.8827791e-02 2.8762552e-01
       331 2.4423930e+00 1.3569910e-01 1.8483586e-02 3.0842500e-01
       332 2.4410236e+00 1.3330185e-01 1.7863405e-02 3.4119071e-01
       333 2.4400067e+00 1.3531471e-01 1.8424848e-02 3.6934940e-01
       334 2.4418996e+00 1.3481347e-01 1.8252475e-02 3.1741150e-01
       335 2.4432570e+00 1.3496988e-01 1.8272566e-02 2.8452735e-01
       336 2.4424532e+00 1.3443668e-01 1.8141563e-02 2.9891426e-01
       337 2.4416551e+00 1.3302675e-01 1.7778290e-02 3.2205330e-01
       338 2.4410010e+00 1.3457006e-01 1.8203562e-02 3.3511694e-01
       339 2.4422637e+00 1.3381683e-01 1.7978456e-02 3.0209218e-01
       340 2.4415468e+00 1.3381380e-01 1.7990283e-02 3.1587272e-01
       341 2.4428708e+00 1.3247788e-01 1.7612002e-02 2.8490963e-01
       342 2.4407881e+00 1.3260550e-01 1.7682864e-02 3.3420610e-01
       343 2.4426074e+00 1.3403789e-01 1.8031973e-02 2.8430427e-01
       344 2.4419112e+00 1.3271727e-01 1.7691471e-02 3.0099994e-01
       345 2.4451375e+00 1.3276797e-01 1.7658501e-02 2.3447430e-01
       346 2.4439443e+00 1.3127563e-01 1.7279203e-02 2.5113783e-01
       347 2.4438414e+00 1.3175611e-01 1.7406989e-02 2.5278255e-01
       348 2.4418261e+00 1.3184444e-01 1.7462060e-02 3.0110927e-01
       349 2.4427509e+00 1.3035101e-01 1.7054895e-02 2.7730369e-01
       350 2.4420359e+00 1.3142401e-01 1.7347686e-02 2.8910291e-01
       351 2.4416656e+00 1.3246564e-01 1.7629131e-02 2.9902056e-01
       352 2.4427836e+00 1.3038369e-01 1.7062894e-02 2.6842614e-01
       353 2.4421863e+00 1.3164231e-01 1.7402524e-02 2.8112879e-01
       354 2.4444818e+00 1.2989129e-01 1.6910664e-02 2.3197967e-01
       355 2.4425284e+00 1.2909488e-01 1.6732592e-02 2.7333742e-01
       356 2.4410774e+00 1.2998170e-01 1.6988225e-02 3.1244327e-01
       357 2.4413782e+00 1.3059298e-01 1.7141798e-02 3.0113893e-01
       358 2.4434374e+00 1.2869842e-01 1.6616321e-02 2.4628855e-01
       359 2.4417585e+00 1.3041246e-01 1.7087721e-02 2.8685798e-01
       360 2.4431538e+00 1.2798293e-01 1.6436881e-02 2.5443460e-01
       361 2.4434687e+00 1.2977283e-01 1.6893572e-02 2.3953270e-01
       362 2.4414248e+00 1.2861300e-01 1.6627707e-02 2.9382837e-01
       363 2.4416703e+00 1.2812231e-01 1.6497227e-02 2.8925924e-01
       364 2.4417309e+00 1.2876525e-01 1.6661297e-02 2.8209325e-01
       365 2.4431716e+00 1.2867421e-01 1.6614032e-02 2.4109276e-01
       366 2.4426188e+00 1.2872666e-01 1.6636185e-02 2.5397332e-01
       367 2.4448022e+00 1.2739792e-01 1.6265253e-02 2.0906125e-01
       368 2.4414179e+00 1.2757079e-01 1.6360838e-02 2.8614303e-01
       369 2.4419750e+00 1.2833413e-01 1.6546126e-02 2.7165692e-01
       370 2.4441413e+00 1.2797909e-01 1.6421927e-02 2.1334023e-01
       371 2.4425135e+00 1.2842142e-01 1.6559410e-02 2.5352557e-01
       372 2.4436585e+00 1.2636247e-01 1.6017342e-02 2.2335412e-01
       373 2.4425816e+00 1.2679727e-01 1.6143783e-02 2.4954204e-01
       374 2.4440832e+00 1.2740204e-01 1.6275327e-02 2.1061095e-01
       375 2.4443624e+00 1.2632697e-01 1.5998924e-02 2.0509562e-01
       376 2.4421601e+00 1.2731339e-01 1.6281974e-02 2.5239730e-01
       377 2.4434062e+00 1.2613642e-01 1.5963890e-02 2.2350530e-01
       378 2.4442479e+00 1.2405366e-01 1.5431200e-02 2.0683543e-01
       379 2.4426441e+00 1.2596268e-01 1.5931819e-02 2.3798948e-01
       380 2.4428045e+00 1.2565916e-01 1.5852883e-02 2.3657633e-01
       381 2.4446892e+00 1.2485682e-01 1.5625599e-02 1.9283072e-01
       382 2.4430933e+00 1.2524602e-01 1.5744734e-02 2.2467828e-01
       383 2.4467280e+00 1.2427553e-01 1.5460345e-02 1.6720237e-01
       384 2.4436060e+00 1.2426699e-01 1.5492896e-02 2.1015059e-01
       385 2.4446787e+00 1.2387311e-01 1.5381047e-02 1.8923544e-01
       386 2.4445298e+00 1.2425973e-01 1.5478800e-02 1.8961815e-01
       387 2.4439396e+00 1.2364101e-01 1.5333075e-02 2.0002726e-01
       388 2.4441655e+00 1.2441476e-01 1.5521996e-02 1.9638471e-01
       389 2.4447914e+00 1.2439682e-01 1.5509718e-02 1.8092429e-01
       390 2.4450157e+00 1.2392509e-01 1.5389969e-02 1.7493832e-01
       391 2.4427130e+00 1.2486294e-01 1.5654867e-02 2.2204312e-01
       392 2.4426201e+00 1.2419063e-01 1.5488924e-02 2.2510614e-01
       393 2.4434480e+00 1.2346580e-01 1.5296687e-02 2.0506946e-01
       394 2.4435462e+00 1.2336766e-01 1.5271044e-02 2.0172663e-01
       395 2.4415557e+00 1.2286450e-01 1.5179671e-02 2.5278347e-01
       396 2.4425342e+00 1.2379979e-01 1.5393397e-02 2.2472906e-01
       397 2.4413409e+00 1.2316745e-01 1.5258192e-02 2.5654311e-01
       398 2.4424443e+00 1.2324387e-01 1.5257540e-02 2.2242248e-01
       399 2.4418013e+00 1.2259431e-01 1.5108910e-02 2.4195568e-01
       400 2.4409237e+00 1.2389339e-01 1.5445544e-02 2.6144662e-01
       401 2.4432633e+00 1.2316318e-01 1.5224772e-02 1.9980850e-01
       402 2.4438617e+00 1.2234810e-01 1.5016094e-02 1.8421570e-01
       403 2.4417964e+00 1.2175802e-01 1.4904648e-02 2.3902528e-01
       404 2.4437494e+00 1.2264426e-01 1.5090205e-02 1.8397686e-01
       405 2.4432935e+00 1.2202818e-01 1.4946033e-02 1.9274263e-01
       406 2.4442529e+00 1.2085775e-01 1.4648420e-02 1.7372872e-01
       407 2.4417177e+00 1.2200074e-01 1.4965224e-02 2.3596577e-01
       408 2.4453883e+00 1.2155497e-01 1.4804038e-02 1.5031625e-01
       409 2.4458411e+00 1.2125855e-01 1.4727440e-02 1.3977539e-01
       410 2.4447270e+00 1.2237867e-01 1.5012457e-02 1.5389646e-01
       411 2.4444336e+00 1.2172195e-01 1.4855754e-02 1.6172093e-01
       412 2.4433369e+00 1.2082695e-01 1.4653664e-02 1.8354447e-01
       413 2.4452394e+00 1.2125418e-01 1.4732614e-02 1.4283012e-01
       414 2.4440127e+00 1.2172040e-01 1.4860846e-02 1.6691062e-01
       415 2.4435604e+00 1.2102687e-01 1.4698766e-02 1.7381060e-01
       416 2.4448280e+00 1.2097816e-01 1.4670432e-02 1.5024040e-01
       417 2.4448878e+00 1.2073006e-01 1.4609764e-02 1.4532490e-01
       418 2.4444926e+00 1.2023888e-01 1.4496170e-02 1.5362080e-01
       419 2.4444794e+00 1.1989557e-01 1.4413895e-02 1.5168835e-01
       420 2.4429092e+00 1.2033063e-01 1.4540470e-02 1.8978014e-01
       421 2.4438903e+00 1.2091698e-01 1.4667562e-02 1.6472825e-01
       422 2.4440464e+00 1.2119157e-01 1.4731937e-02 1.5924316e-01
       423 2.4447922e+00 1.1985533e-01 1.4400441e-02 1.4217267e-01
       424 2.4437722e+00 1.1987473e-01 1.4418224e-02 1.6287949e-01
       425 2.4440875e+00 1.1993596e-01 1.4428627e-02 1.5573972e-01
       426 2.4433042e+00 1.2015600e-01 1.4492460e-02 1.6795429e-01
       427 2.4447407e+00 1.2007704e-01 1.4454248e-02 1.3723285e-01
       428 2.4448760e+00 1.2015673e-01 1.4471794e-02 1.3572663e-01
       429 2.4442878e+00 1.1971214e-01 1.4372370e-02 1.4429621e-01
       430 2.4442860e+00 1.1959595e-01 1.4344588e-02 1.4712219e-01
       431 2.4422698e+00 1.1996955e-01 1.4464102e-02 1.9725031e-01
       432 2.4438895e+00 1.1964134e-01 1.4360708e-02 1.5347566e-01
       433 2.4435888e+00 1.1952879e-01 1.4337988e-02 1.5991204e-01
       434 2.4450305e+00 1.1969777e-01 1.4359928e-02 1.2900513e-01
       435 2.4455552e+00 1.1936887e-01 1.4275602e-02 1.1942020e-01
       436 2.4439546e+00 1.1914270e-01 1.4240756e-02 1.4853069e-01
       437 2.4461604e+00 1.1799253e-01 1.3943028e-02 1.0887938e-01
       438 2.4417351e+00 1.1953004e-01 1.4368162e-02 2.0711115e-01
       439 2.4431519e+00 1.1835717e-01 1.4065698e-02 1.6457456e-01
       440 2.4440921e+00 1.1829561e-01 1.4037783e-02 1.3985788e-01
       441 2.4433551e+00 1.1978510e-01 1.4402714e-02 1.5653164e-01
       442 2.4450586e+00 1.1827661e-01 1.4021409e-02 1.2291516e-01
       443 2.4424447e+00 1.1932879e-01 1.4307842e-02 1.8252339e-01
       444 2.4453267e+00 1.1813900e-01 1.3985914e-02 1.1196283e-01
       445 2.4448044e+00 1.1832414e-01 1.4035598e-02 1.2008030e-01
       446 2.4463427e+00 1.1843362e-01 1.4045684e-02 1.0436699e-01
       447 2.4438983e+00 1.1925670e-01 1.4268699e-02 1.4023558e-01
       448 2.4430889e+00 1.1829118e-01 1.4051039e-02 1.5984225e-01
       449 2.4429804e+00 1.1831061e-01 1.4057303e-02 1.6086737e-01
       450 2.4450970e+00 1.1705026e-01 1.3732383e-02 1.1409997e-01
       451 2.4439294e+00 1.1755397e-01 1.3865050e-02 1.3557168e-01
       452 2.4434104e+00 1.1856217e-01 1.4110421e-02 1.4611497e-01
       453 2.4436102e+00 1.1780749e-01 1.3929156e-02 1.4122506e-01
       454 2.4440855e+00 1.1814972e-01 1.4003373e-02 1.2783595e-01
       455 2.4459221e+00 1.1657240e-01 1.3612145e-02 9.6391355e-02
       456 2.4436212e+00 1.1755986e-01 1.3870715e-02 1.3846262e-01
       457 2.4435300e+00 1.1746528e-01 1.3849790e-02 1.4047707e-01
       458 2.4451939e+00 1.1737916e-01 1.3808406e-02 1.0284740e-01
       459 2.4453484e+00 1.1666139e-01 1.3638735e-02 9.9162346e-02
       460 2.4431298e+00 1.1790935e-01 1.3960227e-02 1.4947304e-01
       461 2.4443887e+00 1.1774473e-01 1.3903909e-02 1.1348092e-01
       462 2.4445643e+00 1.1677003e-01 1.3673135e-02 1.1491832e-01
       463 2.4446270e+00 1.1728671e-01 1.3793298e-02 1.0899241e-01
       464 2.4426931e+00 1.1715209e-01 1.3789044e-02 1.5764635e-01
       465 2.4438522e+00 1.1804190e-01 1.3981058e-02 1.2560558e-01
       466 2.4457066e+00 1.1677191e-01 1.3660814e-02 9.3007140e-02
       467 2.4417537e+00 1.1852876e-01 1.4129464e-02 1.8305378e-01
       468 2.4442728e+00 1.1771343e-01 1.3898019e-02 1.1407123e-01
       469 2.4441927e+00 1.1524869e-01 1.3324869e-02 1.1971488e-01
       470 2.4460283e+00 1.1663500e-01 1.3625736e-02 8.7672275e-02
       471 2.4456631e+00 1.1682120e-01 1.3672767e-02 8.9987490e-02
       472 2.4463716e+00 1.1670780e-01 1.3639621e-02 8.8441279e-02
       473 2.4459144e+00 1.1636670e-01 1.3564303e-02 8.8115684e-02
       474 2.4440619e+00 1.1762579e-01 1.3880157e-02 1.1516055e-01
       475 2.4456438e+00 1.1519279e-01 1.3295149e-02 8.8073463e-02
       476 2.4431838e+00 1.1695987e-01 1.3736408e-02 1.3704319e-01
       477 2.4440692e+00 1.1578664e-01 1.3450782e-02 1.1464239e-01
       478 2.4436842e+00 1.1683302e-01 1.3699460e-02 1.1983568e-01
       479 2.4438329e+00 1.1697684e-01 1.3731016e-02 1.1461268e-01
       480 2.4451518e+00 1.1586279e-01 1.3455192e-02 9.1015483e-02
       481 2.4452997e+00 1.1671024e-01 1.3650661e-02 8.6248176e-02
       482 2.4439703e+00 1.1569424e-01 1.3430716e-02 1.1240237e-01
       483 2.4441208e+00 1.1633081e-01 1.3576409e-02 1.0708636e-01
       484 2.4453575e+00 1.1565405e-01 1.3404616e-02 8.5581524e-02
       485 2.4450927e+00 1.1565699e-01 1.3408208e-02 8.8459480e-02
       486 2.4435665e+00 1.1576946e-01 1.3453743e-02 1.2111902e-01
       487 2.4454689e+00 1.1611290e-01 1.3509782e-02 8.2887483e-02
       488 2.4454901e+00 1.1535999e-01 1.3335280e-02 8.1747656e-02
       489 2.4460075e+00 1.1595744e-01 1.3468337e-02 7.8639978e-02
       490 2.4444682e+00 1.1589578e-01 1.3470917e-02 9.4573493e-02
       491 2.4423146e+00 1.1616610e-01 1.3565216e-02 1.5499073e-01
       492 2.4459281e+00 1.1531488e-01 1.3320485e-02 7.7590759e-02
       493 2.4455844e+00 1.1646309e-01 1.3590026e-02 7.7068299e-02
       494 2.4429348e+00 1.1644172e-01 1.3619284e-02 1.3528307e-01
       495 2.4434623e+00 1.1610181e-01 1.3532305e-02 1.1456819e-01
       496 2.4435377e+00 1.1571692e-01 1.3441993e-02 1.1247827e-01
       497 2.4442327e+00 1.1501071e-01 1.3269551e-02 9.8742334e-02
       498 2.4443932e+00 1.1588446e-01 1.3469238e-02 9.5832857e-02
       499 2.4444032e+00 1.1531897e-01 1.3338370e-02 9.4727880e-02
       500 2.4450046e+00 1.1563329e-01 1.3403725e-02 8.0225343e-02
       501 2.4450930e+00 1.1556132e-01 1.3386083e-02 8.0587356e-02
       502 2.4431999e+00 1.1580588e-01 1.3467555e-02 1.2501532e-01
       503 2.4455548e+00 1.1520666e-01 1.3299255e-02 7.5425713e-02
       504 2.4442200e+00 1.1504593e-01 1.3277818e-02 9.5064394e-02
       505 2.4443592e+00 1.1537819e-01 1.3352588e-02 9.1720985e-02
       506 2.4442024e+00 1.1578211e-01 1.3447978e-02 9.6246603e-02
       507 2.4454411e+00 1.1571542e-01 1.3417927e-02 7.4105587e-02
       508 2.4460855e+00 1.1491035e-01 1.3225868e-02 7.1516430e-02
       509 2.4455780e+00 1.1470628e-01 1.3183972e-02 7.1910473e-02
       510 2.4446857e+00 1.1623671e-01 1.3547387e-02 8.1609360e-02
       511 2.4444014e+00 1.1504767e-01 1.3275893e-02 8.8679256e-02
       512 2.4449780e+00 1.1551104e-01 1.3375774e-02 7.8052253e-02
       513 2.4438807e+00 1.1596888e-01 1.3495559e-02 9.7101222e-02
       514 2.4455461e+00 1.1481013e-01 1.3208136e-02 7.0350153e-02
       515 2.4444062e+00 1.1501808e-01 1.3269025e-02 8.6366102e-02
       516 2.4453444e+00 1.1513771e-01 1.3285590e-02 6.9621952e-02
       517 2.4452206e+00 1.1415648e-01 1.3061947e-02 7.1723058e-02
       518 2.4449618e+00 1.1391474e-01 1.3009726e-02 7.6132869e-02
       519 2.4439180e+00 1.1474463e-01 1.3212600e-02 9.7093513e-02
       520 2.4452134e+00 1.1520671e-01 1.3302911e-02 7.2851289e-02
       521 2.4445272e+00 1.1464230e-01 1.3181210e-02 8.0482458e-02
       522 2.4456448e+00 1.1377262e-01 1.2969967e-02 6.6135363e-02
       523 2.4431328e+00 1.1489189e-01 1.3257714e-02 1.1669240e-01
       524 2.4450915e+00 1.1445920e-01 1.3132591e-02 7.0855684e-02
       525 2.4454410e+00 1.1484419e-01 1.3217057e-02 6.8268444e-02
       526 2.4434765e+00 1.1601297e-01 1.3511481e-02 1.0178913e-01
       527 2.4425628e+00 1.1495084e-01 1.3280238e-02 1.3415018e-01
       528 2.4447289e+00 1.1452490e-01 1.3151847e-02 7.5010437e-02
       529 2.4444761e+00 1.1402023e-01 1.3039602e-02 8.2104016e-02
       530 2.4448345e+00 1.1434494e-01 1.3109405e-02 7.3554128e-02
       531 2.4441525e+00 1.1466715e-01 1.3191690e-02 8.4460461e-02
       532 2.4458274e+00 1.1457922e-01 1.3152338e-02 6.6063604e-02
       533 2.4444517e+00 1.1443488e-01 1.3134636e-02 7.9571644e-02
       534 2.4445444e+00 1.1402546e-01 1.3039945e-02 7.7290798e-02
       535 2.4440703e+00 1.1458396e-01 1.3173703e-02 8.4693356e-02
       536 2.4461517e+00 1.1364540e-01 1.2936149e-02 6.6240639e-02
       537 2.4453848e+00 1.1402274e-01 1.3029651e-02 6.6372594e-02
       538 2.4456520e+00 1.1419764e-01 1.3066788e-02 6.4941825e-02
       539 2.4426173e+00 1.1522981e-01 1.3343565e-02 1.2388011e-01
       540 2.4440325e+00 1.1410966e-01 1.3065739e-02 8.8339738e-02
       541 2.4458610e+00 1.1513963e-01 1.3280745e-02 6.5827124e-02
       542 2.4444603e+00 1.1460418e-01 1.3173303e-02 7.5534880e-02
       543 2.4452683e+00 1.1362990e-01 1.2941476e-02 6.5528483e-02
       544 2.4445896e+00 1.1489400e-01 1.3238216e-02 7.4291608e-02
       545 2.4447372e+00 1.1558433e-01 1.3395533e-02 6.9078506e-02
       546 2.4446090e+00 1.1441735e-01 1.3128676e-02 7.1869693e-02
       547 2.4442454e+00 1.1469987e-01 1.3197981e-02 7.9628462e-02
       548 2.4450750e+00 1.1400074e-01 1.3028035e-02 6.5855469e-02
       549 2.4447185e+00 1.1452984e-01 1.3153104e-02 7.0704047e-02
       550 2.4447685e+00 1.1420439e-01 1.3078065e-02 6.6910982e-02
       551 2.4453409e+00 1.1290129e-01 1.2775637e-02 6.1538987e-02
       552 2.4448749e+00 1.1406362e-01 1.3044677e-02 6.5976097e-02
       553 2.4427918e+00 1.1420753e-01 1.3106219e-02 1.1752448e-01
       554 2.4443537e+00 1.1493404e-01 1.3250365e-02 7.4429601e-02
       555 2.4443262e+00 1.1469148e-01 1.3195018e-02 7.3227202e-02
       556 2.4429073e+00 1.1431642e-01 1.3129285e-02 1.1138789e-01
       557 2.4435174e+00 1.1422374e-01 1.3098942e-02 9.5594711e-02
       558 2.4439898e+00 1.1445137e-01 1.3144412e-02 8.2259950e-02
       559 2.4444401e+00 1.1364979e-01 1.2955714e-02 7.2389284e-02
       560 2.4456826e+00 1.1293789e-01 1.2780344e-02 5.9898368e-02
       561 2.4451249e+00 1.1378498e-01 1.2978329e-02 6.1212762e-02
       562 2.4465160e+00 1.1312914e-01 1.2815876e-02 7.0609622e-02
       563 2.4458065e+00 1.1440004e-01 1.3111514e-02 6.3281761e-02
       564 2.4455748e+00 1.1470148e-01 1.3182904e-02 6.3084358e-02
       565 2.4467041e+00 1.1400215e-01 1.3012618e-02 7.7480191e-02
       566 2.4470499e+00 1.1336838e-01 1.2865861e-02 8.3650695e-02
       567 2.4470372e+00 1.1428232e-01 1.3074013e-02 8.6021235e-02
       568 2.4436324e+00 1.1381780e-01 1.3004729e-02 8.8371917e-02
       569 2.4471234e+00 1.1418686e-01 1.3051576e-02 8.8939162e-02
       570 2.4455377e+00 1.1317414e-01 1.2835243e-02 5.9906241e-02
       571 2.4448644e+00 1.1422834e-01 1.3082403e-02 6.4991061e-02
       572 2.4459937e+00 1.1326051e-01 1.2850283e-02 6.3708765e-02
       573 2.4441129e+00 1.1426246e-01 1.3099565e-02 7.7241797e-02
       574 2.4442882e+00 1.1384183e-01 1.3001333e-02 7.4466528e-02
       575 2.4454135e+00 1.1327718e-01 1.2859880e-02 6.0512379e-02
       576 2.4459398e+00 1.1379315e-01 1.2971732e-02 6.3953960e-02
       577 2.4436978e+00 1.1385329e-01 1.3011884e-02 8.6765680e-02
       578 2.4440301e+00 1.1321255e-01 1.2861839e-02 7.9437536e-02
       579 2.4427479e+00 1.1407334e-01 1.3076283e-02 1.1426958e-01
       580 2.4459375e+00 1.1269529e-01 1.2723102e-02 6.1470806e-02
       581 2.4442588e+00 1.1388056e-01 1.3010530e-02 7.4310416e-02
       582 2.4429099e+00 1.1406997e-01 1.3072958e-02 1.0612382e-01
       583 2.4447742e+00 1.1397841e-01 1.3026432e-02 6.3356093e-02
       584 2.4444039e+00 1.1317509e-01 1.2848497e-02 6.9660779e-02
       585 2.4443310e+00 1.1319418e-01 1.2853743e-02 7.2631363e-02
       586 2.4434694e+00 1.1421900e-01 1.3098552e-02 8.9361298e-02
       587 2.4447800e+00 1.1354051e-01 1.2926733e-02 6.3691362e-02
       588 2.4454421e+00 1.1371726e-01 1.2959473e-02 5.9146729e-02
       589 2.4455390e+00 1.1416492e-01 1.3060473e-02 6.0338913e-02
       590 2.4455134e+00 1.1399310e-01 1.3021537e-02 6.0627120e-02
       591 2.4458784e+00 1.1310984e-01 1.2817278e-02 6.2002881e-02
       592 2.4454512e+00 1.1367803e-01 1.2950455e-02 5.8768189e-02
       593 2.4461894e+00 1.1338972e-01 1.2877756e-02 6.7107964e-02
       594 2.4464649e+00 1.1365983e-01 1.2936664e-02 7.3387313e-02
       595 2.4457210e+00 1.1343505e-01 1.2892503e-02 6.0427924e-02
       596 2.4452514e+00 1.1197949e-01 1.2569314e-02 5.7861718e-02
       597 2.4449231e+00 1.1323782e-01 1.2856408e-02 5.9892187e-02
       598 2.4452262e+00 1.1201041e-01 1.2576515e-02 5.8041303e-02
       599 2.4449998e+00 1.1339632e-01 1.2891447e-02 5.9834861e-02
       600 2.4431793e+00 1.1407061e-01 1.3068968e-02 9.5428712e-02
       601 2.4461505e+00 1.1293688e-01 1.2775619e-02 6.5874092e-02
       602 2.4456535e+00 1.1288291e-01 1.2768221e-02 6.0717934e-02
       603 2.4445909e+00 1.1371864e-01 1.2969496e-02 6.3404132e-02
       604 2.4447152e+00 1.1337496e-01 1.2889941e-02 6.2741905e-02
       605 2.4458983e+00 1.1254956e-01 1.2690654e-02 6.1394121e-02
       606 2.4456219e+00 1.1373449e-01 1.2961527e-02 6.1363119e-02
       607 2.4430060e+00 1.1288670e-01 1.2802914e-02 1.0307431e-01
       608 2.4467254e+00 1.1229115e-01 1.2625260e-02 7.6323200e-02
       609 2.4464025e+00 1.1225357e-01 1.2619507e-02 6.9782797e-02
       610 2.4448284e+00 1.1330998e-01 1.2873864e-02 6.0684072e-02
       611 2.4439651e+00 1.1348117e-01 1.2923606e-02 7.4356255e-02
       612 2.4446956e+00 1.1353379e-01 1.2926216e-02 6.1681087e-02
       613 2.4448407e+00 1.1281245e-01 1.2761215e-02 5.9762018e-02
       614 2.4455267e+00 1.1286289e-01 1.2765005e-02 5.8733258e-02
       615 2.4445938e+00 1.1225996e-01 1.2639832e-02 6.3609038e-02
       616 2.4452004e+00 1.1340703e-01 1.2891623e-02 5.8679269e-02
       617 2.4436619e+00 1.1294148e-01 1.2805596e-02 8.2637680e-02
       618 2.4456519e+00 1.1238853e-01 1.2656870e-02 5.8702573e-02
       619 2.4443842e+00 1.1348339e-01 1.2918624e-02 6.5696031e-02
       620 2.4447950e+00 1.1257782e-01 1.2708874e-02 5.9624966e-02
       621 2.4444686e+00 1.1408588e-01 1.3054671e-02 6.3357821e-02
       622 2.4450664e+00 1.1237645e-01 1.2660432e-02 5.7834060e-02
       623 2.4444013e+00 1.1328241e-01 1.2872832e-02 6.5853164e-02
       624 2.4454083e+00 1.1271812e-01 1.2733591e-02 5.7136613e-02
       625 2.4447702e+00 1.1275260e-01 1.2748550e-02 6.0582127e-02
       626 2.4455330e+00 1.1240931e-01 1.2662758e-02 5.8719397e-02
       627 2.4443092e+00 1.1249010e-01 1.2695123e-02 6.5482707e-02
       628 2.4447825e+00 1.1278479e-01 1.2755665e-02 6.0122116e-02
       629 2.4437551e+00 1.1314376e-01 1.2850022e-02 7.8474652e-02
       630 2.4437784e+00 1.1321324e-01 1.2865425e-02 7.7229682e-02
       631 2.4456399e+00 1.1263734e-01 1.2712980e-02 6.0374561e-02
       632 2.4446861e+00 1.1309419e-01 1.2826706e-02 5.9566025e-02
       633 2.4446586e+00 1.1350401e-01 1.2919903e-02 6.2155534e-02
       634 2.4455254e+00 1.1324120e-01 1.2850554e-02 5.9721409e-02
       635 2.4447145e+00 1.1268062e-01 1.2732991e-02 5.9780683e-02
       636 2.4455051e+00 1.1324243e-01 1.2851046e-02 5.9052264e-02
       637 2.4450506e+00 1.1220422e-01 1.2621931e-02 5.7742129e-02
       638 2.4479708e+00 1.1332042e-01 1.2849076e-02 1.2073814e-01
       639 2.4448465e+00 1.1220451e-01 1.2624353e-02 5.9321836e-02
       640 2.4455763e+00 1.1283953e-01 1.2759219e-02 5.9720662e-02
       641 2.4449408e+00 1.1235254e-01 1.2656493e-02 5.9263465e-02
       642 2.4450810e+00 1.1226690e-01 1.2635658e-02 5.7399479e-02
       643 2.4464317e+00 1.1227151e-01 1.2623283e-02 7.2974420e-02
       644 2.4468604e+00 1.1261248e-01 1.2696468e-02 8.5413424e-02
       645 2.4449125e+00 1.1291896e-01 1.2784421e-02 5.8878182e-02
       646 2.4456091e+00 1.1259732e-01 1.2704280e-02 5.9370947e-02
       647 2.4454822e+00 1.1349721e-01 1.2909052e-02 6.0828736e-02
       648 2.4451650e+00 1.1320561e-01 1.2846370e-02 5.6871612e-02
       649 2.4461137e+00 1.1181897e-01 1.2524702e-02 6.5870077e-02
       650 2.4456629e+00 1.1322766e-01 1.2846079e-02 6.1459347e-02
       651 2.4432026e+00 1.1378303e-01 1.3003092e-02 8.9695984e-02
       652 2.4454227e+00 1.1169831e-01 1.2504576e-02 5.6922570e-02
       653 2.4424665e+00 1.1339760e-01 1.2927138e-02 1.1671534e-01
       654 2.4454491e+00 1.1152786e-01 1.2466248e-02 5.6110745e-02
       655 2.4448008e+00 1.1326782e-01 1.2864638e-02 5.9289618e-02
       656 2.4441812e+00 1.1328436e-01 1.2876103e-02 6.7793702e-02
       657 2.4445788e+00 1.1220317e-01 1.2627268e-02 6.2104633e-02
       658 2.4433346e+00 1.1315996e-01 1.2859722e-02 8.7320765e-02
       659 2.4438205e+00 1.1329102e-01 1.2882459e-02 7.5711270e-02
       660 2.4447947e+00 1.1282891e-01 1.2765473e-02 5.9382094e-02
       661 2.4427390e+00 1.1336163e-01 1.2914559e-02 1.0574705e-01
       662 2.4455209e+00 1.1225049e-01 1.2627204e-02 5.8962376e-02
       663 2.4462714e+00 1.1188604e-01 1.2538277e-02 6.8563639e-02
       664 2.4451984e+00 1.1191537e-01 1.2555541e-02 5.7006828e-02
       665 2.4455995e+00 1.1209051e-01 1.2590503e-02 5.9156763e-02
       666 2.4456227e+00 1.1183140e-01 1.2532246e-02 5.8235009e-02
       667 2.4462244e+00 1.1291609e-01 1.2770254e-02 6.9725369e-02
       668 2.4465446e+00 1.1235755e-01 1.2641656e-02 7.6992051e-02
       669 2.4465390e+00 1.1294038e-01 1.2773012e-02 7.8782078e-02
       670 2.4443318e+00 1.1133461e-01 1.2436206e-02 6.6886693e-02
       671 2.4464102e+00 1.1195249e-01 1.2551935e-02 7.3085076e-02
       672 2.4446964e+00 1.1248996e-01 1.2690277e-02 5.9926081e-02
       673 2.4439849e+00 1.1240778e-01 1.2680872e-02 7.2031632e-02
       674 2.4450087e+00 1.1279524e-01 1.2755387e-02 5.8322959e-02
       675 2.4457270e+00 1.1144526e-01 1.2444978e-02 6.0102163e-02
       676 2.4442877e+00 1.1240115e-01 1.2675395e-02 6.5957269e-02
       677 2.4456040e+00 1.1227347e-01 1.2631507e-02 6.0228761e-02
       678 2.4467684e+00 1.1202046e-01 1.2564199e-02 8.1567254e-02
       679 2.4451869e+00 1.1226390e-01 1.2633800e-02 5.7894005e-02
       680 2.4451997e+00 1.1221712e-01 1.2623157e-02 5.8097691e-02
       681 2.4457647e+00 1.1131822e-01 1.2416301e-02 5.9731846e-02
       682 2.4433846e+00 1.1257868e-01 1.2727770e-02 8.5704523e-02
       683 2.4439939e+00 1.1167344e-01 1.2516200e-02 7.1277149e-02
       684 2.4458638e+00 1.1196843e-01 1.2560514e-02 6.3424917e-02
       685 2.4438559e+00 1.1178866e-01 1.2543822e-02 7.5335790e-02
       686 2.4442172e+00 1.1197196e-01 1.2580009e-02 6.8119153e-02
       687 2.4455154e+00 1.1223630e-01 1.2624075e-02 5.9187215e-02
       688 2.4434949e+00 1.1290668e-01 1.2800121e-02 8.2244053e-02
       689 2.4459645e+00 1.1199435e-01 1.2565352e-02 6.4512391e-02
       690 2.4461649e+00 1.1199532e-01 1.2563701e-02 6.8670679e-02
       691 2.4457969e+00 1.1204872e-01 1.2579153e-02 6.2258672e-02
       692 2.4462484e+00 1.1214558e-01 1.2596628e-02 7.3163727e-02
       693 2.4436869e+00 1.1160895e-01 1.2506024e-02 7.8961112e-02
       694 2.4459009e+00 1.1228626e-01 1.2631430e-02 6.5018274e-02
       695 2.4443462e+00 1.1178724e-01 1.2537013e-02 6.5033432e-02
       696 2.4453800e+00 1.1147483e-01 1.2455154e-02 5.7590505e-02
       697 2.4447946e+00 1.1228203e-01 1.2642367e-02 5.9106010e-02
       698 2.4436658e+00 1.1217246e-01 1.2632425e-02 7.8993020e-02
       699 2.4439114e+00 1.1145075e-01 1.2467629e-02 7.3701527e-02
       700 2.4447083e+00 1.1190302e-01 1.2558429e-02 6.0502947e-02
       701 2.4450035e+00 1.1288490e-01 1.2775680e-02 5.9027226e-02
       702 2.4444465e+00 1.1210472e-01 1.2606827e-02 6.2296650e-02
       703 2.4429580e+00 1.1244818e-01 1.2704845e-02 9.8174674e-02
       704 2.4444689e+00 1.1090630e-01 1.2339284e-02 6.3178569e-02
       705 2.4451418e+00 1.1203609e-01 1.2583203e-02 5.7139055e-02
       706 2.4470555e+00 1.1182455e-01 1.2518160e-02 9.1702595e-02
       707 2.4451514e+00 1.1264928e-01 1.2720871e-02 5.9006431e-02
       708 2.4455522e+00 1.1164083e-01 1.2490381e-02 5.9581312e-02
       709 2.4467928e+00 1.1143054e-01 1.2432189e-02 8.1682811e-02
       710 2.4459070e+00 1.1163944e-01 1.2486532e-02 6.3343039e-02
       711 2.4466203e+00 1.1175608e-01 1.2506230e-02 8.0863971e-02
       712 2.4466607e+00 1.1176983e-01 1.2508973e-02 7.8370290e-02
       713 2.4464617e+00 1.1068229e-01 1.2268703e-02 7.2279656e-02
       714 2.4448568e+00 1.1349102e-01 1.2914591e-02 5.9211117e-02
       715 2.4472967e+00 1.1240971e-01 1.2647664e-02 1.0079878e-01
       716 2.4441371e+00 1.1238648e-01 1.2674056e-02 6.7972897e-02
       717 2.4466921e+00 1.1114233e-01 1.2368842e-02 8.0179693e-02
       718 2.4452677e+00 1.1189013e-01 1.2549130e-02 5.7240626e-02
       719 2.4472181e+00 1.1082603e-01 1.2294674e-02 9.5793730e-02
       720 2.4444331e+00 1.1195347e-01 1.2573106e-02 6.2960543e-02
       721 2.4448339e+00 1.1198568e-01 1.2575440e-02 5.8751224e-02
       722 2.4453778e+00 1.1212198e-01 1.2599878e-02 5.9180373e-02
       723 2.4450870e+00 1.1148339e-01 1.2460277e-02 5.6767035e-02
       724 2.4453587e+00 1.1121130e-01 1.2396699e-02 5.7584510e-02
       725 2.4441674e+00 1.1095181e-01 1.2353241e-02 6.8513845e-02
       726 2.4455395e+00 1.1163430e-01 1.2489056e-02 5.7919587e-02
       727 2.4457635e+00 1.1103494e-01 1.2353327e-02 6.1445914e-02
       728 2.4443253e+00 1.1141240e-01 1.2453617e-02 6.4164574e-02
       729 2.4449101e+00 1.1122613e-01 1.2405008e-02 5.8489668e-02
       730 2.4473718e+00 1.1120533e-01 1.2377836e-02 1.0068338e-01
       731 2.4441543e+00 1.1090546e-01 1.2343131e-02 6.8757959e-02
       732 2.4448146e+00 1.1169348e-01 1.2510308e-02 5.8350405e-02
       733 2.4448517e+00 1.1160909e-01 1.2491026e-02 5.8716473e-02
       734 2.4452126e+00 1.1254811e-01 1.2697409e-02 5.9344170e-02
       735 2.4433893e+00 1.1265940e-01 1.2745882e-02 8.4436608e-02
       736 2.4432644e+00 1.1216428e-01 1.2636413e-02 8.8709449e-02
       737 2.4447708e+00 1.1170297e-01 1.2512949e-02 5.9073843e-02
       738 2.4451411e+00 1.1129033e-01 1.2416663e-02 5.7097862e-02
       739 2.4447125e+00 1.1163523e-01 1.2498516e-02 5.9758606e-02
       740 2.4446290e+00 1.1086778e-01 1.2328767e-02 5.9671985e-02
       741 2.4448764e+00 1.1187521e-01 1.2550211e-02 5.7796112e-02
       742 2.4456373e+00 1.1154555e-01 1.2468245e-02 6.1304104e-02
       743 2.4455721e+00 1.1119003e-01 1.2389724e-02 5.9061334e-02
       744 2.4443198e+00 1.1193867e-01 1.2571231e-02 6.4208643e-02
       745 2.4453260e+00 1.1121043e-01 1.2396856e-02 5.8547309e-02
       746 2.4435105e+00 1.1135709e-01 1.2452380e-02 8.4594370e-02
       747 2.4460549e+00 1.1146121e-01 1.2445367e-02 6.7067536e-02
       748 2.4454033e+00 1.1180122e-01 1.2527782e-02 5.8526194e-02
       749 2.4446669e+00 1.1210317e-01 1.2603761e-02 5.9778698e-02
       750 2.4473697e+00 1.1031582e-01 1.2180805e-02 9.7017624e-02
       751 2.4462086e+00 1.1113160e-01 1.2370587e-02 6.7083620e-02
       752 2.4441678e+00 1.1080899e-01 1.2321565e-02 6.8516202e-02
       753 2.4449945e+00 1.1151787e-01 1.2469018e-02 5.6745614e-02
       754 2.4429377e+00 1.1155230e-01 1.2504481e-02 9.8202782e-02
       755 2.4456335e+00 1.1167341e-01 1.2496825e-02 6.0800256e-02
       756 2.4435531e+00 1.1108612e-01 1.2391492e-02 8.1791758e-02
       757 2.4452877e+00 1.1104936e-01 1.2361472e-02 5.5753501e-02
       758 2.4455712e+00 1.1119567e-01 1.2390989e-02 5.8518081e-02
       759 2.4470513e+00 1.1059139e-01 1.2243916e-02 8.9101843e-02
       760 2.4438455e+00 1.1175017e-01 1.2535362e-02 7.4339147e-02
       761 2.4466178e+00 1.1124054e-01 1.2391288e-02 7.9889749e-02
       762 2.4459443e+00 1.1078966e-01 1.2297158e-02 6.3274534e-02
       763 2.4468507e+00 1.1024786e-01 1.2169563e-02 8.2940109e-02
       764 2.4449921e+00 1.1187399e-01 1.2548600e-02 5.8920209e-02
       765 2.4475553e+00 1.1035850e-01 1.2189016e-02 1.0364277e-01
       766 2.4449954e+00 1.1126720e-01 1.2413164e-02 5.8100962e-02
       767 2.4481378e+00 1.0963604e-01 1.2026730e-02 1.1933045e-01
       768 2.4466376e+00 1.1059054e-01 1.2246935e-02 7.8537368e-02
       769 2.4438843e+00 1.1195212e-01 1.2580006e-02 7.2073032e-02
       770 2.4445662e+00 1.1092362e-01 1.2341921e-02 6.0561059e-02
       771 2.4458668e+00 1.1114089e-01 1.2375853e-02 6.2904934e-02
       772 2.4455385e+00 1.1138618e-01 1.2433730e-02 5.9676971e-02
       773 2.4453707e+00 1.0981179e-01 1.2087246e-02 5.6342972e-02
       774 2.4463826e+00 1.1064808e-01 1.2261812e-02 7.2998052e-02
       775 2.4454027e+00 1.1031199e-01 1.2197010e-02 5.6709057e-02
       776 2.4450033e+00 1.0981279e-01 1.2091531e-02 5.6831260e-02
       777 2.4447931e+00 1.0980862e-01 1.2093063e-02 5.8735035e-02
       778 2.4453412e+00 1.1083341e-01 1.2312978e-02 5.5925076e-02
       779 2.4444199e+00 1.1180516e-01 1.2540086e-02 6.3034577e-02
       780 2.4426151e+00 1.1103160e-01 1.2393708e-02 1.1084399e-01
       781 2.4435619e+00 1.1087216e-01 1.2343875e-02 8.2570310e-02
       782 2.4452717e+00 1.1071840e-01 1.2288249e-02 5.7129638e-02
       783 2.4437756e+00 1.1048260e-01 1.2254631e-02 7.8025358e-02
       784 2.4459339e+00 1.1043235e-01 1.2218213e-02 6.2009373e-02
       785 2.4458732e+00 1.0967894e-01 1.2052963e-02 5.9621188e-02
       786 2.4452842e+00 1.1156357e-01 1.2475980e-02 5.9428107e-02
       787 2.4443264e+00 1.1102073e-01 1.2366481e-02 6.4768723e-02
       788 2.4461983e+00 1.1015493e-01 1.2154555e-02 6.4524804e-02
       789 2.4459367e+00 1.1061821e-01 1.2259269e-02 6.2520186e-02
       790 2.4457454e+00 1.1023139e-01 1.2175706e-02 5.9509889e-02
       791 2.4460487e+00 1.1018254e-01 1.2162013e-02 6.4454131e-02
       792 2.4446542e+00 1.1183248e-01 1.2543300e-02 6.0125996e-02
       793 2.4445030e+00 1.1017595e-01 1.2177394e-02 6.2704858e-02
       794 2.4436590e+00 1.1123888e-01 1.2423947e-02 7.8019862e-02
       795 2.4452053e+00 1.1023982e-01 1.2183232e-02 5.6255571e-02
       796 2.4461585e+00 1.1047199e-01 1.2224869e-02 6.4345198e-02
       797 2.4446116e+00 1.1102104e-01 1.2362986e-02 6.0242361e-02
       798 2.4458350e+00 1.1165183e-01 1.2489997e-02 6.4649028e-02
       799 2.4455063e+00 1.1019176e-01 1.2169408e-02 5.7356993e-02
       800 2.4449569e+00 1.1064773e-01 1.2276134e-02 5.7123766e-02
       801 2.4483254e+00 1.1056919e-01 1.2231281e-02 1.3108302e-01
       802 2.4446393e+00 1.1037069e-01 1.2218665e-02 6.0609876e-02
       803 2.4435258e+00 1.1075659e-01 1.2318779e-02 8.3682454e-02
       804 2.4457194e+00 1.1036742e-01 1.2205974e-02 6.1395656e-02
       805 2.4461706e+00 1.1006307e-01 1.2134578e-02 6.7758324e-02
       806 2.4464255e+00 1.1022284e-01 1.2167518e-02 7.3220914e-02
       807 2.4461955e+00 1.1016010e-01 1.2155719e-02 6.7063584e-02
       808 2.4466887e+00 1.0966737e-01 1.2043185e-02 7.7560184e-02
       809 2.4447891e+00 1.1077254e-01 1.2305733e-02 5.8637746e-02
       810 2.4459332e+00 1.1014890e-01 1.2155694e-02 6.1889771e-02
       811 2.4473442e+00 1.1004005e-01 1.2120209e-02 9.7471023e-02
       812 2.4448386e+00 1.1076920e-01 1.2304408e-02 5.8520635e-02
       813 2.4457177e+00 1.1097371e-01 1.2340189e-02 5.9953971e-02
       814 2.4445764e+00 1.1117969e-01 1.2398669e-02 6.1167440e-02
       815 2.4455380e+00 1.0985951e-01 1.2095967e-02 5.7036086e-02
       816 2.4439092e+00 1.1033833e-01 1.2220937e-02 7.4109252e-02
       817 2.4463137e+00 1.1040242e-01 1.2208112e-02 7.0984366e-02
       818 2.4451013e+00 1.0949217e-01 1.2020105e-02 5.6647346e-02
       819 2.4441273e+00 1.1028362e-01 1.2205943e-02 7.0019921e-02
       820 2.4457917e+00 1.0947336e-01 1.2008707e-02 6.1049842e-02
       821 2.4433967e+00 1.1044665e-01 1.2252096e-02 8.7839427e-02
       822 2.4448442e+00 1.0979148e-01 1.2088697e-02 5.8333366e-02
       823 2.4445588e+00 1.1050063e-01 1.2248352e-02 6.0970279e-02
       824 2.4448529e+00 1.1061550e-01 1.2270214e-02 5.8033504e-02
       825 2.4453676e+00 1.0997206e-01 1.2122505e-02 5.7360281e-02
       826 2.4453831e+00 1.1015957e-01 1.2163614e-02 5.6351163e-02
       827 2.4426098e+00 1.1132355e-01 1.2458712e-02 1.0961081e-01
       828 2.4466139e+00 1.0980792e-01 1.2074640e-02 7.5511428e-02
       829 2.4461213e+00 1.1010937e-01 1.2145224e-02 6.5614864e-02
       830 2.4443199e+00 1.1081155e-01 1.2320162e-02 6.5877215e-02
       831 2.4457830e+00 1.0989096e-01 1.2100399e-02 6.0485611e-02
       832 2.4463405e+00 1.0887790e-01 1.1873579e-02 6.6497772e-02
       833 2.4467084e+00 1.0925920e-01 1.1953666e-02 7.7225453e-02
       834 2.4460268e+00 1.0993955e-01 1.2108732e-02 6.3145314e-02
       835 2.4463256e+00 1.1048622e-01 1.2226518e-02 7.0187434e-02
       836 2.4444114e+00 1.1031160e-01 1.2208450e-02 6.3210290e-02
       837 2.4457407e+00 1.0963992e-01 1.2045707e-02 5.8717398e-02
       838 2.4448252e+00 1.1019270e-01 1.2177182e-02 5.7569311e-02
       839 2.4451753e+00 1.1054899e-01 1.2251825e-02 5.7343556e-02
       840 2.4442590e+00 1.0967897e-01 1.2071222e-02 6.7400814e-02
       841 2.4466568e+00 1.0970137e-01 1.2050901e-02 7.7264149e-02
       842 2.4445782e+00 1.1030911e-01 1.2205823e-02 6.1422104e-02
       843 2.4462484e+00 1.0976145e-01 1.2067572e-02 6.7309898e-02
       844 2.4462923e+00 1.0956340e-01 1.2023745e-02 6.9668585e-02
       845 2.4437947e+00 1.1064850e-01 1.2291053e-02 7.5708100e-02
       846 2.4454446e+00 1.0944644e-01 1.2006355e-02 5.5734790e-02
       847 2.4467724e+00 1.0960685e-01 1.2029245e-02 7.8553959e-02
       848 2.4464350e+00 1.0891705e-01 1.1881285e-02 6.9615323e-02
       849 2.4456858e+00 1.0907144e-01 1.1921925e-02 5.7223218e-02
       850 2.4447802e+00 1.1002730e-01 1.2141291e-02 5.8799139e-02
       851 2.4435148e+00 1.1043304e-01 1.2247373e-02 8.4612185e-02
       852 2.4432473e+00 1.1085987e-01 1.2345755e-02 9.2611819e-02
       853 2.4442345e+00 1.0992467e-01 1.2125497e-02 6.7270669e-02
       854 2.4460205e+00 1.0958044e-01 1.2029961e-02 6.1934227e-02
       855 2.4449188e+00 1.1085851e-01 1.2323264e-02 5.7210737e-02
       856 2.4446549e+00 1.0893446e-01 1.1903503e-02 6.0181237e-02
       857 2.4455492e+00 1.1105811e-01 1.2360643e-02 5.9516478e-02
       858 2.4460760e+00 1.0982758e-01 1.2083665e-02 6.3651114e-02
       859 2.4456714e+00 1.0974309e-01 1.2069036e-02 5.9097979e-02
       860 2.4461252e+00 1.1009897e-01 1.2142897e-02 6.5945333e-02
       861 2.4450378e+00 1.1003069e-01 1.2139041e-02 5.6460952e-02
       862 2.4446947e+00 1.1042054e-01 1.2229001e-02 5.9560335e-02
       863 2.4464166e+00 1.0884386e-01 1.1865506e-02 6.7230590e-02
       864 2.4447381e+00 1.1053524e-01 1.2253825e-02 5.8857366e-02
       865 2.4451608e+00 1.0996214e-01 1.2122579e-02 5.7264751e-02
       866 2.4448584e+00 1.1009268e-01 1.2154759e-02 5.7134694e-02
       867 2.4458866e+00 1.0962817e-01 1.2041699e-02 5.9437291e-02
       868 2.4465114e+00 1.0961131e-01 1.2032354e-02 7.2832856e-02
       869 2.4451640e+00 1.0956632e-01 1.2035650e-02 5.5608386e-02
       870 2.4457502e+00 1.0923821e-01 1.1957686e-02 5.7186808e-02
       871 2.4442152e+00 1.0939925e-01 1.2010511e-02 6.8908096e-02
       872 2.4460574e+00 1.0892336e-01 1.1886040e-02 6.1821443e-02
       873 2.4444156e+00 1.0910300e-01 1.1943213e-02 6.5340837e-02
       874 2.4439329e+00 1.0951681e-01 1.2039999e-02 7.4775114e-02
       875 2.4450508e+00 1.0929667e-01 1.1977903e-02 5.5344123e-02
       876 2.4472993e+00 1.0976173e-01 1.2059339e-02 9.4207375e-02
       877 2.4452232e+00 1.1035832e-01 1.2209175e-02 5.6506746e-02
       878 2.4454485e+00 1.0914777e-01 1.1941025e-02 5.5122339e-02
       879 2.4441147e+00 1.1008418e-01 1.2162158e-02 7.0733761e-02
       880 2.4467096e+00 1.0933879e-01 1.1971055e-02 7.6833961e-02
       881 2.4465655e+00 1.0960163e-01 1.2029779e-02 7.2316743e-02
       882 2.4464485e+00 1.0985855e-01 1.2087148e-02 7.2980048e-02
       883 2.4443985e+00 1.0967748e-01 1.2069113e-02 6.4196381e-02
       884 2.4461705e+00 1.0909199e-01 1.1921761e-02 6.4374062e-02
       885 2.4444785e+00 1.0962674e-01 1.2056980e-02 6.1803929e-02
       886 2.4452285e+00 1.0995267e-01 1.2119747e-02 5.6764499e-02
       887 2.4456084e+00 1.0931806e-01 1.1976568e-02 5.7629111e-02
       888 2.4444241e+00 1.0951009e-01 1.2032100e-02 6.4095924e-02
       889 2.4454331e+00 1.0892217e-01 1.1891992e-02 5.5168592e-02
       890 2.4453684e+00 1.0915690e-01 1.1943870e-02 5.5582597e-02
       891 2.4446182e+00 1.0904792e-01 1.1928683e-02 6.0903315e-02
       892 2.4455549e+00 1.0954318e-01 1.2026389e-02 5.7411163e-02
       893 2.4460312e+00 1.0953620e-01 1.2020165e-02 6.3803295e-02
       894 2.4476367e+00 1.0858742e-01 1.1800736e-02 9.9893135e-02
       895 2.4451709e+00 1.0873880e-01 1.1854921e-02 5.5751583e-02
       896 2.4456194e+00 1.0915528e-01 1.1940894e-02 5.7253023e-02
       897 2.4450353e+00 1.1017123e-01 1.2170016e-02 5.7118126e-02
       898 2.4448646e+00 1.0888334e-01 1.1889867e-02 5.7499494e-02
       899 2.4467270e+00 1.0908282e-01 1.1915007e-02 7.3642439e-02
       900 2.4466595e+00 1.0808052e-01 1.1697887e-02 7.1552059e-02
       901 2.4444661e+00 1.0898485e-01 1.1916811e-02 6.3511099e-02
       902 2.4432079e+00 1.0960745e-01 1.2070226e-02 9.4856179e-02
       903 2.4439022e+00 1.0901753e-01 1.1931307e-02 7.6262132e-02
       904 2.4449062e+00 1.0922948e-01 1.1964882e-02 5.6833962e-02
       905 2.4466860e+00 1.0826822e-01 1.1738282e-02 7.3101645e-02
       906 2.4471251e+00 1.0872092e-01 1.1833163e-02 8.6158387e-02
       907 2.4448369e+00 1.0969493e-01 1.2067589e-02 5.7434152e-02
       908 2.4451666e+00 1.0970208e-01 1.2065389e-02 5.6086655e-02
       909 2.4460410e+00 1.0851165e-01 1.1796672e-02 6.0279957e-02
       910 2.4450513e+00 1.0905912e-01 1.1926027e-02 5.6032823e-02
       911 2.4436680e+00 1.0886669e-01 1.1901689e-02 8.3046434e-02
       912 2.4451397e+00 1.0998654e-01 1.2128181e-02 5.7312462e-02
       913 2.4469213e+00 1.0960140e-01 1.2026898e-02 8.5243966e-02
       914 2.4464799e+00 1.0781072e-01 1.1641131e-02 6.7023785e-02
       915 2.4464755e+00 1.0938097e-01 1.1982213e-02 7.2426371e-02
       916 2.4457803e+00 1.0842120e-01 1.1779559e-02 5.7559095e-02
       917 2.4440404e+00 1.0931935e-01 1.1995340e-02 7.2410333e-02
       918 2.4462410e+00 1.0863760e-01 1.1822190e-02 6.4032822e-02
       919 2.4437753e+00 1.0929027e-01 1.1992593e-02 7.8943952e-02
       920 2.4448117e+00 1.0864749e-01 1.1839186e-02 5.8361968e-02
       921 2.4464110e+00 1.0981447e-01 1.2077787e-02 7.1632545e-02
       922 2.4447797e+00 1.0991280e-01 1.2116112e-02 5.8483671e-02
       923 2.4462226e+00 1.0865199e-01 1.1825483e-02 6.4602060e-02
       924 2.4466758e+00 1.0809905e-01 1.1701761e-02 7.0504342e-02
       925 2.4462309e+00 1.0842354e-01 1.1775818e-02 6.3785707e-02
       926 2.4469169e+00 1.0917071e-01 1.1932708e-02 8.2502399e-02
       927 2.4465016e+00 1.0815735e-01 1.1715808e-02 7.1380189e-02
       928 2.4461030e+00 1.0926459e-01 1.1960069e-02 6.5926605e-02
       929 2.4453323e+00 1.0841996e-01 1.1783917e-02 5.5681075e-02
       930 2.4453681e+00 1.0784419e-01 1.1659014e-02 5.3944847e-02
       931 2.4438296e+00 1.0850674e-01 1.1821194e-02 7.9534450e-02
       932 2.4463721e+00 1.0806984e-01 1.1697996e-02 6.6508568e-02
       933 2.4465626e+00 1.0874005e-01 1.1841683e-02 7.1310962e-02
       934 2.4474265e+00 1.0751279e-01 1.1569848e-02 9.3509365e-02
       935 2.4464092e+00 1.0837955e-01 1.1764712e-02 6.6697263e-02
       936 2.4451106e+00 1.0807714e-01 1.1712135e-02 5.6143448e-02
       937 2.4435817e+00 1.0853991e-01 1.1831870e-02 8.5196531e-02
       938 2.4437504e+00 1.0895325e-01 1.1919389e-02 7.9513942e-02
       939 2.4445173e+00 1.0834340e-01 1.1776767e-02 6.3200085e-02
       940 2.4453854e+00 1.0762409e-01 1.1611404e-02 5.4136312e-02
       941 2.4445170e+00 1.0853153e-01 1.1817572e-02 6.2862174e-02
       942 2.4457792e+00 1.0887254e-01 1.1877643e-02 5.9173114e-02
       943 2.4448202e+00 1.0896601e-01 1.1908401e-02 5.8030948e-02
       944 2.4449368e+00 1.0824331e-01 1.1750061e-02 5.7372421e-02
       945 2.4452593e+00 1.0825242e-01 1.1748408e-02 5.5276238e-02
       946 2.4456496e+00 1.0815459e-01 1.1723126e-02 5.6341196e-02
       947 2.4442817e+00 1.0769263e-01 1.1639156e-02 6.9495851e-02
       948 2.4459077e+00 1.0852690e-01 1.1801248e-02 5.9161825e-02
       949 2.4463361e+00 1.0781719e-01 1.1643767e-02 6.5662358e-02
       950 2.4439020e+00 1.0875752e-01 1.1874685e-02 7.7061557e-02
       951 2.4452010e+00 1.0757096e-01 1.1601972e-02 5.4955131e-02
       952 2.4448057e+00 1.0831269e-01 1.1766620e-02 5.8566528e-02
       953 2.4465868e+00 1.0788798e-01 1.1656902e-02 6.7619316e-02
       954 2.4467735e+00 1.0740842e-01 1.1552144e-02 7.3994583e-02
       955 2.4460549e+00 1.0752488e-01 1.1583366e-02 6.0738117e-02
       956 2.4450225e+00 1.0869954e-01 1.1848052e-02 5.6285360e-02
       957 2.4439050e+00 1.0806913e-01 1.1725383e-02 7.7050270e-02
       958 2.4451446e+00 1.0837399e-01 1.1776009e-02 5.6064537e-02
       959 2.4460285e+00 1.0853645e-01 1.1802171e-02 6.1197434e-02
       960 2.4482711e+00 1.0850906e-01 1.1780213e-02 1.2108239e-01
       961 2.4452266e+00 1.0776649e-01 1.1643795e-02 5.4385418e-02
       962 2.4472834e+00 1.0782719e-01 1.1638514e-02 8.9716870e-02
       963 2.4458584e+00 1.0762164e-01 1.1606054e-02 5.6202708e-02
       964 2.4452005e+00 1.0833363e-01 1.1766643e-02 5.4982486e-02
       965 2.4447956e+00 1.0898977e-01 1.1913870e-02 5.8333098e-02
       966 2.4437627e+00 1.0873989e-01 1.1872770e-02 8.0751084e-02
       967 2.4440493e+00 1.0864655e-01 1.1848573e-02 7.3332205e-02
       968 2.4452638e+00 1.0858734e-01 1.1820983e-02 5.4122816e-02
       969 2.4455775e+00 1.0742665e-01 1.1566932e-02 5.3935054e-02
       970 2.4461538e+00 1.0806209e-01 1.1698266e-02 6.1195598e-02
       971 2.4455390e+00 1.0749241e-01 1.1581462e-02 5.4722069e-02
       972 2.4454274e+00 1.0838521e-01 1.1775367e-02 5.5134821e-02
       973 2.4470431e+00 1.0788098e-01 1.1651826e-02 8.2032516e-02
       974 2.4451023e+00 1.0715093e-01 1.1512881e-02 5.6597349e-02
       975 2.4460535e+00 1.0844036e-01 1.1781090e-02 6.0583070e-02
       976 2.4461389e+00 1.0801340e-01 1.1687882e-02 6.1310709e-02
       977 2.4461919e+00 1.0790396e-01 1.1663770e-02 6.1656707e-02
       978 2.4465917e+00 1.0694501e-01 1.1454279e-02 6.7562775e-02
       979 2.4454774e+00 1.0820394e-01 1.1735579e-02 5.4371903e-02
       980 2.4461114e+00 1.0673944e-01 1.1414548e-02 5.7642001e-02
       981 2.4469440e+00 1.0793408e-01 1.1664024e-02 8.0086904e-02
       982 2.4467556e+00 1.0730215e-01 1.1529469e-02 7.3032747e-02
       983 2.4448824e+00 1.0707579e-01 1.1499304e-02 5.7849791e-02
       984 2.4436438e+00 1.0830937e-01 1.1780995e-02 8.5178716e-02
       985 2.4444071e+00 1.0872665e-01 1.1861338e-02 6.5856900e-02
       986 2.4419323e+00 1.0795707e-01 1.1731954e-02 1.3964668e-01
       987 2.4460770e+00 1.0816469e-01 1.1721159e-02 6.1536294e-02
       988 2.4469941e+00 1.0853568e-01 1.1793877e-02 8.2646262e-02
       989 2.4438771e+00 1.0794535e-01 1.1699024e-02 7.9954858e-02
       990 2.4462161e+00 1.0733478e-01 1.1541042e-02 6.1086497e-02
       991 2.4470395e+00 1.0750516e-01 1.1570907e-02 8.1134003e-02
       992 2.4449581e+00 1.0801128e-01 1.1699638e-02 5.7648785e-02
       993 2.4451377e+00 1.0764644e-01 1.1618920e-02 5.5946078e-02
       994 2.4439735e+00 1.0831552e-01 1.1777770e-02 7.5764145e-02
       995 2.4447999e+00 1.0661241e-01 1.1401256e-02 6.0133906e-02
       996 2.4438172e+00 1.0874017e-01 1.1872075e-02 7.8752264e-02
       997 2.4444576e+00 1.0798415e-01 1.1699797e-02 6.3928672e-02
       998 2.4469633e+00 1.0698044e-01 1.1458928e-02 7.6855389e-02
       999 2.4458028e+00 1.0763884e-01 1.1610300e-02 5.6315265e-02
      1000 2.4452773e+00 1.0873793e-01 1.1853563e-02 5.5091450e-02

Final Weights:         0.3117929118         0.3384194319        -0.1413158470        -0.5047452032 