# Cycles, Average Predicted Temperature, Stddev Predicted Temperature, Mean Squared Error, || MSE Gradient ||
         0    0.00552    0.00415    5.21515    1.21970
         1    0.00586    0.00418    5.21361    1.26389
         2    0.00622    0.00425    5.21196    1.31772
         3    0.00659    0.00428    5.21025    1.38218
         4    0.00705    0.00437    5.20818    1.43641
         5    0.00752    0.00444    5.20602    1.49428
         6    0.00799    0.00447    5.20386    1.62396
         7    0.00859    0.00451    5.20115    1.70762
         8    0.00923    0.00456    5.19820    1.77840
         9    0.00996    0.00466    5.19489    1.85194
        10    0.01072    0.00473    5.19143    1.97713
        11    0.01160    0.00485    5.18740    2.05708
        12    0.01256    0.00495    5.18307    2.14525
        13    0.01361    0.00511    5.17827    2.22463
        14    0.01472    0.00529    5.17323    2.31632
        15    0.01592    0.00552    5.16776    2.40310
        16    0.01724    0.00574    5.16178    2.50551
        17    0.01863    0.00602    5.15548    2.60134
        18    0.02015    0.00638    5.14855    2.70035
        19    0.02177    0.00679    5.14120    2.79932
        20    0.02355    0.00722    5.13315    2.90784
        21    0.02546    0.00775    5.12453    3.01821
        22    0.02753    0.00836    5.11517    3.13213
        23    0.02972    0.00902    5.10528    3.25257
        24    0.03207    0.00976    5.09467    3.37072
        25    0.03468    0.01064    5.08292    3.49921
        26    0.03744    0.01152    5.07050    3.63437
        27    0.04043    0.01255    5.05706    3.76322
        28    0.04365    0.01367    5.04260    3.90136
        29    0.04709    0.01490    5.02721    4.04594
        30    0.05077    0.01621    5.01075    4.19035
        31    0.05482    0.01767    4.99270    4.34232
        32    0.05921    0.01925    4.97315    4.50493
        33    0.06385    0.02099    4.95256    4.66464
        34    0.06886    0.02283    4.93037    4.83116
        35    0.07427    0.02489    4.90648    5.00394
        36    0.07996    0.02705    4.88140    5.16962
        37    0.08621    0.02948    4.85395    5.35525
        38    0.09285    0.03196    4.82489    5.53755
        39    0.09996    0.03469    4.79390    5.71603
        40    0.10763    0.03763    4.76060    5.90622
        41    0.11584    0.04090    4.72509    6.10513
        42    0.12462    0.04432    4.68729    6.29912
        43    0.13408    0.04795    4.64678    6.50066
        44    0.14413    0.05189    4.60396    6.70317
        45    0.15498    0.05616    4.55800    6.90977
        46    0.16639    0.06066    4.50995    7.11287
        47    0.17859    0.06545    4.45888    7.31714
        48    0.19172    0.07064    4.40436    7.52694
        49    0.20572    0.07622    4.34666    7.73772
        50    0.22056    0.08207    4.28593    7.94452
        51    0.23619    0.08813    4.22256    8.14255
        52    0.25311    0.09488    4.15460    8.35082
        53    0.27081    0.10170    4.08417    8.54855
        54    0.28975    0.10927    4.00969    8.74545
        55    0.30938    0.11693    3.93330    8.93102
        56    0.33006    0.12517    3.85385    9.10256
        57    0.35218    0.13373    3.76987    9.27950
        58    0.37537    0.14280    3.68309    9.44340
        59    0.40005    0.15226    3.59201    9.60511
        60    0.42581    0.16231    3.49850    9.75127
        61    0.45237    0.17258    3.40367    9.87764
        62    0.48046    0.18324    3.30507    9.99442
        63    0.50968    0.19421    3.20437   10.09650
        64    0.53993    0.20577    3.10225   10.18102
        65    0.57139    0.21789    2.99831   10.24659
        66    0.60363    0.23007    2.89402   10.29131
        67    0.63752    0.24253    2.78682   10.32980
        68    0.67161    0.25506    2.68160   10.33215
        69    0.70750    0.26847    2.57381   10.32435
        70    0.74335    0.28133    2.46876   10.29180
        71    0.78098    0.29426    2.36128   10.24698
        72    0.81891    0.30743    2.25623   10.17796
        73    0.85678    0.32035    2.15442   10.08589
        74    0.89584    0.33382    2.05285    9.97472
        75    0.93496    0.34742    1.95464    9.84704
        76    0.97498    0.36016    1.85687    9.70088
        77    1.01400    0.37319    1.76536    9.53440
        78    1.05306    0.38590    1.67692    9.35182
        79    1.09317    0.39699    1.58805    9.16568
        80    1.13296    0.41023    1.50514    8.95451
        81    1.17171    0.42159    1.42649    8.73765
        82    1.21085    0.43317    1.35045    8.50872
        83    1.24904    0.44354    1.27863    8.27196
        84    1.28573    0.45353    1.21262    8.03501
        85    1.32171    0.46291    1.15030    7.79622
        86    1.35893    0.47227    1.08841    7.54835
        87    1.39437    0.48159    1.03263    7.29626
        88    1.42806    0.48865    0.98031    7.06016
        89    1.46143    0.49568    0.93088    6.81405
        90    1.49343    0.50122    0.88445    6.58059
        91    1.52435    0.50850    0.84354    6.34588
        92    1.55500    0.51247    0.80166    6.12022
        93    1.58223    0.51813    0.76823    5.90420
        94    1.61203    0.52171    0.73072    5.68207
        95    1.63769    0.52455    0.69960    5.48293
        96    1.66126    0.52775    0.67281    5.29715
        97    1.68913    0.53092    0.64194    5.08563
        98    1.70947    0.53480    0.62208    4.91614
        99    1.73135    0.53434    0.59670    4.75498
       100    1.75625    0.53567    0.57096    4.57369
       101    1.77556    0.53591    0.55101    4.42593
       102    1.79565    0.53612    0.53100    4.28007
       103    1.81069    0.53592    0.51617    4.15479
       104    1.82961    0.53625    0.49877    4.02400
       105    1.84797    0.53426    0.48011    3.89449
       106    1.86298    0.53281    0.46553    3.78318
       107    1.87695    0.53214    0.45311    3.67705
       108    1.89377    0.52933    0.43654    3.56452
       109    1.90553    0.52827    0.42626    3.47601
       110    1.91559    0.52675    0.41704    3.40181
       111    1.93031    0.52327    0.40260    3.30092
       112    1.94256    0.52160    0.39221    3.22603
       113    1.95188    0.51798    0.38207    3.14997
       114    1.96179    0.51737    0.37486    3.08818
       115    1.97284    0.51241    0.36264    3.01005
       116    1.98410    0.51059    0.35378    2.93103
       117    1.99154    0.50771    0.34636    2.87478
       118    2.00064    0.50281    0.33607    2.82090
       119    2.00933    0.50023    0.32854    2.75944
       120    2.01382    0.49630    0.32214    2.71264
       121    2.01983    0.49347    0.31606    2.66106
       122    2.02739    0.49020    0.30883    2.61503
       123    2.03661    0.48657    0.30055    2.55465
       124    2.04437    0.48272    0.29296    2.51163
       125    2.04821    0.47899    0.28750    2.46912
       126    2.05425    0.47557    0.28136    2.42754
       127    2.06001    0.47138    0.27472    2.37868
       128    2.06529    0.46937    0.27044    2.34542
       129    2.06870    0.46558    0.26537    2.30367
       130    2.07548    0.46170    0.25883    2.25787
       131    2.07881    0.45945    0.25536    2.23006
       132    2.08283    0.45629    0.25078    2.19768
       133    2.08992    0.45214    0.24414    2.15004
       134    2.09032    0.44828    0.24051    2.11891
       135    2.09503    0.44704    0.23755    2.08768
       136    2.09835    0.44380    0.23338    2.05914
       137    2.10402    0.43861    0.22666    2.02001
       138    2.10712    0.43705    0.22416    1.98904
       139    2.11262    0.43160    0.21746    1.96033
       140    2.11263    0.42941    0.21556    1.92312
       141    2.11506    0.42666    0.21236    1.89993
       142    2.11846    0.42436    0.20923    1.86706
       143    2.12534    0.41975    0.20304    1.83561
       144    2.12513    0.41715    0.20093    1.81078
       145    2.12694    0.41537    0.19885    1.78551
       146    2.12999    0.41193    0.19503    1.75317
       147    2.13101    0.41052    0.19355    1.73681
       148    2.13614    0.40733    0.18934    1.70741
       149    2.13741    0.40366    0.18598    1.68142
       150    2.14005    0.40082    0.18290    1.65387
       151    2.14332    0.39902    0.18049    1.62969
       152    2.14333    0.39691    0.17881    1.60789
       153    2.14499    0.39371    0.17580    1.58545
       154    2.14916    0.39083    0.17235    1.56361
       155    2.15055    0.38868    0.17029    1.53901
       156    2.15325    0.38683    0.16811    1.51807
       157    2.15452    0.38358    0.16527    1.49122
       158    2.15601    0.38366    0.16493    1.47664
       159    2.15640    0.38099    0.16278    1.44952
       160    2.16129    0.37718    0.15862    1.43484
       161    2.15998    0.37651    0.15846    1.41588
       162    2.16653    0.37248    0.15379    1.39091
       163    2.16415    0.37131    0.15350    1.36572
       164    2.16533    0.37020    0.15239    1.35108
       165    2.16995    0.36689    0.14882    1.33914
       166    2.16873    0.36554    0.14813    1.31090
       167    2.17003    0.36465    0.14717    1.29991
       168    2.17281    0.36251    0.14496    1.28686
       169    2.17334    0.35946    0.14263    1.25645
       170    2.17413    0.35777    0.14124    1.24228
       171    2.17646    0.35650    0.13980    1.22850
       172    2.17821    0.35506    0.13838    1.21112
       173    2.17854    0.35414    0.13766    1.20020
       174    2.17995    0.35079    0.13499    1.18498
       175    2.18205    0.34859    0.13299    1.16616
       176    2.18230    0.34849    0.13287    1.14732
       177    2.18385    0.34678    0.13135    1.13297
       178    2.18432    0.34441    0.12961    1.11865
       179    2.18603    0.34402    0.12899    1.10527
       180    2.18734    0.34133    0.12688    1.09214
       181    2.18724    0.34238    0.12761    1.07718
       182    2.18945    0.33876    0.12471    1.05456
       183    2.18863    0.33899    0.12502    1.04620
       184    2.19100    0.33802    0.12390    1.03738
       185    2.19162    0.33716    0.12320    1.02300
       186    2.19347    0.33434    0.12095    1.00736
       187    2.19335    0.33386    0.12065    0.99964
       188    2.19184    0.33241    0.11998    0.98125
       189    2.19561    0.33111    0.11839    0.96842
       190    2.19264    0.33187    0.11946    0.96233
       191    2.19991    0.32608    0.11430    0.94316
       192    2.19904    0.32683    0.11495    0.93134
       193    2.20040    0.32590    0.11409    0.91786
       194    2.19991    0.32590    0.11418    0.91451
       195    2.20093    0.32323    0.11227    0.89645
       196    2.20135    0.32326    0.11221    0.88921
       197    2.20183    0.32097    0.11065    0.87813
       198    2.20560    0.31977    0.10924    0.86638
       199    2.20560    0.31869    0.10855    0.85878
       200    2.20316    0.31947    0.10946    0.84542
       201    2.20496    0.31896    0.10883    0.83473
       202    2.20537    0.31740    0.10777    0.82219
       203    2.20707    0.31503    0.10599    0.81176
       204    2.20462    0.31838    0.10852    0.81082
       205    2.20859    0.31373    0.10492    0.79503
       206    2.21038    0.31317    0.10429    0.78810
       207    2.20799    0.31319    0.10468    0.77506
       208    2.20930    0.31295    0.10432    0.76975
       209    2.21204    0.31088    0.10260    0.75681
       210    2.21144    0.31026    0.10231    0.75381
       211    2.21084    0.30945    0.10190    0.74417
       212    2.21137    0.30908    0.10159    0.73733
       213    2.21047    0.31044    0.10257    0.72763
       214    2.21428    0.30649    0.09955    0.71621
       215    2.21435    0.30715    0.09994    0.71296
       216    2.21447    0.30760    0.10020    0.70657
       217    2.21419    0.30508    0.09870    0.68978
       218    2.21563    0.30464    0.09822    0.68476
       219    2.21695    0.30395    0.09760    0.68105
       220    2.21597    0.30417    0.09788    0.67213
       221    2.21705    0.30221    0.09654    0.66381
       222    2.21619    0.30324    0.09728    0.65729
       223    2.21921    0.30013    0.09497    0.64588
       224    2.22011    0.29937    0.09440    0.63581
       225    2.21894    0.30025    0.09508    0.63494
       226    2.21828    0.30049    0.09532    0.62736
       227    2.22019    0.29848    0.09385    0.61985
       228    2.22192    0.29735    0.09294    0.61074
       229    2.22287    0.29668    0.09242    0.61208
       230    2.22191    0.29885    0.09383    0.60544
       231    2.22259    0.29733    0.09284    0.60051
       232    2.21931    0.29807    0.09373    0.59248
       233    2.22260    0.29753    0.09296    0.58810
       234    2.22432    0.29493    0.09119    0.57855
       235    2.22301    0.29571    0.09182    0.57356
       236    2.22300    0.29547    0.09168    0.56592
       237    2.22306    0.29574    0.09184    0.56266
       238    2.22466    0.29433    0.09080    0.55869
       239    2.22625    0.29325    0.08996    0.55210
       240    2.22560    0.29326    0.09004    0.54340
       241    2.22404    0.29479    0.09115    0.54144
       242    2.22623    0.29270    0.08964    0.53587
       243    2.22770    0.29062    0.08824    0.52960
       244    2.22762    0.29101    0.08848    0.52452
       245    2.22546    0.29301    0.08991    0.52168
       246    2.22864    0.28858    0.08694    0.51208
       247    2.23037    0.28583    0.08516    0.50071
       248    2.22942    0.28796    0.08649    0.50132
       249    2.22563    0.29238    0.08952    0.50738
       250    2.22772    0.28969    0.08770    0.50025
       251    2.23117    0.28671    0.08557    0.48840
       252    2.22666    0.29158    0.08893    0.49203
       253    2.22839    0.29031    0.08798    0.48477
       254    2.22879    0.28801    0.08660    0.47755
       255    2.22824    0.29030    0.08799    0.47928
       256    2.23109    0.28570    0.08500    0.46830
       257    2.22934    0.28761    0.08630    0.46774
       258    2.23225    0.28639    0.08526    0.46200
       259    2.23195    0.28409    0.08399    0.45578
       260    2.22973    0.28727    0.08606    0.45808
       261    2.23468    0.28292    0.08301    0.44819
       262    2.23273    0.28504    0.08444    0.44817
       263    2.23282    0.28332    0.08344    0.44308
       264    2.23191    0.28602    0.08509    0.44331
       265    2.23227    0.28504    0.08449    0.43957
       266    2.23255    0.28391    0.08381    0.43208
       267    2.23497    0.28330    0.08320    0.43109
       268    2.23416    0.28292    0.08307    0.42562
       269    2.23581    0.28222    0.08249    0.42055
       270    2.23323    0.28482    0.08425    0.42552
       271    2.23171    0.28440    0.08419    0.41754
       272    2.23454    0.28292    0.08303    0.41376
       273    2.23464    0.28211    0.08256    0.40935
       274    2.23545    0.28248    0.08268    0.41309
       275    2.23538    0.28138    0.08207    0.40714
       276    2.23594    0.28077    0.08167    0.39729
       277    2.23799    0.28027    0.08117    0.39432
       278    2.23454    0.28198    0.08250    0.39706
       279    2.23778    0.27916    0.08057    0.38900
       280    2.23764    0.27947    0.08076    0.39075
       281    2.23608    0.28018    0.08132    0.38963
       282    2.23635    0.28102    0.08176    0.38384
       283    2.23626    0.27942    0.08088    0.38235
       284    2.23731    0.27936    0.08074    0.38057
       285    2.23799    0.27851    0.08019    0.37500
       286    2.23968    0.27759    0.07951    0.37248
       287    2.23801    0.27806    0.07994    0.36875
       288    2.23581    0.28105    0.08184    0.37910
       289    2.23617    0.28135    0.08197    0.37457
       290    2.23610    0.28135    0.08197    0.37173
       291    2.23955    0.27846    0.08001    0.36202
       292    2.24027    0.27679    0.07901    0.35808
       293    2.23996    0.27641    0.07882    0.35476
       294    2.24004    0.27663    0.07894    0.35373
       295    2.24098    0.27506    0.07798    0.35079
       296    2.23812    0.27806    0.07993    0.35607
       297    2.23777    0.27959    0.08081    0.35589
       298    2.23897    0.27861    0.08015    0.35205
       299    2.23911    0.27642    0.07892    0.34678
       300    2.23931    0.27773    0.07962    0.34863
       301    2.24028    0.27523    0.07814    0.34368
       302    2.23934    0.27782    0.07967    0.34593
       303    2.24070    0.27612    0.07859    0.34032
       304    2.24240    0.27455    0.07757    0.33708
       305    2.23898    0.27843    0.08004    0.33926
       306    2.24176    0.27596    0.07840    0.33531
       307    2.24158    0.27484    0.07780    0.33232
       308    2.24267    0.27325    0.07683    0.33086
       309    2.24040    0.27615    0.07864    0.33321
       310    2.24190    0.27308    0.07681    0.32643
       311    2.24387    0.27298    0.07657    0.32442
       312    2.24016    0.27663    0.07893    0.33093
       313    2.24351    0.27289    0.07655    0.31901
       314    2.24185    0.27479    0.07775    0.32619
       315    2.24372    0.27125    0.07564    0.31738
       316    2.24347    0.27445    0.07741    0.32034
       317    2.24005    0.27511    0.07810    0.32622
       318    2.24262    0.27473    0.07764    0.31754
       319    2.24397    0.27250    0.07630    0.31417
       320    2.24394    0.27182    0.07594    0.31200
       321    2.24299    0.27243    0.07635    0.31280
       322    2.24480    0.27182    0.07585    0.31004
       323    2.24174    0.27555    0.07818    0.31454
       324    2.24186    0.27309    0.07682    0.31195
       325    2.24183    0.27395    0.07729    0.31218
       326    2.24228    0.27368    0.07710    0.31184
       327    2.24249    0.27274    0.07657    0.31071
       328    2.24505    0.27186    0.07586    0.30758
       329    2.24329    0.27238    0.07630    0.30472
       330    2.24425    0.27167    0.07583    0.30350
       331    2.24408    0.27115    0.07556    0.29961
       332    2.24425    0.27269    0.07638    0.30525
       333    2.24400    0.27191    0.07598    0.30334
       334    2.24491    0.27037    0.07506    0.29866
       335    2.24462    0.27168    0.07580    0.29796
       336    2.24560    0.26969    0.07463    0.29418
       337    2.24623    0.27123    0.07541    0.29696
       338    2.24455    0.27200    0.07598    0.29923
       339    2.24427    0.27100    0.07546    0.29829
       340    2.24461    0.27009    0.07494    0.29134
       341    2.24363    0.27228    0.07621    0.29569
       342    2.24608    0.27003    0.07477    0.28938
       343    2.24735    0.26943    0.07434    0.28774
       344    2.24668    0.26884    0.07408    0.28797
       345    2.24501    0.27076    0.07526    0.28995
       346    2.24719    0.26913    0.07419    0.28786
       347    2.24545    0.26931    0.07444    0.28611
       348    2.24695    0.26809    0.07365    0.28610
       349    2.24689    0.26876    0.07402    0.28429
       350    2.24633    0.26887    0.07413    0.28492
       351    2.24787    0.26655    0.07276    0.27934
       352    2.24529    0.26892    0.07424    0.28712
       353    2.24734    0.26702    0.07305    0.27834
       354    2.24619    0.26836    0.07387    0.28203
       355    2.24667    0.26753    0.07338    0.28075
       356    2.24556    0.26930    0.07442    0.28284
       357    2.24644    0.26835    0.07384    0.28321
       358    2.24671    0.26852    0.07391    0.27934
       359    2.24768    0.26717    0.07310    0.27581
       360    2.24684    0.26723    0.07320    0.27634
       361    2.24816    0.26623    0.07256    0.27610
       362    2.24791    0.26655    0.07275    0.27519
       363    2.24700    0.26737    0.07326    0.27671
       364    2.24692    0.26750    0.07334    0.27587
       365    2.24967    0.26498    0.07178    0.27184
       366    2.24705    0.26636    0.07272    0.27328
       367    2.24826    0.26583    0.07234    0.27049
       368    2.24770    0.26566    0.07229    0.27113
       369    2.24785    0.26592    0.07242    0.27036
       370    2.24766    0.26763    0.07335    0.27329
       371    2.24652    0.26779    0.07353    0.27431
       372    2.24579    0.26889    0.07418    0.27708
       373    2.24682    0.26610    0.07260    0.27334
       374    2.24935    0.26524    0.07194    0.26939
       375    2.24860    0.26549    0.07213    0.26904
       376    2.24927    0.26452    0.07157    0.26705
       377    2.24971    0.26408    0.07130    0.26478
       378    2.24734    0.26657    0.07281    0.27180
       379    2.24963    0.26517    0.07188    0.26726
       380    2.25057    0.26330    0.07082    0.26318
       381    2.24777    0.26505    0.07197    0.26750
       382    2.24974    0.26408    0.07129    0.26313
       383    2.24992    0.26406    0.07127    0.26397
       384    2.24999    0.26288    0.07064    0.26178
       385    2.25051    0.26273    0.07052    0.26032
       386    2.24747    0.26483    0.07188    0.26597
       387    2.24975    0.26420    0.07136    0.26350
       388    2.24953    0.26394    0.07123    0.26280
       389    2.24862    0.26569    0.07223    0.26731
       390    2.24861    0.26339    0.07102    0.26257
       391    2.25088    0.26153    0.06987    0.25881
       392    2.25152    0.26212    0.07012    0.25935
       393    2.25021    0.26192    0.07012    0.25893
       394    2.24957    0.26375    0.07113    0.26234
       395    2.24746    0.26578    0.07238    0.26728
       396    2.25063    0.26158    0.06991    0.25775
       397    2.25029    0.26238    0.07036    0.25991
       398    2.25089    0.26254    0.07039    0.26101
       399    2.24961    0.26263    0.07054    0.25970
       400    2.24955    0.26282    0.07064    0.25985
       401    2.25041    0.26014    0.06918    0.25574
       402    2.25067    0.26190    0.07008    0.25979
       403    2.24961    0.26151    0.06996    0.25768
       404    2.25154    0.25912    0.06856    0.25241
       405    2.25172    0.25969    0.06884    0.25340
       406    2.24971    0.26239    0.07041    0.25935
       407    2.25052    0.26114    0.06969    0.25637
       408    2.25029    0.26125    0.06977    0.25713
       409    2.25057    0.26141    0.06983    0.25655
       410    2.25147    0.26062    0.06935    0.25475
       411    2.25146    0.26208    0.07011    0.25823
       412    2.25204    0.26016    0.06906    0.25384
       413    2.25052    0.26120    0.06972    0.25481
       414    2.25278    0.25911    0.06846    0.25285
       415    2.25010    0.26064    0.06946    0.25608
       416    2.24988    0.26231    0.07035    0.25889
       417    2.25181    0.25878    0.06836    0.25075
       418    2.25011    0.26083    0.06956    0.25545
       419    2.25101    0.26054    0.06934    0.25425
       420    2.25127    0.26050    0.06930    0.25449
       421    2.25230    0.25950    0.06870    0.25187
       422    2.25087    0.25958    0.06885    0.25254
       423    2.25224    0.25893    0.06841    0.25007
       424    2.25218    0.25949    0.06870    0.25258
       425    2.25033    0.25927    0.06873    0.25255
       426    2.25270    0.25707    0.06742    0.24754
       427    2.24969    0.26214    0.07028    0.25846
       428    2.25344    0.25925    0.06849    0.25108
       429    2.25006    0.26092    0.06961    0.25511
       430    2.25297    0.25817    0.06797    0.24986
       431    2.24901    0.25970    0.06906    0.25542
       432    2.25082    0.25936    0.06874    0.25272
       433    2.25097    0.26108    0.06962    0.25621
       434    2.25125    0.25905    0.06855    0.25240
       435    2.25251    0.25859    0.06821    0.25119
       436    2.25002    0.26061    0.06945    0.25531
       437    2.25059    0.26034    0.06926    0.25545
       438    2.25211    0.25952    0.06872    0.25289
       439    2.25141    0.25840    0.06820    0.25057
       440    2.25270    0.25772    0.06775    0.24849
       441    2.25411    0.25566    0.06659    0.24463
       442    2.25171    0.25797    0.06795    0.25023
       443    2.25502    0.25387    0.06562    0.24215
       444    2.25177    0.25849    0.06822    0.25052
       445    2.25298    0.25748    0.06761    0.24735
       446    2.25333    0.25724    0.06746    0.24749
       447    2.25178    0.25936    0.06867    0.25137
       448    2.25171    0.25623    0.06706    0.24589
       449    2.25311    0.25593    0.06680    0.24584
       450    2.25172    0.25701    0.06746    0.24807
       451    2.25271    0.25761    0.06769    0.24917
       452    2.25430    0.25584    0.06667    0.24503
       453    2.25029    0.25881    0.06850    0.25292
       454    2.25392    0.25543    0.06649    0.24473
       455    2.25298    0.25506    0.06636    0.24388
       456    2.25271    0.25628    0.06701    0.24619
       457    2.25258    0.25599    0.06687    0.24725
       458    2.25307    0.25544    0.06655    0.24542
       459    2.25273    0.25657    0.06716    0.24749
       460    2.25089    0.25842    0.06824    0.25259
       461    2.25231    0.25598    0.06689    0.24601
       462    2.25408    0.25595    0.06674    0.24732
       463    2.25244    0.25648    0.06713    0.24784
       464    2.25349    0.25415    0.06587    0.24497
       465    2.25654    0.25201    0.06457    0.24037
       466    2.25199    0.25550    0.06666    0.24770
       467    2.25195    0.25462    0.06622    0.24536
       468    2.25270    0.25505    0.06638    0.24534
       469    2.25252    0.25530    0.06652    0.24472
       470    2.25326    0.25449    0.06606    0.24409
       471    2.25347    0.25409    0.06584    0.24397
       472    2.25600    0.25236    0.06479    0.24230
       473    2.25437    0.25287    0.06516    0.24105
       474    2.25378    0.25283    0.06518    0.24079
       475    2.25386    0.25465    0.06609    0.24442
       476    2.25304    0.25398    0.06581    0.24334
       477    2.25382    0.25325    0.06538    0.24243
       478    2.25175    0.25465    0.06625    0.24614
       479    2.25531    0.25144    0.06437    0.23804
       480    2.25347    0.25468    0.06614    0.24602
       481    2.25329    0.25416    0.06588    0.24489
       482    2.25366    0.25267    0.06510    0.24131
       483    2.25321    0.25388    0.06575    0.24348
       484    2.25385    0.25237    0.06494    0.24086
       485    2.25411    0.25317    0.06533    0.24335
       486    2.25445    0.25324    0.06534    0.24280
       487    2.25400    0.25238    0.06493    0.24130
       488    2.25460    0.25155    0.06448    0.23909
       489    2.25360    0.25204    0.06479    0.24146
       490    2.25648    0.25132    0.06423    0.23995
       491    2.25391    0.25258    0.06504    0.24233
       492    2.25506    0.25068    0.06401    0.23883
       493    2.25374    0.25193    0.06473    0.24157
       494    2.25366    0.25188    0.06471    0.24148
       495    2.25438    0.25220    0.06482    0.24048
       496    2.25527    0.25005    0.06368    0.23814
       497    2.25316    0.25195    0.06477    0.24115
       498    2.25547    0.25096    0.06412    0.23814
       499    2.25642    0.24991    0.06353    0.23596
       500    2.25598    0.24816    0.06269    0.23444
       501    2.25628    0.24954    0.06335    0.23701
       502    2.25520    0.25022    0.06377    0.23759
       503    2.25449    0.25056    0.06398    0.23847
       504    2.25552    0.24971    0.06349    0.23706
       505    2.25496    0.24981    0.06358    0.23837
       506    2.25459    0.25085    0.06412    0.24034
       507    2.25389    0.25062    0.06405    0.23931
       508    2.25522    0.24933    0.06332    0.23688
       509    2.25591    0.24901    0.06311    0.23570
       510    2.25469    0.25055    0.06397    0.23967
       511    2.25478    0.24903    0.06320    0.23675
       512    2.25379    0.24981    0.06366    0.23846
       513    2.25364    0.24958    0.06355    0.23886
       514    2.25547    0.24927    0.06327    0.23860
       515    2.25384    0.25139    0.06445    0.24251
       516    2.25427    0.25024    0.06384    0.23999
       517    2.25504    0.25011    0.06372    0.23846
       518    2.25539    0.24800    0.06265    0.23502
       519    2.25537    0.24845    0.06287    0.23593
       520    2.25667    0.24859    0.06286    0.23641
       521    2.25452    0.24926    0.06333    0.23884
       522    2.25364    0.25179    0.06466    0.24371
       523    2.25487    0.24892    0.06314    0.23753
       524    2.25350    0.24994    0.06374    0.24040
       525    2.25410    0.24893    0.06320    0.23906
       526    2.25680    0.24737    0.06224    0.23504
       527    2.25580    0.24778    0.06251    0.23560
       528    2.25422    0.24872    0.06308    0.23875
       529    2.25562    0.24737    0.06232    0.23515
       530    2.25722    0.24547    0.06128    0.23110
       531    2.25506    0.24757    0.06246    0.23590
       532    2.25588    0.24577    0.06151    0.23185
       533    2.25413    0.24857    0.06302    0.23858
       534    2.25329    0.24896    0.06327    0.24052
       535    2.25673    0.24573    0.06144    0.23317
       536    2.25712    0.24610    0.06159    0.23296
       537    2.25686    0.24655    0.06183    0.23450
       538    2.25624    0.24565    0.06143    0.23187
       539    2.25707    0.24471    0.06091    0.23035
       540    2.25487    0.24638    0.06188    0.23452
       541    2.25635    0.24550    0.06135    0.23191
       542    2.25536    0.24666    0.06198    0.23484
       543    2.25828    0.24425    0.06062    0.23116
       544    2.25489    0.24813    0.06274    0.23790
       545    2.25571    0.24667    0.06196    0.23539
       546    2.25525    0.24670    0.06201    0.23515
       547    2.25523    0.24489    0.06112    0.23232
       548    2.25788    0.24370    0.06037    0.22999
       549    2.25756    0.24617    0.06160    0.23435
       550    2.25503    0.24592    0.06164    0.23524
       551    2.25576    0.24544    0.06136    0.23530
       552    2.25540    0.24610    0.06171    0.23522
       553    2.25707    0.24417    0.06065    0.23245
       554    2.25675    0.24325    0.06022    0.22936
       555    2.25637    0.24515    0.06117    0.23386
       556    2.25791    0.24324    0.06014    0.23053
       557    2.25545    0.24561    0.06146    0.23402
       558    2.25556    0.24475    0.06103    0.23311
       559    2.25584    0.24588    0.06157    0.23487
       560    2.25649    0.24435    0.06078    0.23226
       561    2.25741    0.24308    0.06010    0.23019
       562    2.25565    0.24452    0.06091    0.23276
       563    2.25692    0.24402    0.06059    0.23110
       564    2.25687    0.24292    0.06006    0.23003
       565    2.25587    0.24443    0.06086    0.23434
       566    2.25499    0.24569    0.06153    0.23666
       567    2.25660    0.24444    0.06081    0.23303
       568    2.25435    0.24610    0.06178    0.23786
       569    2.25539    0.24406    0.06071    0.23333
       570    2.25643    0.24393    0.06058    0.23152
       571    2.25728    0.24354    0.06033    0.23176
       572    2.25696    0.24239    0.05979    0.22915
       573    2.25688    0.24240    0.05980    0.22960
       574    2.25660    0.24199    0.05962    0.22872
       575    2.25640    0.24261    0.05993    0.23021
       576    2.25390    0.24495    0.06124    0.23747
       577    2.25804    0.24295    0.06000    0.23200
       578    2.25717    0.24260    0.05988    0.23128
       579    2.25399    0.24472    0.06113    0.23654
       580    2.25669    0.24353    0.06036    0.23224
       581    2.25588    0.24370    0.06050    0.23386
       582    2.25736    0.24199    0.05957    0.22933
       583    2.25714    0.24320    0.06017    0.23227
       584    2.25775    0.24042    0.05879    0.22721
       585    2.25686    0.24338    0.06028    0.23312
       586    2.25843    0.24042    0.05875    0.22774
       587    2.25793    0.24097    0.05904    0.22846
       588    2.25532    0.24337    0.06038    0.23430
       589    2.25655    0.24075    0.05903    0.22844
       590    2.25624    0.24185    0.05958    0.23126
       591    2.25901    0.23927    0.05816    0.22575
       592    2.25824    0.23960    0.05837    0.22655
       593    2.25780    0.24039    0.05877    0.22802
       594    2.25525    0.24166    0.05955    0.23128
       595    2.25725    0.24158    0.05938    0.23012
       596    2.25617    0.24125    0.05929    0.23069
       597    2.25722    0.24189    0.05953    0.23094
       598    2.25696    0.24084    0.05904    0.22899
       599    2.25788    0.24004    0.05860    0.22735
       600    2.25817    0.23978    0.05846    0.22772
       601    2.25730    0.24012    0.05867    0.22877
       602    2.25717    0.24062    0.05892    0.22994
       603    2.25935    0.23775    0.05741    0.22403
       604    2.25817    0.23939    0.05827    0.22726
       605    2.25702    0.24003    0.05865    0.22915
       606    2.25716    0.23967    0.05847    0.22819
       607    2.25630    0.23899    0.05820    0.22712
       608    2.25523    0.24062    0.05905    0.23177
       609    2.25652    0.23949    0.05842    0.22819
       610    2.25750    0.23943    0.05833    0.22745
       611    2.25913    0.23778    0.05744    0.22412
       612    2.25824    0.23807    0.05763    0.22511
       613    2.25751    0.23797    0.05763    0.22504
       614    2.25591    0.24058    0.05899    0.23212
       615    2.25730    0.23869    0.05799    0.22693
       616    2.25880    0.23747    0.05731    0.22379
       617    2.25557    0.23974    0.05860    0.23024
       618    2.25765    0.23888    0.05806    0.22757
       619    2.25884    0.23795    0.05754    0.22641
       620    2.25806    0.23748    0.05736    0.22508
       621    2.25704    0.23875    0.05804    0.22669
       622    2.25763    0.23832    0.05779    0.22731
       623    2.26167    0.23469    0.05584    0.22245
       624    2.25822    0.23767    0.05745    0.22602
       625    2.25946    0.23624    0.05669    0.22287
       626    2.25777    0.23819    0.05772    0.22695
       627    2.25800    0.23700    0.05714    0.22524
       628    2.25757    0.23589    0.05664    0.22315
       629    2.25593    0.23858    0.05803    0.22962
       630    2.25757    0.23775    0.05752    0.22650
       631    2.25700    0.23692    0.05717    0.22547
       632    2.25764    0.23672    0.05703    0.22490
       633    2.25930    0.23440    0.05584    0.22064
       634    2.25651    0.23763    0.05753    0.22674
       635    2.25678    0.23769    0.05755    0.22753
       636    2.25803    0.23757    0.05741    0.22699
       637    2.25749    0.23604    0.05672    0.22370
       638    2.25832    0.23670    0.05698    0.22521
       639    2.25885    0.23568    0.05647    0.22258
       640    2.25748    0.23725    0.05729    0.22701
       641    2.25815    0.23663    0.05696    0.22526
       642    2.25735    0.23798    0.05765    0.22893
       643    2.25859    0.23530    0.05630    0.22290
       644    2.25916    0.23518    0.05621    0.22276
       645    2.25616    0.23784    0.05766    0.22831
       646    2.25809    0.23522    0.05630    0.22362
       647    2.25853    0.23512    0.05622    0.22395
       648    2.25769    0.23648    0.05692    0.22631
       649    2.25892    0.23502    0.05615    0.22270
       650    2.25517    0.23848    0.05803    0.23242
       651    2.25697    0.23725    0.05733    0.22864
       652    2.25857    0.23536    0.05633    0.22459
       653    2.26034    0.23319    0.05521    0.22089
       654    2.25918    0.23543    0.05633    0.22377
       655    2.25929    0.23391    0.05561    0.22112
       656    2.25952    0.23392    0.05560    0.22235
       657    2.25782    0.23520    0.05630    0.22465
       658    2.25911    0.23438    0.05584    0.22293
       659    2.25988    0.23325    0.05526    0.22102
       660    2.25820    0.23446    0.05593    0.22328
       661    2.25866    0.23424    0.05580    0.22248
       662    2.25880    0.23385    0.05561    0.22080
       663    2.25875    0.23384    0.05561    0.22149
       664    2.25853    0.23348    0.05545    0.22147
       665    2.25785    0.23387    0.05567    0.22203
       666    2.25704    0.23583    0.05665    0.22658
       667    2.25834    0.23398    0.05570    0.22340
       668    2.25810    0.23453    0.05597    0.22343
       669    2.25757    0.23383    0.05568    0.22289
       670    2.25878    0.23348    0.05544    0.22217
       671    2.25992    0.23208    0.05472    0.21960
       672    2.25870    0.23356    0.05548    0.22259
       673    2.25944    0.23204    0.05473    0.21949
       674    2.25970    0.23285    0.05509    0.22097
       675    2.25993    0.23021    0.05385    0.21671
       676    2.25845    0.23335    0.05540    0.22237
       677    2.25786    0.23389    0.05569    0.22465
       678    2.25900    0.23229    0.05487    0.22052
       679    2.25966    0.23183    0.05462    0.22018
       680    2.25839    0.23148    0.05453    0.22018
       681    2.26059    0.23128    0.05431    0.21914
       682    2.25834    0.23319    0.05533    0.22355
       683    2.25858    0.23226    0.05488    0.22009
       684    2.25770    0.23303    0.05529    0.22287
       685    2.25781    0.23270    0.05513    0.22363
       686    2.25961    0.23140    0.05442    0.22000
       687    2.25781    0.23176    0.05470    0.22091
       688    2.25704    0.23434    0.05595    0.22584
       689    2.25799    0.23304    0.05528    0.22407
       690    2.25693    0.23276    0.05522    0.22433
       691    2.26073    0.22932    0.05340    0.21672
       692    2.25867    0.23151    0.05453    0.22097
       693    2.25682    0.23395    0.05578    0.22652
       694    2.26073    0.22978    0.05361    0.21768
       695    2.25783    0.23220    0.05490    0.22305
       696    2.26158    0.22884    0.05313    0.21747
       697    2.25964    0.23072    0.05411    0.21898
       698    2.26068    0.22965    0.05355    0.21853
       699    2.25924    0.23022    0.05390    0.21906
       700    2.25971    0.22912    0.05337    0.21581
       701    2.25897    0.22965    0.05365    0.21787
       702    2.25817    0.23113    0.05438    0.22150
       703    2.25967    0.23013    0.05383    0.21848
       704    2.25984    0.22992    0.05372    0.21892
       705    2.25920    0.22945    0.05355    0.21752
       706    2.25850    0.23060    0.05412    0.21991
       707    2.26012    0.22849    0.05305    0.21661
       708    2.26005    0.22897    0.05327    0.21728
       709    2.26156    0.22806    0.05277    0.21660
       710    2.26036    0.22841    0.05300    0.21774
       711    2.25842    0.22913    0.05345    0.21847
       712    2.25985    0.22803    0.05286    0.21667
       713    2.25948    0.22981    0.05369    0.21963
       714    2.26058    0.22717    0.05242    0.21457
       715    2.26060    0.22762    0.05263    0.21554
       716    2.25788    0.23066    0.05419    0.22311
       717    2.26082    0.22799    0.05278    0.21722
       718    2.25948    0.22856    0.05312    0.21719
       719    2.26115    0.22692    0.05228    0.21416
       720    2.25810    0.22884    0.05333    0.21957
       721    2.25952    0.22807    0.05290    0.21631
       722    2.25899    0.22813    0.05296    0.21764
       723    2.26028    0.22799    0.05282    0.21670
       724    2.25866    0.22915    0.05344    0.21966
       725    2.26030    0.22733    0.05251    0.21619
       726    2.25872    0.22871    0.05324    0.21901
       727    2.25966    0.22657    0.05221    0.21515
       728    2.26060    0.22627    0.05201    0.21373
       729    2.26037    0.22598    0.05190    0.21311
       730    2.25991    0.22702    0.05239    0.21576
       731    2.26060    0.22667    0.05220    0.21511
       732    2.26145    0.22621    0.05194    0.21463
       733    2.26078    0.22630    0.05202    0.21465
       734    2.25932    0.22730    0.05256    0.21623
       735    2.26105    0.22573    0.05175    0.21466
       736    2.26008    0.22581    0.05184    0.21472
       737    2.25988    0.22626    0.05205    0.21472
       738    2.25877    0.22693    0.05242    0.21720
       739    2.26071    0.22584    0.05181    0.21427
       740    2.25903    0.22555    0.05178    0.21472
       741    2.26083    0.22590    0.05183    0.21516
       742    2.26013    0.22477    0.05136    0.21192
       743    2.25983    0.22629    0.05207    0.21499
       744    2.26039    0.22479    0.05136    0.21297
       745    2.25892    0.22704    0.05246    0.21752
       746    2.25915    0.22576    0.05187    0.21611
       747    2.25971    0.22533    0.05164    0.21454
       748    2.26018    0.22568    0.05177    0.21526
       749    2.26211    0.22349    0.05068    0.21098
       750    2.25995    0.22435    0.05119    0.21289
       751    2.25812    0.22644    0.05224    0.21926
       752    2.26115    0.22434    0.05112    0.21363
       753    2.26052    0.22401    0.05100    0.21294
       754    2.25939    0.22518    0.05159    0.21549
       755    2.26002    0.22494    0.05145    0.21395
       756    2.26102    0.22361    0.05079    0.21228
       757    2.25971    0.22514    0.05156    0.21520
       758    2.26323    0.22239    0.05013    0.21030
       759    2.26046    0.22411    0.05105    0.21279
       760    2.26049    0.22442    0.05119    0.21305
       761    2.25989    0.22517    0.05156    0.21554
       762    2.26077    0.22348    0.05075    0.21273
       763    2.25938    0.22403    0.05108    0.21395
       764    2.26055    0.22352    0.05078    0.21230
       765    2.26102    0.22348    0.05074    0.21206
       766    2.26079    0.22314    0.05060    0.21245
       767    2.26094    0.22224    0.05019    0.21042
       768    2.25952    0.22400    0.05106    0.21385
       769    2.25872    0.22508    0.05159    0.21764
       770    2.26031    0.22341    0.05075    0.21368
       771    2.26127    0.22179    0.04997    0.20980
       772    2.26058    0.22336    0.05071    0.21349
       773    2.26144    0.22179    0.04996    0.21040
       774    2.26137    0.22240    0.05024    0.21094
       775    2.26162    0.22116    0.04967    0.20890
       776    2.26165    0.22073    0.04948    0.20894
       777    2.26123    0.22282    0.05043    0.21274
       778    2.25954    0.22265    0.05045    0.21358
       779    2.26076    0.22130    0.04978    0.20946
       780    2.26006    0.22251    0.05036    0.21224
       781    2.26052    0.22277    0.05045    0.21345
       782    2.26095    0.22241    0.05026    0.21209
       783    2.26151    0.22055    0.04941    0.20845
       784    2.26171    0.22153    0.04983    0.20961
       785    2.26003    0.22206    0.05016    0.21239
       786    2.26052    0.22039    0.04939    0.20840
       787    2.26014    0.22126    0.04980    0.21142
       788    2.26091    0.22240    0.05026    0.21332
       789    2.26026    0.22144    0.04987    0.21074
       790    2.26051    0.22136    0.04982    0.21092
       791    2.26185    0.22060    0.04941    0.21022
       792    2.26049    0.22134    0.04982    0.21125
       793    2.26185    0.21926    0.04882    0.20753
       794    2.26136    0.22013    0.04923    0.20880
       795    2.26402    0.21805    0.04818    0.20732
       796    2.26076    0.22035    0.04936    0.21003
       797    2.25964    0.22225    0.05027    0.21391
       798    2.26143    0.21921    0.04882    0.20769
       799    2.26196    0.21952    0.04893    0.20711
       800    2.26047    0.22025    0.04933    0.20926
       801    2.26076    0.22030    0.04934    0.20966
       802    2.26102    0.22023    0.04930    0.21072
       803    2.26041    0.21948    0.04900    0.20812
       804    2.26168    0.21950    0.04894    0.20832
       805    2.26047    0.22100    0.04966    0.21103
       806    2.26101    0.21967    0.04905    0.20899
       807    2.26197    0.21807    0.04830    0.20594
       808    2.26207    0.21862    0.04853    0.20674
       809    2.26079    0.21919    0.04885    0.20833
       810    2.26201    0.21897    0.04869    0.20786
       811    2.26311    0.21741    0.04795    0.20583
       812    2.26023    0.21892    0.04877    0.20814
       813    2.26022    0.21986    0.04918    0.21160
       814    2.26143    0.21878    0.04863    0.20835
       815    2.26160    0.21766    0.04814    0.20628
       816    2.26250    0.21732    0.04794    0.20554
       817    2.26325    0.21738    0.04792    0.20707
       818    2.26235    0.21767    0.04810    0.20636
       819    2.26104    0.21875    0.04864    0.20885
       820    2.26330    0.21674    0.04765    0.20586
       821    2.26040    0.21881    0.04871    0.20883
       822    2.25976    0.21950    0.04905    0.21172
       823    2.26263    0.21842    0.04841    0.20887
       824    2.26152    0.21782    0.04821    0.20723
       825    2.26085    0.21951    0.04899    0.21205
       826    2.26151    0.21678    0.04776    0.20507
       827    2.26164    0.21805    0.04831    0.20907
       828    2.26159    0.21803    0.04830    0.20832
       829    2.26071    0.21858    0.04859    0.20895
       830    2.26236    0.21706    0.04784    0.20645
       831    2.26338    0.21521    0.04698    0.20367
       832    2.26339    0.21516    0.04696    0.20324
       833    2.26170    0.21645    0.04761    0.20600
       834    2.26245    0.21596    0.04735    0.20474
       835    2.26388    0.21503    0.04688    0.20335
       836    2.26099    0.21667    0.04774    0.20693
       837    2.26095    0.21700    0.04789    0.20718
       838    2.26162    0.21611    0.04746    0.20590
       839    2.26280    0.21446    0.04669    0.20257
       840    2.26171    0.21591    0.04737    0.20518
       841    2.26224    0.21554    0.04718    0.20434
       842    2.26225    0.21505    0.04697    0.20321
       843    2.26076    0.21691    0.04786    0.20844
       844    2.26142    0.21585    0.04736    0.20574
       845    2.26059    0.21709    0.04795    0.20905
       846    2.26279    0.21403    0.04650    0.20222
       847    2.26215    0.21558    0.04720    0.20562
       848    2.26106    0.21612    0.04750    0.20697
       849    2.26279    0.21504    0.04694    0.20521
       850    2.26114    0.21606    0.04747    0.20651
       851    2.26172    0.21471    0.04685    0.20529
       852    2.26416    0.21335    0.04614    0.20223
       853    2.26110    0.21627    0.04756    0.20790
       854    2.26248    0.21366    0.04636    0.20230
       855    2.25977    0.21653    0.04775    0.20964
       856    2.26322    0.21505    0.04692    0.20644
       857    2.26304    0.21426    0.04659    0.20311
       858    2.26251    0.21330    0.04621    0.20219
       859    2.26342    0.21287    0.04598    0.20148
       860    2.26209    0.21325    0.04621    0.20197
       861    2.26225    0.21445    0.04671    0.20393
       862    2.26342    0.21387    0.04640    0.20321
       863    2.26186    0.21489    0.04693    0.20540
       864    2.26163    0.21350    0.04634    0.20342
       865    2.26165    0.21436    0.04671    0.20482
       866    2.26152    0.21361    0.04640    0.20327
       867    2.26122    0.21513    0.04706    0.20675
       868    2.26230    0.21321    0.04618    0.20255
       869    2.26172    0.21467    0.04684    0.20610
       870    2.26157    0.21516    0.04706    0.20720
       871    2.26374    0.21161    0.04543    0.19986
       872    2.26268    0.21310    0.04612    0.20330
       873    2.26315    0.21192    0.04559    0.20116
       874    2.26156    0.21343    0.04631    0.20405
       875    2.26300    0.21183    0.04556    0.20068
       876    2.26344    0.21196    0.04559    0.20069
       877    2.26148    0.21306    0.04616    0.20414
       878    2.26293    0.21147    0.04541    0.20065
       879    2.26018    0.21446    0.04684    0.20794
       880    2.26254    0.21129    0.04535    0.20074
       881    2.26357    0.21114    0.04524    0.20089
       882    2.26234    0.21211    0.04571    0.20244
       883    2.26186    0.21216    0.04576    0.20200
       884    2.26341    0.21189    0.04556    0.20229
       885    2.26230    0.21175    0.04556    0.20169
       886    2.26304    0.21157    0.04545    0.20127
       887    2.26141    0.21342    0.04632    0.20506
       888    2.26227    0.21144    0.04543    0.20077
       889    2.26417    0.21125    0.04525    0.20191
       890    2.26336    0.21100    0.04519    0.20059
       891    2.26304    0.21114    0.04526    0.20039
       892    2.26312    0.21063    0.04505    0.20005
       893    2.26232    0.21128    0.04536    0.20248
       894    2.26107    0.21194    0.04571    0.20380
       895    2.26269    0.21121    0.04531    0.20110
       896    2.26332    0.21025    0.04487    0.19953
       897    2.26316    0.21029    0.04490    0.19997
       898    2.26337    0.21001    0.04477    0.19923
       899    2.26419    0.20901    0.04431    0.19815
       900    2.26259    0.20963    0.04465    0.19863
       901    2.26280    0.21064    0.04507    0.20089
       902    2.26140    0.21124    0.04540    0.20273
       903    2.26252    0.21181    0.04558    0.20353
       904    2.26199    0.21106    0.04529    0.20327
       905    2.26282    0.21095    0.04520    0.20204
       906    2.26347    0.20938    0.04450    0.19842
       907    2.26182    0.21102    0.04528    0.20234
       908    2.26280    0.21197    0.04563    0.20380
       909    2.26291    0.20930    0.04450    0.19883
       910    2.26271    0.20919    0.04446    0.19865
       911    2.26315    0.20993    0.04475    0.19995
       912    2.26459    0.20791    0.04383    0.19787
       913    2.26262    0.20842    0.04415    0.19731
       914    2.26330    0.20935    0.04450    0.19967
       915    2.26402    0.20885    0.04425    0.19870
       916    2.26145    0.20991    0.04483    0.20256
       917    2.26416    0.20729    0.04360    0.19661
       918    2.26296    0.20907    0.04440    0.19973
       919    2.26297    0.20845    0.04414    0.19853
       920    2.26209    0.20905    0.04444    0.20058
       921    2.26164    0.20996    0.04484    0.20262
       922    2.26370    0.20804    0.04393    0.19753
       923    2.26249    0.20999    0.04481    0.20199
       924    2.26435    0.20671    0.04335    0.19549
       925    2.26415    0.20658    0.04330    0.19521
       926    2.26404    0.20659    0.04331    0.19566
       927    2.26242    0.20972    0.04470    0.20156
       928    2.26330    0.20751    0.04373    0.19776
       929    2.26304    0.20868    0.04423    0.20043
       930    2.26382    0.20683    0.04342    0.19606
       931    2.26461    0.20626    0.04315    0.19566
       932    2.26397    0.20697    0.04347    0.19663
       933    2.26376    0.20604    0.04310    0.19503
       934    2.26420    0.20636    0.04321    0.19632
       935    2.26283    0.20768    0.04382    0.19924
       936    2.26319    0.20735    0.04367    0.19833
       937    2.26210    0.20777    0.04390    0.19965
       938    2.26390    0.20683    0.04342    0.19727
       939    2.26392    0.20600    0.04308    0.19527
       940    2.26288    0.20794    0.04393    0.19941
       941    2.26318    0.20709    0.04356    0.19809
       942    2.26296    0.20725    0.04364    0.19833
       943    2.26359    0.20679    0.04342    0.19790
       944    2.26313    0.20635    0.04326    0.19706
       945    2.26413    0.20665    0.04333    0.19760
       946    2.26233    0.20731    0.04370    0.20076
       947    2.26452    0.20599    0.04304    0.19639
       948    2.26473    0.20531    0.04275    0.19527
       949    2.26424    0.20474    0.04254    0.19421
       950    2.26348    0.20629    0.04322    0.19803
       951    2.26391    0.20424    0.04235    0.19293
       952    2.26557    0.20328    0.04188    0.19148
       953    2.26435    0.20448    0.04243    0.19398
       954    2.26307    0.20525    0.04281    0.19667
       955    2.26397    0.20490    0.04262    0.19483
       956    2.26243    0.20650    0.04336    0.19894
       957    2.26304    0.20594    0.04309    0.19876
       958    2.26146    0.20784    0.04397    0.20323
       959    2.26227    0.20621    0.04325    0.19904
       960    2.26369    0.20544    0.04285    0.19653
       961    2.26294    0.20471    0.04260    0.19596
       962    2.26364    0.20459    0.04251    0.19418
       963    2.26327    0.20487    0.04264    0.19603
       964    2.26316    0.20457    0.04252    0.19575
       965    2.26418    0.20429    0.04236    0.19451
       966    2.26513    0.20417    0.04226    0.19472
       967    2.26447    0.20455    0.04245    0.19539
       968    2.26431    0.20446    0.04242    0.19445
       969    2.26516    0.20299    0.04178    0.19280
       970    2.26319    0.20474    0.04259    0.19605
       971    2.26289    0.20483    0.04265    0.19752
       972    2.26357    0.20375    0.04217    0.19510
       973    2.26326    0.20442    0.04246    0.19609
       974    2.26450    0.20344    0.04200    0.19393
       975    2.26358    0.20394    0.04225    0.19484
       976    2.26434    0.20316    0.04189    0.19414
       977    2.26330    0.20464    0.04255    0.19661
       978    2.26426    0.20318    0.04190    0.19414
       979    2.26375    0.20322    0.04195    0.19479
       980    2.26401    0.20298    0.04183    0.19417
       981    2.26420    0.20287    0.04178    0.19348
       982    2.26424    0.20321    0.04192    0.19562
       983    2.26467    0.20246    0.04159    0.19245
       984    2.26374    0.20375    0.04216    0.19645
       985    2.26223    0.20434    0.04248    0.19868
       986    2.26422    0.20218    0.04150    0.19265
       987    2.26341    0.20377    0.04219    0.19640
       988    2.26620    0.20115    0.04099    0.19135
       989    2.26318    0.20407    0.04232    0.19698
       990    2.26578    0.20123    0.04104    0.19162
       991    2.26487    0.20223    0.04149    0.19277
       992    2.26380    0.20217    0.04152    0.19332
       993    2.26597    0.20095    0.04092    0.19153
       994    2.26474    0.20247    0.04159    0.19448
       995    2.26398    0.20191    0.04140    0.19340
       996    2.26294    0.20290    0.04186    0.19584
       997    2.26437    0.20159    0.04125    0.19225
       998    2.26450    0.20153    0.04123    0.19243
       999    2.26497    0.20120    0.04107    0.19160

Final Weights:        -0.5690061009        -0.2014899393         0.5714379647         0.2060424680 