# Cycles, Average Predicted Temperature, Stddev Predicted Temperature, Mean Squared Error, || MSE Gradient ||
         0    0.00000    0.00000    5.05883    0.00001
         1    0.00000    0.00000    5.05883    0.00001
         2    0.00000    0.00000    5.05883    0.00001
         3    0.00000    0.00000    5.05883    0.00001
         4    0.00000    0.00000    5.05883    0.00001
         5    0.00000    0.00000    5.05883    0.00001
         6    0.00000    0.00000    5.05883    0.00001
         7    0.00000    0.00000    5.05883    0.00001
         8    0.00000    0.00000    5.05883    0.00001
         9    0.00000    0.00000    5.05883    0.00001
        10    0.00000    0.00000    5.05883    0.00001
        11    0.00000    0.00000    5.05883    0.00001
        12    0.00000    0.00000    5.05883    0.00001
        13    0.00000    0.00000    5.05883    0.00001
        14    0.00000    0.00000    5.05883    0.00001
        15    0.00000    0.00000    5.05883    0.00001
        16    0.00000    0.00000    5.05883    0.00001
        17    0.00000    0.00000    5.05883    0.00001
        18    0.00000    0.00000    5.05883    0.00001
        19    0.00000    0.00000    5.05883    0.00001
        20    0.00000    0.00000    5.05883    0.00001
        21    0.00000    0.00000    5.05883    0.00001
        22    0.00000    0.00000    5.05883    0.00001
        23    0.00000    0.00000    5.05883    0.00001
        24    0.00000    0.00000    5.05883    0.00001
        25    0.00000    0.00000    5.05883    0.00001
        26    0.00000    0.00000    5.05883    0.00001
        27    0.00000    0.00000    5.05883    0.00001
        28    0.00000    0.00000    5.05883    0.00001
        29    0.00000    0.00000    5.05883    0.00001
        30    0.00000    0.00000    5.05883    0.00001
        31    0.00000    0.00000    5.05883    0.00001
        32    0.00000    0.00000    5.05883    0.00001
        33    0.00000    0.00000    5.05883    0.00001
        34    0.00000    0.00000    5.05883    0.00001
        35    0.00000    0.00000    5.05883    0.00001
        36    0.00000    0.00000    5.05883    0.00001
        37    0.00000    0.00000    5.05883    0.00001
        38    0.00000    0.00000    5.05883    0.00001
        39    0.00000    0.00000    5.05883    0.00001
        40    0.00000    0.00000    5.05883    0.00001
        41    0.00000    0.00000    5.05883    0.00001
        42    0.00000    0.00000    5.05883    0.00001
        43    0.00000    0.00000    5.05883    0.00001
        44    0.00000    0.00000    5.05883    0.00001
        45    0.00000    0.00000    5.05883    0.00001
        46    0.00000    0.00000    5.05883    0.00001
        47    0.00000    0.00000    5.05883    0.00001
        48    0.00000    0.00000    5.05883    0.00001
        49    0.00000    0.00000    5.05883    0.00001
        50    0.00000    0.00000    5.05883    0.00001
        51    0.00000    0.00000    5.05883    0.00001
        52    0.00000    0.00000    5.05883    0.00001
        53    0.00000    0.00000    5.05883    0.00001
        54    0.00000    0.00000    5.05883    0.00001
        55    0.00000    0.00000    5.05883    0.00001
        56    0.00000    0.00000    5.05883    0.00001
        57    0.00000    0.00000    5.05883    0.00001
        58    0.00000    0.00000    5.05883    0.00001
        59    0.00000    0.00000    5.05883    0.00001
        60    0.00000    0.00000    5.05883    0.00001
        61    0.00000    0.00000    5.05883    0.00001
        62    0.00000    0.00000    5.05883    0.00001
        63    0.00000    0.00000    5.05883    0.00001
        64    0.00000    0.00000    5.05883    0.00001
        65    0.00000    0.00000    5.05883    0.00001
        66    0.00000    0.00000    5.05883    0.00001
        67    0.00000    0.00000    5.05883    0.00001
        68    0.00000    0.00000    5.05883    0.00001
        69    0.00000    0.00000    5.05883    0.00001
        70    0.00000    0.00000    5.05883    0.00001
        71    0.00000    0.00000    5.05883    0.00001
        72    0.00000    0.00000    5.05883    0.00001
        73    0.00000    0.00000    5.05883    0.00001
        74    0.00000    0.00000    5.05883    0.00001
        75    0.00000    0.00000    5.05883    0.00001
        76    0.00000    0.00000    5.05883    0.00001
        77    0.00000    0.00000    5.05883    0.00001
        78    0.00000    0.00000    5.05883    0.00001
        79    0.00000    0.00000    5.05883    0.00001
        80    0.00000    0.00000    5.05883    0.00001
        81    0.00000    0.00000    5.05883    0.00001
        82    0.00000    0.00000    5.05883    0.00001
        83    0.00000    0.00000    5.05883    0.00001
        84    0.00000    0.00000    5.05883    0.00001
        85    0.00000    0.00000    5.05883    0.00001
        86    0.00000    0.00000    5.05883    0.00001
        87    0.00000    0.00000    5.05883    0.00001
        88    0.00000    0.00000    5.05883    0.00001
        89    0.00000    0.00000    5.05883    0.00001
        90    0.00000    0.00000    5.05883    0.00001
        91    0.00000    0.00000    5.05883    0.00001
        92    0.00000    0.00000    5.05883    0.00001
        93    0.00000    0.00000    5.05883    0.00001
        94    0.00000    0.00000    5.05883    0.00001
        95    0.00000    0.00000    5.05883    0.00001
        96    0.00000    0.00000    5.05883    0.00001
        97    0.00000    0.00000    5.05883    0.00001
        98    0.00000    0.00000    5.05883    0.00001
        99    0.00000    0.00000    5.05883    0.00001
       100    0.00000    0.00000    5.05883    0.00001
       101    0.00000    0.00000    5.05883    0.00001
       102    0.00000    0.00000    5.05883    0.00001
       103    0.00000    0.00000    5.05883    0.00001
       104    0.00000    0.00000    5.05883    0.00001
       105    0.00000    0.00000    5.05883    0.00001
       106    0.00000    0.00000    5.05883    0.00001
       107    0.00000    0.00000    5.05883    0.00001
       108    0.00000    0.00000    5.05883    0.00001
       109    0.00000    0.00000    5.05883    0.00001
       110    0.00000    0.00000    5.05883    0.00001
       111    0.00000    0.00000    5.05883    0.00001
       112    0.00000    0.00000    5.05883    0.00001
       113    0.00000    0.00000    5.05883    0.00001
       114    0.00000    0.00000    5.05883    0.00001
       115    0.00000    0.00000    5.05883    0.00001
       116    0.00000    0.00000    5.05883    0.00001
       117    0.00000    0.00000    5.05883    0.00001
       118    0.00000    0.00000    5.05883    0.00001
       119    0.00000    0.00000    5.05883    0.00001
       120    0.00000    0.00000    5.05883    0.00001
       121    0.00000    0.00000    5.05883    0.00001
       122    0.00000    0.00000    5.05883    0.00001
       123    0.00000    0.00000    5.05883    0.00001
       124    0.00000    0.00000    5.05883    0.00001
       125    0.00000    0.00000    5.05883    0.00001
       126    0.00000    0.00000    5.05883    0.00001
       127    0.00000    0.00000    5.05883    0.00001
       128    0.00000    0.00000    5.05883    0.00001
       129    0.00000    0.00000    5.05883    0.00001
       130    0.00000    0.00000    5.05883    0.00001
       131    0.00000    0.00000    5.05883    0.00001
       132    0.00000    0.00000    5.05883    0.00001
       133    0.00000    0.00000    5.05883    0.00001
       134    0.00000    0.00000    5.05883    0.00001
       135    0.00000    0.00000    5.05883    0.00001
       136    0.00000    0.00000    5.05883    0.00001
       137    0.00000    0.00000    5.05883    0.00001
       138    0.00000    0.00000    5.05883    0.00001
       139    0.00000    0.00000    5.05883    0.00001
       140    0.00000    0.00000    5.05883    0.00001
       141    0.00000    0.00000    5.05883    0.00001
       142    0.00000    0.00000    5.05883    0.00001
       143    0.00000    0.00000    5.05883    0.00001
       144    0.00000    0.00000    5.05883    0.00001
       145    0.00000    0.00000    5.05883    0.00001
       146    0.00000    0.00000    5.05883    0.00001
       147    0.00000    0.00000    5.05883    0.00001
       148    0.00000    0.00000    5.05883    0.00001
       149    0.00000    0.00000    5.05883    0.00001
       150    0.00000    0.00000    5.05883    0.00001
       151    0.00000    0.00000    5.05883    0.00001
       152    0.00000    0.00000    5.05883    0.00001
       153    0.00000    0.00000    5.05883    0.00001
       154    0.00000    0.00000    5.05883    0.00001
       155    0.00000    0.00000    5.05883    0.00001
       156    0.00000    0.00000    5.05883    0.00001
       157    0.00000    0.00000    5.05883    0.00001
       158    0.00000    0.00000    5.05883    0.00001
       159    0.00000    0.00000    5.05883    0.00001
       160    0.00000    0.00000    5.05883    0.00001
       161    0.00000    0.00000    5.05883    0.00001
       162    0.00000    0.00000    5.05883    0.00001
       163    0.00000    0.00000    5.05883    0.00001
       164    0.00000    0.00000    5.05883    0.00001
       165    0.00000    0.00000    5.05883    0.00001
       166    0.00000    0.00000    5.05883    0.00001
       167    0.00000    0.00000    5.05883    0.00001
       168    0.00000    0.00000    5.05883    0.00001
       169    0.00000    0.00000    5.05883    0.00001
       170    0.00000    0.00000    5.05883    0.00001
       171    0.00000    0.00000    5.05883    0.00001
       172    0.00000    0.00000    5.05883    0.00001
       173    0.00000    0.00000    5.05883    0.00001
       174    0.00000    0.00000    5.05883    0.00001
       175    0.00000    0.00000    5.05883    0.00001
       176    0.00000    0.00000    5.05883    0.00001
       177    0.00000    0.00000    5.05883    0.00001
       178    0.00000    0.00000    5.05883    0.00001
       179    0.00000    0.00000    5.05883    0.00001
       180    0.00000    0.00000    5.05883    0.00001
       181    0.00000    0.00000    5.05883    0.00001
       182    0.00000    0.00000    5.05883    0.00001
       183    0.00000    0.00000    5.05883    0.00001
       184    0.00000    0.00000    5.05883    0.00001
       185    0.00000    0.00000    5.05883    0.00001
       186    0.00000    0.00000    5.05883    0.00001
       187    0.00000    0.00000    5.05883    0.00001
       188    0.00000    0.00000    5.05883    0.00001
       189    0.00000    0.00000    5.05883    0.00001
       190    0.00000    0.00000    5.05883    0.00001
       191    0.00000    0.00000    5.05883    0.00001
       192    0.00000    0.00000    5.05883    0.00001
       193    0.00000    0.00000    5.05883    0.00001
       194    0.00000    0.00000    5.05883    0.00001
       195    0.00000    0.00000    5.05883    0.00001
       196    0.00000    0.00000    5.05883    0.00001
       197    0.00000    0.00000    5.05883    0.00001
       198    0.00000    0.00000    5.05883    0.00001
       199    0.00000    0.00000    5.05883    0.00001
       200    0.00000    0.00000    5.05883    0.00001
       201    0.00000    0.00000    5.05883    0.00001
       202    0.00000    0.00000    5.05883    0.00001
       203    0.00000    0.00000    5.05883    0.00001
       204    0.00000    0.00000    5.05883    0.00001
       205    0.00000    0.00000    5.05883    0.00001
       206    0.00000    0.00000    5.05883    0.00001
       207    0.00000    0.00000    5.05883    0.00001
       208    0.00000    0.00000    5.05883    0.00001
       209    0.00000    0.00000    5.05883    0.00001
       210    0.00000    0.00000    5.05883    0.00001
       211    0.00000    0.00000    5.05883    0.00001
       212    0.00000    0.00000    5.05883    0.00001
       213    0.00000    0.00000    5.05883    0.00001
       214    0.00000    0.00000    5.05883    0.00001
       215    0.00000    0.00000    5.05883    0.00001
       216    0.00000    0.00000    5.05883    0.00001
       217    0.00000    0.00000    5.05883    0.00001
       218    0.00000    0.00000    5.05883    0.00001
       219    0.00000    0.00000    5.05883    0.00001
       220    0.00000    0.00000    5.05883    0.00001
       221    0.00000    0.00000    5.05883    0.00001
       222    0.00000    0.00000    5.05883    0.00001
       223    0.00000    0.00000    5.05883    0.00001
       224    0.00000    0.00000    5.05883    0.00001
       225    0.00000    0.00000    5.05883    0.00001
       226    0.00000    0.00000    5.05883    0.00001
       227    0.00000    0.00000    5.05883    0.00001
       228    0.00000    0.00000    5.05883    0.00001
       229    0.00000    0.00000    5.05883    0.00001
       230    0.00000    0.00000    5.05883    0.00001
       231    0.00000    0.00000    5.05883    0.00001
       232    0.00000    0.00000    5.05883    0.00001
       233    0.00000    0.00000    5.05883    0.00001
       234    0.00000    0.00000    5.05883    0.00001
       235    0.00000    0.00000    5.05883    0.00001
       236    0.00000    0.00000    5.05883    0.00001
       237    0.00000    0.00000    5.05883    0.00001
       238    0.00000    0.00000    5.05883    0.00001
       239    0.00000    0.00000    5.05883    0.00001
       240    0.00000    0.00000    5.05883    0.00001
       241    0.00000    0.00000    5.05883    0.00001
       242    0.00000    0.00000    5.05883    0.00001
       243    0.00000    0.00000    5.05883    0.00001
       244    0.00000    0.00000    5.05883    0.00001
       245    0.00000    0.00000    5.05883    0.00001
       246    0.00000    0.00000    5.05883    0.00001
       247    0.00000    0.00000    5.05883    0.00001
       248    0.00000    0.00000    5.05883    0.00001
       249    0.00000    0.00000    5.05883    0.00001
       250    0.00000    0.00000    5.05883    0.00001
       251    0.00000    0.00000    5.05883    0.00001
       252    0.00000    0.00000    5.05883    0.00001
       253    0.00000    0.00000    5.05883    0.00001
       254    0.00000    0.00000    5.05883    0.00001
       255    0.00000    0.00000    5.05883    0.00001
       256    0.00000    0.00000    5.05883    0.00001
       257    0.00000    0.00000    5.05883    0.00001
       258    0.00000    0.00000    5.05883    0.00001
       259    0.00000    0.00000    5.05883    0.00001
       260    0.00000    0.00000    5.05883    0.00001
       261    0.00000    0.00000    5.05883    0.00001
       262    0.00000    0.00000    5.05883    0.00001
       263    0.00000    0.00000    5.05883    0.00001
       264    0.00000    0.00000    5.05883    0.00001
       265    0.00000    0.00000    5.05883    0.00001
       266    0.00000    0.00000    5.05883    0.00001
       267    0.00000    0.00000    5.05883    0.00001
       268    0.00000    0.00000    5.05883    0.00001
       269    0.00000    0.00000    5.05883    0.00001
       270    0.00000    0.00000    5.05883    0.00001
       271    0.00000    0.00000    5.05883    0.00001
       272    0.00000    0.00000    5.05883    0.00001
       273    0.00000    0.00000    5.05883    0.00001
       274    0.00000    0.00000    5.05883    0.00001
       275    0.00000    0.00000    5.05883    0.00001
       276    0.00000    0.00000    5.05883    0.00001
       277    0.00000    0.00000    5.05883    0.00001
       278    0.00000    0.00000    5.05883    0.00001
       279    0.00000    0.00000    5.05883    0.00001
       280    0.00000    0.00000    5.05883    0.00001
       281    0.00000    0.00000    5.05883    0.00001
       282    0.00000    0.00000    5.05883    0.00001
       283    0.00000    0.00000    5.05883    0.00001
       284    0.00000    0.00000    5.05883    0.00001
       285    0.00000    0.00000    5.05883    0.00001
       286    0.00000    0.00000    5.05883    0.00001
       287    0.00000    0.00000    5.05883    0.00001
       288    0.00000    0.00000    5.05883    0.00001
       289    0.00000    0.00000    5.05883    0.00001
       290    0.00000    0.00000    5.05883    0.00001
       291    0.00000    0.00000    5.05883    0.00001
       292    0.00000    0.00000    5.05883    0.00001
       293    0.00000    0.00000    5.05883    0.00001
       294    0.00000    0.00000    5.05883    0.00001
       295    0.00000    0.00000    5.05883    0.00001
       296    0.00000    0.00000    5.05883    0.00001
       297    0.00000    0.00000    5.05883    0.00001
       298    0.00000    0.00000    5.05883    0.00001
       299    0.00000    0.00000    5.05883    0.00001
       300    0.00000    0.00000    5.05883    0.00001
       301    0.00000    0.00000    5.05883    0.00001
       302    0.00000    0.00000    5.05883    0.00001
       303    0.00000    0.00000    5.05883    0.00001
       304    0.00000    0.00000    5.05883    0.00001
       305    0.00000    0.00000    5.05883    0.00001
       306    0.00000    0.00000    5.05883    0.00001
       307    0.00000    0.00000    5.05883    0.00001
       308    0.00000    0.00000    5.05883    0.00001
       309    0.00000    0.00000    5.05883    0.00001
       310    0.00000    0.00000    5.05883    0.00001
       311    0.00000    0.00000    5.05883    0.00001
       312    0.00000    0.00000    5.05883    0.00001
       313    0.00000    0.00000    5.05883    0.00001
       314    0.00000    0.00000    5.05883    0.00001
       315    0.00000    0.00000    5.05883    0.00001
       316    0.00000    0.00000    5.05883    0.00001
       317    0.00000    0.00000    5.05883    0.00001
       318    0.00000    0.00000    5.05883    0.00001
       319    0.00000    0.00000    5.05883    0.00001
       320    0.00000    0.00000    5.05883    0.00001
       321    0.00000    0.00000    5.05883    0.00001
       322    0.00000    0.00000    5.05883    0.00001
       323    0.00000    0.00000    5.05883    0.00001
       324    0.00000    0.00000    5.05883    0.00001
       325    0.00000    0.00000    5.05883    0.00001
       326    0.00000    0.00000    5.05883    0.00001
       327    0.00000    0.00000    5.05883    0.00001
       328    0.00000    0.00000    5.05883    0.00001
       329    0.00000    0.00000    5.05883    0.00001
       330    0.00000    0.00000    5.05883    0.00001
       331    0.00000    0.00000    5.05883    0.00001
       332    0.00000    0.00000    5.05883    0.00001
       333    0.00000    0.00000    5.05883    0.00001
       334    0.00000    0.00000    5.05883    0.00001
       335    0.00000    0.00000    5.05883    0.00001
       336    0.00000    0.00000    5.05883    0.00001
       337    0.00000    0.00000    5.05883    0.00001
       338    0.00000    0.00000    5.05883    0.00001
       339    0.00000    0.00000    5.05883    0.00001
       340    0.00000    0.00000    5.05883    0.00001
       341    0.00000    0.00000    5.05883    0.00001
       342    0.00000    0.00000    5.05883    0.00001
       343    0.00000    0.00000    5.05883    0.00001
       344    0.00000    0.00000    5.05883    0.00001
       345    0.00000    0.00000    5.05883    0.00001
       346    0.00000    0.00000    5.05883    0.00001
       347    0.00000    0.00000    5.05883    0.00001
       348    0.00000    0.00000    5.05883    0.00001
       349    0.00000    0.00000    5.05883    0.00001
       350    0.00000    0.00000    5.05883    0.00001
       351    0.00000    0.00000    5.05883    0.00001
       352    0.00000    0.00000    5.05883    0.00001
       353    0.00000    0.00000    5.05883    0.00001
       354    0.00000    0.00000    5.05883    0.00001
       355    0.00000    0.00000    5.05883    0.00001
       356    0.00000    0.00000    5.05883    0.00001
       357    0.00000    0.00000    5.05883    0.00001
       358    0.00000    0.00000    5.05883    0.00001
       359    0.00000    0.00000    5.05883    0.00001
       360    0.00000    0.00000    5.05883    0.00001
       361    0.00000    0.00000    5.05883    0.00001
       362    0.00000    0.00000    5.05883    0.00001
       363    0.00000    0.00000    5.05883    0.00001
       364    0.00000    0.00000    5.05883    0.00001
       365    0.00000    0.00000    5.05883    0.00001
       366    0.00000    0.00000    5.05883    0.00001
       367    0.00000    0.00000    5.05883    0.00001
       368    0.00000    0.00000    5.05883    0.00001
       369    0.00000    0.00000    5.05883    0.00001
       370    0.00000    0.00000    5.05883    0.00001
       371    0.00000    0.00000    5.05883    0.00001
       372    0.00000    0.00000    5.05883    0.00001
       373    0.00000    0.00000    5.05883    0.00001
       374    0.00000    0.00000    5.05883    0.00001
       375    0.00000    0.00000    5.05883    0.00001
       376    0.00000    0.00000    5.05883    0.00001
       377    0.00000    0.00000    5.05883    0.00001
       378    0.00000    0.00000    5.05883    0.00001
       379    0.00000    0.00000    5.05883    0.00001
       380    0.00000    0.00000    5.05883    0.00001
       381    0.00000    0.00000    5.05883    0.00001
       382    0.00000    0.00000    5.05883    0.00001
       383    0.00000    0.00000    5.05883    0.00001
       384    0.00000    0.00000    5.05883    0.00001
       385    0.00000    0.00000    5.05883    0.00001
       386    0.00000    0.00000    5.05883    0.00001
       387    0.00000    0.00000    5.05883    0.00001
       388    0.00000    0.00000    5.05883    0.00001
       389    0.00000    0.00000    5.05883    0.00001
       390    0.00000    0.00000    5.05883    0.00001
       391    0.00000    0.00000    5.05883    0.00001
       392    0.00000    0.00000    5.05883    0.00001
       393    0.00000    0.00000    5.05883    0.00001
       394    0.00000    0.00000    5.05883    0.00001
       395    0.00000    0.00000    5.05883    0.00001
       396    0.00000    0.00000    5.05883    0.00001
       397    0.00000    0.00000    5.05883    0.00001
       398    0.00000    0.00000    5.05883    0.00001
       399    0.00000    0.00000    5.05883    0.00001
       400    0.00000    0.00000    5.05883    0.00001
       401    0.00000    0.00000    5.05883    0.00001
       402    0.00000    0.00000    5.05883    0.00001
       403    0.00000    0.00000    5.05883    0.00001
       404    0.00000    0.00000    5.05883    0.00001
       405    0.00000    0.00000    5.05883    0.00001
       406    0.00000    0.00000    5.05883    0.00001
       407    0.00000    0.00000    5.05883    0.00001
       408    0.00000    0.00000    5.05883    0.00001
       409    0.00000    0.00000    5.05883    0.00001
       410    0.00000    0.00000    5.05883    0.00001
       411    0.00000    0.00000    5.05883    0.00001
       412    0.00000    0.00000    5.05883    0.00001
       413    0.00000    0.00000    5.05883    0.00001
       414    0.00000    0.00000    5.05883    0.00001
       415    0.00000    0.00000    5.05883    0.00001
       416    0.00000    0.00000    5.05883    0.00001
       417    0.00000    0.00000    5.05883    0.00001
       418    0.00000    0.00000    5.05883    0.00001
       419    0.00000    0.00000    5.05883    0.00001
       420    0.00000    0.00000    5.05883    0.00001
       421    0.00000    0.00000    5.05883    0.00001
       422    0.00000    0.00000    5.05883    0.00001
       423    0.00000    0.00000    5.05883    0.00001
       424    0.00000    0.00000    5.05883    0.00001
       425    0.00000    0.00000    5.05883    0.00001
       426    0.00000    0.00000    5.05883    0.00001
       427    0.00000    0.00000    5.05883    0.00001
       428    0.00000    0.00000    5.05883    0.00001
       429    0.00000    0.00000    5.05883    0.00001
       430    0.00000    0.00000    5.05883    0.00001
       431    0.00000    0.00000    5.05883    0.00001
       432    0.00000    0.00000    5.05883    0.00001
       433    0.00000    0.00000    5.05883    0.00001
       434    0.00000    0.00000    5.05883    0.00001
       435    0.00000    0.00000    5.05883    0.00001
       436    0.00000    0.00000    5.05883    0.00001
       437    0.00000    0.00000    5.05883    0.00001
       438    0.00000    0.00000    5.05883    0.00001
       439    0.00000    0.00000    5.05883    0.00001
       440    0.00000    0.00000    5.05883    0.00001
       441    0.00000    0.00000    5.05883    0.00001
       442    0.00000    0.00000    5.05883    0.00001
       443    0.00000    0.00000    5.05883    0.00001
       444    0.00000    0.00000    5.05883    0.00001
       445    0.00000    0.00000    5.05883    0.00001
       446    0.00000    0.00000    5.05883    0.00001
       447    0.00000    0.00000    5.05883    0.00001
       448    0.00000    0.00000    5.05883    0.00001
       449    0.00000    0.00000    5.05883    0.00001
       450    0.00000    0.00000    5.05883    0.00001
       451    0.00000    0.00000    5.05883    0.00001
       452    0.00000    0.00000    5.05883    0.00001
       453    0.00000    0.00000    5.05883    0.00001
       454    0.00000    0.00000    5.05883    0.00001
       455    0.00000    0.00000    5.05883    0.00001
       456    0.00000    0.00000    5.05883    0.00001
       457    0.00000    0.00000    5.05883    0.00001
       458    0.00000    0.00000    5.05883    0.00001
       459    0.00000    0.00000    5.05883    0.00001
       460    0.00000    0.00000    5.05883    0.00001
       461    0.00000    0.00000    5.05883    0.00001
       462    0.00000    0.00000    5.05883    0.00001
       463    0.00000    0.00000    5.05883    0.00001
       464    0.00000    0.00000    5.05883    0.00001
       465    0.00000    0.00000    5.05883    0.00001
       466    0.00000    0.00000    5.05883    0.00001
       467    0.00000    0.00000    5.05883    0.00001
       468    0.00000    0.00000    5.05883    0.00001
       469    0.00000    0.00000    5.05883    0.00001
       470    0.00000    0.00000    5.05883    0.00001
       471    0.00000    0.00000    5.05883    0.00001
       472    0.00000    0.00000    5.05883    0.00001
       473    0.00000    0.00000    5.05883    0.00001
       474    0.00000    0.00000    5.05883    0.00001
       475    0.00000    0.00000    5.05883    0.00001
       476    0.00000    0.00000    5.05883    0.00001
       477    0.00000    0.00000    5.05883    0.00001
       478    0.00000    0.00000    5.05883    0.00001
       479    0.00000    0.00000    5.05883    0.00001
       480    0.00000    0.00000    5.05883    0.00001
       481    0.00000    0.00000    5.05883    0.00001
       482    0.00000    0.00000    5.05883    0.00001
       483    0.00000    0.00000    5.05883    0.00001
       484    0.00000    0.00000    5.05883    0.00001
       485    0.00000    0.00000    5.05883    0.00001
       486    0.00000    0.00000    5.05883    0.00001
       487    0.00000    0.00000    5.05883    0.00001
       488    0.00000    0.00000    5.05883    0.00001
       489    0.00000    0.00000    5.05883    0.00001
       490    0.00000    0.00000    5.05883    0.00001
       491    0.00000    0.00000    5.05883    0.00001
       492    0.00000    0.00000    5.05883    0.00001
       493    0.00000    0.00000    5.05883    0.00001
       494    0.00000    0.00000    5.05883    0.00001
       495    0.00000    0.00000    5.05883    0.00001
       496    0.00000    0.00000    5.05883    0.00001
       497    0.00000    0.00000    5.05883    0.00001
       498    0.00000    0.00000    5.05883    0.00001
       499    0.00000    0.00000    5.05883    0.00001
       500    0.00000    0.00000    5.05883    0.00001
       501    0.00000    0.00000    5.05883    0.00001
       502    0.00000    0.00000    5.05883    0.00001
       503    0.00000    0.00000    5.05883    0.00001
       504    0.00000    0.00000    5.05883    0.00001
       505    0.00000    0.00000    5.05883    0.00001
       506    0.00000    0.00000    5.05883    0.00001
       507    0.00000    0.00000    5.05883    0.00001
       508    0.00000    0.00000    5.05883    0.00001
       509    0.00000    0.00000    5.05883    0.00001
       510    0.00000    0.00000    5.05883    0.00001
       511    0.00000    0.00000    5.05883    0.00001
       512    0.00000    0.00000    5.05883    0.00001
       513    0.00000    0.00000    5.05883    0.00001
       514    0.00000    0.00000    5.05883    0.00001
       515    0.00000    0.00000    5.05883    0.00001
       516    0.00000    0.00000    5.05883    0.00001
       517    0.00000    0.00000    5.05883    0.00001
       518    0.00000    0.00000    5.05883    0.00001
       519    0.00000    0.00000    5.05883    0.00001
       520    0.00000    0.00000    5.05883    0.00001
       521    0.00000    0.00000    5.05883    0.00001
       522    0.00000    0.00000    5.05883    0.00001
       523    0.00000    0.00000    5.05883    0.00001
       524    0.00000    0.00000    5.05883    0.00001
       525    0.00000    0.00000    5.05883    0.00001
       526    0.00000    0.00000    5.05883    0.00001
       527    0.00000    0.00000    5.05883    0.00001
       528    0.00000    0.00000    5.05883    0.00001
       529    0.00000    0.00000    5.05883    0.00001
       530    0.00000    0.00000    5.05883    0.00001
       531    0.00000    0.00000    5.05883    0.00001
       532    0.00000    0.00000    5.05883    0.00001
       533    0.00000    0.00000    5.05883    0.00001
       534    0.00000    0.00000    5.05883    0.00001
       535    0.00000    0.00000    5.05883    0.00001
       536    0.00000    0.00000    5.05883    0.00001
       537    0.00000    0.00000    5.05883    0.00001
       538    0.00000    0.00000    5.05883    0.00001
       539    0.00000    0.00000    5.05883    0.00001
       540    0.00000    0.00000    5.05883    0.00001
       541    0.00000    0.00000    5.05883    0.00001
       542    0.00000    0.00000    5.05883    0.00001
       543    0.00000    0.00000    5.05883    0.00001
       544    0.00000    0.00000    5.05883    0.00001
       545    0.00000    0.00000    5.05883    0.00001
       546    0.00000    0.00000    5.05883    0.00001
       547    0.00000    0.00000    5.05883    0.00001
       548    0.00000    0.00000    5.05883    0.00001
       549    0.00000    0.00000    5.05883    0.00001
       550    0.00000    0.00000    5.05883    0.00001
       551    0.00000    0.00000    5.05883    0.00001
       552    0.00000    0.00000    5.05883    0.00001
       553    0.00000    0.00000    5.05883    0.00001
       554    0.00000    0.00000    5.05883    0.00001
       555    0.00000    0.00000    5.05883    0.00001
       556    0.00000    0.00000    5.05883    0.00001
       557    0.00000    0.00000    5.05883    0.00001
       558    0.00000    0.00000    5.05883    0.00001
       559    0.00000    0.00000    5.05883    0.00001
       560    0.00000    0.00000    5.05883    0.00001
       561    0.00000    0.00000    5.05883    0.00001
       562    0.00000    0.00000    5.05883    0.00001
       563    0.00000    0.00000    5.05883    0.00001
       564    0.00000    0.00000    5.05883    0.00001
       565    0.00000    0.00000    5.05883    0.00001
       566    0.00000    0.00000    5.05883    0.00001
       567    0.00000    0.00000    5.05883    0.00001
       568    0.00000    0.00000    5.05883    0.00001
       569    0.00000    0.00000    5.05883    0.00001
       570    0.00000    0.00000    5.05883    0.00001
       571    0.00000    0.00000    5.05883    0.00001
       572    0.00000    0.00000    5.05883    0.00001
       573    0.00000    0.00000    5.05883    0.00001
       574    0.00000    0.00000    5.05883    0.00001
       575    0.00000    0.00000    5.05883    0.00001
       576    0.00000    0.00000    5.05883    0.00001
       577    0.00000    0.00000    5.05883    0.00001
       578    0.00000    0.00000    5.05883    0.00001
       579    0.00000    0.00000    5.05883    0.00001
       580    0.00000    0.00000    5.05883    0.00001
       581    0.00000    0.00000    5.05883    0.00001
       582    0.00000    0.00000    5.05883    0.00001
       583    0.00000    0.00000    5.05883    0.00001
       584    0.00000    0.00000    5.05883    0.00001
       585    0.00000    0.00000    5.05883    0.00001
       586    0.00000    0.00000    5.05883    0.00001
       587    0.00000    0.00000    5.05883    0.00001
       588    0.00000    0.00000    5.05883    0.00001
       589    0.00000    0.00000    5.05883    0.00001
       590    0.00000    0.00000    5.05883    0.00001
       591    0.00000    0.00000    5.05883    0.00001
       592    0.00000    0.00000    5.05883    0.00001
       593    0.00000    0.00000    5.05883    0.00001
       594    0.00000    0.00000    5.05883    0.00001
       595    0.00000    0.00000    5.05883    0.00001
       596    0.00000    0.00000    5.05883    0.00001
       597    0.00000    0.00000    5.05883    0.00001
       598    0.00000    0.00000    5.05883    0.00001
       599    0.00000    0.00000    5.05883    0.00001
       600    0.00000    0.00000    5.05883    0.00001
       601    0.00000    0.00000    5.05883    0.00001
       602    0.00000    0.00000    5.05883    0.00001
       603    0.00000    0.00000    5.05883    0.00001
       604    0.00000    0.00000    5.05883    0.00001
       605    0.00000    0.00000    5.05883    0.00001
       606    0.00000    0.00000    5.05883    0.00001
       607    0.00000    0.00000    5.05883    0.00001
       608    0.00000    0.00000    5.05883    0.00001
       609    0.00000    0.00000    5.05883    0.00001
       610    0.00000    0.00000    5.05883    0.00001
       611    0.00000    0.00000    5.05883    0.00001
       612    0.00000    0.00000    5.05883    0.00001
       613    0.00000    0.00000    5.05883    0.00001
       614    0.00000    0.00000    5.05883    0.00001
       615    0.00000    0.00000    5.05883    0.00001
       616    0.00000    0.00000    5.05883    0.00001
       617    0.00000    0.00000    5.05883    0.00001
       618    0.00000    0.00000    5.05883    0.00001
       619    0.00000    0.00000    5.05883    0.00001
       620    0.00000    0.00000    5.05883    0.00001
       621    0.00000    0.00000    5.05883    0.00001
       622    0.00000    0.00000    5.05883    0.00001
       623    0.00000    0.00000    5.05883    0.00001
       624    0.00000    0.00000    5.05883    0.00001
       625    0.00000    0.00000    5.05883    0.00001
       626    0.00000    0.00000    5.05883    0.00001
       627    0.00000    0.00000    5.05883    0.00001
       628    0.00000    0.00000    5.05883    0.00001
       629    0.00000    0.00000    5.05883    0.00001
       630    0.00000    0.00000    5.05883    0.00001
       631    0.00000    0.00000    5.05883    0.00001
       632    0.00000    0.00000    5.05883    0.00001
       633    0.00000    0.00000    5.05883    0.00001
       634    0.00000    0.00000    5.05883    0.00001
       635    0.00000    0.00000    5.05883    0.00001
       636    0.00000    0.00000    5.05883    0.00001
       637    0.00000    0.00000    5.05883    0.00001
       638    0.00000    0.00000    5.05883    0.00001
       639    0.00000    0.00000    5.05883    0.00001
       640    0.00000    0.00000    5.05883    0.00001
       641    0.00000    0.00000    5.05883    0.00001
       642    0.00000    0.00000    5.05883    0.00001
       643    0.00000    0.00000    5.05883    0.00001
       644    0.00000    0.00000    5.05883    0.00001
       645    0.00000    0.00000    5.05883    0.00001
       646    0.00000    0.00000    5.05883    0.00001
       647    0.00000    0.00000    5.05883    0.00001
       648    0.00000    0.00000    5.05883    0.00001
       649    0.00000    0.00000    5.05883    0.00001
       650    0.00000    0.00000    5.05883    0.00001
       651    0.00000    0.00000    5.05883    0.00001
       652    0.00000    0.00000    5.05883    0.00001
       653    0.00000    0.00000    5.05883    0.00001
       654    0.00000    0.00000    5.05883    0.00001
       655    0.00000    0.00000    5.05883    0.00001
       656    0.00000    0.00000    5.05883    0.00001
       657    0.00000    0.00000    5.05883    0.00001
       658    0.00000    0.00000    5.05883    0.00001
       659    0.00000    0.00000    5.05883    0.00001
       660    0.00000    0.00000    5.05883    0.00001
       661    0.00000    0.00000    5.05883    0.00001
       662    0.00000    0.00000    5.05883    0.00001
       663    0.00000    0.00000    5.05883    0.00001
       664    0.00000    0.00000    5.05883    0.00001
       665    0.00000    0.00000    5.05883    0.00001
       666    0.00000    0.00000    5.05883    0.00001
       667    0.00000    0.00000    5.05883    0.00001
       668    0.00000    0.00000    5.05883    0.00001
       669    0.00000    0.00000    5.05883    0.00001
       670    0.00000    0.00000    5.05883    0.00001
       671    0.00000    0.00000    5.05883    0.00001
       672    0.00000    0.00000    5.05883    0.00001
       673    0.00000    0.00000    5.05883    0.00001
       674    0.00000    0.00000    5.05883    0.00001
       675    0.00000    0.00000    5.05883    0.00001
       676    0.00000    0.00000    5.05883    0.00001
       677    0.00000    0.00000    5.05883    0.00001
       678    0.00000    0.00000    5.05883    0.00001
       679    0.00000    0.00000    5.05883    0.00001
       680    0.00000    0.00000    5.05883    0.00001
       681    0.00000    0.00000    5.05883    0.00001
       682    0.00000    0.00000    5.05883    0.00001
       683    0.00000    0.00000    5.05883    0.00001
       684    0.00000    0.00000    5.05883    0.00001
       685    0.00000    0.00000    5.05883    0.00001
       686    0.00000    0.00000    5.05883    0.00001
       687    0.00000    0.00000    5.05883    0.00001
       688    0.00000    0.00000    5.05883    0.00001
       689    0.00000    0.00000    5.05883    0.00001
       690    0.00000    0.00000    5.05883    0.00001
       691    0.00000    0.00000    5.05883    0.00001
       692    0.00000    0.00000    5.05883    0.00001
       693    0.00000    0.00000    5.05883    0.00001
       694    0.00000    0.00000    5.05883    0.00001
       695    0.00000    0.00000    5.05883    0.00001
       696    0.00000    0.00000    5.05883    0.00001
       697    0.00000    0.00000    5.05883    0.00001
       698    0.00000    0.00000    5.05883    0.00001
       699    0.00000    0.00000    5.05883    0.00001
       700    0.00000    0.00000    5.05883    0.00001
       701    0.00000    0.00000    5.05883    0.00001
       702    0.00000    0.00000    5.05883    0.00001
       703    0.00000    0.00000    5.05883    0.00001
       704    0.00000    0.00000    5.05883    0.00001
       705    0.00000    0.00000    5.05883    0.00001
       706    0.00000    0.00000    5.05883    0.00001
       707    0.00000    0.00000    5.05883    0.00001
       708    0.00000    0.00000    5.05883    0.00001
       709    0.00000    0.00000    5.05883    0.00001
       710    0.00000    0.00000    5.05883    0.00001
       711    0.00000    0.00000    5.05883    0.00001
       712    0.00000    0.00000    5.05883    0.00001
       713    0.00000    0.00000    5.05883    0.00001
       714    0.00000    0.00000    5.05883    0.00001
       715    0.00000    0.00000    5.05883    0.00001
       716    0.00000    0.00000    5.05883    0.00001
       717    0.00000    0.00000    5.05883    0.00001
       718    0.00000    0.00000    5.05883    0.00001
       719    0.00000    0.00000    5.05883    0.00001
       720    0.00000    0.00000    5.05883    0.00001
       721    0.00000    0.00000    5.05883    0.00001
       722    0.00000    0.00000    5.05883    0.00001
       723    0.00000    0.00000    5.05883    0.00001
       724    0.00000    0.00000    5.05883    0.00001
       725    0.00000    0.00000    5.05883    0.00001
       726    0.00000    0.00000    5.05883    0.00001
       727    0.00000    0.00000    5.05883    0.00001
       728    0.00000    0.00000    5.05883    0.00001
       729    0.00000    0.00000    5.05883    0.00001
       730    0.00000    0.00000    5.05883    0.00001
       731    0.00000    0.00000    5.05883    0.00001
       732    0.00000    0.00000    5.05883    0.00001
       733    0.00000    0.00000    5.05883    0.00001
       734    0.00000    0.00000    5.05883    0.00001
       735    0.00000    0.00000    5.05883    0.00001
       736    0.00000    0.00000    5.05883    0.00001
       737    0.00000    0.00000    5.05883    0.00001
       738    0.00000    0.00000    5.05883    0.00001
       739    0.00000    0.00000    5.05883    0.00001
       740    0.00000    0.00000    5.05883    0.00001
       741    0.00000    0.00000    5.05883    0.00001
       742    0.00000    0.00000    5.05883    0.00001
       743    0.00000    0.00000    5.05883    0.00001
       744    0.00000    0.00000    5.05883    0.00001
       745    0.00000    0.00000    5.05883    0.00001
       746    0.00000    0.00000    5.05883    0.00001
       747    0.00000    0.00000    5.05883    0.00001
       748    0.00000    0.00000    5.05883    0.00001
       749    0.00000    0.00000    5.05883    0.00001
       750    0.00000    0.00000    5.05883    0.00001
       751    0.00000    0.00000    5.05883    0.00001
       752    0.00000    0.00000    5.05883    0.00001
       753    0.00000    0.00000    5.05883    0.00001
       754    0.00000    0.00000    5.05883    0.00001
       755    0.00000    0.00000    5.05883    0.00001
       756    0.00000    0.00000    5.05883    0.00001
       757    0.00000    0.00000    5.05883    0.00001
       758    0.00000    0.00000    5.05883    0.00001
       759    0.00000    0.00000    5.05883    0.00001
       760    0.00000    0.00000    5.05883    0.00001
       761    0.00000    0.00000    5.05883    0.00001
       762    0.00000    0.00000    5.05883    0.00001
       763    0.00000    0.00000    5.05883    0.00001
       764    0.00000    0.00000    5.05883    0.00001
       765    0.00000    0.00000    5.05883    0.00001
       766    0.00000    0.00000    5.05883    0.00001
       767    0.00000    0.00000    5.05883    0.00001
       768    0.00000    0.00000    5.05883    0.00001
       769    0.00000    0.00000    5.05883    0.00001
       770    0.00000    0.00000    5.05883    0.00001
       771    0.00000    0.00000    5.05883    0.00001
       772    0.00000    0.00000    5.05883    0.00001
       773    0.00000    0.00000    5.05883    0.00001
       774    0.00000    0.00000    5.05883    0.00001
       775    0.00000    0.00000    5.05883    0.00001
       776    0.00000    0.00000    5.05883    0.00001
       777    0.00000    0.00000    5.05883    0.00001
       778    0.00000    0.00000    5.05883    0.00001
       779    0.00000    0.00000    5.05883    0.00001
       780    0.00000    0.00000    5.05883    0.00001
       781    0.00000    0.00000    5.05883    0.00001
       782    0.00000    0.00000    5.05883    0.00001
       783    0.00000    0.00000    5.05883    0.00001
       784    0.00000    0.00000    5.05883    0.00001
       785    0.00000    0.00000    5.05883    0.00001
       786    0.00000    0.00000    5.05883    0.00001
       787    0.00000    0.00000    5.05883    0.00001
       788    0.00000    0.00000    5.05883    0.00001
       789    0.00000    0.00000    5.05883    0.00001
       790    0.00000    0.00000    5.05883    0.00001
       791    0.00000    0.00000    5.05883    0.00001
       792    0.00000    0.00000    5.05883    0.00001
       793    0.00000    0.00000    5.05883    0.00001
       794    0.00000    0.00000    5.05883    0.00001
       795    0.00000    0.00000    5.05883    0.00001
       796    0.00000    0.00000    5.05883    0.00001
       797    0.00000    0.00000    5.05883    0.00001
       798    0.00000    0.00000    5.05883    0.00001
       799    0.00000    0.00000    5.05883    0.00001
       800    0.00000    0.00000    5.05883    0.00001
       801    0.00000    0.00000    5.05883    0.00001
       802    0.00000    0.00000    5.05883    0.00001
       803    0.00000    0.00000    5.05883    0.00001
       804    0.00000    0.00000    5.05883    0.00001
       805    0.00000    0.00000    5.05883    0.00001
       806    0.00000    0.00000    5.05883    0.00001
       807    0.00000    0.00000    5.05883    0.00001
       808    0.00000    0.00000    5.05883    0.00001
       809    0.00000    0.00000    5.05883    0.00001
       810    0.00000    0.00000    5.05883    0.00001
       811    0.00000    0.00000    5.05883    0.00001
       812    0.00000    0.00000    5.05883    0.00001
       813    0.00000    0.00000    5.05883    0.00001
       814    0.00000    0.00000    5.05883    0.00001
       815    0.00000    0.00000    5.05883    0.00001
       816    0.00000    0.00000    5.05883    0.00001
       817    0.00000    0.00000    5.05883    0.00001
       818    0.00000    0.00000    5.05883    0.00001
       819    0.00000    0.00000    5.05883    0.00001
       820    0.00000    0.00000    5.05883    0.00001
       821    0.00000    0.00000    5.05883    0.00001
       822    0.00000    0.00000    5.05883    0.00001
       823    0.00000    0.00000    5.05883    0.00001
       824    0.00000    0.00000    5.05883    0.00001
       825    0.00000    0.00000    5.05883    0.00001
       826    0.00000    0.00000    5.05883    0.00001
       827    0.00000    0.00000    5.05883    0.00001
       828    0.00000    0.00000    5.05883    0.00001
       829    0.00000    0.00000    5.05883    0.00001
       830    0.00000    0.00000    5.05883    0.00001
       831    0.00000    0.00000    5.05883    0.00001
       832    0.00000    0.00000    5.05883    0.00001
       833    0.00000    0.00000    5.05883    0.00001
       834    0.00000    0.00000    5.05883    0.00001
       835    0.00000    0.00000    5.05883    0.00001
       836    0.00000    0.00000    5.05883    0.00001
       837    0.00000    0.00000    5.05883    0.00001
       838    0.00000    0.00000    5.05883    0.00001
       839    0.00000    0.00000    5.05883    0.00001
       840    0.00000    0.00000    5.05883    0.00001
       841    0.00000    0.00000    5.05883    0.00001
       842    0.00000    0.00000    5.05883    0.00001
       843    0.00000    0.00000    5.05883    0.00001
       844    0.00000    0.00000    5.05883    0.00001
       845    0.00000    0.00000    5.05883    0.00001
       846    0.00000    0.00000    5.05883    0.00001
       847    0.00000    0.00000    5.05883    0.00001
       848    0.00000    0.00000    5.05883    0.00001
       849    0.00000    0.00000    5.05883    0.00001
       850    0.00000    0.00000    5.05883    0.00001
       851    0.00000    0.00000    5.05883    0.00001
       852    0.00000    0.00000    5.05883    0.00001
       853    0.00000    0.00000    5.05883    0.00001
       854    0.00000    0.00000    5.05883    0.00001
       855    0.00000    0.00000    5.05883    0.00001
       856    0.00000    0.00000    5.05883    0.00001
       857    0.00000    0.00000    5.05883    0.00001
       858    0.00000    0.00000    5.05883    0.00001
       859    0.00000    0.00000    5.05883    0.00001
       860    0.00000    0.00000    5.05883    0.00001
       861    0.00000    0.00000    5.05883    0.00001
       862    0.00000    0.00000    5.05883    0.00001
       863    0.00000    0.00000    5.05883    0.00001
       864    0.00000    0.00000    5.05883    0.00001
       865    0.00000    0.00000    5.05883    0.00001
       866    0.00000    0.00000    5.05883    0.00001
       867    0.00000    0.00000    5.05883    0.00001
       868    0.00000    0.00000    5.05883    0.00001
       869    0.00000    0.00000    5.05883    0.00001
       870    0.00000    0.00000    5.05883    0.00001
       871    0.00000    0.00000    5.05883    0.00001
       872    0.00000    0.00000    5.05883    0.00001
       873    0.00000    0.00000    5.05883    0.00001
       874    0.00000    0.00000    5.05883    0.00001
       875    0.00000    0.00000    5.05883    0.00001
       876    0.00000    0.00000    5.05883    0.00001
       877    0.00000    0.00000    5.05883    0.00001
       878    0.00000    0.00000    5.05883    0.00001
       879    0.00000    0.00000    5.05883    0.00001
       880    0.00000    0.00000    5.05883    0.00001
       881    0.00000    0.00000    5.05883    0.00001
       882    0.00000    0.00000    5.05883    0.00001
       883    0.00000    0.00000    5.05883    0.00001
       884    0.00000    0.00000    5.05883    0.00001
       885    0.00000    0.00000    5.05883    0.00001
       886    0.00000    0.00000    5.05883    0.00001
       887    0.00000    0.00000    5.05883    0.00001
       888    0.00000    0.00000    5.05883    0.00001
       889    0.00000    0.00000    5.05883    0.00001
       890    0.00000    0.00000    5.05883    0.00001
       891    0.00000    0.00000    5.05883    0.00001
       892    0.00000    0.00000    5.05883    0.00001
       893    0.00000    0.00000    5.05883    0.00001
       894    0.00000    0.00000    5.05883    0.00001
       895    0.00000    0.00000    5.05883    0.00001
       896    0.00000    0.00000    5.05883    0.00001
       897    0.00000    0.00000    5.05883    0.00001
       898    0.00000    0.00000    5.05883    0.00001
       899    0.00000    0.00000    5.05883    0.00001
       900    0.00000    0.00000    5.05883    0.00001
       901    0.00000    0.00000    5.05883    0.00001
       902    0.00000    0.00000    5.05883    0.00001
       903    0.00000    0.00000    5.05883    0.00001
       904    0.00000    0.00000    5.05883    0.00001
       905    0.00000    0.00000    5.05883    0.00001
       906    0.00000    0.00000    5.05883    0.00001
       907    0.00000    0.00000    5.05883    0.00001
       908    0.00000    0.00000    5.05883    0.00001
       909    0.00000    0.00000    5.05883    0.00001
       910    0.00000    0.00000    5.05883    0.00001
       911    0.00000    0.00000    5.05883    0.00001
       912    0.00000    0.00000    5.05883    0.00001
       913    0.00000    0.00000    5.05883    0.00001
       914    0.00000    0.00000    5.05883    0.00001
       915    0.00000    0.00000    5.05883    0.00001
       916    0.00000    0.00000    5.05883    0.00001
       917    0.00000    0.00000    5.05883    0.00001
       918    0.00000    0.00000    5.05883    0.00001
       919    0.00000    0.00000    5.05883    0.00001
       920    0.00000    0.00000    5.05883    0.00001
       921    0.00000    0.00000    5.05883    0.00001
       922    0.00000    0.00000    5.05883    0.00001
       923    0.00000    0.00000    5.05883    0.00001
       924    0.00000    0.00000    5.05883    0.00001
       925    0.00000    0.00000    5.05883    0.00001
       926    0.00000    0.00000    5.05883    0.00001
       927    0.00000    0.00000    5.05883    0.00001
       928    0.00000    0.00000    5.05883    0.00001
       929    0.00000    0.00000    5.05883    0.00001
       930    0.00000    0.00000    5.05883    0.00001
       931    0.00000    0.00000    5.05883    0.00001
       932    0.00000    0.00000    5.05883    0.00001
       933    0.00000    0.00000    5.05883    0.00001
       934    0.00000    0.00000    5.05883    0.00001
       935    0.00000    0.00000    5.05883    0.00001
       936    0.00000    0.00000    5.05883    0.00001
       937    0.00000    0.00000    5.05883    0.00001
       938    0.00000    0.00000    5.05883    0.00001
       939    0.00000    0.00000    5.05883    0.00001
       940    0.00000    0.00000    5.05883    0.00001
       941    0.00000    0.00000    5.05883    0.00001
       942    0.00000    0.00000    5.05883    0.00001
       943    0.00000    0.00000    5.05883    0.00001
       944    0.00000    0.00000    5.05883    0.00001
       945    0.00000    0.00000    5.05883    0.00001
       946    0.00000    0.00000    5.05883    0.00001
       947    0.00000    0.00000    5.05883    0.00001
       948    0.00000    0.00000    5.05883    0.00001
       949    0.00000    0.00000    5.05883    0.00001
       950    0.00000    0.00000    5.05883    0.00001
       951    0.00000    0.00000    5.05883    0.00001
       952    0.00000    0.00000    5.05883    0.00001
       953    0.00000    0.00000    5.05883    0.00001
       954    0.00000    0.00000    5.05883    0.00001
       955    0.00000    0.00000    5.05883    0.00001
       956    0.00000    0.00000    5.05883    0.00001
       957    0.00000    0.00000    5.05883    0.00001
       958    0.00000    0.00000    5.05883    0.00001
       959    0.00000    0.00000    5.05883    0.00001
       960    0.00000    0.00000    5.05883    0.00001
       961    0.00000    0.00000    5.05883    0.00001
       962    0.00000    0.00000    5.05883    0.00001
       963    0.00000    0.00000    5.05883    0.00001
       964    0.00000    0.00000    5.05883    0.00001
       965    0.00000    0.00000    5.05883    0.00001
       966    0.00000    0.00000    5.05883    0.00001
       967    0.00000    0.00000    5.05883    0.00001
       968    0.00000    0.00000    5.05883    0.00001
       969    0.00000    0.00000    5.05883    0.00001
       970    0.00000    0.00000    5.05883    0.00001
       971    0.00000    0.00000    5.05883    0.00001
       972    0.00000    0.00000    5.05883    0.00001
       973    0.00000    0.00000    5.05883    0.00001
       974    0.00000    0.00000    5.05883    0.00001
       975    0.00000    0.00000    5.05883    0.00001
       976    0.00000    0.00000    5.05883    0.00001
       977    0.00000    0.00000    5.05883    0.00001
       978    0.00000    0.00000    5.05883    0.00001
       979    0.00000    0.00000    5.05883    0.00001
       980    0.00000    0.00000    5.05883    0.00001
       981    0.00000    0.00000    5.05883    0.00001
       982    0.00000    0.00000    5.05883    0.00001
       983    0.00000    0.00000    5.05883    0.00001
       984    0.00000    0.00000    5.05883    0.00001
       985    0.00000    0.00000    5.05883    0.00001
       986    0.00000    0.00000    5.05883    0.00001
       987    0.00000    0.00000    5.05883    0.00001
       988    0.00000    0.00000    5.05883    0.00001
       989    0.00000    0.00000    5.05883    0.00001
       990    0.00000    0.00000    5.05883    0.00001
       991    0.00000    0.00000    5.05883    0.00001
       992    0.00000    0.00000    5.05883    0.00001
       993    0.00000    0.00000    5.05883    0.00001
       994    0.00000    0.00000    5.05883    0.00001
       995    0.00000    0.00000    5.05883    0.00001
       996    0.00000    0.00000    5.05883    0.00001
       997    0.00000    0.00000    5.05883    0.00001
       998    0.00000    0.00000    5.05883    0.00001
       999    0.00000    0.00000    5.05883    0.00001

Final Weights:         0.0372775035        -0.0988081532        -0.0411973270         0.0283226455 