# Cycles, Average Predicted Temperature, Stddev Predicted Temperature, Mean Squared Error, || MSE Gradient ||
         0    0.00144    0.00089    5.14267    0.40328
         1    0.00148    0.00091    5.14250    0.41178
         2    0.00151    0.00094    5.14234    0.41910
         3    0.00155    0.00097    5.14216    0.42808
         4    0.00159    0.00099    5.14198    0.43699
         5    0.00164    0.00102    5.14178    0.44688
         6    0.00168    0.00105    5.14157    0.45722
         7    0.00173    0.00108    5.14137    0.46672
         8    0.00178    0.00112    5.14115    0.47725
         9    0.00183    0.00115    5.14091    0.48882
        10    0.00188    0.00118    5.14069    0.49879
        11    0.00194    0.00122    5.14042    0.51160
        12    0.00200    0.00126    5.14015    0.52458
        13    0.00205    0.00130    5.13990    0.53552
        14    0.00212    0.00135    5.13957    0.55148
        15    0.00219    0.00139    5.13926    0.56544
        16    0.00226    0.00144    5.13894    0.57994
        17    0.00233    0.00149    5.13862    0.59442
        18    0.00241    0.00154    5.13826    0.61092
        19    0.00250    0.00161    5.13788    0.62798
        20    0.00259    0.00166    5.13747    0.64572
        21    0.00267    0.00173    5.13708    0.66289
        22    0.00278    0.00180    5.13660    0.68425
        23    0.00289    0.00187    5.13610    0.70626
        24    0.00299    0.00194    5.13564    0.72559
        25    0.00311    0.00202    5.13509    0.74905
        26    0.00324    0.00211    5.13453    0.77286
        27    0.00337    0.00220    5.13390    0.79956
        28    0.00351    0.00230    5.13329    0.82478
        29    0.00368    0.00241    5.13254    0.85680
        30    0.00384    0.00252    5.13178    0.88779
        31    0.00401    0.00265    5.13102    0.91846
        32    0.00422    0.00277    5.13009    0.95656
        33    0.00441    0.00292    5.12922    0.99076
        34    0.00463    0.00308    5.12820    1.03129
        35    0.00487    0.00325    5.12715    1.07220
        36    0.00513    0.00342    5.12597    1.11775
        37    0.00540    0.00363    5.12473    1.16511
        38    0.00571    0.00384    5.12334    1.21780
        39    0.00607    0.00406    5.12173    1.27898
        40    0.00643    0.00433    5.12009    1.33926
        41    0.00683    0.00461    5.11827    1.40577
        42    0.00727    0.00494    5.11629    1.47662
        43    0.00778    0.00530    5.11397    1.56054
        44    0.00833    0.00568    5.11149    1.64730
        45    0.00895    0.00611    5.10868    1.74462
        46    0.00966    0.00661    5.10548    1.85462
        47    0.01044    0.00718    5.10199    1.97127
        48    0.01130    0.00778    5.09810    2.09816
        49    0.01232    0.00853    5.09353    2.24671
        50    0.01347    0.00935    5.08834    2.41106
        51    0.01483    0.01033    5.08223    2.60264
        52    0.01643    0.01150    5.07506    2.83785
        53    0.01831    0.01277    5.06662    3.09079
        54    0.02053    0.01442    5.05665    3.38288
        55    0.02322    0.01633    5.04464    3.72495
        56    0.02642    0.01868    5.03035    4.11868
        57    0.03044    0.02159    5.01243    4.60040
        58    0.03558    0.02524    4.98964    5.19484
        59    0.04212    0.02996    4.96070    5.91985
        60    0.05065    0.03620    4.92321    6.81833
        61    0.06230    0.04466    4.87232    7.98422
        62    0.07828    0.05645    4.80324    9.47108
        63    0.10151    0.07343    4.70420   11.46513
        64    0.13650    0.09919    4.55817   14.15319
        65    0.19298    0.14045    4.33036   17.88832
        66    0.28847    0.21203    3.96820   22.79353
        67    0.46190    0.34057    3.38225   28.29978
        68    0.78292    0.58325    2.54916   29.08956
        69    1.28178    0.95656    1.88998   11.02514
        70    1.52677    1.14073    1.85244    5.75003
        71    1.39758    1.04382    1.84927    3.88082
        72    1.47693    1.10639    1.85177    2.40908
        73    1.43543    1.07081    1.84179    1.67256
        74    1.46188    1.09083    1.84167    1.37543
        75    1.44627    1.07938    1.84225    1.23784
        76    1.45760    1.08101    1.82725    1.17469
        77    1.45615    1.08286    1.83361    1.18055
        78    1.45274    1.08080    1.83471    1.18775
        79    1.45748    1.08511    1.83632    1.20096
        80    1.45395    1.08147    1.83420    1.17298
        81    1.45677    1.08389    1.83485    1.18266
        82    1.45164    1.07536    1.82478    1.28390
        83    1.46860    1.09061    1.83037    1.45402
        84    1.44844    1.07387    1.82683    1.35026
        85    1.46263    1.08272    1.82281    1.18754
        86    1.45696    1.07997    1.82604    1.16814
        87    1.46079    1.08012    1.82016    1.16575
        88    1.46041    1.07842    1.81711    1.17252
        89    1.46498    1.08176    1.81696    1.18266
        90    1.46028    1.08066    1.82216    1.16257
        91    1.46066    1.07909    1.81814    1.16110
        92    1.46682    1.07951    1.80913    1.15883
        93    1.46006    1.07558    1.81155    1.19436
        94    1.46458    1.08092    1.81577    1.17325
        95    1.46366    1.07759    1.81007    1.15886
        96    1.46574    1.08097    1.81402    1.17269
        97    1.46178    1.07521    1.80797    1.18632
        98    1.46598    1.07806    1.80735    1.15863
        99    1.46619    1.07878    1.80857    1.15945
       100    1.46622    1.07667    1.80398    1.15697
       101    1.46479    1.07834    1.80987    1.15680
       102    1.46628    1.07355    1.79717    1.18780
       103    1.47390    1.08040    1.79974    1.20836
       104    1.46766    1.07520    1.79850    1.15677
       105    1.46873    1.07645    1.79947    1.15168
       106    1.46973    1.07733    1.79977    1.15661
       107    1.46656    1.07646    1.80297    1.15142
       108    1.47202    1.07862    1.79889    1.16582
       109    1.46657    1.07126    1.79180    1.21084
       110    1.47350    1.07906    1.79748    1.18537
       111    1.47079    1.07510    1.79329    1.14181
       112    1.46996    1.07417    1.79260    1.15073
       113    1.47838    1.07818    1.78784    1.18517
       114    1.46619    1.07286    1.79582    1.17413
       115    1.47675    1.07104    1.77508    1.14778
       116    1.47663    1.07763    1.78944    1.17553
       117    1.47331    1.07537    1.78985    1.13759
       118    1.47449    1.07254    1.78189    1.13631
       119    1.47391    1.07091    1.77932    1.15769
       120    1.47912    1.07649    1.78304    1.16850
       121    1.47719    1.07134    1.77503    1.13628
       122    1.47782    1.07548    1.78291    1.14733
       123    1.47186    1.06784    1.77601    1.22296
       124    1.48381    1.07673    1.77618    1.20330
       125    1.47765    1.07311    1.77810    1.12800
       126    1.47293    1.06923    1.77728    1.17874
       127    1.48469    1.07718    1.77575    1.21811
       128    1.47316    1.06383    1.76539    1.31968
       129    1.49140    1.07655    1.76391    1.26493
       130    1.48058    1.06610    1.75847    1.18035
       131    1.48997    1.07593    1.76480    1.23141
       132    1.47604    1.06512    1.76357    1.23810
       133    1.48754    1.07250    1.76122    1.14618
       134    1.48060    1.06719    1.76075    1.15799
       135    1.48990    1.07310    1.75883    1.16895
       136    1.48490    1.06730    1.75423    1.13135
       137    1.49323    1.07199    1.75127    1.16295
       138    1.48223    1.06735    1.75853    1.13572
       139    1.48751    1.06653    1.74850    1.12511
       140    1.49137    1.07158    1.75328    1.14984
       141    1.48422    1.06506    1.75050    1.15865
       142    1.49325    1.06950    1.74589    1.12752
       143    1.48946    1.06973    1.75229    1.11466
       144    1.48750    1.06743    1.75045    1.11073
       145    1.48620    1.06584    1.74908    1.13240
       146    1.49592    1.06960    1.74199    1.13829
       147    1.48796    1.06729    1.74941    1.10897
       148    1.49450    1.06639    1.73731    1.10075
       149    1.48773    1.06272    1.74004    1.16962
       150    1.49893    1.07221    1.74293    1.22643
       151    1.48873    1.06509    1.74353    1.11755
       152    1.49105    1.06452    1.73870    1.11566
       153    1.49385    1.06606    1.73762    1.10606
       154    1.49577    1.06790    1.73859    1.11514
       155    1.49580    1.06410    1.73043    1.10228
       156    1.49587    1.06535    1.73299    1.10171
       157    1.49953    1.06584    1.72838    1.10230
       158    1.48653    1.06222    1.74085    1.17478
       159    1.50463    1.06459    1.71791    1.11092
       160    1.49753    1.06789    1.73586    1.12369
       161    1.49399    1.06534    1.73587    1.09721
       162    1.49965    1.06021    1.71623    1.11473
       163    1.50165    1.06736    1.72838    1.13486
       164    1.49285    1.05875    1.72365    1.19267
       165    1.50269    1.06934    1.73100    1.19225
       166    1.49041    1.05867    1.72727    1.21455
       167    1.50523    1.06722    1.72259    1.15959
       168    1.50005    1.05890    1.71284    1.12651
       169    1.50564    1.06741    1.72237    1.16953
       170    1.49386    1.05793    1.72034    1.19449
       171    1.51032    1.06350    1.70689    1.11751
       172    1.50260    1.06337    1.71842    1.08851
       173    1.49996    1.05975    1.71477    1.10622
       174    1.50634    1.06386    1.71374    1.10421
       175    1.50254    1.06156    1.71465    1.08455
       176    1.50649    1.05971    1.70469    1.07791
       177    1.50264    1.06038    1.71200    1.08930
       178    1.50667    1.06251    1.71036    1.08938
       179    1.50458    1.05784    1.70364    1.10197
       180    1.51275    1.06301    1.70218    1.12520
       181    1.50237    1.05890    1.70927    1.09646
       182    1.50950    1.05966    1.70000    1.07572
       183    1.50637    1.06011    1.70572    1.07714
       184    1.50919    1.05791    1.69677    1.08043
       185    1.51432    1.05962    1.69262    1.08159
       186    1.50844    1.05886    1.69993    1.07261
       187    1.50619    1.05699    1.69938    1.09874
       188    1.51565    1.06580    1.70375    1.22963
       189    1.50501    1.04983    1.68612    1.28456
       190    1.51565    1.06274    1.69722    1.15204
       191    1.50740    1.05738    1.69836    1.08238
       192    1.51308    1.05838    1.69186    1.06930
       193    1.51543    1.05729    1.68601    1.06556
       194    1.51395    1.05456    1.68249    1.07764
       195    1.51585    1.05844    1.68780    1.07550
       196    1.51277    1.05589    1.68707    1.07098
       197    1.51738    1.06097    1.69087    1.11901
       198    1.51101    1.05076    1.67892    1.16621
       199    1.51995    1.05939    1.68366    1.10833
       200    1.51693    1.05806    1.68537    1.06663
       201    1.51111    1.05397    1.68552    1.09041
       202    1.51867    1.05600    1.67840    1.05966
       203    1.51745    1.05650    1.68129    1.06001
       204    1.51157    1.05305    1.68290    1.10337
       205    1.52279    1.05795    1.67637    1.09745
       206    1.51445    1.05254    1.67748    1.08921
       207    1.51984    1.05840    1.68173    1.09355
       208    1.51545    1.04927    1.66908    1.14494
       209    1.52626    1.06006    1.67565    1.18802
       210    1.51673    1.04989    1.66847    1.11387
       211    1.52389    1.05558    1.66971    1.06922
       212    1.51958    1.05157    1.66771    1.06824
       213    1.52302    1.05726    1.67455    1.09044
       214    1.51703    1.05250    1.67350    1.06709
       215    1.52447    1.05220    1.66171    1.04654
       216    1.51999    1.05264    1.66934    1.05478
       217    1.53210    1.05310    1.65232    1.06945
       218    1.52072    1.05016    1.66303    1.07231
       219    1.52817    1.05423    1.66051    1.06678
       220    1.51891    1.04662    1.65832    1.16178
       221    1.53321    1.05980    1.66483    1.27467
       222    1.51541    1.04678    1.66394    1.19113
       223    1.53173    1.05617    1.65934    1.13567
       224    1.51799    1.04804    1.66269    1.12270
       225    1.53159    1.05231    1.65141    1.05935
       226    1.52870    1.05238    1.65583    1.04441
       227    1.52685    1.04813    1.64964    1.05214
       228    1.53069    1.05037    1.64865    1.04058
       229    1.53164    1.05021    1.64692    1.03555
       230    1.52493    1.04917    1.65467    1.05012
       231    1.52818    1.05241    1.65665    1.04948
       232    1.52839    1.05001    1.65130    1.46847
       233    1.52056    1.04320    1.64870    1.55962
       234    1.52952    1.04840    1.64624    1.57115
       235    1.52229    1.03899    1.63735    1.60860
       236    1.53411    1.04822    1.63909    1.59854
       237    1.52591    1.03728    1.62841    1.61602
       238    1.53773    1.04643    1.63005    1.60018
       239    1.53118    1.03986    1.62597    1.55171
       240    1.53428    1.04342    1.62880    1.55535
       241    1.52742    1.03755    1.62673    1.60352
       242    1.53785    1.04468    1.62621    1.60546
       243    1.53234    1.04270    1.63015    1.55992
       244    1.53967    1.03611    1.60571    1.55407
       245    1.53666    1.03964    1.61745    1.56541
       246    1.53727    1.03904    1.61530    1.56747
       247    1.53947    1.03847    1.61090    1.56472
       248    1.53354    1.03663    1.61576    1.59986
       249    1.54500    1.04124    1.60862    1.61726
       250    1.53794    1.03216    1.60009    1.62515
       251    1.54869    1.04251    1.60594    1.68266
       252    1.53509    1.03078    1.60141    1.67314
       253    1.55090    1.03798    1.59333    1.62825
       254    1.54049    1.03072    1.59338    1.63795
       255    1.55137    1.03628    1.58914    1.62614
       256    1.54599    1.03245    1.58896    1.60973
       257    1.54849    1.03126    1.58290    1.61072
       258    1.55487    1.03229    1.57587    1.61570
       259    1.54687    1.02887    1.58032    1.65107
       260    1.55882    1.03550    1.57687    1.69797
       261    1.54588    1.02904    1.58210    1.64999
       262    1.55446    1.03138    1.57457    1.64296
       263    1.55254    1.02716    1.56865    1.64978
       264    1.55850    1.02851    1.56292    1.64575
       265    1.55019    1.02825    1.57425    1.66789
       266    1.55504    1.02398    1.55853    1.69027
       267    1.56707    1.03283    1.55970    1.78229
       268    1.55559    1.02095    1.55157    1.72318
       269    1.56135    1.03143    1.56489    1.73169
       270    1.55381    1.01884    1.54980    1.78513
       271    1.56964    1.02865    1.54749    1.75834
       272    1.55761    1.02103    1.54886    1.72455
       273    1.56775    1.02488    1.54239    1.71452
       274    1.56347    1.02073    1.53991    1.71569
       275    1.56672    1.02243    1.53882    1.71611
       276    1.56834    1.02199    1.53565    1.71622
       277    1.56591    1.02089    1.53681    1.72507
       278    1.56458    1.01617    1.52908    1.76730
       279    1.57870    1.02321    1.52373    1.79857
       280    1.56778    1.01348    1.51911    1.78421
       281    1.57694    1.02174    1.52315    1.79406
       282    1.57214    1.01381    1.51369    1.76556
       283    1.57923    1.01766    1.51166    1.76597
       284    1.57429    1.01428    1.51165    1.76608
       285    1.57710    1.01326    1.50567    1.76788
       286    1.57850    1.01425    1.50575    1.78173
       287    1.58359    1.01390    1.49803    1.78717
       288    1.57794    1.01054    1.49900    1.80096
       289    1.58310    1.01289    1.49666    1.79947
       290    1.58441    1.01099    1.49103    1.80078
       291    1.58446    1.00723    1.48336    1.81185
       292    1.58866    1.00842    1.48003    1.81274
       293    1.59122    1.00882    1.47735    1.82398
       294    1.58677    1.00768    1.48110    1.82704
       295    1.59103    1.00784    1.47564    1.82595
       296    1.59006    1.00235    1.46593    1.85494
       297    1.59241    1.00917    1.47646    1.86574
       298    1.59083    0.99991    1.45999    1.87939
       299    1.60267    1.00929    1.46290    1.94735
       300    1.58806    0.99498    1.45391    1.98589
       301    1.60685    1.00274    1.44418    1.89346
       302    1.59801    1.00058    1.45163    1.87558
       303    1.59852    1.00207    1.45393    1.88438
       304    1.60070    0.99872    1.44432    1.88261
       305    1.60189    0.99813    1.44155    1.89437
       306    1.60185    0.99921    1.44375    1.90948
       307    1.60168    0.99669    1.43896    1.91264
       308    1.60814    0.99620    1.42940    1.91201
       309    1.60628    0.99453    1.42854    1.91784
       310    1.60632    0.99252    1.42448    1.93690
       311    1.61461    0.99197    1.41249    1.92588
       312    1.61345    0.99256    1.41517    1.93807
       313    1.60999    0.99123    1.41706    1.97260
       314    1.61468    0.98527    1.39914    1.98747
       315    1.62065    0.99383    1.40828    2.03655
       316    1.61143    0.98367    1.40025    2.03267
       317    1.62187    0.98942    1.39796    2.01396
       318    1.62078    0.98185    1.38445    2.00329
       319    1.62863    0.98544    1.38140    2.01357
       320    1.62341    0.98144    1.38026    2.00731
       321    1.63084    0.98556    1.37883    2.04031
       322    1.62043    0.97633    1.37410    2.08410
       323    1.63501    0.98045    1.36345    2.03920
       324    1.63143    0.97779    1.36281    2.03680
       325    1.63077    0.97822    1.36450    2.04828
       326    1.63331    0.97787    1.36057    2.05352
       327    1.63449    0.97330    1.35015    2.07457
       328    1.64132    0.97550    1.34581    2.08508
       329    1.63474    0.96999    1.34340    2.10504
       330    1.64302    0.97401    1.34078    2.11381
       331    1.63654    0.96851    1.33825    2.12261
       332    1.64777    0.97383    1.33451    2.14933
       333    1.63986    0.96725    1.33161    2.12377
       334    1.64677    0.96565    1.31988    2.12125
       335    1.64509    0.96541    1.32152    2.15313
       336    1.65245    0.96547    1.31249    2.15878
       337    1.64887    0.96119    1.30867    2.16917
       338    1.65423    0.96622    1.31176    2.21749
       339    1.65021    0.95824    1.30135    2.20750
       340    1.65721    0.96118    1.29838    2.21094
       341    1.65669    0.95618    1.28943    2.21343
       342    1.66069    0.95604    1.28428    2.22185
       343    1.66473    0.95562    1.27858    2.22085
       344    1.66071    0.95184    1.27623    2.24175
       345    1.66792    0.95131    1.26651    2.24184
       346    1.67128    0.95253    1.26481    2.26090
       347    1.66951    0.94562    1.25381    2.26256
       348    1.67506    0.94763    1.25099    2.26364
       349    1.67141    0.94425    1.24895    2.28876
       350    1.67611    0.94565    1.24598    2.28997
       351    1.67796    0.94005    1.23325    2.29547
       352    1.68483    0.94404    1.23269    2.32391
       353    1.67550    0.93356    1.22399    2.37967
       354    1.68737    0.94396    1.22957    2.39645
       355    1.68101    0.93200    1.21457    2.36687
       356    1.69133    0.93794    1.21365    2.36756
       357    1.68751    0.93357    1.20989    2.34484
       358    1.69030    0.93342    1.20639    2.36617
       359    1.68853    0.93041    1.20283    2.37952
       360    1.69684    0.92840    1.18951    2.37692
       361    1.69672    0.92730    1.18760    2.39685
       362    1.69805    0.92332    1.17872    2.40674
       363    1.70222    0.92113    1.16994    2.41595
       364    1.70343    0.92145    1.16915    2.43632
       365    1.70389    0.92220    1.17002    2.45209
       366    1.70952    0.91862    1.15709    2.44747
       367    1.70879    0.91233    1.14638    2.46386
       368    1.71634    0.91514    1.14312    2.48928
       369    1.71255    0.90990    1.13776    2.48739
       370    1.71869    0.91002    1.13118    2.50199
       371    1.71924    0.90960    1.12982    2.50463
       372    1.71576    0.90209    1.12005    2.55095
       373    1.73097    0.90518    1.10902    2.54902
       374    1.72045    0.89753    1.10667    2.57775
       375    1.73776    0.90289    1.09762    2.60611
       376    1.72794    0.89196    1.08855    2.58458
       377    1.73632    0.89821    1.09072    2.59505
       378    1.73154    0.88710    1.07601    2.62753
       379    1.74827    0.89134    1.06583    2.62707
       380    1.73663    0.88787    1.07193    2.62067
       381    1.74595    0.88523    1.05741    2.61170
       382    1.74703    0.88256    1.05156    2.63040
       383    1.74592    0.87881    1.04612    2.65742
       384    1.75344    0.88148    1.04300    2.67012
       385    1.75359    0.87610    1.03339    2.65970
       386    1.75664    0.87201    1.02311    2.67540
       387    1.76467    0.87004    1.01151    2.67688
       388    1.75930    0.87032    1.01744    2.69961
       389    1.75569    0.86474    1.01144    2.75541
       390    1.77537    0.86753    0.99647    2.76462
       391    1.76559    0.85777    0.98937    2.74895
       392    1.77294    0.85656    0.97995    2.74597
       393    1.78064    0.85601    0.97144    2.75979
       394    1.77542    0.84884    0.96434    2.78323
       395    1.78632    0.85214    0.95930    2.79895
       396    1.77908    0.84427    0.95298    2.81321
       397    1.78867    0.84756    0.94926    2.82830
       398    1.78593    0.83656    0.93337    2.83871
       399    1.80036    0.84016    0.92566    2.85087
       400    1.79404    0.83285    0.91940    2.83005
       401    1.79847    0.83273    0.91502    2.84310
       402    1.80180    0.82953    0.90656    2.86140
       403    1.80437    0.82116    0.89035    2.93536
       404    1.81422    0.82261    0.88368    2.94517
       405    1.80732    0.81752    0.88167    2.96457
       406    1.81676    0.81251    0.86486    2.96409
       407    1.82207    0.81139    0.85827    2.97963
       408    1.81966    0.80255    0.84615    3.00187
       409    1.82816    0.80703    0.84580    3.02552
       410    1.82477    0.79977    0.83713    3.03616
       411    1.83154    0.79490    0.82340    3.03143
       412    1.83369    0.79290    0.81835    3.05208
       413    1.84035    0.78737    0.80385    3.04534
       414    1.84136    0.78196    0.79449    3.06998
       415    1.84819    0.78121    0.78753    3.08796
       416    1.84894    0.77600    0.77878    3.11529
       417    1.85497    0.76974    0.76407    3.10784
       418    1.85675    0.76681    0.75810    3.13709
       419    1.86264    0.76135    0.74493    3.12733
       420    1.86192    0.75957    0.74280    3.16004
       421    1.86898    0.75343    0.72783    3.16071
       422    1.87293    0.74784    0.71628    3.19475
       423    1.88059    0.74199    0.70156    3.18816
       424    1.88470    0.73989    0.69526    3.27834
       425    1.87890    0.73256    0.68896    3.30982
       426    1.88848    0.72862    0.67582    3.32010
       427    1.89084    0.72217    0.66467    3.31300
       428    1.90269    0.71812    0.65001    3.30442
       429    1.89816    0.70898    0.64031    3.32524
       430    1.90821    0.70807    0.63167    3.32617
       431    1.90830    0.69916    0.61907    3.32889
       432    1.91987    0.69851    0.60994    3.33103
       433    1.91182    0.68753    0.60040    3.32976
       434    1.93429    0.68675    0.58378    3.27431
       435    1.92336    0.67689    0.57778    3.28965
       436    1.93846    0.67784    0.56884    3.27121
       437    1.93306    0.66752    0.55856    3.24759
       438    1.94926    0.66618    0.54615    3.21765
       439    1.94546    0.65497    0.53379    3.14401
       440    1.95585    0.65621    0.52879    3.11454
       441    1.95973    0.64729    0.51475    3.03647
       442    1.96752    0.64268    0.50404    2.95988
       443    1.96606    0.63945    0.50078    2.86534
       444    1.97838    0.63766    0.49118    2.76826
       445    1.97952    0.63161    0.48284    2.66060
       446    1.98762    0.63045    0.47674    2.55535
       447    1.98957    0.62702    0.47134    2.45814
       448    1.99679    0.62562    0.46560    2.34200
       449    2.00026    0.62218    0.45943    2.23456
       450    2.00546    0.61831    0.45186    2.13768
       451    2.01019    0.61803    0.44904    2.07287
       452    2.01194    0.61447    0.44375    1.99958
       453    2.01738    0.61536    0.44208    1.94481
       454    2.01898    0.60914    0.43365    1.87713
       455    2.02195    0.61050    0.43384    1.84063
       456    2.02384    0.60984    0.43210    1.80803
       457    2.03090    0.60620    0.42426    2.27046
       458    2.02659    0.60169    0.42088    2.11257
       459    2.03056    0.60160    0.41887    2.03876
       460    2.03368    0.59556    0.41015    1.93316
       461    2.03740    0.59917    0.41273    1.88427
       462    2.03976    0.59427    0.40580    1.80903
       463    2.04111    0.59087    0.40114    1.77856
       464    2.04353    0.58886    0.39768    1.74134
       465    2.04504    0.58976    0.39806    1.71311
       466    2.04713    0.58721    0.39412    1.68601
       467    2.05106    0.58189    0.38618    1.64962
       468    2.04594    0.58512    0.39220    1.65956
       469    2.05186    0.58079    0.38455    1.62640
       470    2.05488    0.58163    0.38422    1.61165
       471    2.05232    0.57765    0.38071    1.60184
       472    2.05618    0.57695    0.37824    1.58543
       473    2.06230    0.57351    0.37171    1.55801
       474    2.05597    0.57120    0.37173    1.56887
       475    2.05928    0.57155    0.37073    1.54904
       476    2.06212    0.57130    0.36926    1.54151
       477    2.06092    0.56759    0.36553    1.52756
       478    2.06560    0.56686    0.36278    1.51493
       479    2.06276    0.56392    0.36062    1.51650
       480    2.06555    0.56490    0.36058    1.51306
       481    2.06443    0.56267    0.35852    1.49605
       482    2.07209    0.56116    0.35374    1.47935
       483    2.06775    0.55845    0.35244    1.47643
       484    2.07224    0.55743    0.34952    1.46363
       485    2.07183    0.55479    0.34674    1.44958
       486    2.07233    0.55448    0.34620    1.45373
       487    2.07212    0.55223    0.34379    1.45130
       488    2.07680    0.55223    0.34197    1.43880
       489    2.07704    0.55040    0.33986    1.42467
       490    2.07467    0.54785    0.33797    1.43150
       491    2.07811    0.54681    0.33551    1.41993
       492    2.07804    0.54628    0.33496    1.41921
       493    2.08253    0.54412    0.33091    1.40630
       494    2.07999    0.54266    0.33028    1.40119
       495    2.08501    0.53910    0.32455    1.38140
       496    2.07945    0.54125    0.32895    1.39857
       497    2.08657    0.53892    0.32378    1.37761
       498    2.08249    0.53604    0.32220    1.38299
       499    2.08564    0.53551    0.32045    1.36872
       500    2.08720    0.53518    0.31954    1.37059
       501    2.08695    0.53189    0.31612    1.35274
       502    2.08945    0.53188    0.31520    1.34966
       503    2.09026    0.52973    0.31262    1.34065
       504    2.08914    0.52743    0.31060    1.34143
       505    2.09108    0.52865    0.31119    1.33821
       506    2.09215    0.52723    0.30931    1.32749
       507    2.09215    0.52480    0.30675    1.31907
       508    2.09471    0.52527    0.30635    1.32067
       509    2.09230    0.52249    0.30428    1.31568
       510    2.09530    0.52060    0.30126    1.30484
       511    2.09939    0.51955    0.29876    1.29718
       512    2.09626    0.51764    0.29786    1.29233
       513    2.09813    0.51577    0.29528    1.28801
       514    2.10106    0.51423    0.29270    1.27881
       515    2.09941    0.51214    0.29111    1.27224
       516    2.10476    0.51090    0.28806    1.26359
       517    2.09942    0.50988    0.28880    1.26794
       518    2.10233    0.51080    0.28876    1.26165
       519    2.10537    0.50821    0.28511    1.24945
       520    2.10323    0.50787    0.28547    1.24901
       521    2.10829    0.50469    0.28060    1.22892
       522    2.10612    0.50319    0.27979    1.22628
       523    2.10606    0.50276    0.27938    1.22735
       524    2.10713    0.50235    0.27862    1.22218
       525    2.10826    0.50229    0.27819    1.22175
       526    2.10834    0.50028    0.27615    1.21180
       527    2.10691    0.49897    0.27531    1.21653
       528    2.11060    0.49971    0.27486    1.20965
       529    2.11329    0.49754    0.27185    1.20181
       530    2.11003    0.49603    0.27138    1.19711
       531    2.10901    0.49523    0.27091    1.19910
       532    2.11645    0.49309    0.26646    1.18237
       533    2.11363    0.49171    0.26598    1.17943
       534    2.11826    0.48985    0.26274    1.16179
       535    2.11293    0.48789    0.26245    1.17621
       536    2.12228    0.48748    0.25922    1.16054
       537    2.11663    0.48375    0.25728    1.14491
       538    2.11467    0.48655    0.26061    1.16185
       539    2.11968    0.48459    0.25718    1.13950
       540    2.12203    0.48179    0.25377    1.13072
       541    2.11762    0.48324    0.25650    1.14210
       542    2.12106    0.48225    0.25451    1.12809
       543    2.12365    0.47873    0.25037    1.11572
       544    2.12114    0.47709    0.24954    1.11866
       545    2.12418    0.47783    0.24935    1.11063
       546    2.12516    0.47543    0.24678    1.09649
       547    2.12264    0.47513    0.24722    1.10507
       548    2.12241    0.47382    0.24605    1.10554
       549    2.12720    0.47397    0.24481    1.09984
       550    2.12595    0.47202    0.24332    1.08960
       551    2.12850    0.47135    0.24196    1.08035
       552    2.12774    0.47061    0.24148    1.07519
       553    2.12796    0.47037    0.24119    1.06909
       554    2.12914    0.46700    0.23770    1.06472
       555    2.12619    0.46713    0.23865    1.07816
       556    2.13055    0.46811    0.23834    1.06936
       557    2.13317    0.46357    0.23340    1.05419
       558    2.13356    0.46208    0.23191    1.04201
       559    2.13059    0.46248    0.23309    1.04186
       560    2.13053    0.46190    0.23258    1.04510
       561    2.13470    0.45942    0.22915    1.02943
       562    2.13368    0.46072    0.23063    1.03449
       563    2.13365    0.45935    0.22937    1.02826
       564    2.13399    0.45905    0.22900    1.02656
       565    2.13376    0.45700    0.22718    1.02202
       566    2.14039    0.45482    0.22345    1.00931
       567    2.13584    0.45472    0.22455    1.00841
       568    2.13574    0.45359    0.22355    1.00155
       569    2.13874    0.45309    0.22231    0.99735
       570    2.13724    0.45231    0.22199    0.99634
       571    2.13824    0.45262    0.22201    0.99530
       572    2.13934    0.45153    0.22074    0.99340
       573    2.13941    0.44684    0.21651    0.97843
       574    2.14280    0.44738    0.21612    0.97342
       575    2.14043    0.44781    0.21711    0.97441
       576    2.14155    0.44599    0.21520    0.97103
       577    2.14151    0.44712    0.21622    0.96725
       578    2.14353    0.44361    0.21258    0.95881
       579    2.14340    0.44364    0.21264    0.95443
       580    2.14298    0.44292    0.21210    0.95337
       581    2.14383    0.44229    0.21134    0.94929
       582    2.14347    0.44184    0.21102    0.94897
       583    2.14622    0.43990    0.20863    0.94034
       584    2.14710    0.44000    0.20851    0.93865
       585    2.14276    0.44022    0.20978    0.94610
       586    2.14806    0.43727    0.20588    0.92527
       587    2.14410    0.43789    0.20739    0.93359
       588    2.14769    0.43601    0.20486    0.92421
       589    2.15007    0.43621    0.20447    0.91580
       590    2.14581    0.43548    0.20487    0.91845
       591    2.14971    0.43363    0.20231    0.91161
       592    2.14867    0.43533    0.20403    0.90934
       593    2.14947    0.43145    0.20048    0.90076
       594    2.15193    0.43108    0.19958    0.89235
       595    2.15108    0.43036    0.19916    0.88812
       596    2.15076    0.43055    0.19940    0.88803
       597    2.15113    0.42936    0.19829    0.88606
       598    2.15187    0.42920    0.19797    0.88353
       599    2.15073    0.42840    0.19756    0.88398
       600    2.15381    0.42728    0.19588    0.87650
       601    2.15421    0.42501    0.19385    0.86598
       602    2.15478    0.42339    0.19235    0.86099
       603    2.15440    0.42459    0.19345    0.85971
       604    2.15504    0.42301    0.19197    0.86418
       605    2.15694    0.42072    0.18960    0.85287
       606    2.15487    0.42077    0.19012    0.85637
       607    2.15487    0.42067    0.19003    0.85515
       608    2.16052    0.42198    0.18987    0.86338
       609    2.15093    0.42100    0.19122    0.87871
       610    2.15746    0.41911    0.18813    0.84447
       611    2.15582    0.41923    0.18860    0.84431
       612    2.15916    0.41923    0.18786    0.84272
       613    2.15995    0.41588    0.18489    0.82329
       614    2.15566    0.41573    0.18572    0.84039
       615    2.16228    0.41572    0.18425    0.83592
       616    2.15877    0.41319    0.18292    0.82265
       617    2.16206    0.41411    0.18297    0.81779
       618    2.15682    0.41260    0.18286    0.83495
       619    2.16181    0.41300    0.18210    0.81876
       620    2.15853    0.41147    0.18155    0.82096
       621    2.16364    0.41170    0.18064    0.81245
       622    2.16565    0.40864    0.17770    0.80159
       623    2.15929    0.40933    0.17962    0.80968
       624    2.16090    0.41088    0.18055    0.80304
       625    2.16846    0.40829    0.17685    0.80535
       626    2.15925    0.40554    0.17655    0.81601
       627    2.16632    0.40706    0.17628    0.78947
       628    2.16103    0.40615    0.17666    0.79830
       629    2.16553    0.40695    0.17635    0.78005
       630    2.16379    0.40713    0.17686    0.77875
       631    2.16590    0.40493    0.17464    0.76748
       632    2.16625    0.40306    0.17305    0.76254
       633    2.16655    0.40118    0.17148    0.75929
       634    2.16499    0.40280    0.17311    0.76371
       635    2.16871    0.40297    0.17248    0.76105
       636    2.16713    0.40083    0.17108    0.75260
       637    2.17005    0.40052    0.17025    0.75469
       638    2.16539    0.39805    0.16922    0.76026
       639    2.16698    0.40083    0.17111    0.74968
       640    2.17018    0.39834    0.16848    0.74744
       641    2.16762    0.39751    0.16833    0.74314
       642    2.17023    0.39663    0.16711    0.73566
       643    2.17109    0.39667    0.16697    0.73423
       644    2.16782    0.39640    0.16741    0.73715
       645    2.16792    0.39688    0.16777    0.74222
       646    2.16797    0.39691    0.16778    0.74031
       647    2.17396    0.39610    0.16596    0.73773
       648    2.16755    0.39413    0.16567    0.74136
       649    2.17535    0.39438    0.16434    0.73631
       650    2.17126    0.39172    0.16303    0.71119
       651    2.17057    0.39343    0.16451    0.71721
       652    2.17217    0.39193    0.16302    0.70580
       653    2.17262    0.39152    0.16261    0.70280
       654    2.17400    0.39129    0.16217    0.70352
       655    2.17188    0.38977    0.16139    0.69640
       656    2.17418    0.39138    0.16221    0.69789
       657    2.17364    0.38983    0.16110    0.69327
       658    2.17303    0.38917    0.16070    0.69532
       659    2.17589    0.38851    0.15965    0.68984
       660    2.17658    0.38454    0.15645    0.67681
       661    2.17251    0.38676    0.15893    0.69452
       662    2.17462    0.38747    0.15908    0.68275
       663    2.17471    0.38614    0.15803    0.67559
       664    2.17612    0.38621    0.15782    0.67586
       665    2.17973    0.38567    0.15675    0.68220
       666    2.17447    0.38350    0.15604    0.67268
       667    2.17746    0.38373    0.15566    0.66468
       668    2.17769    0.38398    0.15581    0.66098
       669    2.17583    0.38263    0.15512    0.66594
       670    2.17749    0.38224    0.15451    0.65439
       671    2.17850    0.38096    0.15336    0.64957
       672    2.17941    0.38126    0.15342    0.65127
       673    2.17650    0.38067    0.15350    0.65606
       674    2.18066    0.37968    0.15199    0.64120
       675    2.17764    0.38083    0.15341    0.64342
       676    2.17803    0.37923    0.15213    0.64337
       677    2.18018    0.37863    0.15128    0.63487
       678    2.18306    0.37705    0.14958    0.63288
       679    2.18023    0.37872    0.15134    0.63410
       680    2.17989    0.37718    0.15024    0.64326
       681    2.17739    0.37454    0.14871    0.65945
       682    2.17969    0.37882    0.15151    0.64550
       683    2.18120    0.37604    0.14915    0.63836
       684    2.17941    0.37613    0.14953    0.64225
       685    2.18250    0.37482    0.14800    0.63382
       686    2.18041    0.37434    0.14801    0.63521
       687    2.18250    0.37362    0.14711    0.62735
       688    2.18412    0.37305    0.14640    0.62577
       689    2.17743    0.37300    0.14755    0.65567
       690    2.18222    0.37249    0.14632    0.62795
       691    2.18290    0.37241    0.14613    0.62117
       692    2.18168    0.37117    0.14542    0.62051
       693    2.18236    0.37309    0.14674    0.61709
       694    2.18248    0.37133    0.14541    0.61328
       695    2.18417    0.37036    0.14439    0.61226
       696    2.18547    0.36908    0.14323    0.60457
       697    2.18167    0.36877    0.14365    0.61243
       698    2.18319    0.36907    0.14361    0.60158
       699    2.18079    0.36832    0.14347    0.62473
       700    2.18884    0.36846    0.14222    0.62770
       701    2.18534    0.36794    0.14241    0.59504
       702    2.18666    0.36693    0.14145    0.58773
       703    2.18334    0.36792    0.14274    0.58997
       704    2.18636    0.36549    0.14044    0.58460
       705    2.18438    0.36439    0.13997    0.59066
       706    2.18417    0.36705    0.14196    0.58861
       707    2.19128    0.36606    0.14007    0.61321
       708    2.18550    0.36502    0.14024    0.57012
       709    2.18692    0.36396    0.13923    0.57369
       710    2.18821    0.36183    0.13748    0.56504
       711    2.18434    0.36404    0.13973    0.58400
       712    2.18787    0.36248    0.13801    0.57176
       713    2.18924    0.36116    0.13683    0.56228
       714    2.18774    0.36044    0.13655    0.56950
       715    2.18543    0.36164    0.13780    0.57903
       716    2.18959    0.36070    0.13644    0.57553
       717    2.18937    0.36089    0.13661    0.56764
       718    2.19023    0.35999    0.13582    0.56509
       719    2.18706    0.36059    0.13677    0.56899
       720    2.18961    0.35932    0.13544    0.55278
       721    2.18603    0.36034    0.13676    0.57213
       722    2.18790    0.35944    0.13581    0.55723
       723    2.19178    0.35872    0.13467    0.55607
       724    2.18936    0.35870    0.13504    0.54994
       725    2.19032    0.35758    0.13408    0.54175
       726    2.18864    0.35751    0.13430    0.54972
       727    2.19149    0.35732    0.13371    0.54067
       728    2.19078    0.35709    0.13366    0.54380
       729    2.18868    0.35596    0.13319    0.54746
       730    2.18933    0.35679    0.13368    0.54826
       731    2.19473    0.35545    0.13189    0.55506
       732    2.19010    0.35529    0.13248    0.53505
       733    2.19428    0.35334    0.13046    0.53229
       734    2.18972    0.35388    0.13155    0.53520
       735    2.19152    0.35498    0.13204    0.52690
       736    2.19243    0.35385    0.13110    0.52214
       737    2.19122    0.35323    0.13085    0.52830
       738    2.19084    0.35467    0.13193    0.52456
       739    2.19526    0.35454    0.13116    0.52924
       740    2.19032    0.35193    0.13007    0.52376
       741    2.19208    0.35271    0.13035    0.51935
       742    2.19558    0.35386    0.13063    0.52437
       743    2.19249    0.35160    0.12950    0.50803
       744    2.19388    0.35057    0.12857    0.50122
       745    2.19222    0.35047    0.12875    0.51093
       746    2.19498    0.35030    0.12822    0.50230
       747    2.19369    0.35264    0.13006    0.49050
       748    2.19573    0.34973    0.12771    0.48859
       749    2.19103    0.35095    0.12928    0.51033
       750    2.19640    0.34856    0.12679    0.50327
       751    2.19437    0.34905    0.12743    0.49085
       752    2.19430    0.34904    0.12744    0.49395
       753    2.19515    0.34981    0.12785    0.49481
       754    2.19760    0.35027    0.12781    0.50363
       755    2.19166    0.34688    0.12633    0.59991
       756    2.19957    0.34640    0.12484    0.60618
       757    2.19221    0.34773    0.12684    0.61166
       758    2.19736    0.34617    0.12500    0.60836
       759    2.19658    0.34599    0.12498    0.59069
       760    2.19395    0.34560    0.12510    0.60676
       761    2.19329    0.34476    0.12462    0.61339
       762    2.20105    0.34596    0.12433    0.62936
       763    2.19538    0.34444    0.12409    0.59378
       764    2.19749    0.34285    0.12269    0.58072
       765    2.19479    0.34270    0.12297    0.59580
       766    2.19909    0.34223    0.12203    0.58078
       767    2.19425    0.34253    0.12294    0.61882
       768    2.20029    0.34420    0.12322    0.60858
       769    2.20053    0.34261    0.12210    0.60243
       770    2.19531    0.34011    0.12113    0.60267
       771    2.20167    0.34127    0.12102    0.59231
       772    2.19620    0.34133    0.12183    0.58984
       773    2.19946    0.33854    0.11947    0.58690
       774    2.20095    0.34065    0.12070    0.57648
       775    2.19741    0.33939    0.12033    0.56595
       776    2.19698    0.33856    0.11983    0.58790
       777    2.20282    0.33934    0.11956    0.57719
       778    2.19917    0.33571    0.11760    0.55788
       779    2.20222    0.33765    0.11849    0.54296
       780    2.19868    0.33817    0.11933    0.54813
       781    2.20212    0.33547    0.11704    0.55456
       782    2.20271    0.33445    0.11628    0.53477
       783    2.19865    0.33457    0.11691    0.57477
       784    2.20328    0.33537    0.11682    0.58243
       785    2.20321    0.33429    0.11610    0.62046
       786    2.20275    0.33379    0.11583    0.61046
       787    2.19991    0.33331    0.11589    0.63171
       788    2.20200    0.33393    0.11602    0.62057
       789    2.20236    0.33389    0.11594    0.63031
       790    2.20270    0.33287    0.11522    0.62588
       791    2.20681    0.33165    0.11388    0.62313
       792    2.20261    0.33025    0.11350    0.61578
       793    2.20631    0.33096    0.11349    0.61688
       794    2.20503    0.33117    0.11379    0.59547
       795    2.20536    0.33043    0.11326    0.59337
       796    2.19999    0.32848    0.11269    0.64248
       797    2.20825    0.32986    0.11252    0.60253
       798    2.20591    0.32813    0.11167    0.58297
       799    2.20587    0.32789    0.11152    0.58056
       800    2.20331    0.32629    0.11081    0.58399
       801    2.21233    0.32692    0.11011    0.60391
       802    2.20469    0.32540    0.11004    0.57040
       803    2.20679    0.32538    0.10977    0.57544
       804    2.20604    0.32612    0.11034    0.57895
       805    2.20791    0.32590    0.10996    0.56593
       806    2.21040    0.32548    0.10940    0.57403
       807    2.20481    0.32364    0.10889    0.57778
       808    2.20863    0.32397    0.10863    0.55819
       809    2.21154    0.32343    0.10793    0.56054
       810    2.20592    0.32275    0.10817    0.55396
       811    2.20665    0.32236    0.10782    0.55438
       812    2.21380    0.32225    0.10692    0.55972
       813    2.20871    0.32039    0.10630    0.53034
       814    2.20922    0.32142    0.10691    0.51539
       815    2.20884    0.32335    0.10820    0.52393
       816    2.20913    0.31936    0.10560    0.51384
       817    2.21239    0.32059    0.10601    0.51498
       818    2.20688    0.31937    0.10588    0.53387
       819    2.21664    0.31989    0.10509    0.56235
       820    2.21039    0.31860    0.10496    0.49576
       821    2.20615    0.31834    0.10531    0.54384
       822    2.21177    0.31873    0.10488    0.49267
       823    2.21148    0.31626    0.10335    0.48712
       824    2.21058    0.31712    0.10400    0.49008
       825    2.21509    0.31700    0.10341    0.48748
       826    2.21062    0.31653    0.10362    0.47672
       827    2.21043    0.31362    0.10181    0.48745
       828    2.21223    0.31637    0.10334    0.47724
       829    2.21488    0.31636    0.10304    0.47810
       830    2.21320    0.31725    0.10378    0.46254
       831    2.20884    0.31442    0.10250    0.49820
       832    2.21690    0.31519    0.10208    0.47760
       833    2.21112    0.31386    0.10188    0.45239
       834    2.21464    0.31290    0.10088    0.45504
       835    2.21477    0.31434    0.10177    0.44330
       836    2.20943    0.31425    0.10232    0.47863
       837    2.21707    0.31411    0.10138    0.45436
       838    2.21324    0.31328    0.10128    0.42921
       839    2.21231    0.31223    0.10072    0.43725
       840    2.21221    0.31174    0.10043    0.44001
       841    2.21815    0.31164    0.09972    0.43073
       842    2.21529    0.31153    0.09996    0.37882
       843    2.21351    0.31151    0.10014    0.37391
       844    2.21216    0.31104    0.10000    0.38003
       845    2.21293    0.31285    0.10104    0.37964
       846    2.21668    0.31068    0.09928    0.37952
       847    2.21445    0.31012    0.09917    0.36546
       848    2.21282    0.31109    0.09996    0.37248
       849    2.21459    0.31123    0.09984    0.36448
       850    2.21235    0.30929    0.09889    0.38313
       851    2.21495    0.31064    0.09944    0.36857
       852    2.21757    0.31051    0.09908    0.38005
       853    2.21278    0.30952    0.09899    0.37411
       854    2.21681    0.31113    0.09955    0.37642
       855    2.21136    0.30819    0.09832    0.39731
       856    2.21389    0.30880    0.09842    0.36511
       857    2.21743    0.30936    0.09838    0.37262
       858    2.21703    0.31047    0.09911    0.35797
       859    2.21213    0.30941    0.09899    0.37839
       860    2.21815    0.30790    0.09740    0.35519
       861    2.21778    0.30731    0.09708    0.34882
       862    2.21244    0.30878    0.09857    0.37845
       863    2.21533    0.30741    0.09740    0.34815
       864    2.21788    0.30847    0.09778    0.35955
       865    2.21448    0.30547    0.09630    0.35973
       866    2.21665    0.30747    0.09730    0.34803
       867    2.22099    0.30908    0.09785    0.39530
       868    2.21414    0.30760    0.09765    0.35739
       869    2.21542    0.30614    0.09661    0.34676
       870    2.21601    0.30829    0.09787    0.34201
       871    2.21852    0.30842    0.09769    0.34226
       872    2.21500    0.30538    0.09619    0.35091
       873    2.22067    0.30744    0.09687    0.36528
       874    2.21553    0.30549    0.09620    0.34580
       875    2.21737    0.30590    0.09626    0.33038
       876    2.21527    0.30622    0.09667    0.34181
       877    2.21569    0.30422    0.09541    0.34090
       878    2.21872    0.30751    0.09711    0.34956
       879    2.21970    0.30776    0.09716    0.34898
       880    2.21637    0.30430    0.09539    0.33358
       881    2.21929    0.30408    0.09495    0.32297
       882    2.22089    0.30352    0.09445    0.32399
       883    2.21533    0.30434    0.09552    0.35272
       884    2.21337    0.30442    0.09578    0.37803
       885    2.22317    0.30637    0.09598    0.39580
       886    2.21674    0.30268    0.09436    0.33100
       887    2.22112    0.30500    0.09534    0.33868
       888    2.21848    0.30289    0.09432    0.31513
       889    2.21775    0.30492    0.09562    0.32075
       890    2.21640    0.30451    0.09551    0.33410
       891    2.22268    0.30269    0.09378    0.34833
       892    2.21969    0.30356    0.09460    0.30993
       893    2.21835    0.30387    0.09492    0.32030
       894    2.21885    0.30341    0.09459    0.31087
       895    2.21928    0.30376    0.09476    0.30752
       896    2.21735    0.30217    0.09400    0.32237
       897    2.22021    0.30219    0.09372    0.31418
       898    2.21867    0.30247    0.09404    0.30985
       899    2.21935    0.30177    0.09355    0.30755
       900    2.21962    0.30200    0.09366    0.30991
       901    2.21733    0.30361    0.09487    0.32280
       902    2.22039    0.29890    0.09172    0.30843
       903    2.22096    0.30160    0.09329    0.31603
       904    2.22144    0.30224    0.09363    0.31173
       905    2.21951    0.30209    0.09373    0.30685
       906    2.21947    0.30103    0.09309    0.30925
       907    2.22035    0.30067    0.09279    0.29760
       908    2.22018    0.30244    0.09387    0.29896
       909    2.21999    0.29980    0.09230    0.29853
       910    2.22392    0.29974    0.09189    0.31181
       911    2.21873    0.29789    0.09128    0.31421
       912    2.22272    0.29920    0.09168    0.30179
       913    2.22114    0.29999    0.09230    0.29643
       914    2.21984    0.29795    0.09121    0.30174
       915    2.22369    0.30045    0.09234    0.32078
       916    2.21857    0.29901    0.09197    0.31239
       917    2.21961    0.30050    0.09276    0.30178
       918    2.22621    0.29944    0.09151    0.36013
       919    2.22088    0.30017    0.09243    0.29042
       920    2.22037    0.29986    0.09230    0.29356
       921    2.21755    0.29821    0.09160    0.34388
       922    2.22196    0.29833    0.09123    0.29117
       923    2.22618    0.29940    0.09149    0.35294
       924    2.21886    0.29745    0.09101    0.32203
       925    2.22084    0.29818    0.09125    0.29405
       926    2.22610    0.29986    0.09177    0.34440
       927    2.21605    0.29720    0.09115    0.38454
       928    2.22212    0.29978    0.09208    0.29141
       929    2.22462    0.29944    0.09165    0.31002
       930    2.22057    0.29816    0.09127    0.29542
       931    2.22227    0.29945    0.09187    0.28847
       932    2.22101    0.29903    0.09174    0.28979
       933    2.22238    0.29834    0.09120    0.29002
       934    2.22343    0.29839    0.09113    0.29054
       935    2.22439    0.29743    0.09047    0.29727
       936    2.22031    0.29697    0.09058    0.29822
       937    2.22010    0.29806    0.09125    0.30304
       938    2.22551    0.29765    0.09051    0.30551
       939    2.22208    0.29593    0.08979    0.28423
       940    2.22418    0.29798    0.09082    0.29065
       941    2.22333    0.29677    0.09017    0.27794
       942    2.22325    0.29429    0.08871    0.27703
       943    2.22192    0.29604    0.08987    0.28293
       944    2.22085    0.29598    0.08994    0.29279
       945    2.22447    0.29734    0.09041    0.28429
       946    2.22490    0.29578    0.08945    0.28070
       947    2.22380    0.29371    0.08832    0.26863
       948    2.22216    0.29638    0.09005    0.28006
       949    2.22322    0.29726    0.09047    0.27707
       950    2.22563    0.29682    0.09000    0.29713
       951    2.22186    0.29677    0.09031    0.27824
       952    2.22321    0.29730    0.09050    0.27383
       953    2.22229    0.29364    0.08843    0.28291
       954    2.22547    0.29669    0.08993    0.28391
       955    2.22346    0.29493    0.08908    0.26839
       956    2.22433    0.29353    0.08817    0.27067
       957    2.22338    0.29403    0.08855    0.27213
       958    2.22445    0.29465    0.08882    0.26794
       959    2.22594    0.29365    0.08810    0.26995
       960    2.22223    0.29304    0.08807    0.28248
       961    2.22417    0.29398    0.08845    0.27204
       962    2.22688    0.29535    0.08902    0.28372
       963    2.22255    0.29456    0.08894    0.28435
       964    2.22497    0.29416    0.08848    0.26440
       965    2.22873    0.29475    0.08851    0.32011
       966    2.22330    0.29380    0.08842    0.26948
       967    2.22399    0.29283    0.08779    0.26699
       968    2.22285    0.29433    0.08878    0.27068
       969    2.22352    0.29416    0.08862    0.26709
       970    2.22435    0.29507    0.08908    0.26783
       971    2.22336    0.29373    0.08838    0.27077
       972    2.22820    0.29220    0.08706    0.29098
       973    2.22277    0.29196    0.08739    0.28532
       974    2.22588    0.29501    0.08891    0.27352
       975    2.22426    0.29103    0.08672    0.26337
       976    2.22622    0.29435    0.08849    0.26892
       977    2.22477    0.29412    0.08848    0.26607
       978    2.22559    0.29516    0.08902    0.26232
       979    2.22361    0.29138    0.08698    0.27467
       980    2.22660    0.29139    0.08672    0.25992
       981    2.22570    0.29286    0.08766    0.26390
       982    2.22367    0.29275    0.08777    0.26817
       983    2.22889    0.29219    0.08700    0.29915
       984    2.22458    0.29292    0.08779    0.26011
       985    2.22406    0.29186    0.08722    0.26430
       986    2.22486    0.29157    0.08698    0.26173
       987    2.22621    0.29084    0.08643    0.25437
       988    2.22549    0.29204    0.08720    0.25754
       989    2.22653    0.29125    0.08664    0.25752
       990    2.22509    0.29072    0.08646    0.25408
       991    2.22901    0.29253    0.08719    0.28979
       992    2.22479    0.29013    0.08614    0.26025
       993    2.22487    0.29202    0.08724    0.25562
       994    2.22833    0.29070    0.08618    0.26157
       995    2.22590    0.29152    0.08686    0.25378
       996    2.22442    0.28989    0.08604    0.26784
       997    2.22970    0.29081    0.08613    0.28067
       998    2.22393    0.29023    0.08628    0.27886
       999    2.22802    0.29187    0.08688    0.25972

Final Weights:        -0.6201808558         0.6430473356         0.6196265154        -0.0990998874 