# Cycles, Average Predicted Temperature, Stddev Predicted Temperature, Mean Squared Error, || MSE Gradient ||
         0    0.00000    0.00000    5.61303    0.00049
         1    0.00000    0.00000    5.61303    0.00049
         2    0.00000    0.00000    5.61303    0.00049
         3    0.00000    0.00000    5.61303    0.00048
         4    0.00000    0.00000    5.61303    0.00049
         5    0.00000    0.00000    5.61303    0.00048
         6    0.00000    0.00000    5.61303    0.00048
         7    0.00000    0.00000    5.61303    0.00048
         8    0.00000    0.00000    5.61303    0.00049
         9    0.00000    0.00000    5.61303    0.00049
        10    0.00000    0.00000    5.61303    0.00048
        11    0.00000    0.00000    5.61303    0.00049
        12    0.00000    0.00000    5.61303    0.00048
        13    0.00000    0.00000    5.61303    0.00048
        14    0.00000    0.00000    5.61303    0.00049
        15    0.00000    0.00000    5.61303    0.00048
        16    0.00000    0.00000    5.61303    0.00048
        17    0.00000    0.00000    5.61303    0.00048
        18    0.00000    0.00000    5.61303    0.00049
        19    0.00000    0.00000    5.61303    0.00048
        20    0.00000    0.00000    5.61303    0.00048
        21    0.00000    0.00000    5.61303    0.00048
        22    0.00000    0.00000    5.61303    0.00049
        23    0.00000    0.00000    5.61303    0.00049
        24    0.00000    0.00000    5.61303    0.00049
        25    0.00000    0.00000    5.61303    0.00048
        26    0.00000    0.00000    5.61303    0.00048
        27    0.00000    0.00000    5.61303    0.00048
        28    0.00000    0.00000    5.61303    0.00049
        29    0.00000    0.00000    5.61303    0.00049
        30    0.00000    0.00000    5.61303    0.00049
        31    0.00000    0.00000    5.61303    0.00048
        32    0.00000    0.00000    5.61303    0.00049
        33    0.00000    0.00000    5.61303    0.00049
        34    0.00000    0.00000    5.61303    0.00049
        35    0.00000    0.00000    5.61303    0.00048
        36    0.00000    0.00000    5.61303    0.00048
        37    0.00000    0.00000    5.61303    0.00048
        38    0.00000    0.00000    5.61303    0.00048
        39    0.00000    0.00000    5.61303    0.00049
        40    0.00000    0.00000    5.61303    0.00048
        41    0.00000    0.00000    5.61303    0.00049
        42    0.00000    0.00000    5.61303    0.00049
        43    0.00000    0.00000    5.61303    0.00048
        44    0.00000    0.00000    5.61303    0.00048
        45    0.00000    0.00000    5.61303    0.00048
        46    0.00000    0.00000    5.61303    0.00048
        47    0.00000    0.00000    5.61303    0.00048
        48    0.00000    0.00000    5.61303    0.00049
        49    0.00000    0.00000    5.61303    0.00049
        50    0.00000    0.00000    5.61303    0.00048
        51    0.00000    0.00000    5.61303    0.00048
        52    0.00000    0.00000    5.61303    0.00049
        53    0.00000    0.00000    5.61303    0.00048
        54    0.00000    0.00000    5.61303    0.00049
        55    0.00000    0.00000    5.61303    0.00049
        56    0.00000    0.00000    5.61303    0.00048
        57    0.00000    0.00000    5.61303    0.00048
        58    0.00000    0.00000    5.61303    0.00049
        59    0.00000    0.00000    5.61303    0.00048
        60    0.00000    0.00000    5.61303    0.00048
        61    0.00000    0.00000    5.61303    0.00049
        62    0.00000    0.00000    5.61303    0.00049
        63    0.00000    0.00000    5.61303    0.00049
        64    0.00000    0.00000    5.61303    0.00048
        65    0.00000    0.00000    5.61303    0.00049
        66    0.00000    0.00000    5.61303    0.00048
        67    0.00000    0.00000    5.61303    0.00048
        68    0.00000    0.00000    5.61303    0.00049
        69    0.00000    0.00000    5.61303    0.00047
        70    0.00000    0.00000    5.61303    0.00049
        71    0.00000    0.00000    5.61303    0.00048
        72    0.00000    0.00000    5.61303    0.00048
        73    0.00000    0.00000    5.61303    0.00049
        74    0.00000    0.00000    5.61303    0.00049
        75    0.00000    0.00000    5.61303    0.00049
        76    0.00000    0.00000    5.61303    0.00048
        77    0.00000    0.00000    5.61303    0.00048
        78    0.00000    0.00000    5.61303    0.00048
        79    0.00000    0.00000    5.61303    0.00049
        80    0.00000    0.00000    5.61303    0.00048
        81    0.00000    0.00000    5.61303    0.00049
        82    0.00000    0.00000    5.61303    0.00049
        83    0.00000    0.00000    5.61303    0.00049
        84    0.00000    0.00000    5.61303    0.00049
        85    0.00000    0.00000    5.61303    0.00049
        86    0.00000    0.00000    5.61303    0.00049
        87    0.00000    0.00000    5.61303    0.00049
        88    0.00000    0.00000    5.61303    0.00049
        89    0.00000    0.00000    5.61303    0.00049
        90    0.00000    0.00000    5.61303    0.00049
        91    0.00000    0.00000    5.61303    0.00048
        92    0.00000    0.00000    5.61303    0.00049
        93    0.00000    0.00000    5.61303    0.00049
        94    0.00000    0.00000    5.61303    0.00048
        95    0.00000    0.00000    5.61303    0.00048
        96    0.00000    0.00000    5.61303    0.00048
        97    0.00000    0.00000    5.61303    0.00048
        98    0.00000    0.00000    5.61303    0.00048
        99    0.00000    0.00000    5.61303    0.00049
       100    0.00000    0.00000    5.61303    0.00049
       101    0.00000    0.00000    5.61303    0.00049
       102    0.00000    0.00000    5.61303    0.00049
       103    0.00000    0.00000    5.61303    0.00049
       104    0.00000    0.00000    5.61303    0.00049
       105    0.00000    0.00000    5.61303    0.00049
       106    0.00000    0.00000    5.61303    0.00048
       107    0.00000    0.00000    5.61303    0.00048
       108    0.00000    0.00000    5.61303    0.00050
       109    0.00000    0.00000    5.61303    0.00049
       110    0.00000    0.00000    5.61303    0.00049
       111    0.00000    0.00000    5.61303    0.00048
       112    0.00000    0.00000    5.61303    0.00048
       113    0.00000    0.00000    5.61303    0.00048
       114    0.00000    0.00000    5.61303    0.00048
       115    0.00000    0.00000    5.61303    0.00049
       116    0.00000    0.00000    5.61303    0.00049
       117    0.00000    0.00000    5.61303    0.00048
       118    0.00000    0.00000    5.61303    0.00049
       119    0.00000    0.00000    5.61303    0.00049
       120    0.00000    0.00000    5.61303    0.00049
       121    0.00000    0.00000    5.61303    0.00049
       122    0.00000    0.00000    5.61303    0.00049
       123    0.00000    0.00000    5.61303    0.00049
       124    0.00000    0.00000    5.61303    0.00049
       125    0.00000    0.00000    5.61303    0.00049
       126    0.00000    0.00000    5.61303    0.00049
       127    0.00000    0.00000    5.61303    0.00048
       128    0.00000    0.00000    5.61303    0.00050
       129    0.00000    0.00000    5.61303    0.00049
       130    0.00000    0.00000    5.61303    0.00049
       131    0.00000    0.00000    5.61303    0.00049
       132    0.00000    0.00000    5.61303    0.00049
       133    0.00000    0.00000    5.61303    0.00048
       134    0.00000    0.00000    5.61303    0.00049
       135    0.00000    0.00000    5.61303    0.00049
       136    0.00000    0.00000    5.61303    0.00049
       137    0.00000    0.00000    5.61303    0.00049
       138    0.00000    0.00000    5.61303    0.00049
       139    0.00000    0.00000    5.61303    0.00049
       140    0.00000    0.00000    5.61303    0.00049
       141    0.00000    0.00000    5.61303    0.00049
       142    0.00000    0.00000    5.61303    0.00049
       143    0.00000    0.00000    5.61303    0.00049
       144    0.00000    0.00000    5.61303    0.00049
       145    0.00000    0.00000    5.61303    0.00050
       146    0.00000    0.00000    5.61303    0.00049
       147    0.00000    0.00000    5.61303    0.00049
       148    0.00000    0.00000    5.61303    0.00049
       149    0.00000    0.00000    5.61303    0.00049
       150    0.00000    0.00000    5.61303    0.00049
       151    0.00000    0.00000    5.61303    0.00049
       152    0.00000    0.00000    5.61303    0.00049
       153    0.00000    0.00000    5.61303    0.00049
       154    0.00000    0.00000    5.61303    0.00050
       155    0.00000    0.00000    5.61303    0.00048
       156    0.00000    0.00000    5.61303    0.00048
       157    0.00000    0.00000    5.61303    0.00049
       158    0.00000    0.00000    5.61303    0.00049
       159    0.00000    0.00000    5.61303    0.00050
       160    0.00000    0.00000    5.61303    0.00049
       161    0.00000    0.00000    5.61303    0.00048
       162    0.00000    0.00000    5.61303    0.00048
       163    0.00000    0.00000    5.61303    0.00049
       164    0.00000    0.00000    5.61303    0.00049
       165    0.00000    0.00000    5.61303    0.00049
       166    0.00000    0.00000    5.61303    0.00049
       167    0.00000    0.00000    5.61303    0.00049
       168    0.00000    0.00000    5.61303    0.00049
       169    0.00000    0.00000    5.61303    0.00049
       170    0.00000    0.00000    5.61303    0.00049
       171    0.00000    0.00000    5.61303    0.00049
       172    0.00000    0.00000    5.61303    0.00049
       173    0.00000    0.00000    5.61303    0.00049
       174    0.00000    0.00000    5.61303    0.00049
       175    0.00000    0.00000    5.61303    0.00050
       176    0.00000    0.00000    5.61303    0.00049
       177    0.00000    0.00000    5.61303    0.00049
       178    0.00000    0.00000    5.61303    0.00049
       179    0.00000    0.00000    5.61303    0.00048
       180    0.00000    0.00000    5.61303    0.00049
       181    0.00000    0.00000    5.61303    0.00049
       182    0.00000    0.00000    5.61303    0.00050
       183    0.00000    0.00000    5.61303    0.00049
       184    0.00000    0.00000    5.61303    0.00049
       185    0.00000    0.00000    5.61303    0.00049
       186    0.00000    0.00000    5.61303    0.00049
       187    0.00000    0.00000    5.61303    0.00049
       188    0.00000    0.00000    5.61303    0.00049
       189    0.00000    0.00000    5.61303    0.00049
       190    0.00000    0.00000    5.61303    0.00049
       191    0.00000    0.00000    5.61303    0.00050
       192    0.00000    0.00000    5.61303    0.00049
       193    0.00000    0.00000    5.61303    0.00049
       194    0.00000    0.00000    5.61303    0.00049
       195    0.00000    0.00000    5.61303    0.00049
       196    0.00000    0.00000    5.61303    0.00049
       197    0.00000    0.00000    5.61303    0.00049
       198    0.00000    0.00000    5.61303    0.00049
       199    0.00000    0.00000    5.61303    0.00049
       200    0.00000    0.00000    5.61303    0.00049
       201    0.00000    0.00000    5.61303    0.00049
       202    0.00000    0.00000    5.61303    0.00049
       203    0.00000    0.00000    5.61303    0.00049
       204    0.00000    0.00000    5.61303    0.00048
       205    0.00000    0.00000    5.61303    0.00049
       206    0.00000    0.00000    5.61303    0.00050
       207    0.00000    0.00000    5.61303    0.00050
       208    0.00000    0.00000    5.61303    0.00049
       209    0.00000    0.00000    5.61303    0.00048
       210    0.00000    0.00000    5.61303    0.00049
       211    0.00000    0.00000    5.61303    0.00049
       212    0.00000    0.00000    5.61303    0.00049
       213    0.00000    0.00000    5.61303    0.00049
       214    0.00000    0.00000    5.61303    0.00049
       215    0.00000    0.00000    5.61303    0.00048
       216    0.00000    0.00000    5.61303    0.00049
       217    0.00000    0.00000    5.61303    0.00049
       218    0.00000    0.00000    5.61303    0.00049
       219    0.00000    0.00000    5.61303    0.00050
       220    0.00000    0.00000    5.61303    0.00050
       221    0.00000    0.00000    5.61303    0.00049
       222    0.00000    0.00000    5.61303    0.00049
       223    0.00000    0.00000    5.61303    0.00049
       224    0.00000    0.00000    5.61303    0.00049
       225    0.00000    0.00000    5.61303    0.00050
       226    0.00000    0.00000    5.61303    0.00050
       227    0.00000    0.00000    5.61303    0.00049
       228    0.00000    0.00000    5.61303    0.00049
       229    0.00000    0.00000    5.61303    0.00049
       230    0.00000    0.00000    5.61303    0.00049
       231    0.00000    0.00000    5.61303    0.00049
       232    0.00000    0.00000    5.61303    0.00048
       233    0.00000    0.00000    5.61303    0.00049
       234    0.00000    0.00000    5.61303    0.00049
       235    0.00000    0.00000    5.61303    0.00049
       236    0.00000    0.00000    5.61303    0.00049
       237    0.00000    0.00000    5.61303    0.00049
       238    0.00000    0.00000    5.61303    0.00050
       239    0.00000    0.00000    5.61303    0.00050
       240    0.00000    0.00000    5.61303    0.00049
       241    0.00000    0.00000    5.61303    0.00051
       242    0.00000    0.00000    5.61303    0.00050
       243    0.00000    0.00000    5.61303    0.00050
       244    0.00000    0.00000    5.61303    0.00050
       245    0.00000    0.00000    5.61303    0.00050
       246    0.00000    0.00000    5.61303    0.00049
       247    0.00000    0.00000    5.61303    0.00049
       248    0.00000    0.00000    5.61303    0.00049
       249    0.00000    0.00000    5.61303    0.00049
       250    0.00000    0.00000    5.61303    0.00049
       251    0.00000    0.00000    5.61303    0.00049
       252    0.00000    0.00000    5.61303    0.00049
       253    0.00000    0.00000    5.61303    0.00050
       254    0.00000    0.00000    5.61303    0.00049
       255    0.00000    0.00000    5.61303    0.00050
       256    0.00000    0.00000    5.61303    0.00049
       257    0.00000    0.00000    5.61303    0.00049
       258    0.00000    0.00000    5.61303    0.00049
       259    0.00000    0.00000    5.61303    0.00049
       260    0.00000    0.00000    5.61303    0.00049
       261    0.00000    0.00000    5.61303    0.00049
       262    0.00000    0.00000    5.61303    0.00049
       263    0.00000    0.00000    5.61303    0.00049
       264    0.00000    0.00000    5.61303    0.00050
       265    0.00000    0.00000    5.61303    0.00049
       266    0.00000    0.00000    5.61303    0.00049
       267    0.00000    0.00000    5.61303    0.00048
       268    0.00000    0.00000    5.61303    0.00049
       269    0.00000    0.00000    5.61303    0.00049
       270    0.00000    0.00000    5.61303    0.00049
       271    0.00000    0.00000    5.61303    0.00049
       272    0.00000    0.00000    5.61303    0.00050
       273    0.00000    0.00000    5.61303    0.00050
       274    0.00000    0.00000    5.61303    0.00050
       275    0.00000    0.00000    5.61303    0.00049
       276    0.00000    0.00000    5.61303    0.00049
       277    0.00000    0.00000    5.61303    0.00049
       278    0.00000    0.00000    5.61303    0.00049
       279    0.00000    0.00000    5.61303    0.00050
       280    0.00000    0.00000    5.61303    0.00048
       281    0.00000    0.00000    5.61303    0.00049
       282    0.00000    0.00000    5.61303    0.00050
       283    0.00000    0.00000    5.61303    0.00049
       284    0.00000    0.00000    5.61303    0.00049
       285    0.00000    0.00000    5.61303    0.00049
       286    0.00000    0.00000    5.61303    0.00049
       287    0.00000    0.00000    5.61303    0.00049
       288    0.00000    0.00000    5.61303    0.00050
       289    0.00000    0.00000    5.61303    0.00049
       290    0.00000    0.00000    5.61303    0.00050
       291    0.00000    0.00000    5.61303    0.00049
       292    0.00000    0.00000    5.61303    0.00049
       293    0.00000    0.00000    5.61303    0.00049
       294    0.00000    0.00000    5.61303    0.00049
       295    0.00000    0.00000    5.61303    0.00049
       296    0.00000    0.00000    5.61303    0.00049
       297    0.00000    0.00000    5.61303    0.00050
       298    0.00000    0.00000    5.61303    0.00049
       299    0.00000    0.00000    5.61303    0.00049
       300    0.00000    0.00000    5.61303    0.00049
       301    0.00000    0.00000    5.61303    0.00049
       302    0.00000    0.00000    5.61303    0.00050
       303    0.00000    0.00000    5.61303    0.00049
       304    0.00000    0.00000    5.61303    0.00050
       305    0.00000    0.00000    5.61303    0.00050
       306    0.00000    0.00000    5.61303    0.00049
       307    0.00000    0.00000    5.61303    0.00049
       308    0.00000    0.00000    5.61303    0.00049
       309    0.00000    0.00000    5.61303    0.00050
       310    0.00000    0.00000    5.61303    0.00050
       311    0.00000    0.00000    5.61303    0.00050
       312    0.00000    0.00000    5.61303    0.00050
       313    0.00000    0.00000    5.61303    0.00049
       314    0.00000    0.00000    5.61303    0.00050
       315    0.00000    0.00000    5.61303    0.00049
       316    0.00000    0.00000    5.61303    0.00049
       317    0.00000    0.00000    5.61303    0.00049
       318    0.00000    0.00000    5.61303    0.00049
       319    0.00000    0.00000    5.61303    0.00050
       320    0.00000    0.00000    5.61303    0.00050
       321    0.00000    0.00000    5.61303    0.00049
       322    0.00000    0.00000    5.61303    0.00049
       323    0.00000    0.00000    5.61303    0.00050
       324    0.00000    0.00000    5.61303    0.00050
       325    0.00000    0.00000    5.61303    0.00049
       326    0.00000    0.00000    5.61303    0.00050
       327    0.00000    0.00000    5.61303    0.00049
       328    0.00000    0.00000    5.61303    0.00050
       329    0.00000    0.00000    5.61303    0.00050
       330    0.00000    0.00000    5.61303    0.00050
       331    0.00000    0.00000    5.61303    0.00051
       332    0.00000    0.00000    5.61303    0.00050
       333    0.00000    0.00000    5.61303    0.00049
       334    0.00000    0.00000    5.61303    0.00048
       335    0.00000    0.00000    5.61303    0.00048
       336    0.00000    0.00000    5.61303    0.00049
       337    0.00000    0.00000    5.61303    0.00050
       338    0.00000    0.00000    5.61303    0.00050
       339    0.00000    0.00000    5.61303    0.00050
       340    0.00000    0.00000    5.61303    0.00049
       341    0.00000    0.00000    5.61303    0.00050
       342    0.00000    0.00000    5.61303    0.00049
       343    0.00000    0.00000    5.61303    0.00050
       344    0.00000    0.00000    5.61303    0.00049
       345    0.00000    0.00000    5.61303    0.00049
       346    0.00000    0.00000    5.61303    0.00050
       347    0.00000    0.00000    5.61303    0.00049
       348    0.00000    0.00000    5.61303    0.00049
       349    0.00000    0.00000    5.61303    0.00049
       350    0.00000    0.00000    5.61303    0.00050
       351    0.00000    0.00000    5.61303    0.00049
       352    0.00000    0.00000    5.61303    0.00050
       353    0.00000    0.00000    5.61303    0.00049
       354    0.00000    0.00000    5.61303    0.00050
       355    0.00000    0.00000    5.61303    0.00049
       356    0.00000    0.00000    5.61303    0.00050
       357    0.00000    0.00000    5.61303    0.00050
       358    0.00000    0.00000    5.61303    0.00049
       359    0.00000    0.00000    5.61303    0.00050
       360    0.00000    0.00000    5.61303    0.00049
       361    0.00000    0.00000    5.61303    0.00050
       362    0.00000    0.00000    5.61303    0.00049
       363    0.00000    0.00000    5.61303    0.00049
       364    0.00000    0.00000    5.61303    0.00050
       365    0.00000    0.00000    5.61303    0.00049
       366    0.00000    0.00000    5.61303    0.00049
       367    0.00000    0.00000    5.61303    0.00050
       368    0.00000    0.00000    5.61303    0.00050
       369    0.00000    0.00000    5.61303    0.00050
       370    0.00000    0.00000    5.61303    0.00050
       371    0.00000    0.00000    5.61303    0.00049
       372    0.00000    0.00000    5.61303    0.00050
       373    0.00000    0.00000    5.61303    0.00049
       374    0.00000    0.00000    5.61303    0.00049
       375    0.00000    0.00000    5.61303    0.00050
       376    0.00000    0.00000    5.61303    0.00050
       377    0.00000    0.00000    5.61303    0.00049
       378    0.00000    0.00000    5.61303    0.00049
       379    0.00000    0.00000    5.61303    0.00050
       380    0.00000    0.00000    5.61303    0.00050
       381    0.00000    0.00000    5.61303    0.00050
       382    0.00000    0.00000    5.61303    0.00049
       383    0.00000    0.00000    5.61303    0.00050
       384    0.00000    0.00000    5.61303    0.00050
       385    0.00000    0.00000    5.61303    0.00049
       386    0.00000    0.00000    5.61303    0.00049
       387    0.00000    0.00000    5.61303    0.00050
       388    0.00000    0.00000    5.61303    0.00050
       389    0.00000    0.00000    5.61303    0.00050
       390    0.00000    0.00000    5.61303    0.00049
       391    0.00000    0.00000    5.61303    0.00049
       392    0.00000    0.00000    5.61303    0.00049
       393    0.00000    0.00000    5.61303    0.00050
       394    0.00000    0.00000    5.61303    0.00050
       395    0.00000    0.00000    5.61303    0.00049
       396    0.00000    0.00000    5.61303    0.00050
       397    0.00000    0.00000    5.61303    0.00049
       398    0.00000    0.00000    5.61303    0.00049
       399    0.00000    0.00000    5.61303    0.00049
       400    0.00000    0.00000    5.61303    0.00050
       401    0.00000    0.00000    5.61303    0.00049
       402    0.00000    0.00000    5.61303    0.00050
       403    0.00000    0.00000    5.61303    0.00050
       404    0.00000    0.00000    5.61303    0.00049
       405    0.00000    0.00000    5.61303    0.00050
       406    0.00000    0.00000    5.61303    0.00050
       407    0.00000    0.00000    5.61303    0.00049
       408    0.00000    0.00000    5.61303    0.00050
       409    0.00000    0.00000    5.61303    0.00050
       410    0.00000    0.00000    5.61303    0.00049
       411    0.00000    0.00000    5.61303    0.00050
       412    0.00000    0.00000    5.61303    0.00050
       413    0.00000    0.00000    5.61303    0.00050
       414    0.00000    0.00000    5.61303    0.00050
       415    0.00000    0.00000    5.61303    0.00050
       416    0.00000    0.00000    5.61303    0.00050
       417    0.00000    0.00000    5.61303    0.00049
       418    0.00000    0.00000    5.61303    0.00050
       419    0.00000    0.00000    5.61303    0.00050
       420    0.00000    0.00000    5.61303    0.00049
       421    0.00000    0.00000    5.61303    0.00049
       422    0.00000    0.00000    5.61303    0.00050
       423    0.00000    0.00000    5.61303    0.00050
       424    0.00000    0.00000    5.61303    0.00050
       425    0.00000    0.00000    5.61303    0.00050
       426    0.00000    0.00000    5.61303    0.00050
       427    0.00000    0.00000    5.61303    0.00049
       428    0.00000    0.00000    5.61303    0.00050
       429    0.00000    0.00000    5.61303    0.00049
       430    0.00000    0.00000    5.61303    0.00049
       431    0.00000    0.00000    5.61303    0.00050
       432    0.00000    0.00000    5.61303    0.00050
       433    0.00000    0.00000    5.61303    0.00050
       434    0.00000    0.00000    5.61303    0.00050
       435    0.00000    0.00000    5.61303    0.00050
       436    0.00000    0.00000    5.61303    0.00049
       437    0.00000    0.00000    5.61303    0.00050
       438    0.00000    0.00000    5.61303    0.00050
       439    0.00000    0.00000    5.61303    0.00050
       440    0.00000    0.00000    5.61303    0.00049
       441    0.00000    0.00000    5.61303    0.00050
       442    0.00000    0.00000    5.61303    0.00050
       443    0.00000    0.00000    5.61303    0.00050
       444    0.00000    0.00000    5.61303    0.00050
       445    0.00000    0.00000    5.61303    0.00050
       446    0.00000    0.00000    5.61303    0.00050
       447    0.00000    0.00000    5.61303    0.00050
       448    0.00000    0.00000    5.61303    0.00050
       449    0.00000    0.00000    5.61303    0.00050
       450    0.00000    0.00000    5.61303    0.00050
       451    0.00000    0.00000    5.61303    0.00050
       452    0.00000    0.00000    5.61303    0.00049
       453    0.00000    0.00000    5.61303    0.00049
       454    0.00000    0.00000    5.61303    0.00050
       455    0.00000    0.00000    5.61303    0.00049
       456    0.00000    0.00000    5.61303    0.00050
       457    0.00000    0.00000    5.61303    0.00050
       458    0.00000    0.00000    5.61303    0.00050
       459    0.00000    0.00000    5.61303    0.00050
       460    0.00000    0.00000    5.61303    0.00049
       461    0.00000    0.00000    5.61303    0.00049
       462    0.00000    0.00000    5.61303    0.00050
       463    0.00000    0.00000    5.61303    0.00050
       464    0.00000    0.00000    5.61303    0.00049
       465    0.00000    0.00000    5.61303    0.00049
       466    0.00000    0.00000    5.61303    0.00050
       467    0.00000    0.00000    5.61303    0.00049
       468    0.00000    0.00000    5.61303    0.00050
       469    0.00000    0.00000    5.61303    0.00049
       470    0.00000    0.00000    5.61303    0.00049
       471    0.00000    0.00000    5.61303    0.00050
       472    0.00000    0.00000    5.61303    0.00050
       473    0.00000    0.00000    5.61303    0.00050
       474    0.00000    0.00000    5.61303    0.00050
       475    0.00000    0.00000    5.61303    0.00050
       476    0.00000    0.00000    5.61303    0.00049
       477    0.00000    0.00000    5.61303    0.00051
       478    0.00000    0.00000    5.61303    0.00050
       479    0.00000    0.00000    5.61303    0.00050
       480    0.00000    0.00000    5.61303    0.00050
       481    0.00000    0.00000    5.61303    0.00050
       482    0.00000    0.00000    5.61303    0.00049
       483    0.00000    0.00000    5.61303    0.00050
       484    0.00000    0.00000    5.61303    0.00050
       485    0.00000    0.00000    5.61303    0.00050
       486    0.00000    0.00000    5.61303    0.00050
       487    0.00000    0.00000    5.61303    0.00050
       488    0.00000    0.00000    5.61303    0.00050
       489    0.00000    0.00000    5.61303    0.00050
       490    0.00000    0.00000    5.61303    0.00049
       491    0.00000    0.00000    5.61303    0.00049
       492    0.00000    0.00000    5.61303    0.00050
       493    0.00000    0.00000    5.61303    0.00049
       494    0.00000    0.00000    5.61303    0.00050
       495    0.00000    0.00000    5.61303    0.00050
       496    0.00000    0.00000    5.61303    0.00050
       497    0.00000    0.00000    5.61303    0.00049
       498    0.00000    0.00000    5.61303    0.00049
       499    0.00000    0.00000    5.61303    0.00050
       500    0.00000    0.00000    5.61303    0.00050
       501    0.00000    0.00000    5.61303    0.00051
       502    0.00000    0.00000    5.61303    0.00050
       503    0.00000    0.00000    5.61303    0.00049
       504    0.00000    0.00000    5.61303    0.00051
       505    0.00000    0.00000    5.61303    0.00050
       506    0.00000    0.00000    5.61303    0.00049
       507    0.00000    0.00000    5.61303    0.00050
       508    0.00000    0.00000    5.61303    0.00050
       509    0.00000    0.00000    5.61303    0.00050
       510    0.00000    0.00000    5.61303    0.00050
       511    0.00000    0.00000    5.61303    0.00050
       512    0.00000    0.00000    5.61303    0.00050
       513    0.00000    0.00000    5.61303    0.00050
       514    0.00000    0.00000    5.61303    0.00050
       515    0.00000    0.00000    5.61303    0.00049
       516    0.00000    0.00000    5.61303    0.00050
       517    0.00000    0.00000    5.61303    0.00050
       518    0.00000    0.00000    5.61303    0.00051
       519    0.00000    0.00000    5.61303    0.00050
       520    0.00000    0.00000    5.61303    0.00049
       521    0.00000    0.00000    5.61303    0.00050
       522    0.00000    0.00000    5.61303    0.00050
       523    0.00000    0.00000    5.61303    0.00050
       524    0.00000    0.00000    5.61303    0.00050
       525    0.00000    0.00000    5.61303    0.00050
       526    0.00000    0.00000    5.61303    0.00051
       527    0.00000    0.00000    5.61303    0.00050
       528    0.00000    0.00000    5.61303    0.00049
       529    0.00000    0.00000    5.61303    0.00049
       530    0.00000    0.00000    5.61303    0.00049
       531    0.00000    0.00000    5.61303    0.00050
       532    0.00000    0.00000    5.61303    0.00050
       533    0.00000    0.00000    5.61303    0.00051
       534    0.00000    0.00000    5.61303    0.00050
       535    0.00000    0.00000    5.61303    0.00050
       536    0.00000    0.00000    5.61303    0.00051
       537    0.00000    0.00000    5.61303    0.00050
       538    0.00000    0.00000    5.61303    0.00050
       539    0.00000    0.00000    5.61303    0.00050
       540    0.00000    0.00000    5.61303    0.00050
       541    0.00000    0.00000    5.61303    0.00051
       542    0.00000    0.00000    5.61303    0.00051
       543    0.00000    0.00000    5.61303    0.00050
       544    0.00000    0.00000    5.61303    0.00050
       545    0.00000    0.00000    5.61303    0.00050
       546    0.00000    0.00000    5.61303    0.00050
       547    0.00000    0.00000    5.61303    0.00050
       548    0.00000    0.00000    5.61303    0.00050
       549    0.00000    0.00000    5.61303    0.00050
       550    0.00000    0.00000    5.61303    0.00051
       551    0.00000    0.00000    5.61303    0.00050
       552    0.00000    0.00000    5.61303    0.00052
       553    0.00000    0.00000    5.61303    0.00050
       554    0.00000    0.00000    5.61303    0.00051
       555    0.00000    0.00000    5.61303    0.00050
       556    0.00000    0.00000    5.61303    0.00050
       557    0.00000    0.00000    5.61303    0.00051
       558    0.00000    0.00000    5.61303    0.00050
       559    0.00000    0.00000    5.61303    0.00051
       560    0.00000    0.00000    5.61303    0.00050
       561    0.00000    0.00000    5.61303    0.00050
       562    0.00000    0.00000    5.61303    0.00050
       563    0.00000    0.00000    5.61303    0.00050
       564    0.00000    0.00000    5.61303    0.00050
       565    0.00000    0.00000    5.61303    0.00049
       566    0.00000    0.00000    5.61303    0.00051
       567    0.00000    0.00000    5.61303    0.00050
       568    0.00000    0.00000    5.61303    0.00049
       569    0.00000    0.00000    5.61303    0.00050
       570    0.00000    0.00000    5.61303    0.00050
       571    0.00000    0.00000    5.61303    0.00050
       572    0.00000    0.00000    5.61303    0.00050
       573    0.00000    0.00000    5.61303    0.00050
       574    0.00000    0.00000    5.61303    0.00050
       575    0.00000    0.00000    5.61303    0.00050
       576    0.00000    0.00000    5.61303    0.00050
       577    0.00000    0.00000    5.61303    0.00050
       578    0.00000    0.00000    5.61303    0.00050
       579    0.00000    0.00000    5.61303    0.00050
       580    0.00000    0.00000    5.61303    0.00050
       581    0.00000    0.00000    5.61303    0.00050
       582    0.00000    0.00000    5.61303    0.00050
       583    0.00000    0.00000    5.61303    0.00050
       584    0.00000    0.00000    5.61303    0.00050
       585    0.00000    0.00000    5.61303    0.00049
       586    0.00000    0.00000    5.61303    0.00050
       587    0.00000    0.00000    5.61303    0.00050
       588    0.00000    0.00000    5.61303    0.00050
       589    0.00000    0.00000    5.61303    0.00050
       590    0.00000    0.00000    5.61303    0.00050
       591    0.00000    0.00000    5.61303    0.00050
       592    0.00000    0.00000    5.61303    0.00050
       593    0.00000    0.00000    5.61303    0.00050
       594    0.00000    0.00000    5.61303    0.00050
       595    0.00000    0.00000    5.61303    0.00050
       596    0.00000    0.00000    5.61303    0.00051
       597    0.00000    0.00000    5.61303    0.00051
       598    0.00000    0.00000    5.61303    0.00050
       599    0.00000    0.00000    5.61303    0.00050
       600    0.00000    0.00000    5.61303    0.00051
       601    0.00000    0.00000    5.61303    0.00050
       602    0.00000    0.00000    5.61303    0.00051
       603    0.00000    0.00000    5.61303    0.00049
       604    0.00000    0.00000    5.61303    0.00050
       605    0.00000    0.00000    5.61303    0.00050
       606    0.00000    0.00000    5.61303    0.00051
       607    0.00000    0.00000    5.61303    0.00051
       608    0.00000    0.00000    5.61303    0.00051
       609    0.00000    0.00000    5.61303    0.00051
       610    0.00000    0.00000    5.61303    0.00050
       611    0.00000    0.00000    5.61303    0.00050
       612    0.00000    0.00000    5.61303    0.00050
       613    0.00000    0.00000    5.61303    0.00051
       614    0.00000    0.00000    5.61303    0.00050
       615    0.00000    0.00000    5.61303    0.00050
       616    0.00000    0.00000    5.61303    0.00051
       617    0.00000    0.00000    5.61303    0.00051
       618    0.00000    0.00000    5.61303    0.00051
       619    0.00000    0.00000    5.61303    0.00050
       620    0.00000    0.00000    5.61303    0.00051
       621    0.00000    0.00000    5.61303    0.00051
       622    0.00000    0.00000    5.61303    0.00051
       623    0.00000    0.00000    5.61303    0.00051
       624    0.00000    0.00000    5.61303    0.00051
       625    0.00000    0.00000    5.61303    0.00050
       626    0.00000    0.00000    5.61303    0.00051
       627    0.00000    0.00000    5.61303    0.00051
       628    0.00000    0.00000    5.61303    0.00051
       629    0.00000    0.00000    5.61303    0.00051
       630    0.00000    0.00000    5.61303    0.00050
       631    0.00000    0.00000    5.61303    0.00051
       632    0.00000    0.00000    5.61303    0.00051
       633    0.00000    0.00000    5.61303    0.00051
       634    0.00000    0.00000    5.61303    0.00050
       635    0.00000    0.00000    5.61303    0.00050
       636    0.00000    0.00000    5.61303    0.00051
       637    0.00000    0.00000    5.61303    0.00050
       638    0.00000    0.00000    5.61303    0.00051
       639    0.00000    0.00000    5.61303    0.00050
       640    0.00000    0.00000    5.61303    0.00051
       641    0.00000    0.00000    5.61303    0.00050
       642    0.00000    0.00000    5.61303    0.00050
       643    0.00000    0.00000    5.61303    0.00050
       644    0.00000    0.00000    5.61303    0.00050
       645    0.00000    0.00000    5.61303    0.00050
       646    0.00000    0.00000    5.61303    0.00050
       647    0.00000    0.00000    5.61303    0.00050
       648    0.00000    0.00000    5.61303    0.00050
       649    0.00000    0.00000    5.61303    0.00051
       650    0.00000    0.00000    5.61303    0.00051
       651    0.00000    0.00000    5.61303    0.00050
       652    0.00000    0.00000    5.61303    0.00050
       653    0.00000    0.00000    5.61303    0.00050
       654    0.00000    0.00000    5.61303    0.00050
       655    0.00000    0.00000    5.61303    0.00050
       656    0.00000    0.00000    5.61303    0.00051
       657    0.00000    0.00000    5.61303    0.00050
       658    0.00000    0.00000    5.61303    0.00050
       659    0.00000    0.00000    5.61303    0.00051
       660    0.00000    0.00000    5.61303    0.00051
       661    0.00000    0.00000    5.61303    0.00052
       662    0.00000    0.00000    5.61303    0.00050
       663    0.00000    0.00000    5.61303    0.00051
       664    0.00000    0.00000    5.61303    0.00051
       665    0.00000    0.00000    5.61303    0.00051
       666    0.00000    0.00000    5.61303    0.00050
       667    0.00000    0.00000    5.61303    0.00051
       668    0.00000    0.00000    5.61303    0.00051
       669    0.00000    0.00000    5.61303    0.00050
       670    0.00000    0.00000    5.61303    0.00050
       671    0.00000    0.00000    5.61303    0.00050
       672    0.00000    0.00000    5.61303    0.00050
       673    0.00000    0.00000    5.61303    0.00050
       674    0.00000    0.00000    5.61303    0.00050
       675    0.00000    0.00000    5.61303    0.00051
       676    0.00000    0.00000    5.61303    0.00051
       677    0.00000    0.00000    5.61303    0.00050
       678    0.00000    0.00000    5.61303    0.00051
       679    0.00000    0.00000    5.61303    0.00050
       680    0.00000    0.00000    5.61303    0.00051
       681    0.00000    0.00000    5.61303    0.00051
       682    0.00000    0.00000    5.61303    0.00050
       683    0.00000    0.00000    5.61303    0.00050
       684    0.00000    0.00000    5.61303    0.00050
       685    0.00000    0.00000    5.61303    0.00051
       686    0.00000    0.00000    5.61303    0.00050
       687    0.00000    0.00000    5.61303    0.00051
       688    0.00000    0.00000    5.61303    0.00051
       689    0.00000    0.00000    5.61303    0.00050
       690    0.00000    0.00000    5.61303    0.00051
       691    0.00000    0.00000    5.61303    0.00050
       692    0.00000    0.00000    5.61303    0.00051
       693    0.00000    0.00000    5.61303    0.00050
       694    0.00000    0.00000    5.61303    0.00051
       695    0.00000    0.00000    5.61303    0.00051
       696    0.00000    0.00000    5.61303    0.00050
       697    0.00000    0.00000    5.61303    0.00050
       698    0.00000    0.00000    5.61303    0.00051
       699    0.00000    0.00000    5.61303    0.00051
       700    0.00000    0.00000    5.61303    0.00049
       701    0.00000    0.00000    5.61303    0.00050
       702    0.00000    0.00000    5.61303    0.00050
       703    0.00000    0.00000    5.61303    0.00052
       704    0.00000    0.00000    5.61303    0.00050
       705    0.00000    0.00000    5.61303    0.00049
       706    0.00000    0.00000    5.61303    0.00051
       707    0.00000    0.00000    5.61303    0.00050
       708    0.00000    0.00000    5.61303    0.00050
       709    0.00000    0.00000    5.61303    0.00050
       710    0.00000    0.00000    5.61303    0.00051
       711    0.00000    0.00000    5.61303    0.00051
       712    0.00000    0.00000    5.61303    0.00050
       713    0.00000    0.00000    5.61303    0.00050
       714    0.00000    0.00000    5.61303    0.00050
       715    0.00000    0.00000    5.61303    0.00050
       716    0.00000    0.00000    5.61303    0.00050
       717    0.00000    0.00000    5.61303    0.00051
       718    0.00000    0.00000    5.61303    0.00051
       719    0.00000    0.00000    5.61303    0.00051
       720    0.00000    0.00000    5.61303    0.00051
       721    0.00000    0.00000    5.61303    0.00051
       722    0.00000    0.00000    5.61303    0.00051
       723    0.00000    0.00000    5.61303    0.00050
       724    0.00000    0.00000    5.61303    0.00051
       725    0.00000    0.00000    5.61303    0.00050
       726    0.00000    0.00000    5.61303    0.00050
       727    0.00000    0.00000    5.61303    0.00051
       728    0.00000    0.00000    5.61303    0.00051
       729    0.00000    0.00000    5.61303    0.00050
       730    0.00000    0.00000    5.61303    0.00051
       731    0.00000    0.00000    5.61303    0.00050
       732    0.00000    0.00000    5.61303    0.00051
       733    0.00000    0.00000    5.61303    0.00051
       734    0.00000    0.00000    5.61303    0.00051
       735    0.00000    0.00000    5.61303    0.00052
       736    0.00000    0.00000    5.61303    0.00051
       737    0.00000    0.00000    5.61303    0.00051
       738    0.00000    0.00000    5.61303    0.00050
       739    0.00000    0.00000    5.61303    0.00051
       740    0.00000    0.00000    5.61303    0.00051
       741    0.00000    0.00000    5.61303    0.00051
       742    0.00000    0.00000    5.61303    0.00051
       743    0.00000    0.00000    5.61303    0.00050
       744    0.00000    0.00000    5.61303    0.00051
       745    0.00000    0.00000    5.61303    0.00051
       746    0.00000    0.00000    5.61303    0.00050
       747    0.00000    0.00000    5.61303    0.00051
       748    0.00000    0.00000    5.61303    0.00051
       749    0.00000    0.00000    5.61303    0.00051
       750    0.00000    0.00000    5.61303    0.00051
       751    0.00000    0.00000    5.61303    0.00051
       752    0.00000    0.00000    5.61303    0.00051
       753    0.00000    0.00000    5.61303    0.00051
       754    0.00000    0.00000    5.61303    0.00051
       755    0.00000    0.00000    5.61303    0.00050
       756    0.00000    0.00000    5.61303    0.00051
       757    0.00000    0.00000    5.61303    0.00051
       758    0.00000    0.00000    5.61303    0.00051
       759    0.00000    0.00000    5.61303    0.00051
       760    0.00000    0.00000    5.61303    0.00051
       761    0.00000    0.00000    5.61303    0.00051
       762    0.00000    0.00000    5.61303    0.00051
       763    0.00000    0.00000    5.61303    0.00051
       764    0.00000    0.00000    5.61303    0.00051
       765    0.00000    0.00000    5.61303    0.00051
       766    0.00000    0.00000    5.61303    0.00050
       767    0.00000    0.00000    5.61303    0.00050
       768    0.00000    0.00000    5.61303    0.00050
       769    0.00000    0.00000    5.61303    0.00052
       770    0.00000    0.00000    5.61303    0.00051
       771    0.00000    0.00000    5.61303    0.00051
       772    0.00000    0.00000    5.61303    0.00050
       773    0.00000    0.00000    5.61303    0.00050
       774    0.00000    0.00000    5.61303    0.00051
       775    0.00000    0.00000    5.61303    0.00051
       776    0.00000    0.00000    5.61303    0.00050
       777    0.00000    0.00000    5.61303    0.00050
       778    0.00000    0.00000    5.61303    0.00051
       779    0.00000    0.00000    5.61303    0.00051
       780    0.00000    0.00000    5.61303    0.00051
       781    0.00000    0.00000    5.61303    0.00051
       782    0.00000    0.00000    5.61303    0.00050
       783    0.00000    0.00000    5.61303    0.00051
       784    0.00000    0.00000    5.61303    0.00051
       785    0.00000    0.00000    5.61303    0.00051
       786    0.00000    0.00000    5.61303    0.00051
       787    0.00000    0.00000    5.61303    0.00050
       788    0.00000    0.00000    5.61303    0.00051
       789    0.00000    0.00000    5.61303    0.00051
       790    0.00000    0.00000    5.61303    0.00051
       791    0.00000    0.00000    5.61303    0.00052
       792    0.00000    0.00000    5.61303    0.00051
       793    0.00000    0.00000    5.61303    0.00050
       794    0.00000    0.00000    5.61303    0.00051
       795    0.00000    0.00000    5.61303    0.00051
       796    0.00000    0.00000    5.61303    0.00051
       797    0.00000    0.00000    5.61303    0.00051
       798    0.00000    0.00000    5.61303    0.00050
       799    0.00000    0.00000    5.61303    0.00051
       800    0.00000    0.00000    5.61303    0.00051
       801    0.00000    0.00000    5.61303    0.00051
       802    0.00000    0.00000    5.61303    0.00051
       803    0.00000    0.00000    5.61303    0.00051
       804    0.00000    0.00000    5.61303    0.00051
       805    0.00000    0.00000    5.61303    0.00051
       806    0.00000    0.00000    5.61303    0.00051
       807    0.00000    0.00000    5.61303    0.00051
       808    0.00000    0.00000    5.61303    0.00050
       809    0.00000    0.00000    5.61303    0.00052
       810    0.00000    0.00000    5.61303    0.00050
       811    0.00000    0.00000    5.61303    0.00051
       812    0.00000    0.00000    5.61303    0.00051
       813    0.00000    0.00000    5.61303    0.00051
       814    0.00000    0.00000    5.61303    0.00051
       815    0.00000    0.00000    5.61303    0.00051
       816    0.00000    0.00000    5.61303    0.00051
       817    0.00000    0.00000    5.61303    0.00051
       818    0.00000    0.00000    5.61303    0.00051
       819    0.00000    0.00000    5.61303    0.00051
       820    0.00000    0.00000    5.61303    0.00051
       821    0.00000    0.00000    5.61303    0.00051
       822    0.00000    0.00000    5.61303    0.00051
       823    0.00000    0.00000    5.61303    0.00051
       824    0.00000    0.00000    5.61303    0.00050
       825    0.00000    0.00000    5.61303    0.00051
       826    0.00000    0.00000    5.61303    0.00051
       827    0.00000    0.00000    5.61303    0.00051
       828    0.00000    0.00000    5.61303    0.00051
       829    0.00000    0.00000    5.61303    0.00051
       830    0.00000    0.00000    5.61303    0.00051
       831    0.00000    0.00000    5.61303    0.00051
       832    0.00000    0.00000    5.61303    0.00052
       833    0.00000    0.00000    5.61303    0.00051
       834    0.00000    0.00000    5.61303    0.00051
       835    0.00000    0.00000    5.61303    0.00051
       836    0.00000    0.00000    5.61303    0.00051
       837    0.00000    0.00000    5.61303    0.00051
       838    0.00000    0.00000    5.61303    0.00051
       839    0.00000    0.00000    5.61303    0.00051
       840    0.00000    0.00000    5.61303    0.00051
       841    0.00000    0.00000    5.61303    0.00051
       842    0.00000    0.00000    5.61303    0.00051
       843    0.00000    0.00000    5.61303    0.00051
       844    0.00000    0.00000    5.61303    0.00050
       845    0.00000    0.00000    5.61303    0.00051
       846    0.00000    0.00000    5.61303    0.00051
       847    0.00000    0.00000    5.61303    0.00052
       848    0.00000    0.00000    5.61303    0.00051
       849    0.00000    0.00000    5.61303    0.00050
       850    0.00000    0.00000    5.61303    0.00051
       851    0.00000    0.00000    5.61303    0.00051
       852    0.00000    0.00000    5.61303    0.00052
       853    0.00000    0.00000    5.61303    0.00052
       854    0.00000    0.00000    5.61303    0.00050
       855    0.00000    0.00000    5.61303    0.00051
       856    0.00000    0.00000    5.61303    0.00051
       857    0.00000    0.00000    5.61303    0.00050
       858    0.00000    0.00000    5.61303    0.00051
       859    0.00000    0.00000    5.61303    0.00050
       860    0.00000    0.00000    5.61303    0.00052
       861    0.00000    0.00000    5.61303    0.00051
       862    0.00000    0.00000    5.61303    0.00052
       863    0.00000    0.00000    5.61303    0.00051
       864    0.00000    0.00000    5.61303    0.00051
       865    0.00000    0.00000    5.61303    0.00051
       866    0.00000    0.00000    5.61303    0.00051
       867    0.00000    0.00000    5.61303    0.00051
       868    0.00000    0.00000    5.61303    0.00051
       869    0.00000    0.00000    5.61303    0.00052
       870    0.00000    0.00000    5.61303    0.00051
       871    0.00000    0.00000    5.61303    0.00052
       872    0.00000    0.00000    5.61303    0.00051
       873    0.00000    0.00000    5.61303    0.00052
       874    0.00000    0.00000    5.61303    0.00051
       875    0.00000    0.00000    5.61303    0.00052
       876    0.00000    0.00000    5.61303    0.00051
       877    0.00000    0.00000    5.61303    0.00051
       878    0.00000    0.00000    5.61303    0.00051
       879    0.00000    0.00000    5.61303    0.00051
       880    0.00000    0.00000    5.61303    0.00051
       881    0.00000    0.00000    5.61303    0.00051
       882    0.00000    0.00000    5.61303    0.00051
       883    0.00000    0.00000    5.61303    0.00051
       884    0.00000    0.00000    5.61303    0.00051
       885    0.00000    0.00000    5.61303    0.00051
       886    0.00000    0.00000    5.61303    0.00051
       887    0.00000    0.00000    5.61303    0.00051
       888    0.00000    0.00000    5.61303    0.00051
       889    0.00000    0.00000    5.61303    0.00052
       890    0.00000    0.00000    5.61303    0.00051
       891    0.00000    0.00000    5.61303    0.00051
       892    0.00000    0.00000    5.61303    0.00051
       893    0.00000    0.00000    5.61303    0.00052
       894    0.00000    0.00000    5.61303    0.00051
       895    0.00000    0.00000    5.61303    0.00051
       896    0.00000    0.00000    5.61303    0.00051
       897    0.00000    0.00000    5.61303    0.00051
       898    0.00000    0.00000    5.61303    0.00052
       899    0.00000    0.00000    5.61303    0.00051
       900    0.00000    0.00000    5.61303    0.00051
       901    0.00000    0.00000    5.61303    0.00051
       902    0.00000    0.00000    5.61303    0.00051
       903    0.00000    0.00000    5.61303    0.00051
       904    0.00000    0.00000    5.61303    0.00051
       905    0.00000    0.00000    5.61303    0.00051
       906    0.00000    0.00000    5.61303    0.00051
       907    0.00000    0.00000    5.61303    0.00050
       908    0.00000    0.00000    5.61303    0.00052
       909    0.00000    0.00000    5.61303    0.00051
       910    0.00000    0.00000    5.61303    0.00051
       911    0.00000    0.00000    5.61303    0.00051
       912    0.00000    0.00000    5.61303    0.00052
       913    0.00000    0.00000    5.61303    0.00052
       914    0.00000    0.00000    5.61303    0.00051
       915    0.00000    0.00000    5.61303    0.00051
       916    0.00000    0.00000    5.61303    0.00051
       917    0.00000    0.00000    5.61303    0.00051
       918    0.00000    0.00000    5.61303    0.00051
       919    0.00000    0.00000    5.61303    0.00051
       920    0.00000    0.00000    5.61303    0.00052
       921    0.00000    0.00000    5.61303    0.00052
       922    0.00000    0.00000    5.61303    0.00052
       923    0.00000    0.00000    5.61303    0.00052
       924    0.00000    0.00000    5.61303    0.00051
       925    0.00000    0.00000    5.61303    0.00051
       926    0.00000    0.00000    5.61303    0.00051
       927    0.00000    0.00000    5.61303    0.00051
       928    0.00000    0.00000    5.61303    0.00051
       929    0.00000    0.00000    5.61303    0.00052
       930    0.00000    0.00000    5.61303    0.00052
       931    0.00000    0.00000    5.61303    0.00051
       932    0.00000    0.00000    5.61303    0.00051
       933    0.00000    0.00000    5.61303    0.00051
       934    0.00000    0.00000    5.61303    0.00051
       935    0.00000    0.00000    5.61303    0.00051
       936    0.00000    0.00000    5.61303    0.00051
       937    0.00000    0.00000    5.61303    0.00051
       938    0.00000    0.00000    5.61303    0.00052
       939    0.00000    0.00000    5.61303    0.00052
       940    0.00000    0.00000    5.61303    0.00052
       941    0.00000    0.00000    5.61303    0.00051
       942    0.00000    0.00000    5.61303    0.00052
       943    0.00000    0.00000    5.61303    0.00051
       944    0.00000    0.00000    5.61303    0.00051
       945    0.00000    0.00000    5.61303    0.00052
       946    0.00000    0.00000    5.61303    0.00051
       947    0.00000    0.00000    5.61303    0.00051
       948    0.00000    0.00000    5.61303    0.00051
       949    0.00000    0.00000    5.61303    0.00051
       950    0.00000    0.00000    5.61303    0.00050
       951    0.00000    0.00000    5.61303    0.00052
       952    0.00000    0.00000    5.61303    0.00051
       953    0.00000    0.00000    5.61303    0.00052
       954    0.00000    0.00000    5.61303    0.00052
       955    0.00000    0.00000    5.61303    0.00051
       956    0.00000    0.00000    5.61303    0.00052
       957    0.00000    0.00000    5.61303    0.00051
       958    0.00000    0.00000    5.61303    0.00052
       959    0.00000    0.00000    5.61303    0.00052
       960    0.00000    0.00000    5.61303    0.00051
       961    0.00000    0.00000    5.61303    0.00051
       962    0.00000    0.00000    5.61303    0.00051
       963    0.00000    0.00000    5.61303    0.00051
       964    0.00000    0.00000    5.61303    0.00051
       965    0.00000    0.00000    5.61303    0.00051
       966    0.00000    0.00000    5.61303    0.00052
       967    0.00000    0.00000    5.61303    0.00052
       968    0.00000    0.00000    5.61303    0.00051
       969    0.00000    0.00000    5.61303    0.00052
       970    0.00000    0.00000    5.61303    0.00051
       971    0.00000    0.00000    5.61303    0.00052
       972    0.00000    0.00000    5.61303    0.00051
       973    0.00000    0.00000    5.61303    0.00052
       974    0.00000    0.00000    5.61303    0.00051
       975    0.00000    0.00000    5.61303    0.00052
       976    0.00000    0.00000    5.61303    0.00051
       977    0.00000    0.00000    5.61303    0.00052
       978    0.00000    0.00000    5.61303    0.00051
       979    0.00000    0.00000    5.61303    0.00051
       980    0.00000    0.00000    5.61303    0.00052
       981    0.00000    0.00000    5.61303    0.00052
       982    0.00000    0.00000    5.61303    0.00051
       983    0.00000    0.00000    5.61303    0.00052
       984    0.00000    0.00000    5.61303    0.00052
       985    0.00000    0.00000    5.61303    0.00051
       986    0.00000    0.00000    5.61303    0.00052
       987    0.00000    0.00000    5.61303    0.00052
       988    0.00000    0.00000    5.61303    0.00052
       989    0.00000    0.00000    5.61303    0.00051
       990    0.00000    0.00000    5.61303    0.00052
       991    0.00000    0.00000    5.61303    0.00052
       992    0.00000    0.00000    5.61303    0.00051
       993    0.00000    0.00000    5.61303    0.00052
       994    0.00000    0.00000    5.61303    0.00052
       995    0.00000    0.00000    5.61303    0.00052
       996    0.00000    0.00000    5.61303    0.00051
       997    0.00000    0.00000    5.61303    0.00051
       998    0.00000    0.00000    5.61303    0.00051
       999    0.00000    0.00000    5.61303    0.00052

Final Weights:        -0.0178231254         0.0624665002        -0.0938584018         0.0215333256 