# Cycles, Average Predicted Temperature, Stddev Predicted Temperature, Mean Squared Error, || MSE Gradient ||
         0 1.2980863e-02 3.3150173e-02 4.4957251e+00 6.5812856e-01
         1 1.2917407e-02 3.3168811e-02 4.4959954e+00 6.4636436e-01
         2 1.3086378e-02 3.3184875e-02 4.4952800e+00 6.5475336e-01
         3 1.3332364e-02 3.3790810e-02 4.4942777e+00 6.5769989e-01
         4 1.3109613e-02 3.3461449e-02 4.4951999e+00 6.3985849e-01
         5 1.3156749e-02 3.3497282e-02 4.4950025e+00 6.3743721e-01
         6 1.3320064e-02 3.3656256e-02 4.4943207e+00 6.4298692e-01
         7 1.3584215e-02 3.4099844e-02 4.4932310e+00 6.4669208e-01
         8 1.3675331e-02 3.4344155e-02 4.4928615e+00 6.4298998e-01
         9 1.3750144e-02 3.4602201e-02 4.4925622e+00 6.4409579e-01
        10 1.3761711e-02 3.4580478e-02 4.4925117e+00 6.4857626e-01
        11 1.4040201e-02 3.5071601e-02 4.4913656e+00 6.5322634e-01
        12 1.3813196e-02 3.4631550e-02 4.4922970e+00 6.3656718e-01
        13 1.3787819e-02 3.4525209e-02 4.4923972e+00 6.3544473e-01
        14 1.4014472e-02 3.4757861e-02 4.4914527e+00 6.3812354e-01
        15 1.4130436e-02 3.5211641e-02 4.4909930e+00 6.3859384e-01
        16 1.4460735e-02 3.5641057e-02 4.4896238e+00 2.5283604e+00
        17 1.5989313e-02 3.5410142e-02 4.4831329e+00 2.6006649e+00
        18 1.7565513e-02 3.5649197e-02 4.4764786e+00 2.6806785e+00
        19 1.9388646e-02 3.5633444e-02 4.4687672e+00 2.8657219e+00
        20 2.1390043e-02 3.6000618e-02 4.4603371e+00 2.9626068e+00
        21 2.3684774e-02 3.6283488e-02 4.4506715e+00 3.0498057e+00
        22 2.5734904e-02 3.6260899e-02 4.4420252e+00 3.1318424e+00
        23 2.8168911e-02 3.6729049e-02 4.4318069e+00 3.2106685e+00
        24 3.0569785e-02 3.7069093e-02 4.4217307e+00 3.3104122e+00
        25 3.3251993e-02 3.7790925e-02 4.4105135e+00 3.3964214e+00
        26 3.5984900e-02 3.8061633e-02 4.3990644e+00 3.5051617e+00
        27 3.9071922e-02 3.9093873e-02 4.3862063e+00 3.5979997e+00
        28 4.2071747e-02 3.9359255e-02 4.3736731e+00 3.6969436e+00
        29 4.5690195e-02 4.0610147e-02 4.3586542e+00 3.8139800e+00
        30 4.8883207e-02 4.0964684e-02 4.3453634e+00 3.9261146e+00
        31 5.2884476e-02 4.2037433e-02 4.3287900e+00 4.0434634e+00
        32 5.6791707e-02 4.2735813e-02 4.3126092e+00 4.1680325e+00
        33 6.1177563e-02 4.3472678e-02 4.2944798e+00 4.4446288e+00
        34 6.5992107e-02 4.4415874e-02 4.2746358e+00 4.5790055e+00
        35 7.1496279e-02 4.5486875e-02 4.2520076e+00 4.7880952e+00
        36 7.7187563e-02 4.6275982e-02 4.2286468e+00 4.9435524e+00
        37 8.3174522e-02 4.7212726e-02 4.2041537e+00 5.2516595e+00
        38 8.9877300e-02 4.7549451e-02 4.1767510e+00 5.4771915e+00
        39 9.7608738e-02 4.8409931e-02 4.1453003e+00 5.6341282e+00
        40 1.0543208e-01 4.8804055e-02 4.1135522e+00 5.8482137e+00
        41 1.1414516e-01 4.9390609e-02 4.0783524e+00 6.0517533e+00
        42 1.2344431e-01 4.9485661e-02 4.0409003e+00 6.2506024e+00
        43 1.3345255e-01 4.9508361e-02 4.0007778e+00 6.6546926e+00
        44 1.4431626e-01 4.8922714e-02 3.9573924e+00 6.8554638e+00
        45 1.5666394e-01 4.8467694e-02 3.9083885e+00 7.0647746e+00
        46 1.6971363e-01 4.7998741e-02 3.8569315e+00 7.2708626e+00
        47 1.8325966e-01 4.6513189e-02 3.8037842e+00 7.5017544e+00
        48 1.9805697e-01 4.5517118e-02 3.7462087e+00 7.6942133e+00
        49 2.1351608e-01 4.4058910e-02 3.6864910e+00 7.8923111e+00
        50 2.2980941e-01 4.2234048e-02 3.6240483e+00 8.0866284e+00
        51 2.4731882e-01 4.0860722e-02 3.5575921e+00 8.2765713e+00
        52 2.6570025e-01 3.9092148e-02 3.4884642e+00 8.4693321e+00
        53 2.8536156e-01 3.7248421e-02 3.4152816e+00 8.6528106e+00
        54 3.0587167e-01 3.5793033e-02 3.3398040e+00 8.8313300e+00
        55 3.2748055e-01 3.3806008e-02 3.2611668e+00 9.0053724e+00
        56 3.5016731e-01 3.2887834e-02 3.1796959e+00 9.1689869e+00
        57 3.7412986e-01 3.2391120e-02 3.0947937e+00 9.3227413e+00
        58 3.9908490e-01 3.2520364e-02 3.0076377e+00 9.4622936e+00
        59 4.2546218e-01 3.4027610e-02 2.9169601e+00 9.5971625e+00
        60 4.5276622e-01 3.6292277e-02 2.8246176e+00 9.7184735e+00
        61 4.8169458e-01 3.9539125e-02 2.7284859e+00 9.8282590e+00
        62 5.1119459e-01 4.4015408e-02 2.6323011e+00 9.9210973e+00
        63 5.4219032e-01 4.9678910e-02 2.5332522e+00 9.9970308e+00
        64 5.7405500e-01 5.6023649e-02 2.4335548e+00 1.0050771e+01
        65 6.0731458e-01 6.2905896e-02 2.3317775e+00 1.0094656e+01
        66 6.4151018e-01 7.0767536e-02 2.2296519e+00 1.0108450e+01
        67 6.7650444e-01 7.9004414e-02 2.1277206e+00 1.0105403e+01
        68 7.1249972e-01 8.7852968e-02 2.0256363e+00 1.0079042e+01
        69 7.4930709e-01 9.7076279e-02 1.9241245e+00 1.0034130e+01
        70 7.8673300e-01 1.0684516e-01 1.8239428e+00 9.9755426e+00
        71 8.2486451e-01 1.1673992e-01 1.7249361e+00 9.8833052e+00
        72 8.6390745e-01 1.2681727e-01 1.6267653e+00 9.7807936e+00
        73 9.0270156e-01 1.3752458e-01 1.5326314e+00 9.6489501e+00
        74 9.4162385e-01 1.4809479e-01 1.4413907e+00 9.5004950e+00
        75 9.8167065e-01 1.5846418e-01 1.3507489e+00 9.3318751e+00
        76 1.0211118e+00 1.6902042e-01 1.2649392e+00 9.1431277e+00
        77 1.0606970e+00 1.8027167e-01 1.1824048e+00 8.9419021e+00
        78 1.1005301e+00 1.9025689e-01 1.1022625e+00 8.7267620e+00
        79 1.1390975e+00 2.0117571e-01 1.0283817e+00 8.4943341e+00
        80 1.1776941e+00 2.1101926e-01 9.5720387e-01 8.2522031e+00
        81 1.2165550e+00 2.2105152e-01 8.8879783e-01 8.0011836e+00
        82 1.2545017e+00 2.3114420e-01 8.2524706e-01 7.7386812e+00
        83 1.2915426e+00 2.4051892e-01 7.6595753e-01 7.4741810e+00
        84 1.3260167e+00 2.4982223e-01 7.1368840e-01 7.2022172e+00
        85 1.3614436e+00 2.5852603e-01 6.6218768e-01 6.9298890e+00
        86 1.3957196e+00 2.6679548e-01 6.1481263e-01 6.6567797e+00
        87 1.4281243e+00 2.7430178e-01 5.7213947e-01 6.3885915e+00
        88 1.4612043e+00 2.8209487e-01 5.3093291e-01 6.1137860e+00
        89 1.4913781e+00 2.8860178e-01 4.9501349e-01 5.8534816e+00
        90 1.5201148e+00 2.9498447e-01 4.6268606e-01 5.5976324e+00
        91 1.5488908e+00 3.0072450e-01 4.3165874e-01 5.3462156e+00
        92 1.5771225e+00 3.0645890e-01 4.0295488e-01 5.0946346e+00
        93 1.6024945e+00 3.1116232e-01 3.7829434e-01 4.8637133e+00
        94 1.6283903e+00 3.1580187e-01 3.5439630e-01 4.6285758e+00
        95 1.6524764e+00 3.2011872e-01 3.3341176e-01 4.4101337e+00
        96 1.6737629e+00 3.2362531e-01 3.1566344e-01 4.2106750e+00
        97 1.6966223e+00 3.2676351e-01 2.9722974e-01 4.0034879e+00
        98 1.7164830e+00 3.2961846e-01 2.8216326e-01 3.8197130e+00
        99 1.7359920e+00 3.3158976e-01 2.6759428e-01 3.6456174e+00
       100 1.7545442e+00 3.3376473e-01 2.5465357e-01 3.4725153e+00
       101 1.7719203e+00 3.3469199e-01 2.4242197e-01 3.3197875e+00
       102 1.7883466e+00 3.3602939e-01 2.3172529e-01 3.1735222e+00
       103 1.8027473e+00 3.3728611e-01 2.2285137e-01 3.0410007e+00
       104 1.8176901e+00 3.3762388e-01 2.1343179e-01 2.9157686e+00
       105 1.8328268e+00 3.3802755e-01 2.0438709e-01 2.7827655e+00
       106 1.8437341e+00 3.3830823e-01 1.9814703e-01 2.6886055e+00
       107 1.8576969e+00 3.3794847e-01 1.9001979e-01 2.5741769e+00
       108 1.8687987e+00 3.3733231e-01 1.8361347e-01 2.4833836e+00
       109 1.8796528e+00 3.3678448e-01 1.7762594e-01 2.3968490e+00
       110 1.8902037e+00 3.3551451e-01 1.7153661e-01 2.3120748e+00
       111 1.8994506e+00 3.3435999e-01 1.6635789e-01 2.2415432e+00
       112 1.9088110e+00 3.3351393e-01 1.6150760e-01 2.1707128e+00
       113 1.9176467e+00 3.3223341e-01 1.5677079e-01 2.1010120e+00
       114 1.9256643e+00 3.2951954e-01 1.5158538e-01 2.0445321e+00
       115 1.9334138e+00 3.2884627e-01 1.4798817e-01 1.9873677e+00
       116 1.9400508e+00 3.2678357e-01 1.4403009e-01 1.9356459e+00
       117 1.9468154e+00 3.2521503e-01 1.4044225e-01 1.8858011e+00
       118 1.9526890e+00 3.2343430e-01 1.3713413e-01 1.8425433e+00
       119 1.9585530e+00 3.2192780e-01 1.3408120e-01 1.8012641e+00
       120 1.9647403e+00 3.1959737e-01 1.3046533e-01 1.7566078e+00
       121 1.9679720e+00 3.1747062e-01 1.2803314e-01 1.7290482e+00
       122 1.9749224e+00 3.1497687e-01 1.2420978e-01 1.6870895e+00
       123 1.9790864e+00 3.1335558e-01 1.2189165e-01 1.6552726e+00
       124 1.9826819e+00 3.1156301e-01 1.1967731e-01 1.6242033e+00
       125 1.9882119e+00 3.0876289e-01 1.1630803e-01 1.5912776e+00
       126 1.9919675e+00 3.0697173e-01 1.1413144e-01 1.5645468e+00
       127 1.9955237e+00 3.0484414e-01 1.1183908e-01 1.5392879e+00
       128 1.9989776e+00 3.0225893e-01 1.0933163e-01 1.5085290e+00
       129 2.0016333e+00 2.9975861e-01 1.0712143e-01 1.4832762e+00
       130 2.0058964e+00 2.9769308e-01 1.0478520e-01 1.4618234e+00
       131 2.0089754e+00 2.9603152e-01 1.0302525e-01 1.4357687e+00
       132 2.0112386e+00 2.9338241e-01 1.0090741e-01 1.4133199e+00
       133 2.0135760e+00 2.9181193e-01 9.9424467e-02 1.3939290e+00
       134 2.0171001e+00 2.8829010e-01 9.6551894e-02 1.3687091e+00
       135 2.0199881e+00 2.8643057e-01 9.4821902e-02 1.3497183e+00
       136 2.0222756e+00 2.8387029e-01 9.2849815e-02 1.3295138e+00
       137 2.0258778e+00 2.8141081e-01 9.0674546e-02 1.3056558e+00
       138 2.0258380e+00 2.8013380e-01 8.9965970e-02 1.2890347e+00
       139 2.0296918e+00 2.7827413e-01 8.8116141e-02 1.2728210e+00
       140 2.0310779e+00 2.7503973e-01 8.6041935e-02 1.2522653e+00
       141 2.0323417e+00 2.7411570e-01 8.5278389e-02 1.2309059e+00
       142 2.0351141e+00 2.7163166e-01 8.3372112e-02 1.2156196e+00
       143 2.0373380e+00 2.6886824e-01 8.1447895e-02 1.1938379e+00
       144 2.0376994e+00 2.6830697e-01 8.1077362e-02 1.1805509e+00
       145 2.0396262e+00 2.6619399e-01 7.9584305e-02 1.1648706e+00
       146 2.0423728e+00 2.6246981e-01 7.7109890e-02 1.1449108e+00
       147 2.0422180e+00 2.6103986e-01 7.6389394e-02 1.1309540e+00
       148 2.0447349e+00 2.5916819e-01 7.4964910e-02 1.1154135e+00
       149 2.0462337e+00 2.5714886e-01 7.3659860e-02 1.0990285e+00
       150 2.0468067e+00 2.5639858e-01 7.3175412e-02 1.0859365e+00
       151 2.0487556e+00 2.5412469e-01 7.1682235e-02 1.0707662e+00
       152 2.0496019e+00 2.5224328e-01 7.0587619e-02 1.0540336e+00
       153 2.0516011e+00 2.4991946e-01 6.9091078e-02 1.0390106e+00
       154 2.0511575e+00 2.4933052e-01 6.8869495e-02 1.0277800e+00
       155 2.0540816e+00 2.4675009e-01 6.7119128e-02 1.0139130e+00
       156 2.0549485e+00 2.4546649e-01 6.6351179e-02 1.0006933e+00
       157 2.0566716e+00 2.4260973e-01 6.4690732e-02 9.8584771e-01
       158 2.0557897e+00 2.4219816e-01 6.4626654e-02 9.7635670e-01
       159 2.0590722e+00 2.3975207e-01 6.2951439e-02 9.6101086e-01
       160 2.0599948e+00 2.3791249e-01 6.1937105e-02 9.4818007e-01
       161 2.0590230e+00 2.3718994e-01 6.1736716e-02 9.3382120e-01
       162 2.0612531e+00 2.3518885e-01 6.0466316e-02 9.2267362e-01
       163 2.0615379e+00 2.3417801e-01 5.9951062e-02 9.0979888e-01
       164 2.0631887e+00 2.3236684e-01 5.8872747e-02 8.9761270e-01
       165 2.0641746e+00 2.3175093e-01 5.8450131e-02 8.8667633e-01
       166 2.0653958e+00 2.2856182e-01 5.6815461e-02 8.7385393e-01
       167 2.0666727e+00 2.2891214e-01 5.6804621e-02 8.6702119e-01
       168 2.0661492e+00 2.2642083e-01 5.5739988e-02 8.5227143e-01
       169 2.0682096e+00 2.2502599e-01 5.4838917e-02 8.4081991e-01
       170 2.0685203e+00 2.2341227e-01 5.4075083e-02 8.2900710e-01
       171 2.0691600e+00 2.2330779e-01 5.3946277e-02 8.1857428e-01
       172 2.0708255e+00 2.2099625e-01 5.2709271e-02 8.0898696e-01
       173 2.0700173e+00 2.2113454e-01 5.2871613e-02 7.9748048e-01
       174 2.0707683e+00 2.1952960e-01 5.2070291e-02 7.8878630e-01
       175 2.0707713e+00 2.1841367e-01 5.1581196e-02 7.7934435e-01
       176 2.0725898e+00 2.1738702e-01 5.0910644e-02 7.7080110e-01
       177 2.0736712e+00 2.1528033e-01 4.9869589e-02 7.5856941e-01
       178 2.0731493e+00 2.1583955e-01 5.0172912e-02 7.4927448e-01
       179 2.0757121e+00 2.1383712e-01 4.9012138e-02 7.4253172e-01
       180 2.0753604e+00 2.1191222e-01 4.8233059e-02 7.2928365e-01
       181 2.0767211e+00 2.1094817e-01 4.7670291e-02 7.1892471e-01
       182 2.0772836e+00 2.0914914e-01 4.6851493e-02 7.1432316e-01
       183 2.0776611e+00 2.0836243e-01 4.6481082e-02 7.0198141e-01
       184 2.0771154e+00 2.0793617e-01 4.6364368e-02 6.9296696e-01
       185 2.0789035e+00 2.0694279e-01 4.5755450e-02 6.8706035e-01
       186 2.0791046e+00 2.0595817e-01 4.5327166e-02 6.7600119e-01
       187 2.0789717e+00 2.0549788e-01 4.5152125e-02 6.6845945e-01
       188 2.0802315e+00 2.0409140e-01 4.4441423e-02 6.6110037e-01
       189 2.0807496e+00 2.0320303e-01 4.4025153e-02 6.5217941e-01
       190 2.0814047e+00 2.0144840e-01 4.3247065e-02 6.4456244e-01
       191 2.0816571e+00 2.0093699e-01 4.3015278e-02 6.3535280e-01
       192 2.0837129e+00 1.9924617e-01 4.2131628e-02 6.3019839e-01
       193 2.0823987e+00 2.0088113e-01 4.2917178e-02 6.2338511e-01
       194 2.0825821e+00 1.9919383e-01 4.2223599e-02 6.1380800e-01
       195 2.0841645e+00 1.9755349e-01 4.1415635e-02 6.0669681e-01
       196 2.0837887e+00 1.9768363e-01 4.1503935e-02 5.9854064e-01
       197 2.0852069e+00 1.9607624e-01 4.0733340e-02 5.9085868e-01
       198 2.0859318e+00 1.9372556e-01 3.9748229e-02 5.8214199e-01
       199 2.0847188e+00 1.9445370e-01 4.0146624e-02 5.7476635e-01
       200 2.0853963e+00 1.9468988e-01 4.0173519e-02 5.7181141e-01
       201 2.0873885e+00 1.9330715e-01 3.9451183e-02 5.6399191e-01
       202 2.0874573e+00 1.9231313e-01 3.9061596e-02 5.5584793e-01
       203 2.0883275e+00 1.9167839e-01 3.8739291e-02 5.4807448e-01
       204 2.0881881e+00 1.8924505e-01 3.7824863e-02 5.4519559e-01
       205 2.0878406e+00 1.9078700e-01 3.8442140e-02 5.3484124e-01
       206 2.0886136e+00 1.9042325e-01 3.8234205e-02 5.2965103e-01
       207 2.0879790e+00 1.8951525e-01 3.7946000e-02 5.2415498e-01
       208 2.0885535e+00 1.8833558e-01 3.7448824e-02 5.1747726e-01
       209 2.0889424e+00 1.8865137e-01 3.7533423e-02 5.1031406e-01
       210 2.0898021e+00 1.8824060e-01 3.7303537e-02 5.0492236e-01
       211 2.0916100e+00 1.8576950e-01 3.6226272e-02 5.0068904e-01
       212 2.0909209e+00 1.8601579e-01 3.6375404e-02 4.9374286e-01
       213 2.0899790e+00 1.8669546e-01 3.6708947e-02 4.9110315e-01
       214 2.0926085e+00 1.8441358e-01 3.5642603e-02 4.8060730e-01
       215 2.0927339e+00 1.8376113e-01 3.5392265e-02 4.7914494e-01
       216 2.0927777e+00 1.8365164e-01 3.5348506e-02 4.7086096e-01
       217 2.0925740e+00 1.8408174e-01 3.5523114e-02 4.6340005e-01
       218 2.0921401e+00 1.8377842e-01 3.5446834e-02 4.6443578e-01
       219 2.0945902e+00 1.8228036e-01 3.4704074e-02 4.5709334e-01
       220 2.0936778e+00 1.8180238e-01 3.4601028e-02 4.5060101e-01
       221 2.0932210e+00 1.8201335e-01 3.4713951e-02 4.4445626e-01
       222 2.0950626e+00 1.8057923e-01 3.4050695e-02 4.4040767e-01
       223 2.0951920e+00 1.7930779e-01 3.3583314e-02 4.3503812e-01
       224 2.0935701e+00 1.8053619e-01 3.4150731e-02 4.3238836e-01
       225 2.0953484e+00 1.7892324e-01 3.3433745e-02 4.2432831e-01
       226 2.0951051e+00 1.8013884e-01 3.3888617e-02 4.2134869e-01
       227 2.0964406e+00 1.7844184e-01 3.3180579e-02 4.1716871e-01
       228 2.0956562e+00 1.7919855e-01 3.3509237e-02 4.1058924e-01
       229 2.0959194e+00 1.7860297e-01 3.3276532e-02 4.0830185e-01
       230 2.0965949e+00 1.7814454e-01 3.3063302e-02 4.0121552e-01
       231 2.0973158e+00 1.7736339e-01 3.2733578e-02 4.0059809e-01
       232 2.0962504e+00 1.7833642e-01 3.3156928e-02 3.9468472e-01
       233 2.0979916e+00 1.7523510e-01 3.1935324e-02 3.8848127e-01
       234 2.0966514e+00 1.7676567e-01 3.2569814e-02 3.8698585e-01
       235 2.0979906e+00 1.7553820e-01 3.2041716e-02 3.8226558e-01
       236 2.0985423e+00 1.7528849e-01 3.1915744e-02 3.7758100e-01
       237 2.1000519e+00 1.7291097e-01 3.0986035e-02 3.7458384e-01
       238 2.0983617e+00 1.7516717e-01 3.1885716e-02 3.7008207e-01
       239 2.0986396e+00 1.7468980e-01 3.1699513e-02 3.6549684e-01
       240 2.0989501e+00 1.7363506e-01 3.1310861e-02 3.6050470e-01
       241 2.0977119e+00 1.7499940e-01 3.1872458e-02 3.6077812e-01
       242 2.0985193e+00 1.7469968e-01 3.1711260e-02 3.5545310e-01
       243 2.1010162e+00 1.7197622e-01 3.0600975e-02 3.4912216e-01
       244 2.1003358e+00 1.7293072e-01 3.0974218e-02 3.4619989e-01
       245 2.1006416e+00 1.7167386e-01 3.0521197e-02 3.3949968e-01
       246 2.1000529e+00 1.7163422e-01 3.0546070e-02 3.3730439e-01
       247 2.1014237e+00 1.7161511e-01 3.0450969e-02 3.3595287e-01
       248 2.1002655e+00 1.7243171e-01 3.0806480e-02 3.3413984e-01
       249 2.1004798e+00 1.7177264e-01 3.0565631e-02 3.2877091e-01
       250 2.1013343e+00 1.7059641e-01 3.0108020e-02 3.2846536e-01
       251 2.1005173e+00 1.7160812e-01 3.0506692e-02 3.2577225e-01
       252 2.1021135e+00 1.6944324e-01 2.9667103e-02 3.1687867e-01
       253 2.1016410e+00 1.7065381e-01 3.0108256e-02 3.1809955e-01
       254 2.1014560e+00 1.7064882e-01 3.0118205e-02 3.1345679e-01
       255 2.1025019e+00 1.6919892e-01 2.9560498e-02 3.1011498e-01
       256 2.1033069e+00 1.6839265e-01 2.9239795e-02 3.0712499e-01
       257 2.1033197e+00 1.6810190e-01 2.9141197e-02 3.0327974e-01
       258 2.1017461e+00 1.7133631e-01 3.0335074e-02 3.0400328e-01
       259 2.1037112e+00 1.6836049e-01 2.9205095e-02 2.9836684e-01
       260 2.1029143e+00 1.6859713e-01 2.9332204e-02 2.9471624e-01
       261 2.1041071e+00 1.6755507e-01 2.8911476e-02 2.9270567e-01
       262 2.1031766e+00 1.6872102e-01 2.9358260e-02 2.9159007e-01
       263 2.1032130e+00 1.6846605e-01 2.9270112e-02 2.8835351e-01
       264 2.1031818e+00 1.6900367e-01 2.9453408e-02 2.8688503e-01
       265 2.1043741e+00 1.6681864e-01 2.8649860e-02 2.8089465e-01
       266 2.1034678e+00 1.6783309e-01 2.9042119e-02 2.7901585e-01
       267 2.1049093e+00 1.6634842e-01 2.8462805e-02 2.7601925e-01
       268 2.1046732e+00 1.6666466e-01 2.8581451e-02 2.7356003e-01
       269 2.1053100e+00 1.6553093e-01 2.8169117e-02 2.6705435e-01
       270 2.1049190e+00 1.6650007e-01 2.8512740e-02 2.6733576e-01
       271 2.1057442e+00 1.6590565e-01 2.8269431e-02 2.6677848e-01
       272 2.1046782e+00 1.6705351e-01 2.8710937e-02 2.6422419e-01
       273 2.1057340e+00 1.6489954e-01 2.7937158e-02 2.5863926e-01
       274 2.1060518e+00 1.6478758e-01 2.7882996e-02 2.5925312e-01
       275 2.1063305e+00 1.6438691e-01 2.7736146e-02 2.5466261e-01
       276 2.1054853e+00 1.6609681e-01 2.8347090e-02 2.5680615e-01
       277 2.1052344e+00 1.6580438e-01 2.8263923e-02 2.5294589e-01
       278 2.1066870e+00 1.6430559e-01 2.7690502e-02 2.4863462e-01
       279 2.1067060e+00 1.6502745e-01 2.7927232e-02 2.4822883e-01
       280 2.1062715e+00 1.6465798e-01 2.7828495e-02 2.4518131e-01
       281 2.1074898e+00 1.6245924e-01 2.7045523e-02 2.4221181e-01
       282 2.1072706e+00 1.6305083e-01 2.7249340e-02 2.4166203e-01
       283 2.1080039e+00 1.6284523e-01 2.7145085e-02 2.3715355e-01
       284 2.1068134e+00 1.6327858e-01 2.7347425e-02 2.3626288e-01
       285 2.1068811e+00 1.6417545e-01 2.7637561e-02 2.3746854e-01
       286 2.1067736e+00 1.6279453e-01 2.7191678e-02 2.3292540e-01
       287 2.1077336e+00 1.6350151e-01 2.7372862e-02 2.3189564e-01
       288 2.1071833e+00 1.6360990e-01 2.7436469e-02 2.3236393e-01
       289 2.1068726e+00 1.6309271e-01 2.7283661e-02 2.2931733e-01
       290 2.1071654e+00 1.6427566e-01 2.7655686e-02 2.2691067e-01
       291 2.1087345e+00 1.6209067e-01 2.6863860e-02 2.2241815e-01
       292 2.1090346e+00 1.6103162e-01 2.6507164e-02 2.2226671e-01
       293 2.1074031e+00 1.6343103e-01 2.7366656e-02 2.2250189e-01
       294 2.1079718e+00 1.6268997e-01 2.7096150e-02 2.1911080e-01
       295 2.1069204e+00 1.6294111e-01 2.7231736e-02 2.1833517e-01
       296 2.1078790e+00 1.6280015e-01 2.7136670e-02 2.1666215e-01
       297 2.1080060e+00 1.6244212e-01 2.7013853e-02 2.1292665e-01
       298 2.1073997e+00 1.6407232e-01 2.7576853e-02 2.1586018e-01
       299 2.1094051e+00 1.6107959e-01 2.6504970e-02 2.0941402e-01
       300 2.1081157e+00 1.6198072e-01 2.6858682e-02 2.1218092e-01
       301 2.1097654e+00 1.6077534e-01 2.6390146e-02 2.0915769e-01
       302 2.1078871e+00 1.6306260e-01 2.7221790e-02 2.0882076e-01
       303 2.1095271e+00 1.6056855e-01 2.6334844e-02 2.0438776e-01
       304 2.1082262e+00 1.6245891e-01 2.7008334e-02 2.0499864e-01
       305 2.1089132e+00 1.6085134e-01 2.6454977e-02 2.0278409e-01
       306 2.1104024e+00 1.5951848e-01 2.5958344e-02 1.9943128e-01
       307 2.1093801e+00 1.6136317e-01 2.6597590e-02 2.0195004e-01
       308 2.1090364e+00 1.6172800e-01 2.6731842e-02 1.9570501e-01
       309 2.1099915e+00 1.6048517e-01 2.6286454e-02 1.9699254e-01
       310 2.1094510e+00 1.6081323e-01 2.6417062e-02 1.9749998e-01
       311 2.1096928e+00 1.6016117e-01 2.6196422e-02 1.9534160e-01
       312 2.1091143e+00 1.6121367e-01 2.6562007e-02 1.9315159e-01
       313 2.1098967e+00 1.6002243e-01 2.6142521e-02 1.9007828e-01
       314 2.1114920e+00 1.5917744e-01 2.5801525e-02 1.9030478e-01
       315 2.1100886e+00 1.5992923e-01 2.6103861e-02 1.8926777e-01
       316 2.1088057e+00 1.6194851e-01 2.6814339e-02 1.9092366e-01
       317 2.1102733e+00 1.5988342e-01 2.6080768e-02 1.8651581e-01
       318 2.1106102e+00 1.5996850e-01 2.6092754e-02 1.8672874e-01
       319 2.1103854e+00 1.6071758e-01 2.6343108e-02 1.8565274e-01
       320 2.1110752e+00 1.5898845e-01 2.5759526e-02 1.8341239e-01
       321 2.1116076e+00 1.5777845e-01 2.5353139e-02 1.8008134e-01
       322 2.1105558e+00 1.5979444e-01 2.6039541e-02 1.8162595e-01
       323 2.1110750e+00 1.5888414e-01 2.5726377e-02 1.7950488e-01
       324 2.1109433e+00 1.5833140e-01 2.5556837e-02 1.7758832e-01
       325 2.1098745e+00 1.6013067e-01 2.6178203e-02 1.8041983e-01
       326 2.1093139e+00 1.6116829e-01 2.6537870e-02 1.8243625e-01
       327 2.1122628e+00 1.5768569e-01 2.5296229e-02 1.7337139e-01
       328 2.1112331e+00 1.5878219e-01 2.5687073e-02 1.7601875e-01
       329 2.1122926e+00 1.5697201e-01 2.5070428e-02 1.7150983e-01
       330 2.1120149e+00 1.5775604e-01 2.5328781e-02 1.7285367e-01
       331 2.1107255e+00 1.5946158e-01 2.5925676e-02 1.7390966e-01
       332 2.1110881e+00 1.5949536e-01 2.5920400e-02 1.7142249e-01
       333 2.1113020e+00 1.5850829e-01 2.5597168e-02 1.7195731e-01
       334 2.1114418e+00 1.5970016e-01 2.5970370e-02 1.7215857e-01
       335 2.1120329e+00 1.5810336e-01 2.5437726e-02 1.6918531e-01
       336 2.1126421e+00 1.5734344e-01 2.5172798e-02 1.6619762e-01
       337 2.1117058e+00 1.5909217e-01 2.5765220e-02 1.6879775e-01
       338 2.1117920e+00 1.5800255e-01 2.5416039e-02 1.6601799e-01
       339 2.1113844e+00 1.5852938e-01 2.5600280e-02 1.6640030e-01
       340 2.1123628e+00 1.5770505e-01 2.5298187e-02 1.6590592e-01
       341 2.1117246e+00 1.5865828e-01 2.5626551e-02 1.6483006e-01
       342 2.1121189e+00 1.5833391e-01 2.5507076e-02 1.6262632e-01
       343 2.1122618e+00 1.5798446e-01 2.5390579e-02 1.6365862e-01
       344 2.1133756e+00 1.5635930e-01 2.4834688e-02 1.6057766e-01
       345 2.1127121e+00 1.5700995e-01 2.5065112e-02 1.6237855e-01
       346 2.1129487e+00 1.5672136e-01 2.4965013e-02 1.5913314e-01
       347 2.1118019e+00 1.5759879e-01 2.5288190e-02 1.6014183e-01
       348 2.1128266e+00 1.5662331e-01 2.4939209e-02 1.5936133e-01
       349 2.1121459e+00 1.5779105e-01 2.5334336e-02 1.5856336e-01
       350 2.1133238e+00 1.5774936e-01 2.5273361e-02 1.5802018e-01
       351 2.1127604e+00 1.5673032e-01 2.4975422e-02 1.5719658e-01
       352 2.1119158e+00 1.5836867e-01 2.5526624e-02 1.5912335e-01
       353 2.1141621e+00 1.5518194e-01 2.4437590e-02 1.5414972e-01
       354 2.1122555e+00 1.5775739e-01 2.5319147e-02 1.5739928e-01
       355 2.1145521e+00 1.5501336e-01 2.4370731e-02 1.5213289e-01
       356 2.1124745e+00 1.5703444e-01 2.5082517e-02 1.5445737e-01
       357 2.1120669e+00 1.5932641e-01 2.5824533e-02 1.5747100e-01
       358 2.1125235e+00 1.5613325e-01 2.4798283e-02 1.5388419e-01
       359 2.1129046e+00 1.5688056e-01 2.5016711e-02 1.5275570e-01
       360 2.1144240e+00 1.5517869e-01 2.4426766e-02 1.4917894e-01
       361 2.1126263e+00 1.5805206e-01 2.5396936e-02 1.5395812e-01
       362 2.1137166e+00 1.5625229e-01 2.4787949e-02 1.5080099e-01
       363 2.1133556e+00 1.5661609e-01 2.4915845e-02 1.5085617e-01
       364 2.1133096e+00 1.5616904e-01 2.4777828e-02 1.4936358e-01
       365 2.1133670e+00 1.5733090e-01 2.5139813e-02 1.5078835e-01
       366 2.1127051e+00 1.5746886e-01 2.5209715e-02 1.4974333e-01
       367 2.1139289e+00 1.5565490e-01 2.4593459e-02 1.4846570e-01
       368 2.1123940e+00 1.5786692e-01 2.5347983e-02 1.5200864e-01
       369 2.1137021e+00 1.5607248e-01 2.4732350e-02 1.4664000e-01
       370 2.1140230e+00 1.5516395e-01 2.4437277e-02 1.4562766e-01
       371 2.1139065e+00 1.5663564e-01 2.4900591e-02 1.4850921e-01
       372 2.1145732e+00 1.5454529e-01 2.4225055e-02 1.4394671e-01
       373 2.1138278e+00 1.5542713e-01 2.4526479e-02 1.4672765e-01
       374 2.1139389e+00 1.5597610e-01 2.4693175e-02 1.4554322e-01
       375 2.1146784e+00 1.5321415e-01 2.3811511e-02 1.4141052e-01
       376 2.1152606e+00 1.5356595e-01 2.3898401e-02 1.4246579e-01
       377 2.1136420e+00 1.5613334e-01 2.4753679e-02 1.4485559e-01
       378 2.1141570e+00 1.5474160e-01 2.4301312e-02 1.4259268e-01
       379 2.1141413e+00 1.5592218e-01 2.4668666e-02 1.4445146e-01
       380 2.1140696e+00 1.5524042e-01 2.4459244e-02 1.4350480e-01
       381 2.1129427e+00 1.5660104e-01 2.4927555e-02 1.4468976e-01
       382 2.1152275e+00 1.5397895e-01 2.4026595e-02 1.4058582e-01
       383 2.1144909e+00 1.5506118e-01 2.4387823e-02 1.4092865e-01
       384 2.1147139e+00 1.5418722e-01 2.4109334e-02 1.4009529e-01
       385 2.1121082e+00 1.5694212e-01 2.5068728e-02 1.4667153e-01
       386 2.1150724e+00 1.5399702e-01 2.4037710e-02 1.3834027e-01
       387 2.1146877e+00 1.5429873e-01 2.4144691e-02 1.3978635e-01
       388 2.1142235e+00 1.5530979e-01 2.4474972e-02 1.4128855e-01
       389 2.1145784e+00 1.5542199e-01 2.4496610e-02 1.3921213e-01
       390 2.1142380e+00 1.5458313e-01 2.4249244e-02 1.4064623e-01
       391 2.1148344e+00 1.5429468e-01 2.4138081e-02 1.3923497e-01
       392 2.1144949e+00 1.5517779e-01 2.4423853e-02 1.3895381e-01
       393 2.1150326e+00 1.5342945e-01 2.3864654e-02 1.3620896e-01
       394 2.1146445e+00 1.5397117e-01 2.4045305e-02 1.3782250e-01
       395 2.1147136e+00 1.5506275e-01 2.4380102e-02 1.3943326e-01
       396 2.1143684e+00 1.5568565e-01 2.4586433e-02 1.4010015e-01
       397 2.1147416e+00 1.5477141e-01 2.4288810e-02 1.3886720e-01
       398 2.1143812e+00 1.5513172e-01 2.4413784e-02 1.3968382e-01
       399 2.1142197e+00 1.5606155e-01 2.4709190e-02 1.4023768e-01
       400 2.1141206e+00 1.5543032e-01 2.4516309e-02 1.4023537e-01
       401 2.1149662e+00 1.5446548e-01 2.4186036e-02 1.3730681e-01
       402 2.1166868e+00 1.5201686e-01 2.3376364e-02 1.3451353e-01
       403 2.1154090e+00 1.5342883e-01 2.3851053e-02 1.3567281e-01
       404 2.1145246e+00 1.5568831e-01 2.4581456e-02 1.3901385e-01
       405 2.1159281e+00 1.5284683e-01 2.3654773e-02 1.3382288e-01
       406 2.1151768e+00 1.5389497e-01 2.4002549e-02 1.3563211e-01
       407 2.1150762e+00 1.5411481e-01 2.4073865e-02 1.3639226e-01
       408 2.1145004e+00 1.5540462e-01 2.4494098e-02 1.3804697e-01
       409 2.1150037e+00 1.5439440e-01 2.4162732e-02 1.3568823e-01
       410 2.1161699e+00 1.5232910e-01 2.3488559e-02 1.3163185e-01
       411 2.1156268e+00 1.5360629e-01 2.3897911e-02 1.3422621e-01
       412 2.1157533e+00 1.5308765e-01 2.3734457e-02 1.3397196e-01
       413 2.1148396e+00 1.5479023e-01 2.4291056e-02 1.3679877e-01
       414 2.1154300e+00 1.5407426e-01 2.4048786e-02 1.3569358e-01
       415 2.1148190e+00 1.5443124e-01 2.4180803e-02 1.3569717e-01
       416 2.1147479e+00 1.5383004e-01 2.3998067e-02 1.3424225e-01
       417 2.1159597e+00 1.5310650e-01 2.3733136e-02 1.3210449e-01
       418 2.1155973e+00 1.5342985e-01 2.3844763e-02 1.3328097e-01
       419 2.1152419e+00 1.5346864e-01 2.3869191e-02 1.3375799e-01
       420 2.1152470e+00 1.5305886e-01 2.3743401e-02 1.3275087e-01
       421 2.1151239e+00 1.5405077e-01 2.4052421e-02 1.3369544e-01
       422 2.1158720e+00 1.5322538e-01 2.3772556e-02 1.3250769e-01
       423 2.1155126e+00 1.5282316e-01 2.3661925e-02 1.3291030e-01
       424 2.1156425e+00 1.5371460e-01 2.3930649e-02 1.3326966e-01
       425 2.1160969e+00 1.5211035e-01 2.3424432e-02 1.3023055e-01
       426 2.1162354e+00 1.5188482e-01 2.3351197e-02 1.3046070e-01
       427 2.1159725e+00 1.5200097e-01 2.3395394e-02 1.2990007e-01
       428 2.1160372e+00 1.5271866e-01 2.3611889e-02 1.3121487e-01
       429 2.1157399e+00 1.5279704e-01 2.3646026e-02 1.3185048e-01
       430 2.1165465e+00 1.5203262e-01 2.3385760e-02 1.3045599e-01
       431 2.1168010e+00 1.5162154e-01 2.3252608e-02 1.2920981e-01
       432 2.1151936e+00 1.5245080e-01 2.3559534e-02 1.3149503e-01
       433 2.1158569e+00 1.5136069e-01 2.3205118e-02 1.2821096e-01
       434 2.1160977e+00 1.5217050e-01 2.3442708e-02 1.2995335e-01
       435 2.1177715e+00 1.5014952e-01 2.2777830e-02 1.2798928e-01
       436 2.1160035e+00 1.5273698e-01 2.3618629e-02 1.3070082e-01
       437 2.1157207e+00 1.5186346e-01 2.3362266e-02 1.3014784e-01
       438 2.1165855e+00 1.5094766e-01 2.3055754e-02 1.2833524e-01
       439 2.1149022e+00 1.5316714e-01 2.3788942e-02 1.3225342e-01
       440 2.1166316e+00 1.5156431e-01 2.3240783e-02 1.2822317e-01
       441 2.1157097e+00 1.5328998e-01 2.3797956e-02 1.3259225e-01
       442 2.1163790e+00 1.5194510e-01 2.3364708e-02 1.2877835e-01
       443 2.1164585e+00 1.5084594e-01 2.3029251e-02 1.2741296e-01
       444 2.1158221e+00 1.5229887e-01 2.3491204e-02 1.2992536e-01
       445 2.1158633e+00 1.5254383e-01 2.3564458e-02 1.3067932e-01
       446 2.1161506e+00 1.5161471e-01 2.3272077e-02 1.2892757e-01
       447 2.1159043e+00 1.5208105e-01 2.3422077e-02 1.2965092e-01
       448 2.1160647e+00 1.5097463e-01 2.3081304e-02 1.2783905e-01
       449 2.1163015e+00 1.5222096e-01 2.3451202e-02 1.2989352e-01
       450 2.1164229e+00 1.5221569e-01 2.3445549e-02 1.2969015e-01
       451 2.1170813e+00 1.5053863e-01 2.2916376e-02 1.2603840e-01
       452 2.1164961e+00 1.5065261e-01 2.2969716e-02 1.2652087e-01
       453 2.1169763e+00 1.5105856e-01 2.3076545e-02 1.2789838e-01
       454 2.1164776e+00 1.5015479e-01 2.2820582e-02 1.2558292e-01
       455 2.1169735e+00 1.5000717e-01 2.2760096e-02 1.2612691e-01
       456 2.1163926e+00 1.5134803e-01 2.3183167e-02 1.2861447e-01
       457 2.1167052e+00 1.5080971e-01 2.3010205e-02 1.2705327e-01
       458 2.1157954e+00 1.5192732e-01 2.3379086e-02 1.2973245e-01
       459 2.1167148e+00 1.5007006e-01 2.2787345e-02 1.2535226e-01
       460 2.1157984e+00 1.5210299e-01 2.3432394e-02 1.2995463e-01
       461 2.1161720e+00 1.5147864e-01 2.3230112e-02 1.2827675e-01
       462 2.1174383e+00 1.4989489e-01 2.2711710e-02 1.2527084e-01
       463 2.1156142e+00 1.5072861e-01 2.3022570e-02 1.2784038e-01
       464 2.1181084e+00 1.4949019e-01 2.2570096e-02 1.2627292e-01
       465 2.1177359e+00 1.4928022e-01 2.2518622e-02 1.2479773e-01
       466 2.1164059e+00 1.5118018e-01 2.3131948e-02 1.2761490e-01
       467 2.1173581e+00 1.4966617e-01 2.2645703e-02 1.2514241e-01
       468 2.1161107e+00 1.5062741e-01 2.2975021e-02 1.2718012e-01
       469 2.1166931e+00 1.5061638e-01 2.2952326e-02 1.2661279e-01
       470 2.1167481e+00 1.5076088e-01 2.2994080e-02 1.2680138e-01
       471 2.1161963e+00 1.5093241e-01 2.3064106e-02 1.2733022e-01
       472 2.1165070e+00 1.5084435e-01 2.3027166e-02 1.2661945e-01
       473 2.1167350e+00 1.5023277e-01 2.2835548e-02 1.2648405e-01
       474 2.1170568e+00 1.5060884e-01 2.2938300e-02 1.2683109e-01
       475 2.1171731e+00 1.4920462e-01 2.2513592e-02 1.2409994e-01
       476 2.1165524e+00 1.5007851e-01 2.2795211e-02 1.2570508e-01
       477 2.1174435e+00 1.4949046e-01 2.2590468e-02 1.2473550e-01
       478 2.1171765e+00 1.4968804e-01 2.2657975e-02 1.2519532e-01
       479 2.1170468e+00 1.5053679e-01 2.2916925e-02 1.2640293e-01
       480 2.1153688e+00 1.5242543e-01 2.3545576e-02 1.3079663e-01
       481 2.1177741e+00 1.4967802e-01 2.2636381e-02 1.2566953e-01
       482 2.1167843e+00 1.5030389e-01 2.2855316e-02 1.2617684e-01
       483 2.1167147e+00 1.5038679e-01 2.2882512e-02 1.2664099e-01
       484 2.1171671e+00 1.4895456e-01 2.2439225e-02 1.2361406e-01
       485 2.1168154e+00 1.5010360e-01 2.2794139e-02 1.2587306e-01
       486 2.1163902e+00 1.5017114e-01 2.2828393e-02 1.2683191e-01
       487 2.1158932e+00 1.5114056e-01 2.3137284e-02 1.2819746e-01
       488 2.1174877e+00 1.4875185e-01 2.2368807e-02 1.2352585e-01
       489 2.1179356e+00 1.4905383e-01 2.2445013e-02 1.2468700e-01
       490 2.1170151e+00 1.4983658e-01 2.2707612e-02 1.2549848e-01
       491 2.1169794e+00 1.4991420e-01 2.2732021e-02 1.2552857e-01
       492 2.1177846e+00 1.4831073e-01 2.2228623e-02 1.2271023e-01
       493 2.1172512e+00 1.4837922e-01 2.2265497e-02 1.2282821e-01
       494 2.1173947e+00 1.4854670e-01 2.2310716e-02 1.2327618e-01
       495 2.1187393e+00 1.4767019e-01 2.2010829e-02 1.2271655e-01
       496 2.1166093e+00 1.4905450e-01 2.2487024e-02 1.2446070e-01
       497 2.1180833e+00 1.4693765e-01 2.1814201e-02 1.2079210e-01
       498 2.1171359e+00 1.4879715e-01 2.2393347e-02 1.2386748e-01
       499 2.1176733e+00 1.4845261e-01 2.2274134e-02 1.2322651e-01
       500 2.1167515e+00 1.4908005e-01 2.2489985e-02 1.2485451e-01
       501 2.1172804e+00 1.4895109e-01 2.2434609e-02 1.2442510e-01
       502 2.1173259e+00 1.4872901e-01 2.2367067e-02 1.2373854e-01
       503 2.1178156e+00 1.4731175e-01 2.1932358e-02 1.2141549e-01
       504 2.1171303e+00 1.4833988e-01 2.2257653e-02 1.2286355e-01
       505 2.1175063e+00 1.4762600e-01 2.2034552e-02 1.2243014e-01
       506 2.1159461e+00 1.4999049e-01 2.2789151e-02 1.2708728e-01
       507 2.1175325e+00 1.4801259e-01 2.2148027e-02 1.2300216e-01
       508 2.1178046e+00 1.4793007e-01 2.2115246e-02 1.2267677e-01
       509 2.1170655e+00 1.4927699e-01 2.2538619e-02 1.2500012e-01
       510 2.1171925e+00 1.4817661e-01 2.2207268e-02 1.2347542e-01
       511 2.1166944e+00 1.4845855e-01 2.2306932e-02 1.2443983e-01
       512 2.1173532e+00 1.4835285e-01 2.2254462e-02 1.2343910e-01
       513 2.1168803e+00 1.4834603e-01 2.2267493e-02 1.2400712e-01
       514 2.1178642e+00 1.4738830e-01 2.1953440e-02 1.2187267e-01
       515 2.1170082e+00 1.4906362e-01 2.2476797e-02 1.2453431e-01
       516 2.1164172e+00 1.4979831e-01 2.2715658e-02 1.2656382e-01
       517 2.1177337e+00 1.4795037e-01 2.2123416e-02 1.2298686e-01
       518 2.1178739e+00 1.4853577e-01 2.2292708e-02 1.2389341e-01
       519 2.1182230e+00 1.4730332e-01 2.1917639e-02 1.2178590e-01
       520 2.1184977e+00 1.4707138e-01 2.1841302e-02 1.2170807e-01
       521 2.1171989e+00 1.4742219e-01 2.1984059e-02 1.2252234e-01
       522 2.1176241e+00 1.4747949e-01 2.1987671e-02 1.2253532e-01
       523 2.1178349e+00 1.4717770e-01 2.1892293e-02 1.2213374e-01
       524 2.1177554e+00 1.4815492e-01 2.2183323e-02 1.2339294e-01
       525 2.1182380e+00 1.4753963e-01 2.1986870e-02 1.2236204e-01
       526 2.1177626e+00 1.4793571e-01 2.2118195e-02 1.2322393e-01
       527 2.1182849e+00 1.4653006e-01 2.1688602e-02 1.2104228e-01
       528 2.1177791e+00 1.4787315e-01 2.2099184e-02 1.2352000e-01
       529 2.1177405e+00 1.4741899e-01 2.1966255e-02 1.2265963e-01
       530 2.1178199e+00 1.4869482e-01 2.2341626e-02 1.2487037e-01
       531 2.1178926e+00 1.4729365e-01 2.1924687e-02 1.2261236e-01
       532 2.1185716e+00 1.4496916e-01 2.1225225e-02 1.1876418e-01
       533 2.1185430e+00 1.4534375e-01 2.1334800e-02 1.1934057e-01
       534 2.1177709e+00 1.4704545e-01 2.1855334e-02 1.2195910e-01
       535 2.1184487e+00 1.4633695e-01 2.1627241e-02 1.2072731e-01
       536 2.1174460e+00 1.4695841e-01 2.1839765e-02 1.2212250e-01
       537 2.1159572e+00 1.4860163e-01 2.2374067e-02 1.2667658e-01
       538 2.1179562e+00 1.4655688e-01 2.1706265e-02 1.2137871e-01
       539 2.1185588e+00 1.4620282e-01 2.1584802e-02 1.2099057e-01
       540 2.1182160e+00 1.4632822e-01 2.1631527e-02 1.2088696e-01
       541 2.1176054e+00 1.4668086e-01 2.1753321e-02 1.2156780e-01
       542 2.1173357e+00 1.4712869e-01 2.1893295e-02 1.2254204e-01
       543 2.1175828e+00 1.4660235e-01 2.1730995e-02 1.2176612e-01
       544 2.1174422e+00 1.4640166e-01 2.1676556e-02 1.2137515e-01
       545 2.1176001e+00 1.4632844e-01 2.1650223e-02 1.2114812e-01
       546 2.1181609e+00 1.4590510e-01 2.1509514e-02 1.2044802e-01
       547 2.1176905e+00 1.4711212e-01 2.1877403e-02 1.2257976e-01
       548 2.1178340e+00 1.4629148e-01 2.1632242e-02 1.2119470e-01
       549 2.1168659e+00 1.4757080e-01 2.2038553e-02 1.2431709e-01
       550 2.1176322e+00 1.4600956e-01 2.1556013e-02 1.2109468e-01
       551 2.1166720e+00 1.4789205e-01 2.2139778e-02 1.2461659e-01
       552 2.1171715e+00 1.4670469e-01 2.1773891e-02 1.2270315e-01
       553 2.1182573e+00 1.4620204e-01 2.1593393e-02 1.2102022e-01
       554 2.1179269e+00 1.4667556e-01 2.1741949e-02 1.2250582e-01
       555 2.1181222e+00 1.4674344e-01 2.1756007e-02 1.2182049e-01
       556 2.1185002e+00 1.4530062e-01 2.1323509e-02 1.1965808e-01
       557 2.1180709e+00 1.4582111e-01 2.1487695e-02 1.2062656e-01
       558 2.1180479e+00 1.4589975e-01 2.1511325e-02 1.2073751e-01
       559 2.1179231e+00 1.4596476e-01 2.1534056e-02 1.2109640e-01
       560 2.1185751e+00 1.4509743e-01 2.1262330e-02 1.1944279e-01
       561 2.1176698e+00 1.4572664e-01 2.1472319e-02 1.2091343e-01
       562 2.1184798e+00 1.4485860e-01 2.1195844e-02 1.1920862e-01
       563 2.1177865e+00 1.4619375e-01 2.1605105e-02 1.2192884e-01
       564 2.1182135e+00 1.4628300e-01 2.1618371e-02 1.2179909e-01
       565 2.1186453e+00 1.4456060e-01 2.1104809e-02 1.1916924e-01
       566 2.1175897e+00 1.4576057e-01 2.1484675e-02 1.2112448e-01
       567 2.1177237e+00 1.4708866e-01 2.1869485e-02 1.2333998e-01
       568 2.1183207e+00 1.4591054e-01 2.1506374e-02 1.2127065e-01
       569 2.1191157e+00 1.4464767e-01 2.1116673e-02 1.1952762e-01
       570 2.1192220e+00 1.4435841e-01 2.1030127e-02 1.1891319e-01
       571 2.1193653e+00 1.4399970e-01 2.0922753e-02 1.1856019e-01
       572 2.1183367e+00 1.4470131e-01 2.1154486e-02 1.1941871e-01
       573 2.1185670e+00 1.4442137e-01 2.1066835e-02 1.1920781e-01
       574 2.1187291e+00 1.4368191e-01 2.0849125e-02 1.1766227e-01
       575 2.1180948e+00 1.4499796e-01 2.1247594e-02 1.2013606e-01
       576 2.1181596e+00 1.4520967e-01 2.1307103e-02 1.2026559e-01
       577 2.1174183e+00 1.4570997e-01 2.1475251e-02 1.2199311e-01
       578 2.1179352e+00 1.4544852e-01 2.1383250e-02 1.2084002e-01
       579 2.1183544e+00 1.4486252e-01 2.1200647e-02 1.1996723e-01
       580 2.1182039e+00 1.4541096e-01 2.1364285e-02 1.2094190e-01
       581 2.1185353e+00 1.4342155e-01 2.0779958e-02 1.1767921e-01
       582 2.1178496e+00 1.4579155e-01 2.1485749e-02 1.2195960e-01
       583 2.1183133e+00 1.4488878e-01 2.1209465e-02 1.2051456e-01
       584 2.1184651e+00 1.4417476e-01 2.0998620e-02 1.1887253e-01
       585 2.1177565e+00 1.4554057e-01 2.1415464e-02 1.2139109e-01
       586 2.1178561e+00 1.4514711e-01 2.1298059e-02 1.2089729e-01
       587 2.1182361e+00 1.4454919e-01 2.1113452e-02 1.1978030e-01
       588 2.1187123e+00 1.4457592e-01 2.1107312e-02 1.2000224e-01
       589 2.1187327e+00 1.4391102e-01 2.0914917e-02 1.1893298e-01
       590 2.1172511e+00 1.4604335e-01 2.1577767e-02 1.2336804e-01
       591 2.1184423e+00 1.4326383e-01 2.0737448e-02 1.1753381e-01
       592 2.1188533e+00 1.4421578e-01 2.0999290e-02 1.1965018e-01
       593 2.1180928e+00 1.4445751e-01 2.1091220e-02 1.2028540e-01
       594 2.1182271e+00 1.4388710e-01 2.0922748e-02 1.1902614e-01
       595 2.1180324e+00 1.4473471e-01 2.1173189e-02 1.2066464e-01
       596 2.1178000e+00 1.4559683e-01 2.1430519e-02 1.2225872e-01
       597 2.1186562e+00 1.4416610e-01 2.0990592e-02 1.1959132e-01
       598 2.1180473e+00 1.4348563e-01 2.0812731e-02 1.1855447e-01
       599 2.1181810e+00 1.4471656e-01 2.1163502e-02 1.2106849e-01
       600 2.1181526e+00 1.4511074e-01 2.1278591e-02 1.2155500e-01
       601 2.1177052e+00 1.4433377e-01 2.1067216e-02 1.2033370e-01
       602 2.1196027e+00 1.4195429e-01 2.0331425e-02 1.1679202e-01
       603 2.1189537e+00 1.4260001e-01 2.0533021e-02 1.1751331e-01
       604 2.1186707e+00 1.4384130e-01 2.0896631e-02 1.1965033e-01
       605 2.1185719e+00 1.4304067e-01 2.0669790e-02 1.1817937e-01
       606 2.1183797e+00 1.4324573e-01 2.0734095e-02 1.1829430e-01
       607 2.1176121e+00 1.4435588e-01 2.1076461e-02 1.2087880e-01
       608 2.1186393e+00 1.4351841e-01 2.0804747e-02 1.1879004e-01
       609 2.1183970e+00 1.4358937e-01 2.0832155e-02 1.1925336e-01
       610 2.1179098e+00 1.4398734e-01 2.0961101e-02 1.2039534e-01
       611 2.1189001e+00 1.4232881e-01 2.0457263e-02 1.1694421e-01
       612 2.1182036e+00 1.4380833e-01 2.0900784e-02 1.1969118e-01
       613 2.1176417e+00 1.4412426e-01 2.1008731e-02 1.2092904e-01
       614 2.1194692e+00 1.4206743e-01 2.0367166e-02 1.1715579e-01
       615 2.1189072e+00 1.4283239e-01 2.0600665e-02 1.1805701e-01
       616 2.1181287e+00 1.4345239e-01 2.0800761e-02 1.1938540e-01
       617 2.1196991e+00 1.4074076e-01 1.9985787e-02 1.1473571e-01
       618 2.1186176e+00 1.4368091e-01 2.0852040e-02 1.1977817e-01
       619 2.1186664e+00 1.4253194e-01 2.0521790e-02 1.1778496e-01
       620 2.1192362e+00 1.4187670e-01 2.0319384e-02 1.1680915e-01
       621 2.1189993e+00 1.4234633e-01 2.0459454e-02 1.1807383e-01
       622 2.1183625e+00 1.4277982e-01 2.0601338e-02 1.1825608e-01
       623 2.1191906e+00 1.4290010e-01 2.0612083e-02 1.1875785e-01
       624 2.1186061e+00 1.4234307e-01 2.0469719e-02 1.1772965e-01
       625 2.1192938e+00 1.4122708e-01 2.0133885e-02 1.1593247e-01
       626 2.1189407e+00 1.4272206e-01 2.0568210e-02 1.1842583e-01
       627 2.1182137e+00 1.4271321e-01 2.0586707e-02 1.1870525e-01
       628 2.1182742e+00 1.4324929e-01 2.0738217e-02 1.1983728e-01
       629 2.1183741e+00 1.4333382e-01 2.0759503e-02 1.1985987e-01
       630 2.1189065e+00 1.4196675e-01 2.0354149e-02 1.1737056e-01
       631 2.1188205e+00 1.4291818e-01 2.0627633e-02 1.1904286e-01
       632 2.1186552e+00 1.4204935e-01 2.0384771e-02 1.1762889e-01
       633 2.1188477e+00 1.4220213e-01 2.0422704e-02 1.1813061e-01
       634 2.1189442e+00 1.4185432e-01 2.0321174e-02 1.1719093e-01
       635 2.1188341e+00 1.4228435e-01 2.0446481e-02 1.1795960e-01
       636 2.1190524e+00 1.4205918e-01 2.0376303e-02 1.1774300e-01
       637 2.1187495e+00 1.4204354e-01 2.0380420e-02 1.1802998e-01
       638 2.1185279e+00 1.4117678e-01 2.0141315e-02 1.1643560e-01
       639 2.1184149e+00 1.4180072e-01 2.0321168e-02 1.1767876e-01
       640 2.1182563e+00 1.4324451e-01 2.0737375e-02 1.1992010e-01
       641 2.1178782e+00 1.4284464e-01 2.0634295e-02 1.1990422e-01
       642 2.1196389e+00 1.4049130e-01 1.9917239e-02 1.1563464e-01
       643 2.1196545e+00 1.4079074e-01 2.0001050e-02 1.1632238e-01
       644 2.1178250e+00 1.4263177e-01 2.0575140e-02 1.1937696e-01
       645 2.1190539e+00 1.4173202e-01 2.0283414e-02 1.1755529e-01
       646 2.1186053e+00 1.4175550e-01 2.0302813e-02 1.1794260e-01
       647 2.1186877e+00 1.4194605e-01 2.0354501e-02 1.1823414e-01
       648 2.1189806e+00 1.4224050e-01 2.0429861e-02 1.1847962e-01
       649 2.1187468e+00 1.4080342e-01 2.0029735e-02 1.1599903e-01
       650 2.1185022e+00 1.4166928e-01 2.0281365e-02 1.1782643e-01
       651 2.1192369e+00 1.4179787e-01 2.0297000e-02 1.1838031e-01
       652 2.1190892e+00 1.3993263e-01 1.9775603e-02 1.1484662e-01
       653 2.1191920e+00 1.4141230e-01 2.0189044e-02 1.1710676e-01
       654 2.1203527e+00 1.3903843e-01 1.9492506e-02 1.1421597e-01
       655 2.1192182e+00 1.4105878e-01 2.0088462e-02 1.1709578e-01
       656 2.1182143e+00 1.4156936e-01 2.0261512e-02 1.1817678e-01
       657 2.1194203e+00 1.4049664e-01 1.9924644e-02 1.1622427e-01
       658 2.1187080e+00 1.4141971e-01 2.0204773e-02 1.1794470e-01
       659 2.1200860e+00 1.3914997e-01 1.9530371e-02 1.1434996e-01
       660 2.1191599e+00 1.4000926e-01 1.9795090e-02 1.1532182e-01
       661 2.1200929e+00 1.3915731e-01 1.9532236e-02 1.1439346e-01
       662 2.1195234e+00 1.4005666e-01 1.9798408e-02 1.1568865e-01
       663 2.1179694e+00 1.4103079e-01 2.0116633e-02 1.1776215e-01
       664 2.1185424e+00 1.4123433e-01 2.0157150e-02 1.1773111e-01
       665 2.1187410e+00 1.4064617e-01 1.9985642e-02 1.1689180e-01
       666 2.1182035e+00 1.4192928e-01 2.0363870e-02 1.1908530e-01
       667 2.1191141e+00 1.4026064e-01 1.9866819e-02 1.1625972e-01
       668 2.1188550e+00 1.4003480e-01 1.9810796e-02 1.1574957e-01
       669 2.1184823e+00 1.4090902e-01 2.0067109e-02 1.1721827e-01
       670 2.1185530e+00 1.4148131e-01 2.0226666e-02 1.1840855e-01
       671 2.1192843e+00 1.3951971e-01 1.9654809e-02 1.1500863e-01
       672 2.1183257e+00 1.4167908e-01 2.0289299e-02 1.1917464e-01
       673 2.1191326e+00 1.3983530e-01 1.9747166e-02 1.1565918e-01
       674 2.1197923e+00 1.3973109e-01 1.9700126e-02 1.1579706e-01
       675 2.1191905e+00 1.3998059e-01 1.9786214e-02 1.1625351e-01
       676 2.1189306e+00 1.4072221e-01 2.0001651e-02 1.1744540e-01
       677 2.1184941e+00 1.4006301e-01 1.9829062e-02 1.1649203e-01
       678 2.1193505e+00 1.3994242e-01 1.9771125e-02 1.1638858e-01
       679 2.1187391e+00 1.4095414e-01 2.0072419e-02 1.1799868e-01
       680 2.1187809e+00 1.4060127e-01 1.9971873e-02 1.1768361e-01
       681 2.1185603e+00 1.4041786e-01 1.9926670e-02 1.1713145e-01
       682 2.1187908e+00 1.3962150e-01 1.9697037e-02 1.1583478e-01
       683 2.1187902e+00 1.4082069e-01 2.0033358e-02 1.1746853e-01
       684 2.1190312e+00 1.3979291e-01 1.9738142e-02 1.1622503e-01
       685 2.1197376e+00 1.3890971e-01 1.9472705e-02 1.1458596e-01
       686 2.1186890e+00 1.4012352e-01 1.9840383e-02 1.1700940e-01
       687 2.1189489e+00 1.3967806e-01 1.9708356e-02 1.1599796e-01
       688 2.1202803e+00 1.3944087e-01 1.9606420e-02 1.1660734e-01
       689 2.1189067e+00 1.4012703e-01 1.9835171e-02 1.1704818e-01
       690 2.1188968e+00 1.3930484e-01 1.9605703e-02 1.1579057e-01
       691 2.1195971e+00 1.3931203e-01 1.9588397e-02 1.1570098e-01
       692 2.1189506e+00 1.3890058e-01 1.9491719e-02 1.1488225e-01
       693 2.1202027e+00 1.3782191e-01 1.9159525e-02 1.1327802e-01
       694 2.1183930e+00 1.4026810e-01 1.9889506e-02 1.1778648e-01
       695 2.1176240e+00 1.4168774e-01 2.0312890e-02 1.2069862e-01
       696 2.1199913e+00 1.3802127e-01 1.9219987e-02 1.1395185e-01
       697 2.1191406e+00 1.3929862e-01 1.9597138e-02 1.1607108e-01
       698 2.1187304e+00 1.3967564e-01 1.9713883e-02 1.1650730e-01
       699 2.1195678e+00 1.3829031e-01 1.9305554e-02 1.1438231e-01
       700 2.1190439e+00 1.3883409e-01 1.9470631e-02 1.1508154e-01
       701 2.1187156e+00 1.3883647e-01 1.9480588e-02 1.1521597e-01
       702 2.1187919e+00 1.3930308e-01 1.9608191e-02 1.1603151e-01
       703 2.1193305e+00 1.3919355e-01 1.9562634e-02 1.1618018e-01
       704 2.1205036e+00 1.3714822e-01 1.8966652e-02 1.1278202e-01
       705 2.1187649e+00 1.3894338e-01 1.9508876e-02 1.1585265e-01
       706 2.1200279e+00 1.3769642e-01 1.9129470e-02 1.1367354e-01
       707 2.1195803e+00 1.3900466e-01 1.9503303e-02 1.1595341e-01
       708 2.1194722e+00 1.3805066e-01 1.9241913e-02 1.1390427e-01
       709 2.1193859e+00 1.3811664e-01 1.9262481e-02 1.1409685e-01
       710 2.1196838e+00 1.3779342e-01 1.9165259e-02 1.1409240e-01
       711 2.1195718e+00 1.3804123e-01 1.9236617e-02 1.1418429e-01
       712 2.1193406e+00 1.3846314e-01 1.9359557e-02 1.1506860e-01
       713 2.1183650e+00 1.3873164e-01 1.9461655e-02 1.1626622e-01
       714 2.1191506e+00 1.3891952e-01 1.9491387e-02 1.1579681e-01
       715 2.1187126e+00 1.3916622e-01 1.9572346e-02 1.1682121e-01
       716 2.1195263e+00 1.3796430e-01 1.9216613e-02 1.1453135e-01
       717 2.1205928e+00 1.3710911e-01 1.8953697e-02 1.1344091e-01
       718 2.1189300e+00 1.3820518e-01 1.9299602e-02 1.1487874e-01
       719 2.1192939e+00 1.3780149e-01 1.9178048e-02 1.1417307e-01
       720 2.1199999e+00 1.3685028e-01 1.8897893e-02 1.1277634e-01
       721 2.1188045e+00 1.3876754e-01 1.9458914e-02 1.1611344e-01
       722 2.1195121e+00 1.3711796e-01 1.8984184e-02 1.1327635e-01
       723 2.1186031e+00 1.3891941e-01 1.9506858e-02 1.1669087e-01
       724 2.1186727e+00 1.3858543e-01 1.9412174e-02 1.1620407e-01
       725 2.1188885e+00 1.3813238e-01 1.9280655e-02 1.1505130e-01
       726 2.1197402e+00 1.3754528e-01 1.9095436e-02 1.1436879e-01
       727 2.1182691e+00 1.3804237e-01 1.9273703e-02 1.1584768e-01
       728 2.1200214e+00 1.3709952e-01 1.8965609e-02 1.1359136e-01
       729 2.1199749e+00 1.3677645e-01 1.8878342e-02 1.1332467e-01
       730 2.1195166e+00 1.3726792e-01 1.9025208e-02 1.1386505e-01
       731 2.1182667e+00 1.3902172e-01 1.9545118e-02 1.1738380e-01
       732 2.1197983e+00 1.3699937e-01 1.8944015e-02 1.1335152e-01
       733 2.1192879e+00 1.3721812e-01 1.9017771e-02 1.1395310e-01
       734 2.1189037e+00 1.3881528e-01 1.9469353e-02 1.1719581e-01
       735 2.1183474e+00 1.3846371e-01 1.9387902e-02 1.1700912e-01
       736 2.1193213e+00 1.3771912e-01 1.9154601e-02 1.1485402e-01
       737 2.1215906e+00 1.3464276e-01 1.8259630e-02 1.1132598e-01
       738 2.1191977e+00 1.3789769e-01 1.9207222e-02 1.1549557e-01
       739 2.1187825e+00 1.3806053e-01 1.9263821e-02 1.1576481e-01
       740 2.1191687e+00 1.3746474e-01 1.9088808e-02 1.1470250e-01
       741 2.1191733e+00 1.3806655e-01 1.9254497e-02 1.1588222e-01
       742 2.1190429e+00 1.3767753e-01 1.9150858e-02 1.1537048e-01
       743 2.1203916e+00 1.3639383e-01 1.8763113e-02 1.1337987e-01
       744 2.1186760e+00 1.3837811e-01 1.9354660e-02 1.1668151e-01
       745 2.1193978e+00 1.3718395e-01 1.9005387e-02 1.1436937e-01
       746 2.1199194e+00 1.3644123e-01 1.8788207e-02 1.1332410e-01
       747 2.1196514e+00 1.3716345e-01 1.8992911e-02 1.1409540e-01
       748 2.1202059e+00 1.3581440e-01 1.8610115e-02 1.1213120e-01
       749 2.1187988e+00 1.3803804e-01 1.9257147e-02 1.1637424e-01
       750 2.1193098e+00 1.3667723e-01 1.8869025e-02 1.1405882e-01
       751 2.1199080e+00 1.3635003e-01 1.8763628e-02 1.1331018e-01
       752 2.1199709e+00 1.3588739e-01 1.8636033e-02 1.1255072e-01
       753 2.1196382e+00 1.3614966e-01 1.8716182e-02 1.1319767e-01
       754 2.1178764e+00 1.3862798e-01 1.9447478e-02 1.1870737e-01
       755 2.1197436e+00 1.3595378e-01 1.8660071e-02 1.1286779e-01
       756 2.1194778e+00 1.3621502e-01 1.8738308e-02 1.1320342e-01
       757 2.1209746e+00 1.3522382e-01 1.8430916e-02 1.1240356e-01
       758 2.1193780e+00 1.3598915e-01 1.8679540e-02 1.1310239e-01
       759 2.1196628e+00 1.3640358e-01 1.8784732e-02 1.1396977e-01
       760 2.1200618e+00 1.3610090e-01 1.8691737e-02 1.1337540e-01
       761 2.1196238e+00 1.3613265e-01 1.8711938e-02 1.1323071e-01
       762 2.1190007e+00 1.3631689e-01 1.8779232e-02 1.1386344e-01
       763 2.1187149e+00 1.3771826e-01 1.9171360e-02 1.1656419e-01
       764 2.1194646e+00 1.3591773e-01 1.8657765e-02 1.1307296e-01
       765 2.1196262e+00 1.3657361e-01 1.8832124e-02 1.1422745e-01
       766 2.1196156e+00 1.3595090e-01 1.8662707e-02 1.1302498e-01
       767 2.1208211e+00 1.3466176e-01 1.8282949e-02 1.1142461e-01
       768 2.1197404e+00 1.3642481e-01 1.8788453e-02 1.1430160e-01
       769 2.1201293e+00 1.3536330e-01 1.8489758e-02 1.1226710e-01
       770 2.1195018e+00 1.3590814e-01 1.8654147e-02 1.1323078e-01
       771 2.1190668e+00 1.3630016e-01 1.8772823e-02 1.1440091e-01
       772 2.1195016e+00 1.3591497e-01 1.8656009e-02 1.1343609e-01
       773 2.1200883e+00 1.3465202e-01 1.8298762e-02 1.1134863e-01
       774 2.1196794e+00 1.3539987e-01 1.8511474e-02 1.1266528e-01
       775 2.1201991e+00 1.3464948e-01 1.8295224e-02 1.1135999e-01
       776 2.1199279e+00 1.3509824e-01 1.8423309e-02 1.1213425e-01
       777 2.1198672e+00 1.3421889e-01 1.8188079e-02 1.1078064e-01
       778 2.1189214e+00 1.3571880e-01 1.8618763e-02 1.1401781e-01
       779 2.1193250e+00 1.3528011e-01 1.8488650e-02 1.1284458e-01
       780 2.1186888e+00 1.3572686e-01 1.8627569e-02 1.1433431e-01
       781 2.1195491e+00 1.3560817e-01 1.8571426e-02 1.1344221e-01
       782 2.1195713e+00 1.3657417e-01 1.8833753e-02 1.1524798e-01
       783 2.1199046e+00 1.3451072e-01 1.8265520e-02 1.1145031e-01
       784 2.1197309e+00 1.3528506e-01 1.8479025e-02 1.1277596e-01
       785 2.1195575e+00 1.3539578e-01 1.8513640e-02 1.1295663e-01
       786 2.1191234e+00 1.3527437e-01 1.8492665e-02 1.1333666e-01
       787 2.1194538e+00 1.3548545e-01 1.8540736e-02 1.1324212e-01
       788 2.1205803e+00 1.3395945e-01 1.8100234e-02 1.1127315e-01
       789 2.1183326e+00 1.3618862e-01 1.8763479e-02 1.1586996e-01
       790 2.1200201e+00 1.3492538e-01 1.8374224e-02 1.1289546e-01
       791 2.1190514e+00 1.3606612e-01 1.8709507e-02 1.1501904e-01
       792 2.1190633e+00 1.3627472e-01 1.8765986e-02 1.1538007e-01
       793 2.1191101e+00 1.3547709e-01 1.8547923e-02 1.1393767e-01
       794 2.1189048e+00 1.3677806e-01 1.8907878e-02 1.1642196e-01
       795 2.1198986e+00 1.3437669e-01 1.8229638e-02 1.1195934e-01
       796 2.1200444e+00 1.3434293e-01 1.8216757e-02 1.1177645e-01
       797 2.1205703e+00 1.3367457e-01 1.8024241e-02 1.1081078e-01
       798 2.1204870e+00 1.3408297e-01 1.8135675e-02 1.1177565e-01
       799 2.1203076e+00 1.3378518e-01 1.8060442e-02 1.1099455e-01
       800 2.1197295e+00 1.3450641e-01 1.8268988e-02 1.1209836e-01
       801 2.1191979e+00 1.3518312e-01 1.8465918e-02 1.1384555e-01
       802 2.1206003e+00 1.3413531e-01 1.8146882e-02 1.1217694e-01
       803 2.1193963e+00 1.3481094e-01 1.8359979e-02 1.1312008e-01
       804 2.1197007e+00 1.3504677e-01 1.8415413e-02 1.1324742e-01
       805 2.1207450e+00 1.3336653e-01 1.7937656e-02 1.1077472e-01
       806 2.1200272e+00 1.3359687e-01 1.8017305e-02 1.1082547e-01
       807 2.1195452e+00 1.3489878e-01 1.8379634e-02 1.1316804e-01
       808 2.1200676e+00 1.3300213e-01 1.7857699e-02 1.0993365e-01
       809 2.1207402e+00 1.3313138e-01 1.7875109e-02 1.1070100e-01
       810 2.1202175e+00 1.3341738e-01 1.7964465e-02 1.1116280e-01
       811 2.1201185e+00 1.3288943e-01 1.7826415e-02 1.0992744e-01
       812 2.1186075e+00 1.3537116e-01 1.8533482e-02 1.1542741e-01
       813 2.1210002e+00 1.3275018e-01 1.7767428e-02 1.1034946e-01
       814 2.1193753e+00 1.3472306e-01 1.8336867e-02 1.1338526e-01
       815 2.1200680e+00 1.3317071e-01 1.7902562e-02 1.1053735e-01
       816 2.1190819e+00 1.3437543e-01 1.8251423e-02 1.1298337e-01
       817 2.1203730e+00 1.3286522e-01 1.7813473e-02 1.1046887e-01
       818 2.1203224e+00 1.3285412e-01 1.7811807e-02 1.1021124e-01
       819 2.1202739e+00 1.3320187e-01 1.7905565e-02 1.1084397e-01
       820 2.1206322e+00 1.3244804e-01 1.7696292e-02 1.0983156e-01
       821 2.1198558e+00 1.3296317e-01 1.7852877e-02 1.1069856e-01
       822 2.1193479e+00 1.3445449e-01 1.8265325e-02 1.1364580e-01
       823 2.1193233e+00 1.3453424e-01 1.8287451e-02 1.1367622e-01
       824 2.1204793e+00 1.3309677e-01 1.7872376e-02 1.1116987e-01
       825 2.1199675e+00 1.3246662e-01 1.7718144e-02 1.1014620e-01
       826 2.1207186e+00 1.3261908e-01 1.7739493e-02 1.1048571e-01
       827 2.1197896e+00 1.3252449e-01 1.7738158e-02 1.0993477e-01
       828 2.1200812e+00 1.3342274e-01 1.7969408e-02 1.1183975e-01
       829 2.1197991e+00 1.3327168e-01 1.7936510e-02 1.1159285e-01
       830 2.1200175e+00 1.3261949e-01 1.7757364e-02 1.1031140e-01
       831 2.1194612e+00 1.3330280e-01 1.7953863e-02 1.1195906e-01
       832 2.1205018e+00 1.3305650e-01 1.7861092e-02 1.1169312e-01
       833 2.1210736e+00 1.3117034e-01 1.7348714e-02 1.0826766e-01
       834 2.1195293e+00 1.3331514e-01 1.7955311e-02 1.1199924e-01
       835 2.1193374e+00 1.3374329e-01 1.8074871e-02 1.1285807e-01
       836 2.1196038e+00 1.3422458e-01 1.8196612e-02 1.1363302e-01
       837 2.1193866e+00 1.3401475e-01 1.8146208e-02 1.1343851e-01
       838 2.1200268e+00 1.3242303e-01 1.7705050e-02 1.1036679e-01
       839 2.1198991e+00 1.3362342e-01 1.8027749e-02 1.1256107e-01
       840 2.1203297e+00 1.3188833e-01 1.7555937e-02 1.0968485e-01
       841 2.1193783e+00 1.3267793e-01 1.7789914e-02 1.1142098e-01
       842 2.1196129e+00 1.3295186e-01 1.7856327e-02 1.1159241e-01
       843 2.1204984e+00 1.3152065e-01 1.7454827e-02 1.0918953e-01
       844 2.1199024e+00 1.3248273e-01 1.7724117e-02 1.1101897e-01
       845 2.1211774e+00 1.3080330e-01 1.7250086e-02 1.0826766e-01
       846 2.1192071e+00 1.3395945e-01 1.8136322e-02 1.1398596e-01
       847 2.1200836e+00 1.3203950e-01 1.7602146e-02 1.1038557e-01
       848 2.1202888e+00 1.3243773e-01 1.7702196e-02 1.1090132e-01
       849 2.1205107e+00 1.3107052e-01 1.7336321e-02 1.0847311e-01
       850 2.1204742e+00 1.3238580e-01 1.7683752e-02 1.1100887e-01
       851 2.1194865e+00 1.3254992e-01 1.7753021e-02 1.1153240e-01
       852 2.1200212e+00 1.3218477e-01 1.7642153e-02 1.1083947e-01
       853 2.1207066e+00 1.3116597e-01 1.7356481e-02 1.0888652e-01
       854 2.1198495e+00 1.3173950e-01 1.7529134e-02 1.0991569e-01
       855 2.1205827e+00 1.3099666e-01 1.7315165e-02 1.0891374e-01
       856 2.1196298e+00 1.3212179e-01 1.7635847e-02 1.1103231e-01
       857 2.1195424e+00 1.3265557e-01 1.7779529e-02 1.1174007e-01
       858 2.1194713e+00 1.3266886e-01 1.7784978e-02 1.1199058e-01
       859 2.1192952e+00 1.3251269e-01 1.7748371e-02 1.1189083e-01
       860 2.1202002e+00 1.3140331e-01 1.7431539e-02 1.0954432e-01
       861 2.1202898e+00 1.3207481e-01 1.7606176e-02 1.1076857e-01
       862 2.1207418e+00 1.3011312e-01 1.7080528e-02 1.0755716e-01
       863 2.1209968e+00 1.3073782e-01 1.7237278e-02 1.0887415e-01
       864 2.1208687e+00 1.3078547e-01 1.7252838e-02 1.0890502e-01
       865 2.1201663e+00 1.3151976e-01 1.7463029e-02 1.1004043e-01
       866 2.1201569e+00 1.3171961e-01 1.7515881e-02 1.1041556e-01
       867 2.1197814e+00 1.3163400e-01 1.7503146e-02 1.1051100e-01
       868 2.1198109e+00 1.3139487e-01 1.7439468e-02 1.1011463e-01
       869 2.1202718e+00 1.3089119e-01 1.7295381e-02 1.0943953e-01
       870 2.1197682e+00 1.3164237e-01 1.7505700e-02 1.1064218e-01
       871 2.1201578e+00 1.3083844e-01 1.7284499e-02 1.0929989e-01
       872 2.1205160e+00 1.3024021e-01 1.7119216e-02 1.0832791e-01
       873 2.1203504e+00 1.3149499e-01 1.7451810e-02 1.1044911e-01
       874 2.1198651e+00 1.3132937e-01 1.7420828e-02 1.1021457e-01
       875 2.1192506e+00 1.3212907e-01 1.7648080e-02 1.1217659e-01
       876 2.1200455e+00 1.3014226e-01 1.7105715e-02 1.0814248e-01
       877 2.1206154e+00 1.3081342e-01 1.7266376e-02 1.0968126e-01
       878 2.1216320e+00 1.2906064e-01 1.6786657e-02 1.0711641e-01
       879 2.1200516e+00 1.3102312e-01 1.7335606e-02 1.1003326e-01
       880 2.1195325e+00 1.3073627e-01 1.7274269e-02 1.0994501e-01
       881 2.1194617e+00 1.3188063e-01 1.7576711e-02 1.1195456e-01
       882 2.1213235e+00 1.2974933e-01 1.6972030e-02 1.0822268e-01
       883 2.1211266e+00 1.2922939e-01 1.6842025e-02 1.0721201e-01
       884 2.1209642e+00 1.3034152e-01 1.7134596e-02 1.0920673e-01
       885 2.1205638e+00 1.3048691e-01 1.7182344e-02 1.0913521e-01
       886 2.1194237e+00 1.3158924e-01 1.7500974e-02 1.1135402e-01
       887 2.1196132e+00 1.3161532e-01 1.7502716e-02 1.1153207e-01
       888 2.1197979e+00 1.3060609e-01 1.7233151e-02 1.0971134e-01
       889 2.1207827e+00 1.2993524e-01 1.7033266e-02 1.0843994e-01
       890 2.1205963e+00 1.2963757e-01 1.6960600e-02 1.0793524e-01
       891 2.1201617e+00 1.2988324e-01 1.7035357e-02 1.0835941e-01
       892 2.1199163e+00 1.3075334e-01 1.7268516e-02 1.1015367e-01
       893 2.1205652e+00 1.2925614e-01 1.6862627e-02 1.0716385e-01
       894 2.1211799e+00 1.2895569e-01 1.6770096e-02 1.0707133e-01
       895 2.1206373e+00 1.2959592e-01 1.6948785e-02 1.0795968e-01
       896 2.1205079e+00 1.2993282e-01 1.7039445e-02 1.0877869e-01
       897 2.1207908e+00 1.2935268e-01 1.6882016e-02 1.0774065e-01
       898 2.1205065e+00 1.2951679e-01 1.6931542e-02 1.0822870e-01
       899 2.1201735e+00 1.2955348e-01 1.6949500e-02 1.0826728e-01
       900 2.1211133e+00 1.2966752e-01 1.6955774e-02 1.0854753e-01
       901 2.1204682e+00 1.2967112e-01 1.6972505e-02 1.0844031e-01
       902 2.1201843e+00 1.2969022e-01 1.6984673e-02 1.0857313e-01
       903 2.1198610e+00 1.2935317e-01 1.6905775e-02 1.0810793e-01
       904 2.1207490e+00 1.2933685e-01 1.6878947e-02 1.0815472e-01
       905 2.1210944e+00 1.2882230e-01 1.6737745e-02 1.0734712e-01
       906 2.1199868e+00 1.3011923e-01 1.7101248e-02 1.0955990e-01
       907 2.1195342e+00 1.3003633e-01 1.7091699e-02 1.0980999e-01
       908 2.1204176e+00 1.2876645e-01 1.6739976e-02 1.0728464e-01
       909 2.1209706e+00 1.2887565e-01 1.6754463e-02 1.0758600e-01
       910 2.1200218e+00 1.2986708e-01 1.7034783e-02 1.0935676e-01
       911 2.1198953e+00 1.2938162e-01 1.6912235e-02 1.0851391e-01
       912 2.1200232e+00 1.2967637e-01 1.6985246e-02 1.0910368e-01
       913 2.1199789e+00 1.3022591e-01 1.7129228e-02 1.1000106e-01
       914 2.1210527e+00 1.2879216e-01 1.6730978e-02 1.0761401e-01
       915 2.1203480e+00 1.2953284e-01 1.6939694e-02 1.0903399e-01
       916 2.1202911e+00 1.2950098e-01 1.6932890e-02 1.0896781e-01
       917 2.1200161e+00 1.2922949e-01 1.6869734e-02 1.0872868e-01
       918 2.1209459e+00 1.2819105e-01 1.6579074e-02 1.0655561e-01
       919 2.1207212e+00 1.2828239e-01 1.6607981e-02 1.0688823e-01
       920 2.1208277e+00 1.2905147e-01 1.6803281e-02 1.0839964e-01
       921 2.1197630e+00 1.3021707e-01 1.7132611e-02 1.1045342e-01
       922 2.1199881e+00 1.2924442e-01 1.6874319e-02 1.0892954e-01
       923 2.1204982e+00 1.2935557e-01 1.6890015e-02 1.0876690e-01
       924 2.1201718e+00 1.2930284e-01 1.6884665e-02 1.0899981e-01
       925 2.1211462e+00 1.2823347e-01 1.6585147e-02 1.0719118e-01
       926 2.1207872e+00 1.2834974e-01 1.6623646e-02 1.0729938e-01
       927 2.1203204e+00 1.2855343e-01 1.6687624e-02 1.0763369e-01
       928 2.1210661e+00 1.2829417e-01 1.6602629e-02 1.0747136e-01
       929 2.1206765e+00 1.2778675e-01 1.6482167e-02 1.0633936e-01
       930 2.1198696e+00 1.2940552e-01 1.6919096e-02 1.0962983e-01
       931 2.1202522e+00 1.2861473e-01 1.6705128e-02 1.0802018e-01
       932 2.1205392e+00 1.2865350e-01 1.6707848e-02 1.0807777e-01
       933 2.1203761e+00 1.2861973e-01 1.6703263e-02 1.0810227e-01
       934 2.1204215e+00 1.2861601e-01 1.6701157e-02 1.0786004e-01
       935 2.1211660e+00 1.2765217e-01 1.6435932e-02 1.0645556e-01
       936 2.1200164e+00 1.2880460e-01 1.6760088e-02 1.0868042e-01
       937 2.1207333e+00 1.2825182e-01 1.6599841e-02 1.0778132e-01
       938 2.1201985e+00 1.2870030e-01 1.6728524e-02 1.0846625e-01
       939 2.1213943e+00 1.2733767e-01 1.6350369e-02 1.0648285e-01
       940 2.1209160e+00 1.2765679e-01 1.6443105e-02 1.0684355e-01
       941 2.1196596e+00 1.2933004e-01 1.6905137e-02 1.1012855e-01
       942 2.1203013e+00 1.2843542e-01 1.6657783e-02 1.0824404e-01
       943 2.1204283e+00 1.2835270e-01 1.6633324e-02 1.0822532e-01
       944 2.1213848e+00 1.2769044e-01 1.6440557e-02 1.0719954e-01
       945 2.1203498e+00 1.2761555e-01 1.6446623e-02 1.0715571e-01
       946 2.1201815e+00 1.2837496e-01 1.6645323e-02 1.0832518e-01
       947 2.1201707e+00 1.2859735e-01 1.6702747e-02 1.0892981e-01
       948 2.1198920e+00 1.2880797e-01 1.6764210e-02 1.0921814e-01
       949 2.1216513e+00 1.2692084e-01 1.6238469e-02 1.0608669e-01
       950 2.1211119e+00 1.2718066e-01 1.6317062e-02 1.0626407e-01
       951 2.1210346e+00 1.2677594e-01 1.6216131e-02 1.0574606e-01
       952 2.1215468e+00 1.2589528e-01 1.5981582e-02 1.0426849e-01
       953 2.1202726e+00 1.2766578e-01 1.6461411e-02 1.0740394e-01
       954 2.1215001e+00 1.2675923e-01 1.6200938e-02 1.0625638e-01
       955 2.1199883e+00 1.2823330e-01 1.6613975e-02 1.0904806e-01
       956 2.1213969e+00 1.2628408e-01 1.6083095e-02 1.0537994e-01
       957 2.1197973e+00 1.2832495e-01 1.6642508e-02 1.0907185e-01
       958 2.1205384e+00 1.2794374e-01 1.6525745e-02 1.0808361e-01
       959 2.1198736e+00 1.2752481e-01 1.6435780e-02 1.0805223e-01
       960 2.1212188e+00 1.2649147e-01 1.6139694e-02 1.0588337e-01
       961 2.1203864e+00 1.2705418e-01 1.6302730e-02 1.0649155e-01
       962 2.1200382e+00 1.2764191e-01 1.6461354e-02 1.0789203e-01
       963 2.1213842e+00 1.2589154e-01 1.5984404e-02 1.0479295e-01
       964 2.1204158e+00 1.2679868e-01 1.6237128e-02 1.0631595e-01
       965 2.1202630e+00 1.2765590e-01 1.6459131e-02 1.0771122e-01
       966 2.1203492e+00 1.2746717e-01 1.6408788e-02 1.0757278e-01
       967 2.1203107e+00 1.2789854e-01 1.6519924e-02 1.0879671e-01
       968 2.1203993e+00 1.2685770e-01 1.6252517e-02 1.0674448e-01
       969 2.1211757e+00 1.2684694e-01 1.6230769e-02 1.0652695e-01
       970 2.1204564e+00 1.2725851e-01 1.6352928e-02 1.0737509e-01
       971 2.1201586e+00 1.2783196e-01 1.6506792e-02 1.0847389e-01
       972 2.1209991e+00 1.2666058e-01 1.6187747e-02 1.0643390e-01
       973 2.1196765e+00 1.2840856e-01 1.6667188e-02 1.1004372e-01
       974 2.1201133e+00 1.2738943e-01 1.6395016e-02 1.0803737e-01
       975 2.1212849e+00 1.2594571e-01 1.6000369e-02 1.0540775e-01
       976 2.1211650e+00 1.2637956e-01 1.6112671e-02 1.0603742e-01
       977 2.1205646e+00 1.2694000e-01 1.6269255e-02 1.0713716e-01
       978 2.1208591e+00 1.2676023e-01 1.6216389e-02 1.0688270e-01
       979 2.1201370e+00 1.2766847e-01 1.6465576e-02 1.0865836e-01
       980 2.1216066e+00 1.2469305e-01 1.5678947e-02 1.0355659e-01
       981 2.1201863e+00 1.2745395e-01 1.6409578e-02 1.0832937e-01
       982 2.1199745e+00 1.2735575e-01 1.6390042e-02 1.0847148e-01
       983 2.1208940e+00 1.2637950e-01 1.6119163e-02 1.0662712e-01
       984 2.1218335e+00 1.2551267e-01 1.5878885e-02 1.0539087e-01
       985 2.1202060e+00 1.2743619e-01 1.6404546e-02 1.0837945e-01
       986 2.1212140e+00 1.2590234e-01 1.5991114e-02 1.0592427e-01
       987 2.1212344e+00 1.2537773e-01 1.5858812e-02 1.0495133e-01
       988 2.1211308e+00 1.2586762e-01 1.5984349e-02 1.0565579e-01
       989 2.1206977e+00 1.2708284e-01 1.6302238e-02 1.0807984e-01
       990 2.1207215e+00 1.2630179e-01 1.6103744e-02 1.0665460e-01
       991 2.1210268e+00 1.2512428e-01 1.5800261e-02 1.0451391e-01
       992 2.1212904e+00 1.2490451e-01 1.5739053e-02 1.0403961e-01
       993 2.1217182e+00 1.2446619e-01 1.5619884e-02 1.0354202e-01
       994 2.1206713e+00 1.2624851e-01 1.6091528e-02 1.0677115e-01
       995 2.1218600e+00 1.2504539e-01 1.5761210e-02 1.0492254e-01
       996 2.1205271e+00 1.2600715e-01 1.6034227e-02 1.0661655e-01
       997 2.1209305e+00 1.2555070e-01 1.5909477e-02 1.0565533e-01
       998 2.1206522e+00 1.2618105e-01 1.6074971e-02 1.0667305e-01
       999 2.1212880e+00 1.2461230e-01 1.5666200e-02 1.0389912e-01

Final Weights:         0.1074573596         0.6336968476        -0.1716931763        -0.5643002078 