# Cycles, Average Predicted Temperature, Stddev Predicted Temperature, Mean Squared Error, || MSE Gradient ||
         0 1.2636557e-02 4.0867285e-02 5.0936824e+00 4.5034185e-01
         1 1.3037294e-02 4.2080460e-02 5.0919747e+00 4.6075727e-01
         2 1.2895904e-02 4.1663857e-02 5.0925778e+00 4.5609432e-01
         3 1.3199276e-02 4.2675398e-02 5.0912942e+00 4.5985142e-01
         4 1.3209623e-02 4.2534819e-02 5.0912355e+00 4.5827136e-01
         5 1.3467347e-02 4.3368765e-02 5.0901444e+00 4.6482363e-01
         6 1.3777749e-02 4.4407050e-02 5.0888353e+00 4.7023078e-01
         7 1.3928127e-02 4.4765487e-02 5.0881889e+00 4.6978381e-01
         8 1.4284564e-02 4.5508109e-02 5.0866484e+00 5.8237111e-01
         9 1.4226151e-02 4.5531229e-02 5.0869139e+00 5.7153683e-01
        10 1.4197996e-02 4.5653472e-02 5.0870520e+00 5.7242695e-01
        11 1.4429629e-02 4.6495941e-02 5.0860851e+00 5.8073604e-01
        12 1.4719213e-02 4.7411435e-02 5.0848652e+00 5.8982135e-01
        13 1.5106161e-02 4.7587337e-02 5.0831374e+00 5.8426526e-01
        14 1.5157153e-02 4.7963257e-02 5.0829434e+00 5.8766394e-01
        15 1.5344759e-02 4.8712307e-02 5.0821701e+00 5.8985531e-01
        16 1.5515058e-02 4.9522179e-02 5.0814821e+00 5.8772785e-01
        17 1.5812575e-02 4.9861333e-02 5.0801749e+00 5.9545874e-01
        18 1.6017409e-02 5.0550986e-02 5.0793210e+00 5.9711877e-01
        19 1.6102136e-02 5.0811530e-02 5.0789656e+00 6.0164789e-01
        20 1.6157496e-02 5.1223994e-02 5.0787582e+00 5.9343643e-01
        21 1.6908619e-02 5.2687082e-02 5.0755262e+00 6.2119881e-01
        22 1.6627848e-02 5.2629918e-02 5.0767850e+00 5.9654604e-01
        23 1.7104240e-02 5.3611864e-02 5.0747434e+00 6.1903461e-01
        24 1.7142837e-02 5.3794723e-02 5.0745892e+00 6.1813277e-01
        25 1.7498614e-02 5.4843828e-02 5.0731008e+00 6.1539260e-01
        26 1.7676876e-02 5.5323151e-02 5.0723509e+00 6.1255797e-01
        27 1.7664460e-02 5.5417087e-02 5.0724172e+00 6.1319310e-01
        28 1.7938068e-02 5.5781791e-02 5.0712258e+00 6.2390228e-01
        29 1.8356271e-02 5.7086487e-02 5.0694902e+00 6.2827677e-01
        30 1.8598067e-02 5.7480921e-02 5.0684470e+00 6.2983686e-01
        31 1.9001166e-02 5.8645291e-02 5.0667680e+00 6.3940826e-01
        32 1.9246313e-02 5.9399579e-02 5.0657538e+00 6.3871912e-01
        33 1.8805631e-02 5.8465428e-02 5.0676269e+00 6.1949176e-01
        34 1.9318153e-02 6.0011755e-02 5.0655037e+00 6.2844655e-01
        35 1.9750806e-02 6.1048283e-02 5.0636825e+00 6.3539023e-01
        36 1.9623371e-02 6.0907678e-02 5.0642387e+00 6.3136374e-01
        37 1.9814265e-02 6.1606088e-02 5.0634654e+00 6.3069275e-01
        38 2.0589983e-02 6.3277022e-02 5.0601849e+00 6.4039491e-01
        39 2.0462812e-02 6.3472009e-02 5.0607816e+00 6.4185564e-01
        40 2.0734284e-02 6.3712279e-02 5.0595913e+00 6.4517002e-01
        41 2.0660281e-02 6.4582224e-02 5.0600357e+00 6.3425631e-01
        42 2.1565207e-02 6.6293928e-02 5.0561910e+00 6.5651335e-01
        43 2.1938687e-02 6.7310032e-02 5.0546480e+00 6.6563623e-01
        44 2.1490576e-02 6.6430664e-02 5.0565447e+00 6.3958077e-01
        45 2.2242986e-02 6.8353125e-02 5.0534220e+00 6.5432582e-01
        46 2.2500270e-02 6.9125591e-02 5.0523720e+00 6.6362318e-01
        47 2.2466422e-02 6.9682106e-02 5.0526014e+00 6.5885245e-01
        48 2.2575402e-02 6.9628016e-02 5.0521042e+00 6.5132357e-01
        49 2.2746193e-02 6.9901915e-02 5.0513750e+00 6.5587903e-01
        50 2.3126285e-02 7.1211865e-02 5.0498523e+00 6.6247878e-01
        51 2.4010105e-02 7.3602846e-02 5.0462291e+00 6.8066887e-01
        52 2.3467984e-02 7.2281883e-02 5.0484710e+00 6.5889539e-01
        53 2.3413509e-02 7.2480323e-02 5.0487444e+00 6.5795721e-01
        54 2.3808018e-02 7.3602538e-02 5.0471365e+00 6.6073779e-01
        55 2.4311629e-02 7.5436152e-02 5.0451485e+00 6.7308340e-01
        56 2.4623193e-02 7.5836534e-02 5.0438103e+00 6.7603791e-01
        57 2.4559366e-02 7.5842429e-02 5.0440977e+00 8.3664036e-01
        58 2.5772260e-02 7.9108565e-02 5.0391603e+00 8.6386169e-01
        59 2.6069135e-02 8.0209876e-02 5.0380038e+00 8.6433439e-01
        60 2.6802351e-02 8.2196025e-02 5.0350375e+00 8.7563621e-01
        61 2.6435755e-02 8.1344814e-02 5.0365426e+00 8.5563994e-01
        62 2.6663925e-02 8.2846089e-02 5.0357657e+00 8.4880123e-01
        63 2.7676027e-02 8.5521458e-02 5.0316778e+00 9.8715460e-01
        64 2.8000699e-02 8.5825930e-02 5.0302746e+00 9.9217585e-01
        65 2.8485038e-02 8.6868366e-02 5.0282838e+00 9.9583261e-01
        66 2.9035593e-02 8.9438938e-02 5.0262701e+00 1.0013462e+00
        67 2.9804993e-02 9.0759365e-02 5.0230615e+00 1.0125242e+00
        68 3.0193298e-02 9.2824447e-02 5.0217016e+00 9.9369268e-01
        69 3.0764903e-02 9.4201826e-02 5.0193999e+00 1.0954709e+00
        70 3.0922287e-02 9.5082302e-02 5.0188620e+00 1.1861248e+00
        71 3.1679084e-02 9.6467460e-02 5.0157401e+00 1.1945231e+00
        72 3.2698829e-02 9.8772218e-02 5.0116277e+00 1.2059300e+00
        73 3.3568697e-02 1.0163584e-01 5.0083115e+00 1.1931986e+00
        74 3.4251111e-02 1.0274831e-01 5.0054881e+00 1.2051177e+00
        75 3.3877944e-02 1.0257767e-01 5.0071212e+00 1.1708777e+00
        76 3.4924571e-02 1.0425512e-01 5.0027902e+00 1.1881693e+00
        77 3.5381182e-02 1.0633875e-01 5.0011888e+00 1.1829101e+00
        78 3.6206813e-02 1.0847826e-01 4.9979605e+00 1.1748696e+00
        79 3.7733688e-02 1.1180429e-01 4.9918766e+00 1.1965525e+00
        80 3.7971871e-02 1.1328227e-01 4.9911463e+00 1.1941269e+00
        81 3.8454253e-02 1.1297002e-01 4.9889233e+00 1.1955139e+00
        82 3.8351340e-02 1.1368294e-01 4.9895440e+00 1.1695807e+00
        83 3.9622647e-02 1.1650743e-01 4.9845237e+00 1.1834120e+00
        84 4.0139061e-02 1.1873780e-01 4.9827459e+00 1.1843843e+00
        85 4.0874547e-02 1.2076604e-01 4.9799533e+00 1.1734559e+00
        86 4.1485855e-02 1.2188690e-01 4.9775013e+00 1.1854438e+00
        87 4.2078017e-02 1.2417697e-01 4.9754268e+00 1.1839338e+00
        88 4.3042362e-02 1.2517700e-01 4.9713817e+00 1.1946835e+00
        89 4.4124830e-02 1.2873254e-01 4.9674662e+00 1.1905372e+00
        90 4.4389404e-02 1.2922514e-01 4.9664160e+00 1.2860386e+00
        91 4.4829312e-02 1.3068058e-01 4.9648370e+00 1.6923366e+00
        92 4.6901384e-02 1.3359526e-01 4.9563936e+00 1.7184440e+00
        93 4.6821437e-02 1.3515079e-01 4.9571669e+00 1.6945127e+00
        94 4.7704148e-02 1.3562436e-01 4.9533725e+00 1.6819478e+00
        95 4.7920786e-02 1.3646963e-01 4.9526401e+00 1.6885210e+00
        96 4.9156176e-02 1.3915182e-01 4.9478926e+00 1.6450445e+00
        97 5.1239285e-02 1.4180310e-01 4.9393927e+00 1.6659516e+00
        98 5.2466111e-02 1.4522553e-01 4.9349345e+00 1.7280799e+00
        99 5.3184115e-02 1.4587753e-01 4.9319416e+00 1.7133873e+00
       100 5.3834300e-02 1.4808539e-01 4.9297094e+00 1.6990759e+00
       101 5.3878726e-02 1.4754956e-01 4.9293542e+00 1.6607202e+00
       102 5.5709705e-02 1.5055533e-01 4.9221412e+00 1.6766548e+00
       103 5.6969476e-02 1.5401756e-01 4.9176203e+00 1.6534475e+00
       104 5.8200810e-02 1.5619135e-01 4.9128482e+00 1.6556302e+00
       105 5.9676454e-02 1.5948864e-01 4.9073660e+00 1.6556800e+00
       106 6.1350076e-02 1.6257103e-01 4.9009658e+00 1.6594242e+00
       107 6.1579272e-02 1.6238257e-01 4.8998925e+00 1.7118896e+00
       108 6.3213391e-02 1.6711320e-01 4.8942390e+00 1.7700172e+00
       109 6.5405379e-02 1.6996557e-01 4.8855343e+00 1.7934328e+00
       110 6.5386465e-02 1.7054266e-01 4.8858142e+00 1.7626278e+00
       111 6.6382004e-02 1.7274651e-01 4.8821838e+00 1.7299922e+00
       112 6.6375095e-02 1.7323310e-01 4.8823826e+00 1.6971651e+00
       113 6.9112154e-02 1.7771648e-01 4.8719051e+00 1.7276105e+00
       114 6.8692139e-02 1.7632363e-01 4.8732602e+00 1.7070861e+00
       115 7.0205971e-02 1.8060679e-01 4.8681290e+00 1.6926155e+00
       116 7.1636837e-02 1.8423795e-01 4.8631629e+00 1.6681773e+00
       117 7.2417804e-02 1.8586693e-01 4.8603340e+00 1.6694181e+00
       118 7.4135633e-02 1.8969262e-01 4.8542264e+00 1.6509162e+00
       119 7.6173742e-02 1.9351821e-01 4.8467491e+00 1.6705678e+00
       120 7.5694623e-02 1.9467935e-01 4.8493015e+00 1.6437922e+00
       121 7.6543715e-02 1.9594026e-01 4.8460698e+00 1.6290287e+00
       122 7.6528578e-02 1.9501594e-01 4.8457748e+00 1.6119138e+00
       123 7.8740294e-02 2.0027831e-01 4.8381608e+00 1.6204838e+00
       124 7.9698298e-02 2.0278340e-01 4.8349745e+00 1.6030964e+00
       125 8.0504191e-02 2.0278116e-01 4.8314453e+00 1.9073211e+00
       126 8.0640197e-02 2.0507503e-01 4.8317855e+00 1.8815067e+00
       127 8.2403929e-02 2.0986320e-01 4.8260554e+00 1.8561234e+00
       128 8.4452403e-02 2.1416481e-01 4.8189245e+00 1.8600881e+00
       129 8.4970014e-02 2.1421733e-01 4.8166855e+00 1.8389477e+00
       130 8.7877527e-02 2.2170449e-01 4.8072565e+00 1.8402303e+00
       131 8.7237461e-02 2.1869569e-01 4.8087242e+00 1.8502017e+00
       132 8.8570801e-02 2.2325159e-01 4.8049209e+00 1.8067704e+00
       133 9.0459832e-02 2.2665026e-01 4.7982151e+00 1.8530750e+00
       134 9.1900549e-02 2.2929501e-01 4.7931451e+00 1.8461907e+00
       135 9.3739850e-02 2.3335190e-01 4.7870161e+00 1.8412308e+00
       136 9.2765774e-02 2.3293265e-01 4.7910596e+00 1.7737185e+00
       137 9.5036608e-02 2.4010009e-01 4.7845706e+00 1.7810694e+00
       138 9.5023841e-02 2.3881866e-01 4.7840125e+00 1.7632142e+00
       139 9.7908489e-02 2.4394576e-01 4.7739526e+00 1.7877640e+00
       140 9.9670630e-02 2.4727351e-01 4.7679382e+00 1.7666910e+00
       141 9.9085539e-02 2.4936946e-01 4.7715182e+00 1.7313454e+00
       142 9.9994476e-02 2.5192764e-01 4.7688564e+00 1.7151886e+00
       143 1.0269125e-01 2.5618247e-01 4.7593260e+00 1.7492746e+00
       144 1.0252166e-01 2.5523204e-01 4.7595748e+00 1.7102749e+00
       145 1.0545643e-01 2.6266687e-01 4.7507166e+00 1.7349889e+00
       146 1.0548378e-01 2.6469589e-01 4.7516682e+00 1.7733519e+00
       147 1.0743864e-01 2.6700932e-01 4.7444427e+00 1.7662857e+00
       148 1.0789962e-01 2.6770160e-01 4.7428200e+00 1.7519289e+00
       149 1.0995324e-01 2.7196331e-01 4.7362472e+00 1.7734498e+00
       150 1.1038050e-01 2.7423925e-01 4.7356454e+00 1.7345581e+00
       151 1.1087425e-01 2.7682171e-01 4.7349369e+00 1.7253890e+00
       152 1.1146850e-01 2.7728607e-01 4.7326294e+00 1.7017307e+00
       153 1.1507642e-01 2.8531238e-01 4.7215883e+00 1.7201420e+00
       154 1.1410347e-01 2.8445019e-01 4.7252897e+00 1.6847336e+00
       155 1.1788969e-01 2.9331506e-01 4.7141066e+00 1.6992365e+00
       156 1.1717005e-01 2.9080464e-01 4.7157370e+00 1.6930628e+00
       157 1.2035021e-01 2.9634825e-01 4.7053146e+00 1.6998446e+00
       158 1.2088122e-01 2.9889960e-01 4.7045514e+00 1.6663449e+00
       159 1.2326574e-01 3.0655800e-01 4.6989486e+00 1.6610550e+00
       160 1.2265802e-01 3.0450114e-01 4.7003004e+00 1.6442564e+00
       161 1.2628229e-01 3.1210043e-01 4.6894400e+00 1.6556813e+00
       162 1.2560986e-01 3.1400624e-01 4.6935157e+00 1.6249656e+00
       163 1.2387986e-01 3.0895795e-01 4.6977905e+00 1.6049158e+00
       164 1.2895687e-01 3.1933845e-01 4.6825549e+00 1.6274667e+00
       165 1.2843274e-01 3.1861067e-01 4.6843344e+00 1.6192472e+00
       166 1.3001612e-01 3.2304029e-01 4.6803999e+00 1.6039203e+00
       167 1.3207249e-01 3.2548069e-01 4.6731889e+00 1.6144845e+00
       168 1.3178335e-01 3.3153905e-01 4.6784053e+00 1.5671300e+00
       169 1.3454013e-01 3.3201857e-01 4.6669464e+00 1.6025764e+00
       170 1.3480232e-01 3.3782515e-01 4.6697166e+00 1.5482182e+00
       171 1.3517457e-01 3.3695170e-01 4.6675383e+00 1.5598898e+00
       172 1.3855849e-01 3.4370307e-01 4.6577025e+00 1.5731489e+00
       173 1.3962453e-01 3.4463168e-01 4.6538001e+00 1.5672418e+00
       174 1.3919725e-01 3.4583968e-01 4.6564543e+00 1.5582163e+00
       175 1.4156335e-01 3.5111660e-01 4.6500581e+00 1.5483908e+00
       176 1.4210418e-01 3.5244304e-01 4.6486902e+00 1.5342032e+00
       177 1.4482250e-01 3.5837094e-01 4.6413471e+00 1.5413337e+00
       178 1.4413333e-01 3.5972750e-01 4.6452498e+00 1.5190101e+00
       179 1.4618587e-01 3.6434173e-01 4.6398715e+00 1.4962379e+00
       180 1.4817666e-01 3.6517631e-01 4.6320314e+00 1.5311203e+00
       181 1.4949387e-01 3.7105996e-01 4.6307773e+00 1.5204152e+00
       182 1.5073081e-01 3.7472692e-01 4.6282697e+00 1.4990613e+00
       183 1.5201636e-01 3.7760494e-01 4.6249899e+00 1.5014364e+00
       184 1.5337837e-01 3.8326873e-01 4.6235339e+00 1.4661175e+00
       185 1.5434777e-01 3.8326892e-01 4.6194329e+00 1.4918418e+00
       186 1.5386952e-01 3.8349201e-01 4.6216270e+00 1.4513386e+00
       187 1.5567529e-01 3.8790230e-01 4.6173928e+00 1.4483747e+00
       188 1.5643987e-01 3.9055469e-01 4.6162263e+00 1.4427554e+00
       189 1.5595521e-01 3.9189313e-01 4.6193217e+00 1.4116095e+00
       190 1.5883391e-01 3.9577775e-01 4.6102231e+00 1.4360892e+00
       191 1.6262389e-01 4.0374825e-01 4.6006137e+00 1.4390180e+00
       192 1.6424999e-01 4.0427867e-01 4.5941940e+00 1.4593519e+00
       193 1.6031538e-01 4.0084115e-01 4.6080060e+00 1.4163604e+00
       194 1.6492374e-01 4.0870565e-01 4.5949571e+00 1.4193935e+00
       195 1.6413222e-01 4.1056552e-01 4.5998126e+00 1.3798817e+00
       196 1.6877548e-01 4.1729374e-01 4.5858555e+00 1.4081679e+00
       197 1.6820553e-01 4.1716477e-01 4.5881425e+00 1.4088578e+00
       198 1.6822954e-01 4.1821728e-01 4.5889209e+00 1.3943780e+00
       199 1.7078749e-01 4.2253731e-01 4.5818112e+00 1.4026708e+00
       200 1.6886584e-01 4.1947286e-01 4.5872994e+00 1.3806927e+00
       201 1.7323969e-01 4.2864725e-01 4.5767265e+00 1.3724003e+00
       202 1.7373308e-01 4.2993553e-01 4.5757646e+00 1.3634216e+00
       203 1.7275003e-01 4.3122798e-01 4.5809985e+00 1.3449164e+00
       204 1.7731761e-01 4.3739492e-01 4.5672248e+00 1.3717569e+00
       205 1.7458009e-01 4.3623619e-01 4.5776730e+00 1.3341755e+00
       206 1.7870936e-01 4.4450276e-01 4.5676724e+00 1.3269405e+00
       207 1.7920955e-01 4.4702951e-01 4.5678341e+00 1.3100420e+00
       208 1.8220035e-01 4.4939391e-01 4.5574611e+00 1.3381360e+00
       209 1.8499280e-01 4.5629482e-01 4.5520634e+00 1.3296429e+00
       210 1.8147086e-01 4.5310068e-01 4.5638519e+00 1.2888132e+00
       211 1.8352003e-01 4.5571218e-01 4.5576733e+00 1.2782667e+00
       212 1.8633944e-01 4.6290134e-01 4.5525246e+00 1.2789312e+00
       213 1.8469568e-01 4.5981307e-01 4.5565251e+00 1.2684273e+00
       214 1.9059740e-01 4.6785012e-01 4.5394114e+00 1.2918221e+00
       215 1.9046262e-01 4.7028309e-01 4.5422542e+00 1.2642843e+00
       216 1.9028864e-01 4.7042254e-01 4.5431088e+00 1.2535939e+00
       217 1.8816479e-01 4.7010509e-01 4.5516452e+00 1.2330210e+00
       218 1.9341048e-01 4.7716975e-01 4.5365321e+00 1.2557785e+00
       219 1.9193809e-01 4.8033498e-01 4.5456777e+00 1.1983794e+00
       220 1.9328262e-01 4.7762408e-01 4.5374968e+00 1.2378022e+00
       221 1.9586709e-01 4.8589963e-01 4.5347469e+00 1.2041510e+00
       222 1.9598578e-01 4.8570719e-01 4.5340678e+00 1.2118380e+00
       223 2.0165706e-01 4.9719808e-01 4.5218790e+00 1.2098759e+00
       224 1.9779463e-01 4.9290729e-01 4.5336169e+00 1.1705747e+00
       225 2.0035777e-01 4.9671808e-01 4.5267763e+00 1.1887021e+00
       226 2.0193735e-01 5.0138501e-01 4.5249011e+00 1.1633076e+00
       227 2.0141653e-01 5.0307310e-01 4.5287503e+00 1.1413580e+00
       228 2.0603891e-01 5.0901385e-01 4.5156682e+00 1.1638249e+00
       229 2.0428579e-01 5.0519916e-01 4.5190362e+00 1.1577334e+00
       230 2.0451423e-01 5.0906970e-01 4.5220187e+00 1.1200205e+00
       231 2.0391405e-01 5.1202137e-01 4.5275113e+00 1.1021480e+00
       232 2.1214416e-01 5.2340001e-01 4.5053659e+00 1.1109516e+00
       233 2.0999082e-01 5.2132230e-01 4.5120589e+00 1.0999980e+00
       234 2.0860814e-01 5.1875547e-01 4.5150855e+00 1.1043045e+00
       235 2.1175641e-01 5.2801875e-01 4.5118175e+00 1.0662794e+00
       236 2.1215428e-01 5.2835389e-01 4.5105345e+00 1.0549630e+00
       237 2.1258789e-01 5.3055141e-01 4.5110778e+00 1.0446891e+00
       238 2.1566314e-01 5.3575251e-01 4.5039841e+00 1.0520081e+00
       239 2.1417539e-01 5.3196722e-01 4.5060549e+00 1.0552784e+00
       240 2.1159131e-01 5.3307476e-01 4.5178618e+00 1.0096273e+00
       241 2.1787395e-01 5.4303260e-01 4.5027627e+00 1.0096174e+00
       242 2.1680805e-01 5.4002157e-01 4.5038757e+00 1.0161285e+00
       243 2.2061803e-01 5.4991785e-01 4.4990376e+00 1.0012312e+00
       244 2.2292555e-01 5.5443421e-01 4.4945763e+00 9.9171453e-01
       245 2.2255764e-01 5.5290017e-01 4.4943835e+00 9.8606955e-01
       246 2.2397961e-01 5.5444110e-01 4.4902713e+00 9.8529360e-01
       247 2.2387677e-01 5.5924362e-01 4.4960405e+00 9.5185085e-01
       248 2.2506480e-01 5.5961934e-01 4.4916025e+00 9.5676306e-01
       249 2.2837126e-01 5.6679753e-01 4.4861814e+00 9.4733779e-01
       250 2.2981837e-01 5.7056508e-01 4.4845621e+00 9.2522443e-01
       251 2.3031860e-01 5.7192237e-01 4.4840727e+00 9.1502796e-01
       252 2.3255644e-01 5.7392668e-01 4.4772490e+00 9.3957655e-01
       253 2.3210625e-01 5.7578527e-01 4.4812198e+00 9.1470787e-01
       254 2.2678706e-01 5.6729246e-01 4.4932114e+00 9.0691200e-01
       255 2.3056266e-01 5.7441301e-01 4.4859326e+00 9.0639525e-01
       256 2.3504977e-01 5.8399572e-01 4.4787584e+00 8.7407662e-01
       257 2.3209869e-01 5.8085679e-01 4.4871165e+00 8.7322329e-01
       258 2.3163941e-01 5.8068099e-01 4.4887837e+00 8.6165638e-01
       259 2.4020505e-01 5.9363058e-01 4.4691582e+00 8.6269281e-01
       260 2.4021948e-01 5.9210605e-01 4.4672920e+00 8.8183798e-01
       261 2.4050045e-01 5.9708224e-01 4.4720695e+00 8.4727332e-01
       262 2.3978811e-01 5.9473913e-01 4.4721676e+00 8.4537158e-01
       263 2.3622296e-01 5.9186991e-01 4.4832459e+00 8.2117188e-01
       264 2.4173015e-01 5.9952703e-01 4.4700071e+00 8.2475903e-01
       265 2.4139608e-01 5.9873661e-01 4.4704147e+00 8.2033510e-01
       266 2.4222197e-01 6.0018428e-01 4.4688016e+00 8.1608823e-01
       267 2.3987472e-01 6.0047919e-01 4.4786768e+00 7.8882663e-01
       268 2.4406772e-01 6.0452543e-01 4.4665522e+00 8.0715426e-01
       269 2.4797021e-01 6.1551844e-01 4.4641734e+00 7.5766979e-01
       270 2.4447453e-01 6.1191682e-01 4.4738960e+00 7.5004580e-01
       271 2.4805173e-01 6.1919917e-01 4.4683886e+00 7.2712424e-01
       272 2.4955581e-01 6.2009915e-01 4.4634263e+00 7.4183770e-01
       273 2.4976869e-01 6.1979648e-01 4.4621912e+00 7.4950477e-01
       274 2.5840839e-01 6.3245641e-01 4.4432250e+00 7.2800814e-01
       275 2.5308745e-01 6.3116876e-01 4.4630246e+00 6.9140517e-01
       276 2.5051042e-01 6.2776399e-01 4.4691359e+00 6.7748479e-01
       277 2.4882484e-01 6.2124520e-01 4.4678021e+00 7.2029853e-01
       278 2.5460355e-01 6.3355665e-01 4.4599337e+00 6.7487439e-01
       279 2.4938907e-01 6.2655678e-01 4.4721503e+00 6.6237609e-01
       280 2.4775880e-01 6.2407296e-01 4.4756322e+00 6.7786032e-01
       281 2.5669734e-01 6.3412531e-01 4.4522227e+00 6.9400564e-01
       282 2.5884095e-01 6.4101281e-01 4.4523819e+00 6.5073499e-01
       283 2.5735413e-01 6.3810565e-01 4.4546435e+00 6.5952200e-01
       284 2.5610504e-01 6.3855498e-01 4.4602447e+00 6.4785951e-01
       285 2.5708067e-01 6.4324006e-01 4.4623229e+00 6.1543639e-01
       286 2.6064130e-01 6.4077130e-01 4.4448369e+00 6.7456084e-01
       287 2.6250477e-01 6.5238835e-01 4.4523774e+00 6.0322704e-01
       288 2.6097118e-01 6.5111290e-01 4.4568720e+00 6.0057936e-01
       289 2.6106204e-01 6.4478602e-01 4.4483081e+00 6.4983820e-01
       290 2.6566389e-01 6.5753771e-01 4.4464540e+00 5.8346802e-01
       291 2.6429914e-01 6.5637095e-01 4.4503914e+00 5.7791605e-01
       292 2.6288648e-01 6.5483606e-01 4.4540453e+00 5.9137714e-01
       293 2.6740170e-01 6.6144588e-01 4.4446483e+00 5.7504651e-01
       294 2.6846271e-01 6.6443656e-01 4.4443669e+00 5.7393661e-01
       295 2.6557614e-01 6.5862766e-01 4.4482401e+00 5.7864687e-01
       296 2.6223743e-01 6.5466705e-01 4.4564288e+00 5.6299125e-01
       297 2.6955835e-01 6.6931178e-01 4.4464862e+00 5.4258773e-01
       298 2.6928820e-01 6.6627265e-01 4.4435077e+00 5.5100450e-01
       299 2.6897783e-01 6.6675027e-01 4.4453859e+00 5.5803594e-01
       300 2.7524732e-01 6.7935221e-01 4.4373081e+00 4.9869817e-01
       301 2.6685708e-01 6.6096837e-01 4.4461976e+00 5.6954551e-01
       302 2.7205470e-01 6.7373581e-01 4.4424506e+00 5.2174058e-01
       303 2.7432476e-01 6.7686810e-01 4.4376191e+00 5.1236072e-01
       304 2.7412291e-01 6.7901199e-01 4.4413313e+00 4.8877284e-01
       305 2.7421942e-01 6.7913268e-01 4.4411101e+00 4.9337649e-01
       306 2.7276248e-01 6.8062088e-01 4.4489489e+00 4.6970172e-01
       307 2.7899141e-01 6.9279130e-01 4.4408316e+00 4.2305798e-01
       308 2.7850529e-01 6.8785990e-01 4.4359582e+00 4.6053153e-01
       309 2.7633681e-01 6.8657641e-01 4.4428323e+00 4.5147963e-01
       310 2.7306260e-01 6.8051037e-01 4.4476002e+00 4.5735157e-01
       311 2.7869302e-01 6.9194522e-01 4.4408478e+00 4.3034398e-01
       312 2.7449160e-01 6.8493080e-01 4.4479332e+00 4.3659125e-01
       313 2.8090632e-01 6.9637354e-01 4.4381894e+00 4.1062249e-01
       314 2.8025831e-01 6.9928583e-01 4.4448313e+00 3.9279335e-01
       315 2.8124926e-01 6.9974627e-01 4.4415346e+00 4.0455862e-01
       316 2.8003828e-01 6.9680616e-01 4.4422447e+00 3.9761350e-01
       317 2.8243503e-01 6.9803668e-01 4.4344319e+00 4.2106496e-01
       318 2.8178061e-01 6.9633616e-01 4.4346615e+00 4.2818140e-01
       319 2.8404338e-01 7.0536713e-01 4.4383313e+00 3.8087693e-01
       320 2.8269127e-01 7.0555897e-01 4.4439721e+00 3.6159757e-01
       321 2.8391688e-01 7.0546586e-01 4.4389728e+00 3.7228857e-01
       322 2.8246300e-01 7.0518769e-01 4.4443552e+00 3.4451283e-01
       323 2.8997145e-01 7.1673116e-01 4.4309911e+00 3.3298772e-01
       324 2.9091042e-01 7.1961420e-01 4.4314162e+00 3.2048125e-01
       325 2.8807488e-01 7.1118109e-01 4.4305771e+00 3.6465372e-01
       326 2.8699032e-01 7.1565490e-01 4.4412589e+00 3.2063524e-01
       327 2.9043479e-01 7.2040886e-01 4.4344426e+00 3.0551471e-01
       328 2.8667231e-01 7.1397023e-01 4.4401113e+00 3.2656815e-01
       329 2.8683529e-01 7.1265805e-01 4.4375931e+00 3.4396563e-01
       330 2.8778902e-01 7.1434233e-01 4.4362162e+00 3.3716777e-01
       331 2.8814100e-01 7.1687922e-01 4.4384524e+00 3.1684110e-01
       332 2.8995251e-01 7.1695774e-01 4.4313909e+00 3.3311513e-01
       333 2.8661246e-01 7.1604328e-01 4.4433131e+00 2.9307989e-01
       334 2.8882820e-01 7.2329454e-01 4.4449693e+00 2.6664739e-01
       335 2.9440880e-01 7.2882233e-01 4.4309243e+00 2.7569626e-01
       336 2.9033618e-01 7.2147644e-01 4.4363721e+00 2.9327721e-01
       337 2.8805910e-01 7.1632896e-01 4.4379883e+00 3.1714017e-01
       338 2.9017682e-01 7.2796632e-01 4.4464096e+00 2.3470052e-01
       339 2.9160793e-01 7.2080224e-01 4.4303682e+00 3.0979592e-01
       340 2.8565025e-01 7.1559269e-01 4.4464843e+00 2.8960796e-01
       341 2.9335937e-01 7.3216032e-01 4.4399469e+00 2.4210099e-01
       342 2.9232766e-01 7.2883943e-01 4.4391731e+00 2.6550275e-01
       343 3.0087793e-01 7.4007580e-01 4.4219461e+00 2.5133570e-01
       344 2.9134356e-01 7.2130062e-01 4.4321326e+00 2.9205670e-01
       345 2.9385666e-01 7.2641550e-01 4.4296028e+00 2.7688139e-01
       346 2.8916162e-01 7.2311424e-01 4.4433880e+00 2.6895318e-01
       347 2.8877670e-01 7.2229815e-01 4.4437329e+00 2.6036483e-01
       348 2.9791528e-01 7.3738299e-01 4.4296392e+00 2.4138802e-01
       349 2.9822167e-01 7.3973133e-01 4.4319001e+00 2.1351918e-01
       350 2.9471104e-01 7.3360288e-01 4.4367219e+00 2.2914536e-01
       351 2.9336874e-01 7.2987010e-01 4.4365615e+00 2.4154028e-01
       352 2.9592132e-01 7.3396379e-01 4.4324737e+00 2.3998295e-01
       353 2.9694068e-01 7.2904213e-01 4.4212513e+00 2.8892765e-01
       354 2.9261525e-01 7.3103068e-01 4.4412351e+00 2.2692549e-01
       355 2.9916711e-01 7.4455215e-01 4.4353296e+00 1.9177796e-01
       356 2.9842456e-01 7.4075423e-01 4.4326148e+00 2.1709244e-01
       357 3.0360397e-01 7.4398126e-01 4.4170181e+00 2.4250230e-01
       358 2.9928423e-01 7.4247486e-01 4.4317792e+00 2.0635162e-01
       359 3.0514992e-01 7.5288911e-01 4.4242771e+00 1.6367535e-01
       360 2.9802150e-01 7.4178958e-01 4.4357386e+00 1.8113516e-01
       361 3.0236627e-01 7.5198287e-01 4.4338554e+00 1.5161543e-01
       362 2.9875733e-01 7.4639161e-01 4.4396869e+00 1.5468218e-01
       363 3.0362397e-01 7.5107597e-01 4.4275465e+00 1.8078821e-01
       364 3.0061949e-01 7.5259545e-01 4.4416513e+00 1.3327253e-01
       365 3.0199048e-01 7.4698001e-01 4.4278347e+00 2.0514191e-01
       366 3.0005902e-01 7.4493208e-01 4.4323822e+00 1.8931583e-01
       367 3.0320258e-01 7.4782691e-01 4.4243332e+00 2.0118158e-01
       368 3.0503511e-01 7.5406099e-01 4.4264940e+00 1.5749953e-01
       369 3.0449898e-01 7.5695591e-01 4.4329746e+00 1.2486924e-01
       370 3.0489117e-01 7.5222909e-01 4.4243001e+00 1.8224575e-01
       371 3.0999639e-01 7.5978280e-01 4.4156912e+00 1.5655433e-01
       372 3.0186646e-01 7.5445375e-01 4.4395439e+00 1.3060628e-01
       373 3.0307840e-01 7.5470100e-01 4.4351500e+00 1.4478207e-01
       374 3.1112801e-01 7.5807808e-01 4.4086708e+00 1.7521751e-01
       375 3.0338250e-01 7.5529475e-01 4.4348509e+00 1.4588073e-01
       376 2.9970719e-01 7.5242104e-01 4.4449815e+00 1.3068324e-01
       377 3.0288072e-01 7.5023091e-01 4.4292002e+00 1.7758302e-01
       378 3.0553668e-01 7.5511621e-01 4.4261165e+00 1.6564425e-01
       379 3.0792131e-01 7.6140638e-01 4.4262962e+00 1.2789546e-01
       380 3.0171547e-01 7.5533586e-01 4.4414698e+00 1.1953828e-01
       381 3.0398682e-01 7.5578976e-01 4.4332233e+00 1.3397959e-01
       382 3.0476101e-01 7.5946271e-01 4.4357464e+00 1.1188186e-01
       383 3.0751682e-01 7.6148751e-01 4.4280065e+00 1.2753755e-01
       384 3.0063209e-01 7.4931332e-01 4.4366723e+00 1.6161664e-01
       385 3.0432935e-01 7.5637610e-01 4.4327637e+00 1.2927593e-01
       386 3.0414156e-01 7.5694809e-01 4.4343674e+00 1.1912895e-01
       387 3.0907223e-01 7.6316686e-01 4.4244670e+00 1.2648286e-01
       388 3.1321894e-01 7.6944357e-01 4.4178479e+00 1.0254031e-01
       389 3.0926635e-01 7.6385164e-01 4.4247517e+00 1.1345205e-01
       390 3.1182769e-01 7.7146072e-01 4.4264005e+00 7.9790740e-02
       391 3.0721803e-01 7.6737953e-01 4.4381869e+00 6.6044295e-02
       392 3.0483936e-01 7.5874313e-01 4.4343461e+00 1.1835329e-01
       393 3.1135483e-01 7.6708865e-01 4.4215252e+00 1.0293469e-01
       394 3.0126628e-01 7.5669748e-01 4.4452964e+00 1.0460337e-01
       395 3.0686928e-01 7.5935424e-01 4.4273031e+00 1.3251197e-01
       396 3.0974600e-01 7.6399972e-01 4.4230980e+00 1.1492019e-01
       397 3.0942646e-01 7.7051713e-01 4.4343514e+00 5.7812412e-02
       398 3.0636709e-01 7.6098879e-01 4.4317593e+00 1.1313989e-01
       399 3.0551040e-01 7.6028660e-01 4.4340549e+00 1.1284709e-01
       400 3.1701527e-01 7.8365762e-01 4.4250871e+00 2.0673740e-02
       401 3.1148459e-01 7.6841011e-01 4.4230462e+00 9.7451431e-02
       402 3.1163148e-01 7.7409349e-01 4.4312378e+00 5.6511787e-02
       403 3.1232054e-01 7.7266232e-01 4.4263268e+00 6.5220329e-02
       404 3.0962664e-01 7.6840099e-01 4.4303103e+00 7.4192899e-02
       405 3.0662287e-01 7.6126958e-01 4.4311827e+00 1.0782330e-01
       406 3.1032975e-01 7.7109563e-01 4.4317036e+00 6.2512821e-02
       407 3.1049130e-01 7.7170281e-01 4.4320075e+00 5.9576939e-02
       408 3.1456074e-01 7.7261653e-01 4.4174935e+00 1.0742987e-01
       409 3.1166192e-01 7.7105929e-01 4.4264303e+00 7.9760728e-02
       410 3.1106176e-01 7.7075467e-01 4.4283106e+00 8.8814377e-02
       411 3.1573929e-01 7.7577213e-01 4.4177738e+00 7.9202023e-02
       412 3.0626934e-01 7.6300112e-01 4.4352098e+00 1.1130448e-01
       413 3.1260392e-01 7.7287457e-01 4.4255458e+00 7.0504196e-02
       414 3.1032643e-01 7.7400692e-01 4.4362148e+00 4.9511748e-02
       415 3.1388545e-01 7.7754452e-01 4.4277730e+00 4.4153327e-02
       416 3.0899798e-01 7.7262771e-01 4.4392879e+00 4.3168911e-02
       417 3.1679723e-01 7.7950844e-01 4.4194527e+00 5.3798483e-02
       418 3.1285197e-01 7.7749278e-01 4.4317352e+00 3.2839486e-02
       419 3.1439531e-01 7.8010003e-01 4.4297600e+00 3.8606123e-02
       420 3.1577717e-01 7.8288935e-01 4.4287191e+00 1.7785329e-02
       421 3.1361251e-01 7.7366039e-01 4.4228154e+00 7.7559918e-02
       422 3.1368066e-01 7.7906069e-01 4.4309340e+00 3.1347288e-02
       423 3.0935778e-01 7.7230663e-01 4.4373815e+00 5.5671416e-02
       424 3.0197828e-01 7.5894386e-01 4.4458993e+00 8.1652063e-02
       425 3.1446668e-01 7.7454500e-01 4.4208449e+00 8.4306445e-02
       426 3.1444351e-01 7.8142163e-01 4.4316353e+00 1.8390928e-02
       427 3.1613392e-01 7.8077786e-01 4.4240238e+00 4.2991824e-02
       428 3.1389723e-01 7.7755453e-01 4.4277425e+00 4.5667680e-02
       429 3.1384446e-01 7.7929605e-01 4.4306602e+00 2.6269771e-02
       430 3.1731692e-01 7.8533075e-01 4.4265346e+00 1.1597539e-02
       431 3.1649574e-01 7.8092883e-01 4.4228464e+00 3.4796740e-02
       432 3.1482299e-01 7.8134037e-01 4.4300249e+00 2.1535592e-02
       433 3.1503240e-01 7.7626094e-01 4.4212947e+00 6.6247252e-02
       434 3.1347171e-01 7.7799760e-01 4.4300960e+00 3.3854209e-02
       435 3.1486074e-01 7.8341896e-01 4.4331298e+00 1.3151822e-02
       436 3.1441852e-01 7.8343787e-01 4.4348881e+00 6.5495143e-03
       437 3.1601521e-01 7.8218717e-01 4.4266902e+00 3.4253811e-02
       438 3.1581290e-01 7.8578904e-01 4.4331282e+00 5.0393545e-03
       439 3.1509159e-01 7.8472595e-01 4.4342771e+00 1.0486730e-02
       440 3.1179361e-01 7.7570257e-01 4.4330968e+00 4.0923158e-02
       441 3.1564529e-01 7.8483774e-01 4.4322889e+00 2.8924248e-03
       442 3.1272776e-01 7.7383474e-01 4.4265464e+00 7.1244998e-02
       443 3.1873925e-01 7.8742999e-01 4.4242858e+00 6.8860260e-03
       444 3.2024840e-01 7.9180478e-01 4.4253099e+00 2.6531322e-02
       445 3.1320861e-01 7.7683524e-01 4.4293179e+00 4.9023010e-02
       446 3.1256708e-01 7.7736668e-01 4.4326539e+00 3.3194854e-02
       447 3.1790201e-01 7.8194701e-01 4.4189477e+00 4.5007747e-02
       448 3.1077158e-01 7.7696045e-01 4.4390519e+00 2.6059557e-02
       449 3.1837298e-01 7.8415530e-01 4.4205683e+00 3.1451470e-02
       450 3.1186885e-01 7.7374096e-01 4.4297628e+00 6.0555797e-02
       451 3.1446585e-01 7.8336719e-01 4.4345923e+00 2.3304308e-02
       452 3.1437144e-01 7.8254617e-01 4.4336758e+00 2.2426646e-02
       453 3.1353003e-01 7.7758551e-01 4.4292268e+00 4.6409999e-02
       454 3.1452409e-01 7.7852529e-01 4.4268021e+00 4.4019845e-02
       455 3.1439744e-01 7.8107324e-01 4.4312710e+00 1.8333494e-02
       456 3.1373634e-01 7.7690122e-01 4.4273562e+00 4.7561967e-02
       457 3.1221399e-01 7.7608682e-01 4.4320475e+00 3.7515935e-02
       458 3.1228906e-01 7.7536974e-01 4.4306412e+00 4.9464609e-02
       459 3.1795889e-01 7.8834637e-01 4.4287746e+00 1.2466076e-02
       460 3.1409326e-01 7.7780319e-01 4.4273627e+00 4.1953615e-02
       461 3.1047427e-01 7.7309931e-01 4.4342315e+00 5.7851340e-02
       462 3.1991659e-01 7.8588268e-01 4.4172601e+00 2.6363797e-02
       463 3.1722607e-01 7.8289401e-01 4.4230679e+00 2.7466952e-02
       464 3.1554135e-01 7.8245804e-01 4.4289653e+00 1.7891327e-02
       465 3.1675351e-01 7.8926245e-01 4.4349252e+00 2.2857078e-02
       466 3.1810379e-01 7.8565183e-01 4.4239679e+00 1.3783981e-02
       467 3.2128158e-01 7.8472420e-01 4.4101210e+00 7.4927891e-02
       468 3.1475682e-01 7.8357655e-01 4.4337829e+00 1.0686414e-02
       469 3.1723028e-01 7.8241217e-01 4.4222973e+00 2.8732887e-02
       470 3.1453996e-01 7.8461383e-01 4.4362573e+00 1.6950235e-02
       471 3.2266259e-01 7.9182927e-01 4.4159443e+00 5.7928846e-03
       472 3.1788385e-01 7.9045016e-01 4.4323889e+00 1.8697437e-02
       473 3.1582549e-01 7.8286796e-01 4.4284968e+00 2.9499780e-02
       474 3.1824412e-01 7.8450977e-01 4.4216271e+00 2.3880942e-02
       475 3.1236298e-01 7.8307211e-01 4.4423556e+00 2.1225297e-02
       476 3.1978502e-01 7.8551530e-01 4.4171958e+00 3.9217757e-02
       477 3.1323325e-01 7.7503052e-01 4.4264208e+00 7.4172071e-02
       478 3.1660702e-01 7.8153725e-01 4.4233625e+00 3.7108821e-02
       479 3.1677732e-01 7.8409732e-01 4.4267056e+00 3.5236660e-02
       480 3.1659564e-01 7.8411927e-01 4.4274495e+00 2.9699418e-02
       481 3.0975747e-01 7.7348466e-01 4.4376360e+00 3.8757616e-02
       482 3.1583168e-01 7.8552863e-01 4.4326456e+00 5.3566374e-03
       483 3.1604307e-01 7.8171444e-01 4.4258421e+00 2.5341780e-02
       484 3.1573513e-01 7.8703850e-01 4.4353972e+00 1.2714841e-02
       485 3.1624212e-01 7.8002767e-01 4.4224303e+00 4.7864619e-02
       486 3.2002767e-01 7.9520648e-01 4.4315689e+00 4.3500788e-02
       487 3.0944491e-01 7.7983832e-01 4.4487302e+00 2.1869987e-02
       488 3.2135326e-01 7.9525861e-01 4.4264860e+00 3.9122850e-02
       489 3.1615495e-01 7.8461261e-01 4.4299445e+00 1.5115081e-02
       490 3.1367601e-01 7.7997896e-01 4.4323838e+00 2.4090790e-02
       491 3.1306040e-01 7.7873072e-01 4.4328462e+00 3.3241322e-02
       492 3.1582694e-01 7.8575213e-01 4.4330154e+00 2.4628991e-02
       493 3.1655534e-01 7.8472618e-01 4.4285590e+00 1.0634716e-02
       494 3.1351648e-01 7.8343911e-01 4.4384175e+00 4.5006561e-03
       495 3.1791805e-01 7.8682799e-01 4.4265422e+00 5.5876504e-03
       496 3.1745644e-01 7.9004641e-01 4.4334189e+00 4.2883961e-02
       497 3.2301370e-01 7.9720271e-01 4.4231161e+00 2.8585627e-02
       498 3.1577653e-01 7.8070758e-01 4.4253102e+00 3.3595420e-02
       499 3.1585323e-01 7.8324390e-01 4.4289772e+00 2.0372138e-02
       500 3.1490764e-01 7.8371503e-01 4.4334105e+00 2.4476828e-02
       501 3.1464254e-01 7.7818765e-01 4.4258135e+00 4.6294180e-02
       502 3.1415287e-01 7.8359611e-01 4.4361747e+00 1.7808991e-03
       503 3.1674249e-01 7.8579022e-01 4.4294992e+00 1.1170343e-02
       504 3.1767073e-01 7.8706778e-01 4.4278848e+00 1.7226813e-02
       505 3.1694495e-01 7.8559827e-01 4.4284071e+00 1.6221242e-02
       506 3.1994760e-01 7.9538187e-01 4.4321600e+00 5.1989633e-02
       507 3.1278995e-01 7.8272557e-01 4.4401421e+00 2.5286961e-02
       508 3.1774884e-01 7.8942490e-01 4.4312960e+00 1.2660750e-02
       509 3.1229411e-01 7.7762740e-01 4.4341275e+00 2.8357203e-02
       510 3.1773155e-01 7.8972548e-01 4.4318381e+00 2.1033505e-02
       511 3.1598372e-01 7.8444670e-01 4.4303531e+00 1.0381664e-02
       512 3.0975800e-01 7.7921179e-01 4.4465264e+00 1.1635564e-02
       513 3.1786468e-01 7.9126549e-01 4.4337533e+00 2.8785297e-02
       514 3.1708732e-01 7.9092602e-01 4.4362505e+00 3.3597236e-02
       515 3.2011329e-01 7.8544230e-01 4.4158014e+00 3.2924875e-02
       516 3.1820696e-01 7.9168414e-01 4.4330803e+00 2.5128478e-02
       517 3.1898368e-01 7.9011074e-01 4.4275614e+00 1.9479987e-02
       518 3.2115438e-01 7.9393558e-01 4.4251582e+00 2.2274818e-02
       519 3.1373471e-01 7.8106891e-01 4.4338557e+00 3.0302517e-02
       520 3.1279475e-01 7.8487741e-01 4.4434966e+00 2.4421711e-02
       521 3.1530062e-01 7.8451511e-01 4.4331293e+00 1.6087130e-02
       522 3.1744719e-01 7.8855304e-01 4.4310976e+00 1.3296358e-02
       523 3.2274800e-01 7.9489326e-01 4.4204735e+00 2.3783485e-02
       524 3.1300426e-01 7.7808072e-01 4.4320539e+00 3.1145851e-02
       525 3.1735225e-01 7.8635982e-01 4.4280141e+00 5.1825603e-03
       526 3.1609382e-01 7.9066442e-01 4.4397166e+00 4.0713525e-02
       527 3.1733646e-01 7.8855529e-01 4.4315334e+00 1.1304316e-02
       528 3.1664712e-01 7.8056111e-01 4.4216811e+00 4.4611867e-02
       529 3.2192634e-01 7.9105849e-01 4.4175910e+00 6.9621834e-03
       530 3.0974161e-01 7.7263718e-01 4.4363879e+00 5.7616296e-02
       531 3.1890820e-01 7.8594005e-01 4.4212826e+00 2.5120891e-02
       532 3.1668071e-01 7.8870451e-01 4.4343290e+00 1.7913524e-02
       533 3.1257970e-01 7.7880958e-01 4.4348499e+00 2.9164075e-02
       534 3.1891855e-01 7.8814704e-01 4.4247162e+00 5.1394695e-03
       535 3.1524450e-01 7.8151241e-01 4.4286464e+00 2.7770603e-02
       536 3.1568480e-01 7.8189133e-01 4.4275183e+00 3.5382083e-02
       537 3.1725306e-01 7.8609304e-01 4.4279818e+00 1.0892190e-02
       538 3.1797853e-01 7.9154310e-01 4.4337484e+00 3.1640725e-02
       539 3.1936978e-01 7.9219970e-01 4.4293610e+00 2.8992589e-02
       540 3.1612442e-01 7.8758904e-01 4.4347433e+00 2.7767648e-02
       541 3.2169767e-01 7.9217055e-01 4.4202423e+00 1.8521578e-02
       542 3.1123126e-01 7.7847271e-01 4.4396038e+00 2.3421777e-02
       543 3.2499158e-01 7.9822108e-01 4.4170462e+00 2.6271279e-02
       544 3.1610258e-01 7.8780197e-01 4.4351641e+00 2.3393868e-02
       545 3.1643339e-01 7.8186843e-01 4.4245583e+00 4.7814536e-02
       546 3.2041818e-01 7.9486481e-01 4.4295034e+00 3.8874780e-02
       547 3.1528356e-01 7.8776972e-01 4.4383132e+00 2.5545904e-02
       548 3.1997480e-01 7.9150821e-01 4.4259069e+00 1.4348436e-02
       549 3.0963732e-01 7.7178542e-01 4.4354811e+00 6.4144793e-02
       550 3.1458088e-01 7.8401431e-01 4.4351569e+00 3.6799909e-03
       551 3.2038547e-01 7.9258908e-01 4.4260183e+00 4.1506276e-02
       552 3.1496196e-01 7.7874928e-01 4.4254394e+00 4.6801142e-02
       553 3.2192482e-01 7.9288208e-01 4.4204854e+00 7.2634419e-03
       554 3.1436216e-01 7.8232048e-01 4.4333589e+00 1.4271334e-02
       555 3.1345031e-01 7.8263966e-01 4.4374243e+00 9.3560755e-03
       556 3.1530090e-01 7.7932139e-01 4.4250061e+00 4.4027180e-02
       557 3.1643313e-01 7.8419531e-01 4.4282034e+00 1.6612484e-02
       558 3.1541430e-01 7.8636736e-01 4.4355948e+00 2.4530658e-02
       559 3.1508322e-01 7.7757197e-01 4.4231331e+00 7.2817157e-02
       560 3.1796325e-01 7.8628276e-01 4.4255081e+00 1.1456265e-02
       561 3.1840034e-01 7.8869489e-01 4.4276016e+00 1.0047396e-02
       562 3.2095727e-01 7.8714987e-01 4.4151974e+00 3.6474312e-02
       563 3.1428995e-01 7.8507743e-01 4.4379625e+00 7.8826228e-03
       564 3.1604083e-01 7.8600606e-01 4.4325789e+00 1.2713472e-02
       565 3.1633127e-01 7.8616678e-01 4.4316971e+00 2.5660161e-03
       566 3.1686827e-01 7.8718885e-01 4.4312081e+00 9.7573914e-03
       567 3.1897362e-01 7.9030313e-01 4.4279047e+00 1.1955565e-02
       568 3.1846009e-01 7.9195614e-01 4.4325234e+00 5.0549531e-02
       569 3.1361155e-01 7.8176847e-01 4.4354307e+00 9.2895220e-03
       570 3.1644771e-01 7.8465190e-01 4.4288628e+00 1.3178100e-02
       571 3.1452489e-01 7.7930064e-01 4.4280069e+00 4.3023374e-02
       572 3.1562773e-01 7.8591750e-01 4.4340536e+00 5.6387305e-03
       573 3.1711215e-01 7.8454988e-01 4.4261082e+00 1.4451318e-02
       574 3.2055827e-01 7.9324577e-01 4.4263862e+00 2.1424539e-02
       575 3.1746915e-01 7.8517192e-01 4.4256909e+00 1.7374286e-02
       576 3.1434957e-01 7.8199361e-01 4.4328968e+00 1.4556293e-02
       577 3.1685460e-01 7.8083517e-01 4.4212988e+00 4.4878186e-02
       578 3.1406926e-01 7.8424914e-01 4.4375255e+00 5.8739249e-03
       579 3.2122953e-01 7.9446111e-01 4.4257002e+00 3.0585503e-02
       580 3.1595402e-01 7.8545514e-01 4.4320523e+00 1.5090688e-02
       581 3.1810056e-01 7.8640507e-01 4.4251647e+00 1.7235707e-02
       582 3.1610426e-01 7.8691245e-01 4.4337568e+00 2.8101838e-02
       583 3.1588332e-01 7.8946057e-01 4.4386367e+00 3.6698060e-02
       584 3.1504658e-01 7.8800539e-01 4.4396107e+00 2.4024934e-02
       585 3.1731741e-01 7.8728136e-01 4.4296003e+00 4.1685467e-03
       586 3.1536699e-01 7.8557393e-01 4.4345324e+00 6.6516214e-03
       587 3.1138492e-01 7.7668553e-01 4.4362228e+00 3.9913341e-02
       588 3.1575555e-01 7.8475870e-01 4.4317341e+00 8.5207032e-03
       589 3.1712577e-01 7.8931081e-01 4.4335480e+00 3.0271437e-02
       590 3.1711254e-01 7.8577383e-01 4.4280286e+00 2.1528409e-02
       591 3.1705722e-01 7.8638676e-01 4.4292082e+00 7.0309181e-03
       592 3.1518462e-01 7.8606799e-01 4.4360216e+00 1.2169897e-02
       593 3.1485506e-01 7.8127699e-01 4.4298005e+00 3.3662297e-02
       594 3.1706468e-01 7.9117326e-01 4.4367301e+00 3.9779529e-02
       595 3.1700659e-01 7.8567935e-01 4.4282938e+00 3.0684366e-02
       596 3.1536942e-01 7.8521690e-01 4.4339621e+00 1.6189217e-03
       597 3.2205802e-01 7.9433678e-01 4.4222756e+00 2.4389924e-02
       598 3.1651721e-01 7.8788465e-01 4.4336750e+00 1.0945403e-02
       599 3.1945648e-01 7.9139010e-01 4.4277408e+00 1.4105775e-02
       600 3.1604396e-01 7.8609179e-01 4.4327015e+00 5.7649480e-03
       601 3.1582389e-01 7.8839365e-01 4.4371854e+00 2.9722279e-02
       602 3.1861831e-01 7.8712992e-01 4.4242852e+00 9.8351820e-03
       603 3.1758999e-01 7.8983690e-01 4.4325667e+00 1.9047936e-02
       604 3.1579144e-01 7.8660776e-01 4.4344994e+00 1.1428398e-02
       605 3.1850873e-01 7.8545520e-01 4.4220790e+00 2.7372450e-02
       606 3.2524515e-01 7.9593056e-01 4.4124088e+00 6.5468026e-03
       607 3.1652543e-01 7.8130244e-01 4.4233141e+00 5.4911210e-02
       608 3.1759968e-01 7.8287828e-01 4.4215849e+00 3.6467077e-02
       609 3.2059188e-01 7.9072796e-01 4.4222671e+00 5.7884684e-03
       610 3.1692662e-01 7.8328581e-01 4.4248506e+00 3.6814178e-02
       611 3.1946811e-01 7.9254396e-01 4.4295231e+00 4.5421397e-02
       612 3.1665727e-01 7.8921997e-01 4.4352339e+00 2.5157336e-02
       613 3.2073844e-01 7.9682355e-01 4.4313730e+00 5.9959495e-02
       614 3.1772144e-01 7.9058227e-01 4.4332316e+00 3.1743857e-02
       615 3.1435938e-01 7.8272594e-01 4.4340043e+00 7.5751774e-03
       616 3.1807986e-01 7.9209123e-01 4.4342210e+00 3.1460698e-02
       617 3.1155896e-01 7.7928988e-01 4.4395937e+00 1.0841121e-02
       618 3.1971569e-01 7.8962163e-01 4.4239341e+00 1.4507605e-03
       619 3.1782614e-01 7.8559561e-01 4.4249631e+00 1.4867423e-02
       620 3.1967281e-01 7.8919724e-01 4.4234313e+00 1.0855057e-02
       621 3.2185105e-01 7.9346623e-01 4.4216994e+00 1.5105734e-02
       622 3.1551658e-01 7.8392848e-01 4.4313654e+00 1.2129009e-02
       623 3.1939832e-01 7.9196183e-01 4.4288729e+00 1.7974574e-02
       624 3.1788931e-01 7.9026072e-01 4.4320681e+00 1.7046300e-02
       625 3.1266807e-01 7.8062260e-01 4.4373314e+00 9.5818508e-03
       626 3.1781741e-01 7.8919884e-01 4.4306715e+00 1.4387253e-02
       627 3.1980554e-01 7.9495996e-01 4.4320429e+00 4.1582914e-02
       628 3.1714520e-01 7.8395517e-01 4.4250463e+00 3.6758019e-02
       629 3.1600449e-01 7.8253195e-01 4.4272716e+00 2.3317788e-02
       630 3.2304596e-01 7.9855958e-01 4.4251558e+00 4.0479774e-02
       631 3.0968924e-01 7.7684383e-01 4.4431112e+00 1.3543954e-02
       632 3.1668100e-01 7.8482797e-01 4.4282280e+00 1.4991164e-02
       633 3.1662834e-01 7.9261691e-01 4.4407203e+00 4.5681299e-02
       634 3.1566781e-01 7.8411373e-01 4.4310650e+00 9.3731925e-03
       635 3.1629615e-01 7.8556923e-01 4.4308951e+00 2.4449743e-03
       636 3.1379921e-01 7.8321281e-01 4.4369571e+00 7.1479693e-03
       637 3.2030240e-01 7.9425587e-01 4.4289870e+00 4.2997278e-02
       638 3.0961530e-01 7.7222750e-01 4.4362499e+00 5.0563037e-02
       639 3.1963445e-01 7.9393859e-01 4.4310871e+00 4.7814085e-02
       640 3.1864113e-01 7.8879533e-01 4.4268207e+00 1.6201649e-02
       641 3.1678037e-01 7.8846262e-01 4.4335584e+00 3.1265356e-02
       642 3.1291628e-01 7.7921509e-01 4.4341647e+00 2.0254017e-02
       643 3.1694999e-01 7.8390089e-01 4.4257234e+00 2.9463425e-02
       644 3.1560437e-01 7.9259637e-01 4.4446875e+00 7.0797795e-02
       645 3.1849176e-01 7.9141349e-01 4.4315406e+00 2.8273013e-02
       646 3.2109756e-01 7.9091403e-01 4.4205909e+00 1.0472067e-02
       647 3.1686281e-01 7.8638628e-01 4.4299665e+00 1.1763363e-03
       648 3.2089069e-01 7.8718389e-01 4.4155104e+00 3.9064375e-02
       649 3.1109597e-01 7.7250477e-01 4.4308775e+00 6.0884720e-02
       650 3.1489245e-01 7.8299568e-01 4.4323428e+00 1.0803147e-02
       651 3.1874622e-01 7.8586857e-01 4.4218021e+00 2.0034900e-02
       652 3.1527185e-01 7.8212113e-01 4.4294913e+00 3.9938643e-02
       653 3.1627253e-01 7.8703746e-01 4.4332963e+00 1.1250600e-02
       654 3.1397154e-01 7.8120367e-01 4.4331401e+00 1.6584305e-02
       655 3.1431786e-01 7.8426469e-01 4.4365779e+00 3.4931685e-03
       656 3.1398389e-01 7.7863766e-01 4.4290892e+00 3.7003198e-02
       657 3.1329473e-01 7.7860788e-01 4.4317382e+00 4.5956022e-02
       658 3.0978966e-01 7.7258516e-01 4.4361192e+00 5.0486855e-02
       659 3.2152470e-01 7.9781357e-01 4.4298884e+00 4.8300053e-02
       660 3.1610469e-01 7.8437482e-01 4.4297678e+00 2.8437957e-02
       661 3.1444266e-01 7.8211362e-01 4.4327206e+00 1.6556279e-02
       662 3.1219474e-01 7.7850323e-01 4.4358794e+00 1.9835608e-02
       663 3.1451110e-01 7.8203938e-01 4.4323369e+00 1.3506901e-02
       664 3.1456409e-01 7.8100185e-01 4.4305080e+00 2.3284345e-02
       665 3.1544316e-01 7.8339562e-01 4.4308171e+00 1.6770358e-02
       666 3.1265577e-01 7.8088698e-01 4.4377923e+00 1.6658664e-02
       667 3.1849163e-01 7.8887399e-01 4.4275280e+00 1.0428200e-02
       668 3.1480735e-01 7.7968298e-01 4.4274988e+00 3.4902168e-02
       669 3.1751136e-01 7.8574423e-01 4.4264252e+00 2.3146927e-02
       670 3.1854421e-01 7.8953737e-01 4.4283700e+00 1.1262084e-02
       671 3.1992761e-01 7.8421427e-01 4.4145976e+00 5.2451081e-02
       672 3.1902838e-01 7.8802758e-01 4.4240995e+00 1.6106027e-02
       673 3.1473439e-01 7.8105524e-01 4.4299257e+00 2.6416898e-02
       674 3.1204898e-01 7.7976747e-01 4.4384199e+00 1.2919199e-02
       675 3.2078131e-01 7.9617547e-01 4.4301736e+00 4.3875469e-02
       676 3.2111001e-01 7.9141780e-01 4.4213395e+00 3.4323916e-03
       677 3.1647765e-01 7.8266160e-01 4.4256264e+00 2.2996533e-02
       678 3.1538093e-01 7.8221133e-01 4.4292061e+00 2.7513893e-02
       679 3.1804335e-01 7.9624205e-01 4.4409564e+00 7.6747687e-02
       680 3.1445060e-01 7.8319630e-01 4.4343843e+00 1.5314255e-02
       681 3.1745837e-01 7.8388610e-01 4.4237155e+00 2.2645974e-02
       682 3.1649707e-01 7.9101867e-01 4.4387019e+00 5.4836801e-02
       683 3.1985476e-01 7.9024702e-01 4.4243800e+00 4.0329075e-03
       684 3.1467370e-01 7.8055171e-01 4.4293766e+00 4.1773525e-02
       685 3.1643848e-01 7.8632725e-01 4.4315308e+00 8.1796588e-03
       686 3.1681805e-01 7.8474167e-01 4.4275574e+00 2.1290885e-02
       687 3.1833627e-01 7.9256511e-01 4.4339715e+00 3.5743694e-02
       688 3.1296978e-01 7.8458404e-01 4.4423513e+00 2.8813128e-02
       689 3.1877772e-01 7.8863214e-01 4.4260305e+00 6.6297092e-03
       690 3.2458274e-01 7.9962514e-01 4.4208795e+00 3.8294565e-02
       691 3.1401089e-01 7.8091239e-01 4.4325312e+00 2.3709502e-02
       692 3.1991912e-01 7.9235051e-01 4.4274580e+00 2.0037537e-02
       693 3.1718086e-01 7.8341869e-01 4.4240662e+00 2.8773384e-02
       694 3.1854652e-01 7.9025714e-01 4.4294981e+00 1.8330857e-02
       695 3.1726996e-01 7.8907936e-01 4.4326198e+00 3.4708546e-02
       696 3.1820835e-01 7.8968836e-01 4.4299188e+00 1.4679571e-02
       697 3.1455693e-01 7.8200812e-01 4.4321088e+00 1.3680842e-02
       698 3.1318022e-01 7.8592913e-01 4.4436405e+00 2.1604243e-02
       699 3.1005607e-01 7.7975692e-01 4.4462082e+00 2.4364746e-03
       700 3.2253712e-01 7.9706412e-01 4.4247504e+00 5.5788009e-02
       701 3.1912772e-01 7.9705991e-01 4.4380291e+00 6.8207483e-02
       702 3.1977744e-01 7.9329969e-01 4.4295154e+00 3.7021714e-02
       703 3.1982690e-01 7.8955224e-01 4.4233910e+00 1.7152503e-02
       704 3.1887744e-01 7.9486062e-01 4.4355042e+00 7.6425744e-02
       705 3.1713107e-01 7.8875074e-01 4.4326435e+00 1.5754653e-02
       706 3.1171505e-01 7.7844003e-01 4.4376587e+00 2.8308085e-02
       707 3.1693550e-01 7.8141409e-01 4.4218873e+00 3.8359743e-02
       708 3.2350642e-01 7.9580032e-01 4.4189645e+00 1.6445584e-02
       709 3.1673631e-01 7.8801392e-01 4.4330230e+00 1.3632920e-02
       710 3.1801764e-01 7.9371863e-01 4.4370445e+00 5.2699487e-02
       711 3.1462321e-01 7.7861428e-01 4.4265532e+00 4.6702455e-02
       712 3.1513503e-01 7.8015183e-01 4.4269494e+00 4.0239755e-02
       713 3.1536149e-01 7.8624120e-01 4.4356027e+00 9.3534376e-03
       714 3.1637647e-01 7.8814849e-01 4.4346404e+00 3.0918316e-02
       715 3.1511172e-01 7.8827073e-01 4.4397744e+00 4.3015775e-02
       716 3.1578392e-01 7.8290080e-01 4.4287107e+00 1.9763235e-02
       717 3.1436841e-01 7.8094672e-01 4.4311869e+00 2.2253087e-02
       718 3.0726553e-01 7.6934184e-01 4.4410161e+00 6.1580249e-02
       719 3.1578678e-01 7.8291505e-01 4.4287218e+00 2.0886849e-02
       720 3.2500365e-01 7.9755639e-01 4.4159386e+00 2.6789923e-02
       721 3.1482151e-01 7.7965440e-01 4.4273989e+00 3.9521092e-02
       722 3.1900083e-01 7.9618169e-01 4.4371248e+00 5.4075119e-02
       723 3.1616780e-01 7.8160745e-01 4.4251876e+00 4.2655174e-02
       724 3.1979814e-01 7.9262385e-01 4.4283629e+00 3.1626972e-02
       725 3.1200615e-01 7.7523010e-01 4.4315320e+00 4.6928295e-02
       726 3.1648270e-01 7.8336721e-01 4.4267117e+00 2.2294778e-02
       727 3.1811074e-01 7.8826152e-01 4.4280482e+00 7.2998184e-03
       728 3.1240330e-01 7.8302832e-01 4.4421292e+00 7.5198022e-03
       729 3.1496183e-01 7.7905012e-01 4.4259085e+00 4.3457078e-02
       730 3.1810599e-01 7.8639706e-01 4.4251309e+00 1.8235647e-02
       731 3.1635565e-01 7.8724326e-01 4.4332956e+00 1.3314935e-02
       732 3.1278836e-01 7.7640537e-01 4.4302943e+00 5.4832942e-02
       733 3.1461925e-01 7.8569617e-01 4.4376470e+00 1.0093415e-02
       734 3.1482554e-01 7.8152795e-01 4.4303080e+00 2.4092047e-02
       735 3.1852507e-01 7.9742146e-01 4.4409564e+00 8.6447096e-02
       736 3.1583746e-01 7.8718928e-01 4.4352348e+00 1.1416440e-02
       737 3.1347176e-01 7.8045739e-01 4.4339293e+00 2.2574617e-02
       738 3.1603550e-01 7.8594248e-01 4.4324998e+00 2.7504077e-02
       739 3.1867814e-01 7.9508966e-01 4.4366458e+00 6.5521729e-02
       740 3.2045580e-01 7.9039761e-01 4.4222751e+00 2.7025238e-02
       741 3.1710875e-01 7.8588125e-01 4.4282123e+00 2.6728529e-02
       742 3.1780876e-01 7.8791998e-01 4.4286883e+00 1.9062390e-02
       743 3.1757879e-01 7.8916882e-01 4.4315554e+00 1.2560655e-02
       744 3.1103772e-01 7.7527166e-01 4.4353881e+00 4.0271247e-02
       745 3.1919814e-01 7.9220002e-01 4.4300309e+00 2.0804237e-02
       746 3.2276636e-01 7.9328112e-01 4.4178417e+00 1.3661808e-02
       747 3.1859901e-01 7.8881381e-01 4.4270142e+00 3.4424690e-03
       748 3.1642469e-01 7.8553355e-01 4.4303370e+00 7.8500048e-03
       749 3.1574162e-01 7.8527731e-01 4.4326027e+00 6.8661475e-04
       750 3.1787540e-01 7.8626607e-01 4.4258247e+00 8.7534535e-03
       751 3.2058791e-01 7.8973630e-01 4.4207153e+00 6.4960156e-03
       752 3.1455635e-01 7.8189732e-01 4.4319378e+00 1.4257431e-02
       753 3.2156298e-01 7.9175336e-01 4.4201061e+00 4.5715792e-03
       754 3.2003915e-01 7.9111645e-01 4.4250360e+00 1.3117481e-02
       755 3.1864347e-01 7.8965652e-01 4.4281709e+00 8.2143622e-03
       756 3.1394169e-01 7.8036704e-01 4.4319504e+00 3.0839694e-02
       757 3.1823672e-01 7.8951029e-01 4.4295269e+00 1.0052854e-02
       758 3.1423550e-01 7.8831773e-01 4.4432736e+00 4.0649980e-02
       759 3.1778642e-01 7.9030087e-01 4.4325331e+00 4.7473792e-02
       760 3.1912845e-01 7.8262226e-01 4.4152194e+00 6.8239282e-02
       761 3.1351633e-01 7.8040616e-01 4.4336750e+00 2.8956508e-02
       762 3.2131640e-01 7.9745687e-01 4.4301308e+00 4.9814025e-02
       763 3.1249169e-01 7.8127886e-01 4.4390466e+00 7.9306697e-03
       764 3.1765172e-01 7.8950653e-01 4.4318039e+00 2.4698484e-02
       765 3.1697527e-01 7.8660410e-01 4.4298701e+00 3.1196454e-03
       766 3.1382349e-01 7.8033402e-01 4.4323610e+00 2.8880156e-02
       767 3.1167971e-01 7.7925659e-01 4.4390690e+00 2.0727904e-02
       768 3.2020178e-01 7.8872557e-01 4.4206248e+00 2.1884720e-02
       769 3.1669249e-01 7.8337237e-01 4.4259005e+00 3.0780979e-02
       770 3.2017397e-01 7.9064460e-01 4.4237641e+00 7.7854773e-03
       771 3.1784713e-01 7.8541802e-01 4.4246022e+00 3.8849979e-02
       772 3.1563307e-01 7.8304876e-01 4.4295317e+00 3.0638359e-02
       773 3.1981684e-01 7.9538135e-01 4.4326690e+00 6.5681764e-02
       774 3.1240631e-01 7.7870834e-01 4.4353708e+00 2.7239061e-02
       775 3.1708907e-01 7.8677487e-01 4.4296945e+00 1.3184936e-02
       776 3.2165235e-01 7.9335314e-01 4.4222938e+00 2.1492505e-02
       777 3.1908662e-01 7.9043494e-01 4.4276723e+00 1.5870421e-02
       778 3.1434995e-01 7.8567479e-01 4.4386662e+00 2.1112621e-02
       779 3.1141397e-01 7.8111684e-01 4.4430122e+00 1.4946313e-02
       780 3.1986023e-01 7.9202165e-01 4.4271666e+00 3.5365181e-02
       781 3.2083506e-01 7.9221023e-01 4.4236658e+00 2.6281380e-02
       782 3.1684703e-01 7.8836335e-01 4.4331415e+00 2.4700567e-02
       783 3.1786187e-01 7.8810456e-01 4.4287720e+00 5.5541837e-03
       784 3.1605346e-01 7.8378109e-01 4.4290368e+00 1.2062025e-02
       785 3.1674802e-01 7.8448204e-01 4.4274235e+00 2.3326510e-02
       786 3.1609103e-01 7.8522083e-01 4.4311490e+00 8.2131391e-03
       787 3.1209301e-01 7.7875347e-01 4.4366672e+00 2.1142871e-02
       788 3.1635143e-01 7.8247982e-01 4.4258349e+00 3.7114324e-02
       789 3.1723028e-01 7.8685020e-01 4.4292617e+00 2.8335703e-03
       790 3.2119046e-01 7.9484396e-01 4.4264609e+00 3.4686075e-02
       791 3.1565699e-01 7.8988751e-01 4.4401952e+00 4.5207021e-02
       792 3.1460005e-01 7.7634407e-01 4.4231137e+00 6.2696093e-02
       793 3.1372795e-01 7.8116521e-01 4.4340326e+00 1.8661791e-02
       794 3.2122803e-01 7.9356016e-01 4.4242753e+00 2.2914211e-02
       795 3.1371650e-01 7.7968861e-01 4.4317726e+00 3.4490751e-02
       796 3.1744887e-01 7.8251936e-01 4.4216117e+00 4.6860884e-02
       797 3.2060607e-01 7.9517003e-01 4.4292565e+00 4.8860576e-02
       798 3.1385984e-01 7.8087182e-01 4.4330585e+00 1.8796795e-02
       799 3.1269310e-01 7.7929380e-01 4.4351606e+00 1.9507902e-02
       800 3.1406542e-01 7.8037597e-01 4.4314804e+00 3.9832355e-02
       801 3.1600022e-01 7.9096978e-01 4.4405652e+00 4.2541397e-02
       802 3.1569415e-01 7.8450434e-01 4.4315748e+00 6.9295585e-03
       803 3.2244392e-01 7.9860318e-01 4.4275691e+00 5.2815757e-02
       804 3.1963871e-01 7.8557219e-01 4.4178556e+00 3.5554137e-02
       805 3.1652086e-01 7.8473337e-01 4.4287049e+00 9.9104476e-03
       806 3.1849291e-01 7.9374487e-01 4.4352318e+00 7.0838808e-02
       807 3.2076272e-01 7.9549712e-01 4.4291663e+00 3.9878603e-02
       808 3.0932028e-01 7.7850131e-01 4.4471353e+00 8.0966598e-03
       809 3.2103390e-01 7.9132827e-01 4.4214944e+00 7.1842700e-03
       810 3.1719154e-01 7.8397407e-01 4.4248950e+00 2.8663028e-02
       811 3.1601709e-01 7.8199539e-01 4.4263829e+00 2.7303083e-02
       812 3.1905713e-01 7.8943808e-01 4.4262124e+00 9.8152501e-03
       813 3.1358519e-01 7.8236187e-01 4.4364619e+00 9.0206240e-03
       814 3.1000174e-01 7.7763940e-01 4.4431233e+00 1.1135755e-02
       815 3.1814125e-01 7.8855489e-01 4.4283918e+00 1.4405542e-02
       816 3.1741159e-01 7.8732700e-01 4.4293045e+00 1.0427711e-02
       817 3.1599798e-01 7.8485050e-01 4.4309311e+00 1.8017881e-02
       818 3.1808630e-01 7.9128239e-01 4.4329152e+00 3.6124347e-02
       819 3.1901436e-01 7.9141655e-01 4.4295069e+00 2.4019931e-02
       820 3.1809049e-01 7.9029123e-01 4.4313312e+00 2.1291449e-02
       821 3.1885829e-01 7.9354836e-01 4.4334945e+00 4.3322548e-02
       822 3.0983794e-01 7.7550363e-01 4.4404480e+00 2.4179317e-02
       823 3.1867271e-01 7.8785483e-01 4.4252147e+00 1.4283255e-02
       824 3.1616429e-01 7.7986980e-01 4.4224880e+00 6.0966253e-02
       825 3.2723971e-01 8.0197270e-01 4.4143129e+00 3.9836272e-02
       826 3.1604621e-01 7.8278304e-01 4.4275016e+00 2.3729566e-02
       827 3.2049856e-01 7.9181931e-01 4.4243579e+00 1.4996706e-02
       828 3.1399916e-01 7.8254957e-01 4.4351367e+00 6.6874252e-03
       829 3.1434194e-01 7.8757472e-01 4.4416866e+00 3.7410958e-02
       830 3.1395782e-01 7.8385453e-01 4.4373425e+00 6.6177212e-03
       831 3.2220503e-01 7.9699828e-01 4.4259385e+00 3.5669371e-02
       832 3.1392370e-01 7.8340766e-01 4.4367755e+00 5.2571717e-03
       833 3.1834238e-01 7.8847459e-01 4.4274803e+00 7.5090028e-03
       834 3.1922823e-01 7.8885281e-01 4.4246214e+00 1.4423871e-02
       835 3.1927613e-01 7.8840020e-01 4.4237207e+00 2.2969889e-02
       836 3.1806783e-01 7.9382394e-01 4.4370159e+00 5.3145101e-02
       837 3.1427434e-01 7.8143003e-01 4.4323098e+00 2.4372439e-02
       838 3.1687898e-01 7.8280494e-01 4.4242836e+00 3.8828707e-02
       839 3.2059808e-01 7.9123202e-01 4.4230403e+00 1.3279515e-02
       840 3.2028544e-01 7.8994440e-01 4.4222229e+00 2.2042333e-02
       841 3.1264968e-01 7.7542313e-01 4.4293127e+00 6.4771782e-02
       842 3.1973796e-01 7.8691011e-01 4.4195725e+00 2.0296491e-02
       843 3.1679965e-01 7.8238979e-01 4.4239436e+00 3.8628974e-02
       844 3.1177668e-01 7.8247606e-01 4.4437173e+00 2.5479777e-02
       845 3.1505151e-01 7.8084132e-01 4.4283521e+00 3.6697804e-02
       846 3.1303003e-01 7.8379591e-01 4.4408795e+00 1.0650617e-02
       847 3.1834475e-01 7.9210517e-01 4.4332095e+00 3.5084325e-02
       848 3.2425578e-01 8.0487151e-01 4.4305690e+00 9.3834979e-02
       849 3.1319619e-01 7.8100012e-01 4.4358546e+00 3.2888731e-02
       850 3.1046199e-01 7.7858988e-01 4.4427993e+00 7.8114602e-03
       851 3.1405435e-01 7.7727623e-01 4.4266954e+00 4.4065433e-02
       852 3.1901208e-01 7.8522999e-01 4.4197618e+00 2.3934142e-02
       853 3.1789903e-01 7.9129742e-01 4.4336698e+00 2.3963031e-02
       854 3.2119028e-01 7.9691714e-01 4.4297616e+00 5.6305625e-02
       855 3.1925921e-01 7.8918668e-01 4.4250274e+00 6.3504525e-03
       856 3.2038793e-01 7.8989181e-01 4.4217403e+00 5.4134874e-03
       857 3.1186103e-01 7.7883494e-01 4.4377022e+00 3.0532122e-02
       858 3.1055248e-01 7.8187509e-01 4.4475712e+00 1.4450167e-02
       859 3.1528693e-01 7.8547046e-01 4.4346827e+00 7.5442035e-03
       860 3.1598738e-01 7.7913104e-01 4.4220273e+00 5.8834728e-02
       861 3.1530645e-01 7.8237739e-01 4.4297570e+00 1.6263084e-02
       862 3.1970955e-01 7.9254681e-01 4.4285862e+00 1.9670661e-02
       863 3.1787478e-01 7.8646268e-01 4.4261364e+00 7.4225119e-03
       864 3.1597594e-01 7.8286002e-01 4.4278967e+00 1.8674321e-02
       865 3.1922217e-01 7.9101913e-01 4.4280675e+00 1.7270215e-02
       866 3.1116007e-01 7.7636090e-01 4.4365991e+00 3.1563698e-02
       867 3.1673675e-01 7.8715448e-01 4.4316676e+00 1.6030688e-02
       868 3.1917752e-01 7.8691620e-01 4.4217675e+00 2.5993699e-02
       869 3.2370319e-01 8.0074571e-01 4.4260944e+00 6.3620996e-02
       870 3.1867298e-01 7.8980165e-01 4.4282850e+00 8.9936202e-03
       871 3.1779152e-01 7.8666458e-01 4.4267789e+00 1.8234977e-02
       872 3.1043395e-01 7.7361275e-01 4.4351836e+00 4.3040668e-02
       873 3.1503929e-01 7.8714146e-01 4.4382784e+00 3.3042638e-02
       874 3.1764456e-01 7.8719931e-01 4.4281941e+00 9.5376204e-04
       875 3.1892853e-01 7.9542360e-01 4.4362002e+00 6.5691005e-02
       876 3.1759562e-01 7.8570863e-01 4.4260404e+00 2.4969298e-02
       877 3.1605746e-01 7.8490655e-01 4.4307867e+00 1.9575634e-02
       878 3.1227994e-01 7.8166683e-01 4.4404817e+00 1.0664385e-02
       879 3.1711717e-01 7.8706259e-01 4.4300376e+00 1.7538095e-03
       880 3.1362466e-01 7.8008285e-01 4.4327467e+00 2.6061097e-02
       881 3.1783388e-01 7.8796233e-01 4.4286571e+00 3.3676753e-03
       882 3.2212561e-01 7.9640590e-01 4.4253038e+00 3.6128789e-02
       883 3.2127719e-01 7.9236526e-01 4.4221888e+00 8.3287135e-03
       884 3.1713882e-01 7.8278682e-01 4.4232407e+00 2.7410190e-02
       885 3.1231718e-01 7.7553370e-01 4.4307854e+00 5.1536540e-02
       886 3.1445518e-01 7.8742177e-01 4.4410029e+00 3.3039320e-02
       887 3.1812346e-01 7.8704264e-01 4.4260785e+00 1.3175024e-02
       888 3.1661524e-01 7.8321860e-01 4.4259613e+00 3.8431629e-02
       889 3.1689813e-01 7.8939507e-01 4.4345698e+00 1.9106851e-02
       890 3.1518762e-01 7.8571950e-01 4.4354621e+00 2.8129371e-02
       891 3.1884847e-01 7.9133124e-01 4.4300189e+00 2.5925264e-02
       892 3.2338552e-01 7.9524511e-01 4.4185516e+00 1.3533611e-02
       893 3.2285942e-01 7.9371087e-01 4.4181614e+00 2.4371498e-02
       894 3.1744205e-01 7.8873088e-01 4.4313982e+00 1.1608668e-02
       895 3.1901539e-01 7.8706888e-01 4.4226402e+00 1.6071548e-02
       896 3.1306527e-01 7.8263640e-01 4.4389254e+00 1.3325623e-02
       897 3.1812192e-01 7.8388407e-01 4.4211226e+00 2.6789764e-02
       898 3.1833304e-01 7.9329836e-01 4.4351469e+00 5.0234537e-02
       899 3.1169208e-01 7.7673133e-01 4.4350913e+00 2.8596905e-02
       900 3.2051653e-01 7.9179738e-01 4.4242531e+00 1.4147068e-02
       901 3.1779472e-01 7.8857705e-01 4.4297790e+00 6.9447177e-03
       902 3.1959705e-01 7.8830627e-01 4.4223212e+00 1.0222854e-02
       903 3.1919812e-01 7.8792302e-01 4.4232728e+00 2.7586472e-02
       904 3.1718533e-01 7.8669771e-01 4.4291972e+00 2.1289715e-02
       905 3.1560642e-01 7.8373352e-01 4.4307087e+00 9.8774426e-03
       906 3.1329755e-01 7.8211940e-01 4.4372077e+00 1.0433176e-02
       907 3.1312749e-01 7.8295477e-01 4.4391804e+00 1.5301497e-02
       908 3.1661777e-01 7.8666921e-01 4.4313685e+00 2.5518539e-03
       909 3.2021115e-01 7.9070267e-01 4.4237110e+00 1.0952499e-02
       910 3.1040827e-01 7.7422351e-01 4.4362295e+00 4.5586308e-02
       911 3.1540841e-01 7.8018944e-01 4.4259398e+00 4.1695789e-02
       912 3.1655652e-01 7.8013129e-01 4.4213641e+00 5.2233093e-02
       913 3.1979003e-01 7.8917922e-01 4.4229458e+00 2.2710916e-02
       914 3.1818585e-01 7.8893543e-01 4.4288180e+00 7.2932023e-03
       915 3.1592200e-01 7.8732977e-01 4.4351258e+00 2.5865142e-02
       916 3.1739266e-01 7.8666893e-01 4.4283426e+00 2.5923569e-03
       917 3.1280176e-01 7.8407901e-01 4.4422165e+00 1.2129183e-02
       918 3.1377297e-01 7.8212373e-01 4.4353550e+00 7.4329119e-03
       919 3.1149690e-01 7.8209304e-01 4.4442134e+00 1.7801763e-02
       920 3.1261382e-01 7.7912294e-01 4.4352045e+00 2.0221920e-02
       921 3.1715577e-01 7.8632527e-01 4.4287268e+00 8.5261533e-03
       922 3.1254461e-01 7.7592780e-01 4.4305068e+00 6.0058806e-02
       923 3.1605531e-01 7.8108135e-01 4.4248049e+00 4.1383064e-02
       924 3.1756022e-01 7.8771898e-01 4.4293417e+00 5.4306977e-03
       925 3.1576790e-01 7.8204706e-01 4.4274372e+00 2.2475082e-02
       926 3.2117566e-01 7.9002506e-01 4.4188812e+00 2.2767338e-02
       927 3.2108160e-01 7.8615319e-01 4.4131449e+00 5.1709343e-02
       928 3.1626819e-01 7.8151138e-01 4.4246453e+00 2.8219741e-02
       929 3.1837770e-01 7.9000050e-01 4.4297512e+00 1.6040135e-02
       930 3.1894125e-01 7.9222836e-01 4.4310777e+00 4.3203930e-02
       931 3.1931054e-01 7.9134836e-01 4.4282439e+00 2.8526322e-02
       932 3.1198625e-01 7.7394315e-01 4.4296162e+00 6.8337031e-02
       933 3.2200067e-01 7.9451409e-01 4.4227807e+00 1.7392271e-02
       934 3.2137283e-01 7.9915302e-01 4.4326190e+00 6.8156841e-02
       935 3.2161833e-01 7.9072374e-01 4.4182612e+00 5.9921618e-03
       936 3.1539580e-01 7.8358594e-01 4.4313004e+00 1.1514560e-02
       937 3.1716679e-01 7.9068380e-01 4.4355572e+00 3.0011448e-02
       938 3.1837025e-01 7.8461320e-01 4.4212973e+00 3.3855515e-02
       939 3.1716330e-01 7.8881359e-01 4.4326168e+00 1.2704035e-02
       940 3.1734544e-01 7.8715703e-01 4.4292951e+00 1.9545869e-03
       941 3.1971993e-01 7.8725109e-01 4.4201796e+00 1.4273869e-02
       942 3.1646996e-01 7.8689961e-01 4.4323082e+00 1.0955096e-02
       943 3.2058547e-01 7.9037650e-01 4.4217364e+00 6.7553334e-03
       944 3.1695303e-01 7.8865645e-01 4.4331899e+00 2.3602205e-02
       945 3.1822905e-01 7.9384736e-01 4.4364240e+00 5.7926666e-02
       946 3.2076145e-01 7.9088252e-01 4.4218507e+00 3.3859372e-03
       947 3.1145433e-01 7.7915701e-01 4.4397962e+00 1.7313326e-02
       948 3.1497636e-01 7.8714679e-01 4.4385327e+00 3.8787327e-02
       949 3.1645649e-01 7.8840216e-01 4.4347278e+00 3.1939255e-02
       950 3.1582696e-01 7.8621244e-01 4.4337389e+00 1.0886955e-02
       951 3.2148505e-01 7.9140957e-01 4.4198654e+00 8.9998676e-03
       952 3.1483002e-01 7.8013627e-01 4.4281172e+00 2.8680945e-02
       953 3.1484723e-01 7.8318771e-01 4.4328203e+00 1.5661470e-02
       954 3.1798975e-01 7.9181101e-01 4.4341288e+00 4.0073249e-02
       955 3.1051160e-01 7.7783454e-01 4.4414293e+00 1.5693285e-02
       956 3.1465553e-01 7.7261124e-01 4.4171148e+00 1.0008109e-01
       957 3.1589147e-01 7.8728474e-01 4.4351741e+00 2.4744650e-02
       958 3.1704922e-01 7.8822328e-01 4.4321313e+00 2.2870050e-02
       959 3.2547904e-01 7.9704818e-01 4.4132799e+00 1.1105891e-02
       960 3.1619199e-01 7.8518118e-01 4.4306924e+00 4.5082201e-03
       961 3.1045381e-01 7.7994115e-01 4.4449373e+00 5.2559042e-03
       962 3.1641319e-01 7.8165158e-01 4.4242982e+00 4.6628087e-02
       963 3.1452780e-01 7.8734312e-01 4.4405952e+00 2.3817083e-02
       964 3.2368692e-01 7.9794712e-01 4.4216836e+00 3.5043887e-02
       965 3.0917617e-01 7.7309749e-01 4.4393156e+00 4.6650278e-02
       966 3.2046432e-01 7.9057858e-01 4.4225280e+00 4.8803355e-03
       967 3.1766352e-01 7.9081038e-01 4.4338184e+00 3.1508141e-02
       968 3.2198043e-01 7.9396376e-01 4.4219853e+00 1.3973981e-02
       969 3.2070886e-01 7.9507297e-01 4.4287015e+00 3.5343977e-02
       970 3.1243335e-01 7.8201389e-01 4.4404240e+00 5.2826160e-03
       971 3.1733151e-01 7.8924932e-01 4.4326478e+00 1.7161357e-02
       972 3.2232946e-01 7.9750357e-01 4.4262597e+00 3.8600641e-02
       973 3.1902479e-01 7.9320317e-01 4.4322973e+00 4.0317506e-02
       974 3.1968086e-01 7.9206834e-01 4.4279399e+00 2.0163978e-02
       975 3.1537148e-01 7.9162531e-01 4.4440591e+00 7.1102734e-02
       976 3.1908031e-01 7.9507576e-01 4.4350550e+00 4.4943106e-02
       977 3.2434118e-01 8.0057829e-01 4.4233443e+00 5.4095951e-02
       978 3.1452083e-01 7.8321877e-01 4.4341449e+00 1.1247954e-02
       979 3.1479987e-01 7.8182563e-01 4.4308738e+00 1.6125250e-02
       980 3.1720715e-01 7.9081499e-01 4.4356071e+00 2.5291417e-02
       981 3.1948739e-01 7.8863854e-01 4.4232728e+00 3.8881803e-03
       982 3.1635746e-01 7.8623726e-01 4.4317057e+00 9.0708832e-03
       983 3.2046710e-01 7.9848325e-01 4.4350782e+00 7.5965727e-02
       984 3.2189650e-01 7.9247695e-01 4.4199534e+00 1.7009436e-02
       985 3.1615696e-01 7.8328381e-01 4.4278533e+00 2.5220802e-02
       986 3.2226885e-01 7.9518015e-01 4.4227952e+00 3.7178510e-02
       987 3.1408958e-01 7.8232971e-01 4.4344391e+00 1.8248913e-02
       988 3.1321170e-01 7.8207144e-01 4.4374685e+00 5.5591900e-03
       989 3.1456302e-01 7.8165856e-01 4.4315384e+00 2.6165139e-02
       990 3.2088560e-01 7.9225183e-01 4.4235347e+00 1.6678444e-02
       991 3.1369131e-01 7.8704103e-01 4.4433904e+00 2.8539807e-02
       992 3.2564825e-01 8.0335022e-01 4.4227079e+00 6.1967213e-02
       993 3.0866372e-01 7.7116027e-01 4.4383331e+00 5.4065463e-02
       994 3.1564968e-01 7.8649868e-01 4.4348817e+00 1.3347573e-02
       995 3.1110140e-01 7.7794033e-01 4.4392838e+00 1.8525642e-02
       996 3.1285319e-01 7.8070537e-01 4.4367362e+00 1.0462441e-02
       997 3.1586727e-01 7.8637378e-01 4.4338351e+00 7.5804610e-03
       998 3.1225168e-01 7.8110514e-01 4.4397145e+00 1.6909377e-02
       999 3.1616289e-01 7.8573520e-01 4.4316764e+00 1.3301204e-02
      1000 3.1330416e-01 7.7204990e-01 4.4215321e+00 9.0634408e-02

Final Weights:        -0.6204030267         0.4825994769        -0.5066940750         0.3448850913 