# Cycles, Average Predicted Temperature, Stddev Predicted Temperature, Mean Squared Error, || MSE Gradient ||
         0 4.7763564e-03 6.0751098e-03 4.7247545e+00 3.7412203e-01
         1 4.8532640e-03 6.1022490e-03 4.7244205e+00 3.8171017e-01
         2 4.9707191e-03 6.1787140e-03 4.7239108e+00 3.9224790e-01
         3 5.1161646e-03 6.3409128e-03 4.7232806e+00 4.0480008e-01
         4 5.2431674e-03 6.4890563e-03 4.7227305e+00 4.1487682e-01
         5 5.3512544e-03 6.5998750e-03 4.7222622e+00 4.2452793e-01
         6 5.4978637e-03 6.6634147e-03 4.7216259e+00 4.3768404e-01
         7 5.6493413e-03 6.8768190e-03 4.7209705e+00 4.5036163e-01
         8 5.8367748e-03 6.9782850e-03 4.7201574e+00 4.6531387e-01
         9 5.9881367e-03 7.1492878e-03 4.7195022e+00 4.7894471e-01
        10 6.1238281e-03 7.2651371e-03 4.7189143e+00 4.8957759e-01
        11 6.2924346e-03 7.3923492e-03 4.7181837e+00 5.0426487e-01
        12 6.4538574e-03 7.5336884e-03 4.7174846e+00 5.1813081e-01
        13 6.7024742e-03 7.7014993e-03 4.7164072e+00 5.3831092e-01
        14 6.8223543e-03 7.7734296e-03 4.7158876e+00 5.5181772e-01
        15 7.0546171e-03 7.9460730e-03 4.7148817e+00 5.7206928e-01
        16 7.2508172e-03 8.1331520e-03 4.7140327e+00 5.8860521e-01
        17 7.4462133e-03 8.2904188e-03 4.7131868e+00 6.0508396e-01
        18 7.7084464e-03 8.4851016e-03 4.7120515e+00 6.2717904e-01
        19 7.9293792e-03 8.6850844e-03 4.7110959e+00 6.4977811e-01
        20 8.0681983e-03 8.7290638e-03 4.7104940e+00 6.6275476e-01
        21 8.4161656e-03 8.9611564e-03 4.7089878e+00 6.9000021e-01
        22 8.5568860e-03 9.0607258e-03 4.7083789e+00 7.0537907e-01
        23 8.8794179e-03 9.3429245e-03 4.7069845e+00 7.3212641e-01
        24 9.2815039e-03 9.6455440e-03 4.7052457e+00 7.6336238e-01
        25 9.5322462e-03 9.8513606e-03 4.7041620e+00 7.8432114e-01
        26 9.8421525e-03 1.0000347e-02 4.7028208e+00 8.0785244e-01
        27 1.0154856e-02 1.0168543e-02 4.7014680e+00 8.3458333e-01
        28 1.0551658e-02 1.0518462e-02 4.6997547e+00 8.6873269e-01
        29 1.0926644e-02 1.0767814e-02 4.6981343e+00 8.9761608e-01
        30 1.1190908e-02 1.0903653e-02 4.6969917e+00 9.2851822e-01
        31 1.1690853e-02 1.1218976e-02 4.6948320e+00 9.6533291e-01
        32 1.2098879e-02 1.1454225e-02 4.6930693e+00 1.0050129e+00
        33 1.2543309e-02 1.1796519e-02 4.6911519e+00 1.0399958e+00
        34 1.3028635e-02 1.2105545e-02 4.6890572e+00 1.0828599e+00
        35 1.3444900e-02 1.2345035e-02 4.6872605e+00 1.1110028e+00
        36 1.3878306e-02 1.2448571e-02 4.6853866e+00 1.1575396e+00
        37 1.4518575e-02 1.2891653e-02 4.6826265e+00 1.2138202e+00
        38 1.5027542e-02 1.3234980e-02 4.6804330e+00 1.2638883e+00
        39 1.5714504e-02 1.3530448e-02 4.6774691e+00 1.3302020e+00
        40 1.6327424e-02 1.3869123e-02 4.6748276e+00 1.3859711e+00
        41 1.7008878e-02 1.4300665e-02 4.6718935e+00 1.4471855e+00
        42 1.7609458e-02 1.4625069e-02 4.6693070e+00 1.5080534e+00
        43 1.8396511e-02 1.5042944e-02 4.6659187e+00 1.5749571e+00
        44 1.9332796e-02 1.5666794e-02 4.6618939e+00 1.6518133e+00
        45 2.0069911e-02 1.5862296e-02 4.6587177e+00 1.7255704e+00
        46 2.1026780e-02 1.6499884e-02 4.6546087e+00 1.8042036e+00
        47 2.1786002e-02 1.6651055e-02 4.6513384e+00 1.8839862e+00
        48 2.2816688e-02 1.7134128e-02 4.6469102e+00 1.9698835e+00
        49 2.3953931e-02 1.7841820e-02 4.6420333e+00 2.0618901e+00
        50 2.5134386e-02 1.8433528e-02 4.6369697e+00 2.1555838e+00
        51 2.6182125e-02 1.8851277e-02 4.6324742e+00 2.2553092e+00
        52 2.7270616e-02 1.9320083e-02 4.6278079e+00 2.3499033e+00
        53 2.8745095e-02 2.0016955e-02 4.6214939e+00 2.4596427e+00
        54 3.0309367e-02 2.0816781e-02 4.6148036e+00 2.5785544e+00
        55 3.1589356e-02 2.1370497e-02 4.6093295e+00 2.6769546e+00
        56 3.3114456e-02 2.1941815e-02 4.6028083e+00 2.7954512e+00
        57 3.4566704e-02 2.2617287e-02 4.5966095e+00 2.9062602e+00
        58 3.6501360e-02 2.3624947e-02 4.5883646e+00 3.0350259e+00
        59 3.8305350e-02 2.4262929e-02 4.5806704e+00 3.1660895e+00
        60 3.9927033e-02 2.4979538e-02 4.5737672e+00 3.2911173e+00
        61 4.1985689e-02 2.5963732e-02 4.5650167e+00 3.4306129e+00
        62 4.3817805e-02 2.6639662e-02 4.5572272e+00 3.5554325e+00
        63 4.6282783e-02 2.8065070e-02 4.5467878e+00 3.6963528e+00
        64 4.8446778e-02 2.8892652e-02 4.5376118e+00 3.8380735e+00
        65 5.0663382e-02 2.9772947e-02 4.5282257e+00 3.9897281e+00
        66 5.3322196e-02 3.0973383e-02 4.5169911e+00 4.1508811e+00
        67 5.5817367e-02 3.1993623e-02 4.5064566e+00 4.2999299e+00
        68 5.8707156e-02 3.3495788e-02 4.4942956e+00 4.4592716e+00
        69 6.1134825e-02 3.4303321e-02 4.4840643e+00 4.6243745e+00
        70 6.4518809e-02 3.5942537e-02 4.4698612e+00 4.8011719e+00
        71 6.7350590e-02 3.7263587e-02 4.4579938e+00 4.9636756e+00
        72 7.0543828e-02 3.8310589e-02 4.4446008e+00 5.1447194e+00
        73 7.3765087e-02 3.9955230e-02 4.4311599e+00 5.3189302e+00
        74 7.7354500e-02 4.1211485e-02 4.4161658e+00 5.5118014e+00
        75 8.0699012e-02 4.2971327e-02 4.4022711e+00 5.6885306e+00
        76 8.4574471e-02 4.4683454e-02 4.3861769e+00 5.8890572e+00
        77 8.8240358e-02 4.6194668e-02 4.3709761e+00 6.0816685e+00
        78 9.2131695e-02 4.7834529e-02 4.3548783e+00 6.2815664e+00
        79 9.6622351e-02 4.9660786e-02 4.3363389e+00 6.5026800e+00
        80 1.0129699e-01 5.1920237e-02 4.3171270e+00 6.7183567e+00
        81 1.0575023e-01 5.3650156e-02 4.2988296e+00 6.9315296e+00
        82 1.1018341e-01 5.5693498e-02 4.2806957e+00 7.1443802e+00
        83 1.1539533e-01 5.7935981e-02 4.2594187e+00 7.3797864e+00
        84 1.2036261e-01 5.9721939e-02 4.2391583e+00 7.6134936e+00
        85 1.2575500e-01 6.2008035e-02 4.2172700e+00 7.8352521e+00
        86 1.3098233e-01 6.4396415e-02 4.1961393e+00 8.0612939e+00
        87 1.3656978e-01 6.6678766e-02 4.1735898e+00 8.3046355e+00
        88 1.4273840e-01 6.9026297e-02 4.1487557e+00 8.5608712e+00
        89 1.4882426e-01 7.1307714e-02 4.1243351e+00 8.8197775e+00
        90 1.5494967e-01 7.4571173e-02 4.0999845e+00 9.0543071e+00
        91 1.6181741e-01 7.6825515e-02 4.0725797e+00 9.3160314e+00
        92 1.6888948e-01 7.9691854e-02 4.0445553e+00 9.5777622e+00
        93 1.7518906e-01 8.2680787e-02 4.0197619e+00 9.8332769e+00
        94 1.8283580e-01 8.5387823e-02 3.9896390e+00 1.0101288e+01
        95 1.9013777e-01 8.8475812e-02 3.9610859e+00 1.0369142e+01
        96 1.9790767e-01 9.1720991e-02 3.9308335e+00 1.0657785e+01
        97 2.0588737e-01 9.5032354e-02 3.8999078e+00 1.0927028e+01
        98 2.1458172e-01 9.8171252e-02 3.8662902e+00 1.1196338e+01
        99 2.2247813e-01 1.0155444e-01 3.8360137e+00 1.1466982e+01
       100 2.3083801e-01 1.0536205e-01 3.8041686e+00 1.1752030e+01
       101 2.3994743e-01 1.0845134e-01 3.7694295e+00 1.2030618e+01
       102 2.4992935e-01 1.1239303e-01 3.7317003e+00 1.2321072e+01
       103 2.5876780e-01 1.1609351e-01 3.6985342e+00 1.2589251e+01
       104 2.6946413e-01 1.2013748e-01 3.6585375e+00 1.2897879e+01
       105 2.7964734e-01 1.2295754e-01 3.6204482e+00 1.3196838e+01
       106 2.8942165e-01 1.2692852e-01 3.5844177e+00 1.3482210e+01
       107 3.0127456e-01 1.3128519e-01 3.5409029e+00 1.3791377e+01
       108 3.1234154e-01 1.3487339e-01 3.5004318e+00 1.4096596e+01
       109 3.2379733e-01 1.3868445e-01 3.4588508e+00 1.4415047e+01
       110 3.3616218e-01 1.4281278e-01 3.4143016e+00 1.4731508e+01
       111 3.4874576e-01 1.4655041e-01 3.3691772e+00 1.5074753e+01
       112 3.6196939e-01 1.5015042e-01 3.3220303e+00 1.5391845e+01
       113 3.7530921e-01 1.5429343e-01 3.2750074e+00 1.5703163e+01
       114 3.8932039e-01 1.5810292e-01 3.2258664e+00 1.6029330e+01
       115 4.0352357e-01 1.6202460e-01 3.1765018e+00 1.6321301e+01
       116 4.1912987e-01 1.6576839e-01 3.1225735e+00 1.6663287e+01
       117 4.3449553e-01 1.6974338e-01 3.0700781e+00 1.6963780e+01
       118 4.5085482e-01 1.7377794e-01 3.0146730e+00 1.7285904e+01
       119 4.6746894e-01 1.7775583e-01 2.9589435e+00 1.7628274e+01
       120 4.8578653e-01 1.8174586e-01 2.8980325e+00 1.7957618e+01
       121 5.0352644e-01 1.8548437e-01 2.8396659e+00 1.8240677e+01
       122 5.2198883e-01 1.8985084e-01 2.7798006e+00 1.8527333e+01
       123 5.4123846e-01 1.9390285e-01 2.7179549e+00 1.8795641e+01
       124 5.6116450e-01 1.9846885e-01 2.6548984e+00 1.9077777e+01
       125 5.8164157e-01 2.0261629e-01 2.5907480e+00 1.9327739e+01
       126 6.0247593e-01 2.0706374e-01 2.5264685e+00 1.9558994e+01
       127 6.2396115e-01 2.1140630e-01 2.4610284e+00 1.9803080e+01
       128 6.4647463e-01 2.1564139e-01 2.3933514e+00 2.0013836e+01
       129 6.6876892e-01 2.2026450e-01 2.3275565e+00 2.0199722e+01
       130 6.9191173e-01 2.2413572e-01 2.2599374e+00 2.0380071e+01
       131 7.1572674e-01 2.2928625e-01 2.1920376e+00 2.0545247e+01
       132 7.4056254e-01 2.3397276e-01 2.1221713e+00 2.0692005e+01
       133 7.6508272e-01 2.3855648e-01 2.0544255e+00 2.0812894e+01
       134 7.9087920e-01 2.4337679e-01 1.9844959e+00 2.0901086e+01
       135 8.1697950e-01 2.4789597e-01 1.9149669e+00 2.0973127e+01
       136 8.4422761e-01 2.5224860e-01 1.8436931e+00 2.1028640e+01
       137 8.7146209e-01 2.5758734e-01 1.7744847e+00 2.1050170e+01
       138 8.9961024e-01 2.6206363e-01 1.7040264e+00 2.1050828e+01
       139 9.2662122e-01 2.6676938e-01 1.6381608e+00 2.1019447e+01
       140 9.5560149e-01 2.7197895e-01 1.5692525e+00 2.0955169e+01
       141 9.8513641e-01 2.7684204e-01 1.5005622e+00 2.0868698e+01
       142 1.0149131e+00 2.8190926e-01 1.4332163e+00 2.0751645e+01
       143 1.0447637e+00 2.8671517e-01 1.3673774e+00 2.0596782e+01
       144 1.0750277e+00 2.9233785e-01 1.3029314e+00 2.0406171e+01
       145 1.1056181e+00 2.9657665e-01 1.2388571e+00 2.0189528e+01
       146 1.1380048e+00 3.0173949e-01 1.1735061e+00 1.9931627e+01
       147 1.1692271e+00 3.0725680e-01 1.1128728e+00 1.9650344e+01
       148 1.2010739e+00 3.1204233e-01 1.0525718e+00 1.9330516e+01
       149 1.2345703e+00 3.1649204e-01 9.9101546e-01 1.8983652e+01
       150 1.2665786e+00 3.2155709e-01 9.3484995e-01 1.8588723e+01
       151 1.2999727e+00 3.2632453e-01 8.7815376e-01 1.8167467e+01
       152 1.3337482e+00 3.3055593e-01 8.2273406e-01 1.7714696e+01
       153 1.3672090e+00 3.3587165e-01 7.7086957e-01 1.7205589e+01
       154 1.3999661e+00 3.4074372e-01 7.2209355e-01 1.6683311e+01
       155 1.4339214e+00 3.4539032e-01 6.7356949e-01 1.6128464e+01
       156 1.4669112e+00 3.4958330e-01 6.2845033e-01 1.5558195e+01
       157 1.5018935e+00 3.5406969e-01 5.8305063e-01 1.4910101e+01
       158 1.5336722e+00 3.5819065e-01 5.4399751e-01 1.4293376e+01
       159 1.5670757e+00 3.6319695e-01 5.0565126e-01 1.3611307e+01
       160 1.5982227e+00 3.6652479e-01 4.7096687e-01 1.2961360e+01
       161 1.6330340e+00 3.7048232e-01 4.3470075e-01 1.2224807e+01
       162 1.6657548e+00 3.7405984e-01 4.0274421e-01 1.1487785e+01
       163 1.6967033e+00 3.7730133e-01 3.7440523e-01 1.0774652e+01
       164 1.7278872e+00 3.8075288e-01 3.4795070e-01 1.0031195e+01
       165 1.7584326e+00 3.8436657e-01 3.2412533e-01 9.2721140e+00
       166 1.7874965e+00 3.8699969e-01 3.0258832e-01 8.5488826e+00
       167 1.8183506e+00 3.8966583e-01 2.8148794e-01 7.7673194e+00
       168 1.8461851e+00 3.9151034e-01 2.6365898e-01 7.0574301e+00
       169 1.8733005e+00 3.9348046e-01 2.4792349e-01 6.3518853e+00
       170 1.9015807e+00 3.9494795e-01 2.3262273e-01 5.6215500e+00
       171 1.9256033e+00 3.9732196e-01 2.2177995e-01 4.9944274e+00
       172 1.9499678e+00 3.9768600e-01 2.1034362e-01 4.3879639e+00
       173 1.9738381e+00 3.9879218e-01 2.0088808e-01 3.8143656e+00
       174 1.9963705e+00 3.9991747e-01 1.9307525e-01 3.3179420e+00
       175 2.0158657e+00 4.0012969e-01 1.8652698e-01 2.9478888e+00
       176 2.0356519e+00 3.9998408e-01 1.8036940e-01 2.6558999e+00
       177 2.0553145e+00 4.0005545e-01 1.7519881e-01 2.4825272e+00
       178 2.0727988e+00 3.9867963e-01 1.7010086e-01 2.4398293e+00
       179 2.0876611e+00 3.9719107e-01 1.6599754e-01 2.4969643e+00
       180 2.1023035e+00 3.9726031e-01 1.6360916e-01 2.6559767e+00
       181 2.1167618e+00 3.9538306e-01 1.6012924e-01 2.8529169e+00
       182 2.1276323e+00 3.9345775e-01 1.5738818e-01 3.0342701e+00
       183 2.1381830e+00 3.9171288e-01 1.5505782e-01 3.2391376e+00
       184 2.1465548e+00 3.8901366e-01 1.5234689e-01 3.3921428e+00
       185 2.1541884e+00 3.8638987e-01 1.4988420e-01 3.5405165e+00
       186 2.1624097e+00 3.8390790e-01 1.4764154e-01 3.7157699e+00
       187 2.1681013e+00 3.8051938e-01 1.4490143e-01 3.8198636e+00
       188 2.1734160e+00 3.7782113e-01 1.4277382e-01 3.9179667e+00
       189 2.1768913e+00 3.7456604e-01 1.4030205e-01 3.9666941e+00
       190 2.1804882e+00 3.7125825e-01 1.3783698e-01 4.0156039e+00
       191 2.1820585e+00 3.6716754e-01 1.3482526e-01 3.9972966e+00
       192 2.1839187e+00 3.6326506e-01 1.3199176e-01 3.9854577e+00
       193 2.1837093e+00 3.5950170e-01 1.2926947e-01 3.9194166e+00
       194 2.1850978e+00 3.5654557e-01 1.2716936e-01 3.9214203e+00
       195 2.1838458e+00 3.5279660e-01 1.2449490e-01 3.8210155e+00
       196 2.1833964e+00 3.4862063e-01 1.2156113e-01 3.7460276e+00
       197 2.1818826e+00 3.4396268e-01 1.1832233e-01 3.6248764e+00
       198 2.1808149e+00 3.4105680e-01 1.1632549e-01 3.5471842e+00
       199 2.1777565e+00 3.3652500e-01 1.1324951e-01 3.3888113e+00
       200 2.1761433e+00 3.3169351e-01 1.1002576e-01 3.2731913e+00
       201 2.1732792e+00 3.2806672e-01 1.0765418e-01 3.1361739e+00
       202 2.1705285e+00 3.2473566e-01 1.0551549e-01 3.0079463e+00
       203 2.1683603e+00 3.2006116e-01 1.0254030e-01 2.8822713e+00
       204 2.1649638e+00 3.1622979e-01 1.0018229e-01 2.7376691e+00
       205 2.1629240e+00 3.1274126e-01 9.8047158e-02 2.6376166e+00
       206 2.1597974e+00 3.0912569e-01 9.5905413e-02 2.5043196e+00
       207 2.1563050e+00 3.0571526e-01 9.3950804e-02 2.3709076e+00
       208 2.1530985e+00 3.0210100e-01 9.1906086e-02 2.2486722e+00
       209 2.1514007e+00 2.9838416e-01 8.9763036e-02 2.1607825e+00
       210 2.1488553e+00 2.9525923e-01 8.8051963e-02 2.0666262e+00
       211 2.1457475e+00 2.9209391e-01 8.6386204e-02 1.9631474e+00
       212 2.1436225e+00 2.8827639e-01 8.4313993e-02 1.8709688e+00
       213 2.1412431e+00 2.8491942e-01 8.2561043e-02 1.7910355e+00
       214 2.1386551e+00 2.8225620e-01 8.1249642e-02 1.7134762e+00
       215 2.1383826e+00 2.7813972e-01 7.8964524e-02 1.6648029e+00
       216 2.1362794e+00 2.7573294e-01 7.7804309e-02 1.6108302e+00
       217 2.1358864e+00 2.7251221e-01 7.6071831e-02 1.5747793e+00
       218 2.1341482e+00 2.6954819e-01 7.4616035e-02 1.5260192e+00
       219 2.1332701e+00 2.6719822e-01 7.3433211e-02 1.4932580e+00
       220 2.1310661e+00 2.6405828e-01 7.1968970e-02 1.4451947e+00
       221 2.1311750e+00 2.6167825e-01 7.0707400e-02 1.4221358e+00
       222 2.1298253e+00 2.5865018e-01 6.9261154e-02 1.3930240e+00
       223 2.1302704e+00 2.5654949e-01 6.8135823e-02 1.3743061e+00
       224 2.1303668e+00 2.5456251e-01 6.7110977e-02 1.3602318e+00
       225 2.1309000e+00 2.5155864e-01 6.5539707e-02 1.3372716e+00
       226 2.1301265e+00 2.4936418e-01 6.4514550e-02 1.3193428e+00
       227 2.1308660e+00 2.4673627e-01 6.3139977e-02 1.2996446e+00
       228 2.1307126e+00 2.4488049e-01 6.2242253e-02 1.2860223e+00
       229 2.1318957e+00 2.4211169e-01 6.0782388e-02 1.2675875e+00
       230 2.1328062e+00 2.4036965e-01 5.9857996e-02 1.2512638e+00
       231 2.1331607e+00 2.3795270e-01 5.8669701e-02 1.2364513e+00
       232 2.1333692e+00 2.3623210e-01 5.7834989e-02 1.2209275e+00
       233 2.1341586e+00 2.3399059e-01 5.6710479e-02 1.2043064e+00
       234 2.1347345e+00 2.3187223e-01 5.5672973e-02 1.1910695e+00
       235 2.1372573e+00 2.2980651e-01 5.4505225e-02 1.1836954e+00
       236 2.1377308e+00 2.2838555e-01 5.3815395e-02 1.1723140e+00
       237 2.1386687e+00 2.2635505e-01 5.2816603e-02 1.1580279e+00
       238 2.1401864e+00 2.2455677e-01 5.1887396e-02 1.1473289e+00
       239 2.1399909e+00 2.2219789e-01 5.0848542e-02 1.1265306e+00
       240 2.1405874e+00 2.2116931e-01 5.0347011e-02 1.1193914e+00
       241 2.1424331e+00 2.1885248e-01 4.9191312e-02 1.1098968e+00
       242 2.1434789e+00 2.1667953e-01 4.8170756e-02 1.1004072e+00
       243 2.1440152e+00 2.1585480e-01 4.7776840e-02 1.0931615e+00
       244 2.1444053e+00 2.1362103e-01 4.6790802e-02 1.0715512e+00
       245 2.1449919e+00 2.1248741e-01 4.6268198e-02 1.0663823e+00
       246 2.1467697e+00 2.0993198e-01 4.5073045e-02 1.0528182e+00
       247 2.1471536e+00 2.0842325e-01 4.4417708e-02 1.0460145e+00
       248 2.1481561e+00 2.0704928e-01 4.3785181e-02 1.0410224e+00
       249 2.1492875e+00 2.0561224e-01 4.3124974e-02 1.0346795e+00
       250 2.1512450e+00 2.0358939e-01 4.2187006e-02 1.0369651e+00
       251 2.1506094e+00 2.0266933e-01 4.1848169e-02 1.0198419e+00
       252 2.1521573e+00 2.0069116e-01 4.0966562e-02 1.0118127e+00
       253 2.1522723e+00 1.9922353e-01 4.0373605e-02 1.0014227e+00
       254 2.1528183e+00 1.9799848e-01 3.9858739e-02 9.9345720e-01
       255 2.1539419e+00 1.9619227e-01 3.9090485e-02 9.9308989e-01
       256 2.1543734e+00 1.9433937e-01 3.8345927e-02 9.7787024e-01
       257 2.1547756e+00 1.9332349e-01 3.7932932e-02 9.7007400e-01
       258 2.1545685e+00 1.9185137e-01 3.7375743e-02 9.5207882e-01
       259 2.1559382e+00 1.9066942e-01 3.6860166e-02 9.5687706e-01
       260 2.1573143e+00 1.8814387e-01 3.5843476e-02 9.5258265e-01
       261 2.1571922e+00 1.8704671e-01 3.5437000e-02 9.3709317e-01
       262 2.1580605e+00 1.8633767e-01 3.5136150e-02 9.3945101e-01
       263 2.1573684e+00 1.8436236e-01 3.4432559e-02 9.1143469e-01
       264 2.1575866e+00 1.8351102e-01 3.4110238e-02 9.0506336e-01
       265 2.1585137e+00 1.8136015e-01 3.3287682e-02 8.9442467e-01
       266 2.1590482e+00 1.8014384e-01 3.2826988e-02 8.8962045e-01
       267 2.1596512e+00 1.7909786e-01 3.2428233e-02 8.8789001e-01
       268 2.1579726e+00 1.7782129e-01 3.2038421e-02 8.4978314e-01
       269 2.1593004e+00 1.7631951e-01 3.1454049e-02 8.5598155e-01
       270 2.1604443e+00 1.7483414e-01 3.0890027e-02 8.5790806e-01
       271 2.1599976e+00 1.7438710e-01 3.0750165e-02 8.3909127e-01
       272 2.1606317e+00 1.7256479e-01 3.0094956e-02 8.3434388e-01
       273 2.1605322e+00 1.7188367e-01 2.9863895e-02 8.2468423e-01
       274 2.1617248e+00 1.7033115e-01 2.9291362e-02 8.2459623e-01
       275 2.1609479e+00 1.6908193e-01 2.8893900e-02 8.0178610e-01
       276 2.1607297e+00 1.6821849e-01 2.8610333e-02 7.8752974e-01
       277 2.1613408e+00 1.6699270e-01 2.8178190e-02 7.8505189e-01
       278 2.1606795e+00 1.6594756e-01 2.7853241e-02 7.6237190e-01
       279 2.1624201e+00 1.6459078e-01 2.7346055e-02 7.7506806e-01
       280 2.1626108e+00 1.6317636e-01 2.6876387e-02 7.6413514e-01
       281 2.1608537e+00 1.6295788e-01 2.6863770e-02 7.3287397e-01
       282 2.1626514e+00 1.6109788e-01 2.6201109e-02 7.4216078e-01
       283 2.1624198e+00 1.6065524e-01 2.6066045e-02 7.3046966e-01
       284 2.1626544e+00 1.5897471e-01 2.5521449e-02 7.2194083e-01
       285 2.1629320e+00 1.5874649e-01 2.5440263e-02 7.2097245e-01
       286 2.1632890e+00 1.5710011e-01 2.4909326e-02 7.0819358e-01
       287 2.1628966e+00 1.5550825e-01 2.4423726e-02 6.9032614e-01
       288 2.1622968e+00 1.5500217e-01 2.4285560e-02 6.7596873e-01
       289 2.1631056e+00 1.5389167e-01 2.3917112e-02 6.7389838e-01
       290 2.1635384e+00 1.5273401e-01 2.3549079e-02 6.7095437e-01
       291 2.1638161e+00 1.5247389e-01 2.3461499e-02 6.7070921e-01
       292 2.1636769e+00 1.5109123e-01 2.3045856e-02 6.5389828e-01
       293 2.1634521e+00 1.5008718e-01 2.2750138e-02 6.3947916e-01
       294 2.1636145e+00 1.4923782e-01 2.2491066e-02 6.3316768e-01
       295 2.1637127e+00 1.4907125e-01 2.2438482e-02 6.3381197e-01
       296 2.1644863e+00 1.4726768e-01 2.1881859e-02 6.2508602e-01
       297 2.1642626e+00 1.4617843e-01 2.1568506e-02 6.1399099e-01
       298 2.1645566e+00 1.4603621e-01 2.1518710e-02 6.1570800e-01
       299 2.1644187e+00 1.4463205e-01 2.1114407e-02 5.9703784e-01
       300 2.1650466e+00 1.4364972e-01 2.0814034e-02 5.9555556e-01
       301 2.1645753e+00 1.4307615e-01 2.0662405e-02 5.8359433e-01
       302 2.1644412e+00 1.4287320e-01 2.0608099e-02 5.7519214e-01
       303 2.1647595e+00 1.4207403e-01 2.0371584e-02 5.7358071e-01
       304 2.1646893e+00 1.4124400e-01 2.0138343e-02 5.6302364e-01
       305 2.1650009e+00 1.4017230e-01 1.9828291e-02 5.5667592e-01
       306 2.1655390e+00 1.4005462e-01 1.9781162e-02 5.5923371e-01
       307 2.1659116e+00 1.3824402e-01 1.9267817e-02 5.5098083e-01
       308 2.1654647e+00 1.3874904e-01 1.9419084e-02 5.4468783e-01
       309 2.1662951e+00 1.3669720e-01 1.8833087e-02 5.3782063e-01
       310 2.1651108e+00 1.3717023e-01 1.8992750e-02 5.2234765e-01
       311 2.1653009e+00 1.3656902e-01 1.8823153e-02 5.1632699e-01
       312 2.1664878e+00 1.3569766e-01 1.8556180e-02 5.2485098e-01
       313 2.1658561e+00 1.3474696e-01 1.8314542e-02 5.0533237e-01
       314 2.1659889e+00 1.3474636e-01 1.8311061e-02 5.0347844e-01
       315 2.1668527e+00 1.3275806e-01 1.7758456e-02 5.0082861e-01
       316 2.1665535e+00 1.3290322e-01 1.7804031e-02 4.9287113e-01
       317 2.1671624e+00 1.3252998e-01 1.7690882e-02 4.9607550e-01
       318 2.1672650e+00 1.3106448e-01 1.7302284e-02 4.8738828e-01
       319 2.1676992e+00 1.3023413e-01 1.7075818e-02 4.8602898e-01
       320 2.1685213e+00 1.2956198e-01 1.6884250e-02 4.9101411e-01
       321 2.1675949e+00 1.3009822e-01 1.7042684e-02 4.7513114e-01
       322 2.1679180e+00 1.2925751e-01 1.6817753e-02 4.7094600e-01
       323 2.1688299e+00 1.2818402e-01 1.6523072e-02 4.7587752e-01
       324 2.1681163e+00 1.2787276e-01 1.6457564e-02 4.6211619e-01
       325 2.1681703e+00 1.2702274e-01 1.6239790e-02 4.5337803e-01
       326 2.1687413e+00 1.2647760e-01 1.6090220e-02 4.5635742e-01
       327 2.1681293e+00 1.2633332e-01 1.6065963e-02 4.4078878e-01
       328 2.1682446e+00 1.2620949e-01 1.6032332e-02 4.4107839e-01
       329 2.1681961e+00 1.2548972e-01 1.5852155e-02 4.2999512e-01
       330 2.1687785e+00 1.2467671e-01 1.5637201e-02 4.3192863e-01
       331 2.1684461e+00 1.2375525e-01 1.5414799e-02 4.1780254e-01
       332 2.1687271e+00 1.2372706e-01 1.5402296e-02 4.1842528e-01
       333 2.1687546e+00 1.2325267e-01 1.5284600e-02 4.1394208e-01
       334 2.1687532e+00 1.2290837e-01 1.5199873e-02 4.0910765e-01
       335 2.1684476e+00 1.2232580e-01 1.5063008e-02 3.9915335e-01
       336 2.1682426e+00 1.2238873e-01 1.5082537e-02 3.9170276e-01
       337 2.1696604e+00 1.2184737e-01 1.4923476e-02 4.0452924e-01
       338 2.1692029e+00 1.2064135e-01 1.4639252e-02 3.9035615e-01
       339 2.1691047e+00 1.2060180e-01 1.4631530e-02 3.8528249e-01
       340 2.1692085e+00 1.1984345e-01 1.4447265e-02 3.8117249e-01
       341 2.1696370e+00 1.1964287e-01 1.4391522e-02 3.8114627e-01
       342 2.1692339e+00 1.1921389e-01 1.4296297e-02 3.7052430e-01
       343 2.1693227e+00 1.1808949e-01 1.4027850e-02 3.6193196e-01
       344 2.1696871e+00 1.1856637e-01 1.4134211e-02 3.6713804e-01
       345 2.1689071e+00 1.1835890e-01 1.4099285e-02 3.5191329e-01
       346 2.1694839e+00 1.1803915e-01 1.4013058e-02 3.5365887e-01
       347 2.1704906e+00 1.1647729e-01 1.3629800e-02 3.5806688e-01
       348 2.1697445e+00 1.1697762e-01 1.3758991e-02 3.4546352e-01
       349 2.1699811e+00 1.1638142e-01 1.3615814e-02 3.4375917e-01
       350 2.1697073e+00 1.1656810e-01 1.3663997e-02 3.3807290e-01
       351 2.1700959e+00 1.1587050e-01 1.3495229e-02 3.3772255e-01
       352 2.1696789e+00 1.1555723e-01 1.3429845e-02 3.2661830e-01
       353 2.1700792e+00 1.1553153e-01 1.3417068e-02 3.2836712e-01
       354 2.1702349e+00 1.1503317e-01 1.3299592e-02 3.2642127e-01
       355 2.1702886e+00 1.1475191e-01 1.3234088e-02 3.2309643e-01
       356 2.1710597e+00 1.1339294e-01 1.2912102e-02 3.2670275e-01
       357 2.1716790e+00 1.1246156e-01 1.2693015e-02 3.3015442e-01
       358 2.1710764e+00 1.1309448e-01 1.2844258e-02 3.2065689e-01
       359 2.1713150e+00 1.1310856e-01 1.2843998e-02 3.2220049e-01
       360 2.1708407e+00 1.1292852e-01 1.2810264e-02 3.1022950e-01
       361 2.1716260e+00 1.1221379e-01 1.2638065e-02 3.1358077e-01
       362 2.1706504e+00 1.1219155e-01 1.2647278e-02 2.9698538e-01
       363 2.1719428e+00 1.1154836e-01 1.2484965e-02 3.1039870e-01
       364 2.1714316e+00 1.1180843e-01 1.2549934e-02 3.0399506e-01
       365 2.1726832e+00 1.1123539e-01 1.2406197e-02 3.1704604e-01
       366 2.1716661e+00 1.1136039e-01 1.2446723e-02 2.9707733e-01
       367 2.1717439e+00 1.1076790e-01 1.2314070e-02 2.9410270e-01
       368 2.1714473e+00 1.1096926e-01 1.2362767e-02 2.8959789e-01
       369 2.1717805e+00 1.1091297e-01 1.2345742e-02 2.8928166e-01
       370 2.1717281e+00 1.1086634e-01 1.2336100e-02 2.7985518e-01
       371 2.1721053e+00 1.0903905e-01 1.1929364e-02 2.8221168e-01
       372 2.1715806e+00 1.0955223e-01 1.2048438e-02 2.6993942e-01
       373 2.1708887e+00 1.0954558e-01 1.2056923e-02 2.6186630e-01
       374 2.1713690e+00 1.0953387e-01 1.2047355e-02 2.6193956e-01
       375 2.1715607e+00 1.0860503e-01 1.1842074e-02 2.6276898e-01
       376 2.1715639e+00 1.0865344e-01 1.1852549e-02 2.5573451e-01
       377 2.1717392e+00 1.0792725e-01 1.1692897e-02 2.5087108e-01
       378 2.1719002e+00 1.0792181e-01 1.1689597e-02 2.5590145e-01
       379 2.1720574e+00 1.0806015e-01 1.1717452e-02 2.5384992e-01
       380 2.1718169e+00 1.0710200e-01 1.1514413e-02 2.5000246e-01
       381 2.1722584e+00 1.0682911e-01 1.1450399e-02 2.4598368e-01
       382 2.1725335e+00 1.0690830e-01 1.1464011e-02 2.4902045e-01
       383 2.1708619e+00 1.0785508e-01 1.1689813e-02 2.3052790e-01
       384 2.1720162e+00 1.0676649e-01 1.1440066e-02 2.3781822e-01
       385 2.1720054e+00 1.0674722e-01 1.1436090e-02 2.3442845e-01
       386 2.1719502e+00 1.0680899e-01 1.1449991e-02 2.3190780e-01
       387 2.1726230e+00 1.0608498e-01 1.1287604e-02 2.3700545e-01
       388 2.1721098e+00 1.0711223e-01 1.1512822e-02 2.2880661e-01
       389 2.1726398e+00 1.0602299e-01 1.1274261e-02 2.3186428e-01
       390 2.1714825e+00 1.0639700e-01 1.1368421e-02 2.1545345e-01
       391 2.1726600e+00 1.0571993e-01 1.1209857e-02 2.2549887e-01
       392 2.1733329e+00 1.0470372e-01 1.0988726e-02 2.3268585e-01
       393 2.1726563e+00 1.0488837e-01 1.1034767e-02 2.1800564e-01
       394 2.1716411e+00 1.0557350e-01 1.1191689e-02 2.0790435e-01
       395 2.1731801e+00 1.0465005e-01 1.0979068e-02 2.2430636e-01
       396 2.1727420e+00 1.0466655e-01 1.0987303e-02 2.1179592e-01
       397 2.1733082e+00 1.0389741e-01 1.0820782e-02 2.1744177e-01
       398 2.1730276e+00 1.0424539e-01 1.0896157e-02 2.1069321e-01
       399 2.1731186e+00 1.0433257e-01 1.0913368e-02 2.1153659e-01
       400 2.1727716e+00 1.0395044e-01 1.0837575e-02 2.0371113e-01
       401 2.1730604e+00 1.0383773e-01 1.0810977e-02 2.0444650e-01
       402 2.1722018e+00 1.0400511e-01 1.0855704e-02 1.8776630e-01
       403 2.1722329e+00 1.0356602e-01 1.0764175e-02 1.8916317e-01
       404 2.1724482e+00 1.0423218e-01 1.0899986e-02 1.9172248e-01
       405 2.1733776e+00 1.0351297e-01 1.0740339e-02 1.9956434e-01
       406 2.1729756e+00 1.0327263e-01 1.0694855e-02 1.8882940e-01
       407 2.1729775e+00 1.0301990e-01 1.0642697e-02 1.8691557e-01
       408 2.1725387e+00 1.0348995e-01 1.0744734e-02 1.8235298e-01
       409 2.1720527e+00 1.0422446e-01 1.0903254e-02 1.7715499e-01
       410 2.1733957e+00 1.0253302e-01 1.0538243e-02 1.8667958e-01
       411 2.1732942e+00 1.0253064e-01 1.0538783e-02 1.8316203e-01
       412 2.1726757e+00 1.0257109e-01 1.0553801e-02 1.7150484e-01
       413 2.1731696e+00 1.0267105e-01 1.0568890e-02 1.7621008e-01
       414 2.1741959e+00 1.0204592e-01 1.0431196e-02 1.9372692e-01
       415 2.1733905e+00 1.0223894e-01 1.0478076e-02 1.7344697e-01
       416 2.1731948e+00 1.0240246e-01 1.0513545e-02 1.7147896e-01
       417 2.1733531e+00 1.0246727e-01 1.0525193e-02 1.7370195e-01
       418 2.1732074e+00 1.0162216e-01 1.0354213e-02 1.6555941e-01
       419 2.1730695e+00 1.0189955e-01 1.0412123e-02 1.6416314e-01
       420 2.1743824e+00 1.0133968e-01 1.0286016e-02 1.8278505e-01
       421 2.1732423e+00 1.0097939e-01 1.0223623e-02 1.5984478e-01
       422 2.1730273e+00 1.0173324e-01 1.0378711e-02 1.5869127e-01
       423 2.1729459e+00 1.0180404e-01 1.0394006e-02 1.5518585e-01
       424 2.1729493e+00 1.0223524e-01 1.0481949e-02 1.5663151e-01
       425 2.1735797e+00 1.0125636e-01 1.0276260e-02 1.5860438e-01
       426 2.1733549e+00 1.0128639e-01 1.0284566e-02 1.5340350e-01
       427 2.1740939e+00 1.0087898e-01 1.0195266e-02 1.6118845e-01
       428 2.1734146e+00 1.0141400e-01 1.0309832e-02 1.5320033e-01
       429 2.1731250e+00 1.0154780e-01 1.0339972e-02 1.4859395e-01
       430 2.1731678e+00 1.0144370e-01 1.0318387e-02 1.4681066e-01
       431 2.1742289e+00 9.9308441e-02 9.8797141e-03 1.5362016e-01
       432 2.1743779e+00 1.0036875e-01 1.0090208e-02 1.5402851e-01
       433 2.1732531e+00 1.0142953e-01 1.0314624e-02 1.4361015e-01
       434 2.1741771e+00 1.0062100e-01 1.0142570e-02 1.5352397e-01
       435 2.1743979e+00 9.9826857e-02 9.9815619e-03 1.4893700e-01
       436 2.1737063e+00 1.0046576e-01 1.0115569e-02 1.3907355e-01
       437 2.1739052e+00 1.0012889e-01 1.0046160e-02 1.4292856e-01
       438 2.1738357e+00 9.9796925e-02 9.9804229e-03 1.4168525e-01
       439 2.1730436e+00 1.0153384e-01 1.0338003e-02 1.3591858e-01
       440 2.1743042e+00 9.9751559e-02 9.9672961e-03 1.4000822e-01
       441 2.1746472e+00 9.9833198e-02 9.9808853e-03 1.4856697e-01
       442 2.1737195e+00 1.0070014e-01 1.0162594e-02 1.3526612e-01
       443 2.1735249e+00 1.0005232e-01 1.0034407e-02 1.2969065e-01
       444 2.1729129e+00 1.0045468e-01 1.0121447e-02 1.2585813e-01
       445 2.1739013e+00 1.0000858e-01 1.0022115e-02 1.3355915e-01
       446 2.1736187e+00 9.9790780e-02 9.9812318e-03 1.2575668e-01
       447 2.1735642e+00 1.0055777e-01 1.0135423e-02 1.2548690e-01
       448 2.1747274e+00 9.9085629e-02 9.8315819e-03 1.4113107e-01
       449 2.1737601e+00 9.9770438e-02 9.9758354e-03 1.2379117e-01
       450 2.1740159e+00 9.9752462e-02 9.9699313e-03 1.2482676e-01
       451 2.1735964e+00 9.9807207e-02 9.9847256e-03 1.1743527e-01
       452 2.1738650e+00 9.9951048e-02 1.0010941e-02 1.2238474e-01
       453 2.1742314e+00 1.0038657e-01 1.0094990e-02 1.2707594e-01
       454 2.1737303e+00 9.9763079e-02 9.9746459e-03 1.1711821e-01
       455 2.1732672e+00 1.0032476e-01 1.0091587e-02 1.1521692e-01
       456 2.1739537e+00 9.8977604e-02 9.8164955e-03 1.1550769e-01
       457 2.1733635e+00 1.0011126e-01 1.0047811e-02 1.1372186e-01
       458 2.1749959e+00 9.8876110e-02 9.7881954e-03 1.2947890e-01
       459 2.1739319e+00 9.9094858e-02 9.8399154e-03 1.1294459e-01
       460 2.1744287e+00 9.9218824e-02 9.8602888e-03 1.2003765e-01
       461 2.1738749e+00 9.9533781e-02 9.9276124e-03 1.1313656e-01
       462 2.1745375e+00 9.9635099e-02 9.9422107e-03 1.1915791e-01
       463 2.1746946e+00 9.8710223e-02 9.7575712e-03 1.1722753e-01
       464 2.1742121e+00 9.8444129e-02 9.7089352e-03 1.1054893e-01
       465 2.1742717e+00 9.8513429e-02 9.7220866e-03 1.1067858e-01
       466 2.1746327e+00 9.9228497e-02 9.8606222e-03 1.1589229e-01
       467 2.1739309e+00 9.8421433e-02 9.7069116e-03 1.0595823e-01
       468 2.1746395e+00 9.8295232e-02 9.6762292e-03 1.1039255e-01
       469 2.1736563e+00 9.9739469e-02 9.9706340e-03 1.0494357e-01
       470 2.1746129e+00 9.7804645e-02 9.5802265e-03 1.0648282e-01
       471 2.1746173e+00 9.8735552e-02 9.7631538e-03 1.1038486e-01
       472 2.1739810e+00 9.9424547e-02 9.9049267e-03 1.0322397e-01
       473 2.1744651e+00 9.8904767e-02 9.7977779e-03 1.0445230e-01
       474 2.1738829e+00 9.8602165e-02 9.7429536e-03 1.0024050e-01
       475 2.1739654e+00 9.9186500e-02 9.8577862e-03 1.0016769e-01
       476 2.1740569e+00 9.8987407e-02 9.8175250e-03 1.0123227e-01
       477 2.1743000e+00 9.8551279e-02 9.7293120e-03 9.7809911e-02
       478 2.1740156e+00 9.8358208e-02 9.6937172e-03 9.7634569e-02
       479 2.1749478e+00 9.7719135e-02 9.5610706e-03 1.0547311e-01
       480 2.1752275e+00 9.8054490e-02 9.6248619e-03 1.0901976e-01
       481 2.1740517e+00 9.8862793e-02 9.7929154e-03 9.5640656e-02
       482 2.1741690e+00 9.9023971e-02 9.8238000e-03 9.6181825e-02
       483 2.1734469e+00 9.9064983e-02 9.8385818e-03 9.4917347e-02
       484 2.1749421e+00 9.8445478e-02 9.7035934e-03 1.0352792e-01
       485 2.1749998e+00 9.7425196e-02 9.5033524e-03 1.0185629e-01
       486 2.1744269e+00 9.9025683e-02 9.8220139e-03 9.6459656e-02
       487 2.1745911e+00 9.8230372e-02 9.6638502e-03 9.6856639e-02
       488 2.1741838e+00 9.8618765e-02 9.7435889e-03 9.3120287e-02
       489 2.1748112e+00 9.8187076e-02 9.6537101e-03 9.6004110e-02
       490 2.1741850e+00 9.8830199e-02 9.7853259e-03 9.1524789e-02
       491 2.1744467e+00 9.7891735e-02 9.5985624e-03 9.2051657e-02
       492 2.1748175e+00 9.8134569e-02 9.6433565e-03 9.5346196e-02
       493 2.1748281e+00 9.7605519e-02 9.5397242e-03 9.5388230e-02
       494 2.1741663e+00 9.8778674e-02 9.7753021e-03 8.9344716e-02
       495 2.1745866e+00 9.7635535e-02 9.5473764e-03 8.9945018e-02
       496 2.1742124e+00 9.8484740e-02 9.7169301e-03 8.6532052e-02
       497 2.1746057e+00 9.7413177e-02 9.5038600e-03 8.8180488e-02
       498 2.1744078e+00 9.8308731e-02 9.6806873e-03 8.7913023e-02
       499 2.1750437e+00 9.7763349e-02 9.5690574e-03 9.4124831e-02
       500 2.1750748e+00 9.7897794e-02 9.5951545e-03 9.2301017e-02
       501 2.1740716e+00 9.7439644e-02 9.5133749e-03 8.2936484e-02
       502 2.1755353e+00 9.7548012e-02 9.5239241e-03 9.8323537e-02
       503 2.1746031e+00 9.7615352e-02 9.5433092e-03 8.5202069e-02
       504 2.1758785e+00 9.6841599e-02 9.3847440e-03 1.0305973e-01
       505 2.1749790e+00 9.7193820e-02 9.4584647e-03 8.8367040e-02
       506 2.1743618e+00 9.7671035e-02 9.5560835e-03 8.1412936e-02
       507 2.1740837e+00 9.7967231e-02 9.6163639e-03 8.2365585e-02
       508 2.1747444e+00 9.7827795e-02 9.5837721e-03 8.3931012e-02
       509 2.1747335e+00 9.8289937e-02 9.6744864e-03 8.3774061e-02
       510 2.1742187e+00 9.7717000e-02 9.5662456e-03 8.0930688e-02
       511 2.1750226e+00 9.7360891e-02 9.4906711e-03 8.5954320e-02
       512 2.1747433e+00 9.7085265e-02 9.4390514e-03 7.9552642e-02
       513 2.1743983e+00 9.7543474e-02 9.5308866e-03 7.8881533e-02
       514 2.1741133e+00 9.7936407e-02 9.6100693e-03 7.9652488e-02
       515 2.1745224e+00 9.7908093e-02 9.6011693e-03 7.9533920e-02
       516 2.1746177e+00 9.8064172e-02 9.6310230e-03 7.8742226e-02
       517 2.1750575e+00 9.7580719e-02 9.5332890e-03 8.3714953e-02
       518 2.1745454e+00 9.8120882e-02 9.6427041e-03 7.9016791e-02
       519 2.1743160e+00 9.7605701e-02 9.5436981e-03 7.7103798e-02
       520 2.1740966e+00 9.8207108e-02 9.6633093e-03 7.7083560e-02
       521 2.1741093e+00 9.8136381e-02 9.6493131e-03 7.7053951e-02
       522 2.1739117e+00 9.7177638e-02 9.4637991e-03 7.7695883e-02
       523 2.1747165e+00 9.7671070e-02 9.5533384e-03 7.6409493e-02
       524 2.1748047e+00 9.8016177e-02 9.6202263e-03 7.9978156e-02
       525 2.1755782e+00 9.7170743e-02 9.4502172e-03 8.6878549e-02
       526 2.1748066e+00 9.7776164e-02 9.5732198e-03 7.7895469e-02
       527 2.1749907e+00 9.7172092e-02 9.4541608e-03 7.7245691e-02
       528 2.1748362e+00 9.7785902e-02 9.5749115e-03 7.7644792e-02
       529 2.1756604e+00 9.6921560e-02 9.4013928e-03 8.7176833e-02
       530 2.1744972e+00 9.8397339e-02 9.6974079e-03 7.6748991e-02
       531 2.1747213e+00 9.7939315e-02 9.6057740e-03 7.6249549e-02
       532 2.1738890e+00 9.8241996e-02 9.6720008e-03 7.6697927e-02
       533 2.1750653e+00 9.7144686e-02 9.4483301e-03 7.7581429e-02
       534 2.1751720e+00 9.7671578e-02 9.5502731e-03 8.1101743e-02
       535 2.1749319e+00 9.7544240e-02 9.5270309e-03 7.6883102e-02
       536 2.1746055e+00 9.8172722e-02 9.6524182e-03 7.6226559e-02
       537 2.1746533e+00 9.7161509e-02 9.4545307e-03 7.2494532e-02
       538 2.1744720e+00 9.7481491e-02 9.5182114e-03 7.2446048e-02
       539 2.1753264e+00 9.7102523e-02 9.4384574e-03 7.6983846e-02
       540 2.1746887e+00 9.7479010e-02 9.5160644e-03 7.2803536e-02
       541 2.1743434e+00 9.8340383e-02 9.6874323e-03 7.3536369e-02
       542 2.1738608e+00 9.8416706e-02 9.7066148e-03 7.6559597e-02
       543 2.1751796e+00 9.6960796e-02 9.4118824e-03 7.4563169e-02
       544 2.1753259e+00 9.7499600e-02 9.5157324e-03 7.8613273e-02
       545 2.1743888e+00 9.7830803e-02 9.5870999e-03 7.3291997e-02
       546 2.1752755e+00 9.7102241e-02 9.4387200e-03 7.6730817e-02
       547 2.1755140e+00 9.6990690e-02 9.4156268e-03 7.8688828e-02
       548 2.1745702e+00 9.8491089e-02 9.7152991e-03 7.3322304e-02
       549 2.1750837e+00 9.7178710e-02 9.4548184e-03 7.3790793e-02
       550 2.1740152e+00 9.7978981e-02 9.6192647e-03 7.4491945e-02
       551 2.1752981e+00 9.7331692e-02 9.4831913e-03 7.6071445e-02
       552 2.1749971e+00 9.7353875e-02 9.4894787e-03 7.2444232e-02
       553 2.1747106e+00 9.7463285e-02 9.5128363e-03 7.0324616e-02
       554 2.1753815e+00 9.7134599e-02 9.4443498e-03 7.4740816e-02
       555 2.1754650e+00 9.7443656e-02 9.5039860e-03 7.7771281e-02
       556 2.1760493e+00 9.6379099e-02 9.2945409e-03 8.4546530e-02
       557 2.1748094e+00 9.7102913e-02 9.4419974e-03 7.0291800e-02
       558 2.1749653e+00 9.7773000e-02 9.5714799e-03 7.2546633e-02
       559 2.1757744e+00 9.6466847e-02 9.3128408e-03 7.8382406e-02
       560 2.1749173e+00 9.6978566e-02 9.4170966e-03 6.9721455e-02
       561 2.1738545e+00 9.8581879e-02 9.7392112e-03 7.5350102e-02
       562 2.1749519e+00 9.7658345e-02 9.5491654e-03 7.0990042e-02
       563 2.1753563e+00 9.6906853e-02 9.4003113e-03 7.2355103e-02
       564 2.1752096e+00 9.7290280e-02 9.4756917e-03 7.2874130e-02
       565 2.1744948e+00 9.7749050e-02 9.5702676e-03 7.0168333e-02
       566 2.1753033e+00 9.6703570e-02 9.3612814e-03 7.0959063e-02
       567 2.1747402e+00 9.7723829e-02 9.5634721e-03 6.9216447e-02
       568 2.1743777e+00 9.7915242e-02 9.6037180e-03 7.0136665e-02
       569 2.1747376e+00 9.7492532e-02 9.5183382e-03 6.9814405e-02
       570 2.1748289e+00 9.7375123e-02 9.4947952e-03 6.9939922e-02
       571 2.1752149e+00 9.7390745e-02 9.4952161e-03 7.1534365e-02
       572 2.1747755e+00 9.7485941e-02 9.5167758e-03 6.8499306e-02
       573 2.1753903e+00 9.7227709e-02 9.4623937e-03 7.1173674e-02
       574 2.1756693e+00 9.6491353e-02 9.3181359e-03 7.4352113e-02
       575 2.1751559e+00 9.6934353e-02 9.4069098e-03 6.9888080e-02
       576 2.1754513e+00 9.6862678e-02 9.3911791e-03 7.0590639e-02
       577 2.1753956e+00 9.7153277e-02 9.4478936e-03 7.3618074e-02
       578 2.1744904e+00 9.7518026e-02 9.5251906e-03 6.8636514e-02
       579 2.1751659e+00 9.6147295e-02 9.2548776e-03 6.7867147e-02
       580 2.1741225e+00 9.8449246e-02 9.7107046e-03 7.2882078e-02
       581 2.1750968e+00 9.6742407e-02 9.3701231e-03 6.9030739e-02
       582 2.1759488e+00 9.6825540e-02 9.3812819e-03 7.7202561e-02
       583 2.1749442e+00 9.7894331e-02 9.5953667e-03 6.9454745e-02
       584 2.1758582e+00 9.6402631e-02 9.3000194e-03 7.6226264e-02
       585 2.1746567e+00 9.7499190e-02 9.5202389e-03 6.8673503e-02
       586 2.1749061e+00 9.7544922e-02 9.5273444e-03 6.9332971e-02
       587 2.1747292e+00 9.7317037e-02 9.4842120e-03 6.7223319e-02
       588 2.1758566e+00 9.6765277e-02 9.3700792e-03 7.6131848e-02
       589 2.1745153e+00 9.7575421e-02 9.5361930e-03 6.9665991e-02
       590 2.1748468e+00 9.6497945e-02 9.3246063e-03 6.6675483e-02
       591 2.1744681e+00 9.7149339e-02 9.4535951e-03 6.8628866e-02
       592 2.1757175e+00 9.5794242e-02 9.1838291e-03 7.1750089e-02
       593 2.1759686e+00 9.6262461e-02 9.2724606e-03 7.8358907e-02
       594 2.1744605e+00 9.7376014e-02 9.4977492e-03 6.9285069e-02
       595 2.1745985e+00 9.7480186e-02 9.5169743e-03 6.7389530e-02
       596 2.1758566e+00 9.6353431e-02 9.2905442e-03 7.4408476e-02
       597 2.1747871e+00 9.6688424e-02 9.3618342e-03 6.6901780e-02
       598 2.1750651e+00 9.6719645e-02 9.3659310e-03 6.6419533e-02
       599 2.1751062e+00 9.6596584e-02 9.3418672e-03 6.6873452e-02
       600 2.1760224e+00 9.5766864e-02 9.1770305e-03 7.4462089e-02
       601 2.1758474e+00 9.6322813e-02 9.2846919e-03 7.3350402e-02
       602 2.1740808e+00 9.7344559e-02 9.4947740e-03 7.2646209e-02
       603 2.1744631e+00 9.7554710e-02 9.5325621e-03 6.9400962e-02
       604 2.1749689e+00 9.6933863e-02 9.4080695e-03 6.6833081e-02
       605 2.1742339e+00 9.7428918e-02 9.5098996e-03 7.0967278e-02
       606 2.1756387e+00 9.6157612e-02 9.2540106e-03 6.9739615e-02
       607 2.1744923e+00 9.6930024e-02 9.4108396e-03 6.8309640e-02
       608 2.1750347e+00 9.6353487e-02 9.2954409e-03 6.5281678e-02
       609 2.1753351e+00 9.6712562e-02 9.3628236e-03 6.8376003e-02
       610 2.1755958e+00 9.6164649e-02 9.2556041e-03 6.8935434e-02
       611 2.1747502e+00 9.7040805e-02 9.4303700e-03 6.6469069e-02
       612 2.1745787e+00 9.6775909e-02 9.3803160e-03 6.7798197e-02
       613 2.1749484e+00 9.7386646e-02 9.4961963e-03 6.7177042e-02
       614 2.1755901e+00 9.6261238e-02 9.2742225e-03 6.8888917e-02
       615 2.1749248e+00 9.7101216e-02 9.4408482e-03 6.7818479e-02
       616 2.1748554e+00 9.7260424e-02 9.4722818e-03 6.6334442e-02
       617 2.1745551e+00 9.7571706e-02 9.5351593e-03 6.8298043e-02
       618 2.1748113e+00 9.7562237e-02 9.5313979e-03 6.7540698e-02
       619 2.1744869e+00 9.7037221e-02 9.4316750e-03 6.8316503e-02
       620 2.1759756e+00 9.5766047e-02 9.1771005e-03 7.3563406e-02
       621 2.1747475e+00 9.7185327e-02 9.4584596e-03 6.6301587e-02
       622 2.1763182e+00 9.6255263e-02 9.2694844e-03 7.9092281e-02
       623 2.1754997e+00 9.6991652e-02 9.4158963e-03 6.8452977e-02
       624 2.1753879e+00 9.6680190e-02 9.3562399e-03 6.6438152e-02
       625 2.1759485e+00 9.6577679e-02 9.3333459e-03 7.2271994e-02
       626 2.1745997e+00 9.7444121e-02 9.5099353e-03 6.7336280e-02
       627 2.1751119e+00 9.6257302e-02 9.2763979e-03 6.4690990e-02
       628 2.1749294e+00 9.7016176e-02 9.4243077e-03 6.5933001e-02
       629 2.1747210e+00 9.6491309e-02 9.3242396e-03 6.6001081e-02
       630 2.1752663e+00 9.6247787e-02 9.2735690e-03 6.5440075e-02
       631 2.1744839e+00 9.7447033e-02 9.5114005e-03 6.8189684e-02
       632 2.1751932e+00 9.6215530e-02 9.2678269e-03 6.5077013e-02
       633 2.1757558e+00 9.5520601e-02 9.1312721e-03 6.8494658e-02
       634 2.1759077e+00 9.5938692e-02 9.2105337e-03 7.0835972e-02
       635 2.1754502e+00 9.6222910e-02 9.2676557e-03 6.5417466e-02
       636 2.1754182e+00 9.7243502e-02 9.4652967e-03 6.8072232e-02
       637 2.1755362e+00 9.6355776e-02 9.2927396e-03 6.7242567e-02
       638 2.1745056e+00 9.6852426e-02 9.3956987e-03 6.8536194e-02
       639 2.1753241e+00 9.6608343e-02 9.3427435e-03 6.5491988e-02
       640 2.1746082e+00 9.7465759e-02 9.5140883e-03 6.7911565e-02
       641 2.1741082e+00 9.7595478e-02 9.5434508e-03 7.3558877e-02
       642 2.1745682e+00 9.7237409e-02 9.4699335e-03 6.8782232e-02
       643 2.1762677e+00 9.6203194e-02 9.2596777e-03 7.7210017e-02
       644 2.1748218e+00 9.7096493e-02 9.4406612e-03 6.6494285e-02
       645 2.1752942e+00 9.6502358e-02 9.3224626e-03 6.4733710e-02
       646 2.1756860e+00 9.6327716e-02 9.2864920e-03 6.8371594e-02
       647 2.1743705e+00 9.7482320e-02 9.5191841e-03 6.9897486e-02
       648 2.1758174e+00 9.6707249e-02 9.3590549e-03 7.0750762e-02
       649 2.1748930e+00 9.6504948e-02 9.3256300e-03 6.5866950e-02
       650 2.1748659e+00 9.7209300e-02 9.4622651e-03 6.6020451e-02
       651 2.1747792e+00 9.6757996e-02 9.3753500e-03 6.6611012e-02
       652 2.1749044e+00 9.7347655e-02 9.4889108e-03 6.6040408e-02
       653 2.1754883e+00 9.6230872e-02 9.2689630e-03 6.5983690e-02
       654 2.1755687e+00 9.6671341e-02 9.3534662e-03 6.9015296e-02
       655 2.1756732e+00 9.6095740e-02 9.2419247e-03 6.8286480e-02
       656 2.1759131e+00 9.6000999e-02 9.2224660e-03 7.0712873e-02
       657 2.1744880e+00 9.7731108e-02 9.5668135e-03 6.8427467e-02
       658 2.1754685e+00 9.6411991e-02 9.3039710e-03 6.6203992e-02
       659 2.1745908e+00 9.7257272e-02 9.4736235e-03 6.7663998e-02
       660 2.1761097e+00 9.5676824e-02 9.1593825e-03 7.2150308e-02
       661 2.1753112e+00 9.5966770e-02 9.2192725e-03 6.4150521e-02
       662 2.1747546e+00 9.6352360e-02 9.2971974e-03 6.5895734e-02
       663 2.1746560e+00 9.6937131e-02 9.4109594e-03 6.7892201e-02
       664 2.1753695e+00 9.6297507e-02 9.2825028e-03 6.5417462e-02
       665 2.1740140e+00 9.7431952e-02 9.5123801e-03 7.5553642e-02
       666 2.1760784e+00 9.5850169e-02 9.1927284e-03 7.1277663e-02
       667 2.1746427e+00 9.6789231e-02 9.3824078e-03 6.7097697e-02
       668 2.1756259e+00 9.5704736e-02 9.1671914e-03 6.5317606e-02
       669 2.1753180e+00 9.6566520e-02 9.3347018e-03 6.5370286e-02
       670 2.1750752e+00 9.6135350e-02 9.2531791e-03 6.4875124e-02
       671 2.1751952e+00 9.6541092e-02 9.3305685e-03 6.4622829e-02
       672 2.1756225e+00 9.5976160e-02 9.2192376e-03 6.6043975e-02
       673 2.1751279e+00 9.6176241e-02 9.2606932e-03 6.3792135e-02
       674 2.1755112e+00 9.6400796e-02 9.3015622e-03 6.6463254e-02
       675 2.1744168e+00 9.6945337e-02 9.4144071e-03 6.9183199e-02
       676 2.1754646e+00 9.6388387e-02 9.2994432e-03 6.6014645e-02
       677 2.1754410e+00 9.6350347e-02 9.2922514e-03 6.5667653e-02
       678 2.1747965e+00 9.7294864e-02 9.4794051e-03 6.6656334e-02
       679 2.1753312e+00 9.6374714e-02 9.2976135e-03 6.5303808e-02
       680 2.1744117e+00 9.7066267e-02 9.4379097e-03 6.9522777e-02
       681 2.1753138e+00 9.6613700e-02 9.3438421e-03 6.4726036e-02
       682 2.1754599e+00 9.6511621e-02 9.3232426e-03 6.5979074e-02
       683 2.1747448e+00 9.7350329e-02 9.4905780e-03 6.6790323e-02
       684 2.1756680e+00 9.6354906e-02 9.2918299e-03 6.7011175e-02
       685 2.1754966e+00 9.6182038e-02 9.2595187e-03 6.5510195e-02
       686 2.1748385e+00 9.7164131e-02 9.4536801e-03 6.5762036e-02
       687 2.1748810e+00 9.5657754e-02 9.1629155e-03 6.3850366e-02
       688 2.1751540e+00 9.6635837e-02 9.3491378e-03 6.4805121e-02
       689 2.1753546e+00 9.6087592e-02 9.2422094e-03 6.5113184e-02
       690 2.1750020e+00 9.6455005e-02 9.3152362e-03 6.4608894e-02
       691 2.1756439e+00 9.5572065e-02 9.1417144e-03 6.5966551e-02
       692 2.1746803e+00 9.6707126e-02 9.3662375e-03 6.5904312e-02
       693 2.1749111e+00 9.6713934e-02 9.3658825e-03 6.5695328e-02
       694 2.1753488e+00 9.6098431e-02 9.2443279e-03 6.4262551e-02
       695 2.1756099e+00 9.6422009e-02 9.3050887e-03 6.6686817e-02
       696 2.1754417e+00 9.7041113e-02 9.4258352e-03 6.6531006e-02
       697 2.1744645e+00 9.6691929e-02 9.3649586e-03 6.7866629e-02
       698 2.1750226e+00 9.6564337e-02 9.3361992e-03 6.4440532e-02
       699 2.1754209e+00 9.6208810e-02 9.2651171e-03 6.5622608e-02
       700 2.1749913e+00 9.6256067e-02 9.2769721e-03 6.3474136e-02
       701 2.1756173e+00 9.6397284e-02 9.3002795e-03 6.6081664e-02
       702 2.1755370e+00 9.6303873e-02 9.2827352e-03 6.5744492e-02
       703 2.1758699e+00 9.5716713e-02 9.1681814e-03 6.7091197e-02
       704 2.1751907e+00 9.6065485e-02 9.2389923e-03 6.4402565e-02
       705 2.1747720e+00 9.6834311e-02 9.3901766e-03 6.6948941e-02
       706 2.1755360e+00 9.6474996e-02 9.3157303e-03 6.5590365e-02
       707 2.1756049e+00 9.5686137e-02 9.1637501e-03 6.4985051e-02
       708 2.1758633e+00 9.5990394e-02 9.2206817e-03 6.8609175e-02
       709 2.1758122e+00 9.6076278e-02 9.2374409e-03 6.7414417e-02
       710 2.1755206e+00 9.5925695e-02 9.2101334e-03 6.5009052e-02
       711 2.1749582e+00 9.6330504e-02 9.2915353e-03 6.4086917e-02
       712 2.1758768e+00 9.5625194e-02 9.1506351e-03 6.6784953e-02
       713 2.1754632e+00 9.5766203e-02 9.1798961e-03 6.3221389e-02
       714 2.1751180e+00 9.5765489e-02 9.1819183e-03 6.3481703e-02
       715 2.1758901e+00 9.5785405e-02 9.1812333e-03 6.7498809e-02
       716 2.1745303e+00 9.7638310e-02 9.5483533e-03 6.8262525e-02
       717 2.1748163e+00 9.5707912e-02 9.1729762e-03 6.5760244e-02
       718 2.1753827e+00 9.6008489e-02 9.2268425e-03 6.4356303e-02
       719 2.1745466e+00 9.5938390e-02 9.2191617e-03 6.7258709e-02
       720 2.1747608e+00 9.6498108e-02 9.3252594e-03 6.5596309e-02
       721 2.1748940e+00 9.6542575e-02 9.3328864e-03 6.5064611e-02
       722 2.1746756e+00 9.6941770e-02 9.4117114e-03 6.7205583e-02
       723 2.1748494e+00 9.6423322e-02 9.3101914e-03 6.5750734e-02
       724 2.1756636e+00 9.6037455e-02 9.2307788e-03 6.5992149e-02
       725 2.1746962e+00 9.6962436e-02 9.4155648e-03 6.6534601e-02
       726 2.1751760e+00 9.6029813e-02 9.2322348e-03 6.2985886e-02
       727 2.1757404e+00 9.5228084e-02 9.0755571e-03 6.5497195e-02
       728 2.1746094e+00 9.6643509e-02 9.3544729e-03 6.7057669e-02
       729 2.1754148e+00 9.6219098e-02 9.2671333e-03 6.4605630e-02
       730 2.1753383e+00 9.6217492e-02 9.2672899e-03 6.4450462e-02
       731 2.1754402e+00 9.6022510e-02 9.2291892e-03 6.3961141e-02
       732 2.1753168e+00 9.6101051e-02 9.2450287e-03 6.4255718e-02
       733 2.1752268e+00 9.5847821e-02 9.1969879e-03 6.3411286e-02
       734 2.1751786e+00 9.6566979e-02 9.3356742e-03 6.4286996e-02
       735 2.1755598e+00 9.5714579e-02 9.1694493e-03 6.4362278e-02
       736 2.1756125e+00 9.5986971e-02 9.2213688e-03 6.5020139e-02
       737 2.1756231e+00 9.6217281e-02 9.2655764e-03 6.5967193e-02
       738 2.1743835e+00 9.6671970e-02 9.3617458e-03 7.0099380e-02
       739 2.1748267e+00 9.6814918e-02 9.3860249e-03 6.4846673e-02
       740 2.1754769e+00 9.5918095e-02 9.2089303e-03 6.4987074e-02
       741 2.1757073e+00 9.6002815e-02 9.2238878e-03 6.6524355e-02
       742 2.1750727e+00 9.6972080e-02 9.4147746e-03 6.4492472e-02
       743 2.1753426e+00 9.6333215e-02 9.2895461e-03 6.4694227e-02
       744 2.1751046e+00 9.6109966e-02 9.2481032e-03 6.3746236e-02
       745 2.1757705e+00 9.5153396e-02 9.0611777e-03 6.4577444e-02
       746 2.1758768e+00 9.5756447e-02 9.1757543e-03 6.8223181e-02
       747 2.1740061e+00 9.7371772e-02 9.5007256e-03 7.5821721e-02
       748 2.1748897e+00 9.5943623e-02 9.2176268e-03 6.4030039e-02
       749 2.1749972e+00 9.6121241e-02 9.2509939e-03 6.4476429e-02
       750 2.1747525e+00 9.6296909e-02 9.2865300e-03 6.6286266e-02
       751 2.1756535e+00 9.6389824e-02 9.2986398e-03 6.6087698e-02
       752 2.1750147e+00 9.6165921e-02 9.2594660e-03 6.4789984e-02
       753 2.1751982e+00 9.6533310e-02 9.3290462e-03 6.3590627e-02
       754 2.1749441e+00 9.7094491e-02 9.4394073e-03 6.5629192e-02
       755 2.1762657e+00 9.4746206e-02 8.9814754e-03 7.1045502e-02
       756 2.1752105e+00 9.6826172e-02 9.3855953e-03 6.4251123e-02
       757 2.1751858e+00 9.5785173e-02 9.1852459e-03 6.3325384e-02
       758 2.1745219e+00 9.6252884e-02 9.2797965e-03 6.7649778e-02
       759 2.1754950e+00 9.6086512e-02 9.2411609e-03 6.5111883e-02
       760 2.1748227e+00 9.6287294e-02 9.2841683e-03 6.5211798e-02
       761 2.1765800e+00 9.5189171e-02 9.0643562e-03 7.7537962e-02
       762 2.1747843e+00 9.6187092e-02 9.2651601e-03 6.4841428e-02
       763 2.1760176e+00 9.5884560e-02 9.1996102e-03 6.9827972e-02
       764 2.1748362e+00 9.6187717e-02 9.2649056e-03 6.4043587e-02
       765 2.1750058e+00 9.6869655e-02 9.3953723e-03 6.4164740e-02
       766 2.1756422e+00 9.5400113e-02 9.1088861e-03 6.4082492e-02
       767 2.1749390e+00 9.6224403e-02 9.2712385e-03 6.4847269e-02
       768 2.1755633e+00 9.5790666e-02 9.1840005e-03 6.3850135e-02
       769 2.1747193e+00 9.6609619e-02 9.3470983e-03 6.5798242e-02
       770 2.1752289e+00 9.5803939e-02 9.1885647e-03 6.3216937e-02
       771 2.1744362e+00 9.6498014e-02 9.3277210e-03 6.8217642e-02
       772 2.1753886e+00 9.6106742e-02 9.2456827e-03 6.3947309e-02
       773 2.1750823e+00 9.6435577e-02 9.3109465e-03 6.4068302e-02
       774 2.1752775e+00 9.5580319e-02 9.1454595e-03 6.2627688e-02
       775 2.1757064e+00 9.5453295e-02 9.1186840e-03 6.5288595e-02
       776 2.1755969e+00 9.5528805e-02 9.1337106e-03 6.3650713e-02
       777 2.1752475e+00 9.6028851e-02 9.2315919e-03 6.3820822e-02
       778 2.1754129e+00 9.5782204e-02 9.1832604e-03 6.3651015e-02
       779 2.1754672e+00 9.5359978e-02 9.1022321e-03 6.2499665e-02
       780 2.1756152e+00 9.5982535e-02 9.2205023e-03 6.5135314e-02
       781 2.1751990e+00 9.5381312e-02 9.1079560e-03 6.2258872e-02
       782 2.1761686e+00 9.4889675e-02 9.0091099e-03 6.9917390e-02
       783 2.1748982e+00 9.6164819e-02 9.2600606e-03 6.4865993e-02
       784 2.1757393e+00 9.5703258e-02 9.1662883e-03 6.6242925e-02
       785 2.1746337e+00 9.5601049e-02 9.1538804e-03 6.5140206e-02
       786 2.1750891e+00 9.6240243e-02 9.2732654e-03 6.3659777e-02
       787 2.1751416e+00 9.5680598e-02 9.1655111e-03 6.2702274e-02
       788 2.1758838e+00 9.5050632e-02 9.0410442e-03 6.5357547e-02
       789 2.1754008e+00 9.5848972e-02 9.1961286e-03 6.3788476e-02
       790 2.1753775e+00 9.5804777e-02 9.1877990e-03 6.3096434e-02
       791 2.1753414e+00 9.5454512e-02 9.1210288e-03 6.2322285e-02
       792 2.1754003e+00 9.5453243e-02 9.1204273e-03 6.3041943e-02
       793 2.1746677e+00 9.5609208e-02 9.1551845e-03 6.5046773e-02
       794 2.1757562e+00 9.5193543e-02 9.0688955e-03 6.5108368e-02
       795 2.1748173e+00 9.5708856e-02 9.1731491e-03 6.4017936e-02
       796 2.1750641e+00 9.5858331e-02 9.2000678e-03 6.3516303e-02
       797 2.1761662e+00 9.4923049e-02 9.0154554e-03 6.9180274e-02
       798 2.1757347e+00 9.5204589e-02 9.0711133e-03 6.4876320e-02
       799 2.1744682e+00 9.6625952e-02 9.3521745e-03 6.8146050e-02
       800 2.1751190e+00 9.6358345e-02 9.2958137e-03 6.4127377e-02
       801 2.1749060e+00 9.6480466e-02 9.3208135e-03 6.4738730e-02
       802 2.1753487e+00 9.5558833e-02 9.1409107e-03 6.2560204e-02
       803 2.1742276e+00 9.6542257e-02 9.3379661e-03 7.2418088e-02
       804 2.1747862e+00 9.5725180e-02 9.1764992e-03 6.3648111e-02
       805 2.1747424e+00 9.5492463e-02 9.1323196e-03 6.4990987e-02
       806 2.1750928e+00 9.5943732e-02 9.2162561e-03 6.3366316e-02
       807 2.1740058e+00 9.7000446e-02 9.4285535e-03 7.5564435e-02
       808 2.1759657e+00 9.5127560e-02 9.0552658e-03 6.6421816e-02
       809 2.1747653e+00 9.6336001e-02 9.2939670e-03 6.5086761e-02
       810 2.1756480e+00 9.5448445e-02 9.1180778e-03 6.3734623e-02
       811 2.1757047e+00 9.6292191e-02 9.2795472e-03 6.5750250e-02
       812 2.1742321e+00 9.6797040e-02 9.3871884e-03 7.1025253e-02
       813 2.1749681e+00 9.6459332e-02 9.3163038e-03 6.3976899e-02
       814 2.1748326e+00 9.6261155e-02 9.2790642e-03 6.4718866e-02
       815 2.1760800e+00 9.5156933e-02 9.0603079e-03 6.9012838e-02
       816 2.1750465e+00 9.5640432e-02 9.1584583e-03 6.3129993e-02
       817 2.1755331e+00 9.5468593e-02 9.1225740e-03 6.3434908e-02
       818 2.1761682e+00 9.5930051e-02 9.2076357e-03 7.2250830e-02
       819 2.1751153e+00 9.5876656e-02 9.2032401e-03 6.2576811e-02
       820 2.1750452e+00 9.6243480e-02 9.2741827e-03 6.3481873e-02
       821 2.1752515e+00 9.5456761e-02 9.1220194e-03 6.1873654e-02
       822 2.1755357e+00 9.5455448e-02 9.1200495e-03 6.3192205e-02
       823 2.1759152e+00 9.6252466e-02 9.2708007e-03 6.8621258e-02
       824 2.1745299e+00 9.6819164e-02 9.3890668e-03 6.7225722e-02
       825 2.1745872e+00 9.6874118e-02 9.3992693e-03 6.6759491e-02
       826 2.1742484e+00 9.6434151e-02 9.3169302e-03 6.9780411e-02
       827 2.1755960e+00 9.5959027e-02 9.2160981e-03 6.4348713e-02
       828 2.1763683e+00 9.5157646e-02 9.0591783e-03 7.3742908e-02
       829 2.1763119e+00 9.5255493e-02 9.0780442e-03 7.1851618e-02
       830 2.1745801e+00 9.6205380e-02 9.2702036e-03 6.6398366e-02
       831 2.1759565e+00 9.4770822e-02 8.9875674e-03 6.6425580e-02
       832 2.1749096e+00 9.5943362e-02 9.2174372e-03 6.3585415e-02
       833 2.1750133e+00 9.6288608e-02 9.2830871e-03 6.3578147e-02
       834 2.1759751e+00 9.5459583e-02 9.1184992e-03 6.7273489e-02
       835 2.1758700e+00 9.5704045e-02 9.1657561e-03 6.6473577e-02
       836 2.1761163e+00 9.4861689e-02 9.0040376e-03 6.8645286e-02
       837 2.1752818e+00 9.5737068e-02 9.1754214e-03 6.2652466e-02
       838 2.1754692e+00 9.5515738e-02 9.1319508e-03 6.2899238e-02
       839 2.1759733e+00 9.4738268e-02 8.9813154e-03 6.6287767e-02
       840 2.1761370e+00 9.5613503e-02 9.1471445e-03 7.0779871e-02
       841 2.1755727e+00 9.5033316e-02 9.0394265e-03 6.2362149e-02
       842 2.1753059e+00 9.6046649e-02 9.2346434e-03 6.3235163e-02
       843 2.1749790e+00 9.5406755e-02 9.1142752e-03 6.2970286e-02
       844 2.1746644e+00 9.5109390e-02 9.0598848e-03 6.5264342e-02
       845 2.1750948e+00 9.5864144e-02 9.2009774e-03 6.3064537e-02
       846 2.1756894e+00 9.4962836e-02 9.0253849e-03 6.3744367e-02
       847 2.1747091e+00 9.5728289e-02 9.1776607e-03 6.4850493e-02
       848 2.1754660e+00 9.5311065e-02 9.0929129e-03 6.2450699e-02
       849 2.1751194e+00 9.5175796e-02 9.0693124e-03 6.1838169e-02
       850 2.1748123e+00 9.5849309e-02 9.2000907e-03 6.4128734e-02
       851 2.1748223e+00 9.5843065e-02 9.1988217e-03 6.3983119e-02
       852 2.1751228e+00 9.5177657e-02 9.0696437e-03 6.1442695e-02
       853 2.1742183e+00 9.6406239e-02 9.3117999e-03 7.1837366e-02
       854 2.1749085e+00 9.5207173e-02 9.0767217e-03 6.3022027e-02
       855 2.1750292e+00 9.5492540e-02 9.1303083e-03 6.2334185e-02
       856 2.1749590e+00 9.5656788e-02 9.1621853e-03 6.3635805e-02
       857 2.1751487e+00 9.5005464e-02 9.0367262e-03 6.2037043e-02
       858 2.1753770e+00 9.5287359e-02 9.0889277e-03 6.2880706e-02
       859 2.1746018e+00 9.5733931e-02 9.1795478e-03 6.6905972e-02
       860 2.1754126e+00 9.5371425e-02 9.1047406e-03 6.2172578e-02
       861 2.1750737e+00 9.5468186e-02 9.1253583e-03 6.1954131e-02
       862 2.1750527e+00 9.5069286e-02 9.0494939e-03 6.1596953e-02
       863 2.1751101e+00 9.5577078e-02 9.1459195e-03 6.2016142e-02
       864 2.1752311e+00 9.4901038e-02 9.0163628e-03 6.0695013e-02
       865 2.1751048e+00 9.5273557e-02 9.0880272e-03 6.1977603e-02
       866 2.1750361e+00 9.5676898e-02 9.1655052e-03 6.2033422e-02
       867 2.1756539e+00 9.5407710e-02 9.1102711e-03 6.4285423e-02
       868 2.1757229e+00 9.5567539e-02 9.1404176e-03 6.4775921e-02
       869 2.1757473e+00 9.4771652e-02 8.9887983e-03 6.2966984e-02
       870 2.1753058e+00 9.5850695e-02 9.1970408e-03 6.3101368e-02
       871 2.1761195e+00 9.4741554e-02 8.9812447e-03 6.7856967e-02
       872 2.1755228e+00 9.5067633e-02 9.0462365e-03 6.2023560e-02
       873 2.1754656e+00 9.5160663e-02 9.0642678e-03 6.2270785e-02
       874 2.1752915e+00 9.5655362e-02 9.1597229e-03 6.2119078e-02
       875 2.1751096e+00 9.5373440e-02 9.1070383e-03 6.2185626e-02
       876 2.1756416e+00 9.5291512e-02 9.0881804e-03 6.3312487e-02
       877 2.1755942e+00 9.5120388e-02 9.0558613e-03 6.3116437e-02
       878 2.1753597e+00 9.5643720e-02 9.1570737e-03 6.2862628e-02
       879 2.1762165e+00 9.4064283e-02 8.8529355e-03 6.7691805e-02
       880 2.1758806e+00 9.4239537e-02 8.8875285e-03 6.3936110e-02
       881 2.1745241e+00 9.6469023e-02 9.3214340e-03 6.7356226e-02
       882 2.1746020e+00 9.5230247e-02 9.0833608e-03 6.6541428e-02
       883 2.1761875e+00 9.4654782e-02 8.9645023e-03 6.8610078e-02
       884 2.1753347e+00 9.4758703e-02 8.9887180e-03 6.0831294e-02
       885 2.1748482e+00 9.4993957e-02 9.0365948e-03 6.2966054e-02
       886 2.1750513e+00 9.5634265e-02 9.1572470e-03 6.2361932e-02
       887 2.1747960e+00 9.5535911e-02 9.1402286e-03 6.3444092e-02
       888 2.1757189e+00 9.4880451e-02 9.0095849e-03 6.3924367e-02
       889 2.1746940e+00 9.6069112e-02 9.2431413e-03 6.4775811e-02
       890 2.1752467e+00 9.4330224e-02 8.9082476e-03 6.0299308e-02
       891 2.1752665e+00 9.4442225e-02 8.9292653e-03 6.1008428e-02
       892 2.1759666e+00 9.5448350e-02 9.1163964e-03 6.6781517e-02
       893 2.1756839e+00 9.4570211e-02 8.9509996e-03 6.2675585e-02
       894 2.1752692e+00 9.5393994e-02 9.1099287e-03 6.1883072e-02
       895 2.1747984e+00 9.5926060e-02 9.2149100e-03 6.3529519e-02
       896 2.1753048e+00 9.4420675e-02 8.9249552e-03 5.9859738e-02
       897 2.1747885e+00 9.5348212e-02 9.1044541e-03 6.4104721e-02
       898 2.1748824e+00 9.5551563e-02 9.1426011e-03 6.3480160e-02
       899 2.1750177e+00 9.5003381e-02 9.0372040e-03 6.1789692e-02
       900 2.1749588e+00 9.5428662e-02 9.1185950e-03 6.2933535e-02
       901 2.1746990e+00 9.5108684e-02 9.0594920e-03 6.4567683e-02
       902 2.1755417e+00 9.5074031e-02 9.0473441e-03 6.2072112e-02
       903 2.1755857e+00 9.4763800e-02 8.9881993e-03 6.1850084e-02
       904 2.1751608e+00 9.4665154e-02 8.9721002e-03 6.1186227e-02
       905 2.1752739e+00 9.5053076e-02 9.0449719e-03 6.1769676e-02
       906 2.1746738e+00 9.5721111e-02 9.1765496e-03 6.5534158e-02
       907 2.1749788e+00 9.5315687e-02 9.0969074e-03 6.1853261e-02
       908 2.1752714e+00 9.4520321e-02 8.9439912e-03 6.1051567e-02
       909 2.1752764e+00 9.4664019e-02 8.9711453e-03 6.0119676e-02
       910 2.1750445e+00 9.5598105e-02 9.1503773e-03 6.1432154e-02
       911 2.1753526e+00 9.5090503e-02 9.0515998e-03 6.1418592e-02
       912 2.1762408e+00 9.4385331e-02 8.9133304e-03 6.9065755e-02
       913 2.1751661e+00 9.5736092e-02 9.1759735e-03 6.2312373e-02
       914 2.1753049e+00 9.5169401e-02 9.0669058e-03 6.1371025e-02
       915 2.1754496e+00 9.4852083e-02 9.0057288e-03 6.0692301e-02
       916 2.1754153e+00 9.5401522e-02 9.1104661e-03 6.2241588e-02
       917 2.1754952e+00 9.5574168e-02 9.1429637e-03 6.2979919e-02
       918 2.1758360e+00 9.4768131e-02 8.9876648e-03 6.4012622e-02
       919 2.1757425e+00 9.4743936e-02 8.9835711e-03 6.3324998e-02
       920 2.1748974e+00 9.5863182e-02 9.2021437e-03 6.3526862e-02
       921 2.1756622e+00 9.4394284e-02 8.9178749e-03 6.1384535e-02
       922 2.1758733e+00 9.4472221e-02 8.9314755e-03 6.3822816e-02
       923 2.1759457e+00 9.4700644e-02 8.9743235e-03 6.6271006e-02
       924 2.1751754e+00 9.5368961e-02 9.1057525e-03 6.1269954e-02
       925 2.1750564e+00 9.5652844e-02 9.1607666e-03 6.2483937e-02
       926 2.1747265e+00 9.5645796e-02 9.1617445e-03 6.4930453e-02
       927 2.1756345e+00 9.4576554e-02 8.9524719e-03 6.1362606e-02
       928 2.1759403e+00 9.4039119e-02 8.8494943e-03 6.3516790e-02
       929 2.1753860e+00 9.4888804e-02 9.0130773e-03 6.0827182e-02
       930 2.1749761e+00 9.4672039e-02 8.9746413e-03 6.1891733e-02
       931 2.1742248e+00 9.5724901e-02 9.1808385e-03 7.0830514e-02
       932 2.1749796e+00 9.4713901e-02 8.9825453e-03 6.1354600e-02
       933 2.1759054e+00 9.4071519e-02 8.8557636e-03 6.3555698e-02
       934 2.1751145e+00 9.5140555e-02 9.0626374e-03 6.0821010e-02
       935 2.1748422e+00 9.5411513e-02 9.1161429e-03 6.2634785e-02
       936 2.1752888e+00 9.4289561e-02 8.9003126e-03 5.9274573e-02
       937 2.1755115e+00 9.5225432e-02 9.0763303e-03 6.1533463e-02
       938 2.1761117e+00 9.4601187e-02 8.9547029e-03 6.7855243e-02
       939 2.1752436e+00 9.5364120e-02 9.1043919e-03 6.1058800e-02
       940 2.1755078e+00 9.4694295e-02 8.9754781e-03 6.0468845e-02
       941 2.1749324e+00 9.4786738e-02 8.9966746e-03 6.2212060e-02
       942 2.1744347e+00 9.5909286e-02 9.2144567e-03 6.8492233e-02
       943 2.1755886e+00 9.4149510e-02 8.8721351e-03 6.0433683e-02
       944 2.1742672e+00 9.5296806e-02 9.0987093e-03 7.0037201e-02
       945 2.1748696e+00 9.5245707e-02 9.0843352e-03 6.2251253e-02
       946 2.1749423e+00 9.5552709e-02 9.1423998e-03 6.2497883e-02
       947 2.1755770e+00 9.3902360e-02 8.8257239e-03 6.0492065e-02
       948 2.1752071e+00 9.5175608e-02 9.0687057e-03 6.0801631e-02
       949 2.1752591e+00 9.4302705e-02 8.9029780e-03 5.9792279e-02
       950 2.1751670e+00 9.4985438e-02 9.0328018e-03 6.0829689e-02
       951 2.1749856e+00 9.4754088e-02 8.9901179e-03 6.0689321e-02
       952 2.1754300e+00 9.5594390e-02 9.1472148e-03 6.2253153e-02
       953 2.1753904e+00 9.4692398e-02 8.9758160e-03 6.0581658e-02
       954 2.1761263e+00 9.3814770e-02 8.8064625e-03 6.5737629e-02
       955 2.1751406e+00 9.4568916e-02 8.9540206e-03 6.0383587e-02
       956 2.1755968e+00 9.4617505e-02 8.9604309e-03 6.1594115e-02
       957 2.1748807e+00 9.4481939e-02 8.9393483e-03 6.1882049e-02
       958 2.1759924e+00 9.4247885e-02 8.8885470e-03 6.4225985e-02
       959 2.1760926e+00 9.4161824e-02 8.8718560e-03 6.5840832e-02
       960 2.1755505e+00 9.4781815e-02 8.9918143e-03 6.1865401e-02
       961 2.1748892e+00 9.5276543e-02 9.0900713e-03 6.2457665e-02
       962 2.1754147e+00 9.4743806e-02 8.9854080e-03 6.1177775e-02
       963 2.1755857e+00 9.4552716e-02 8.9482374e-03 6.1571827e-02
       964 2.1754751e+00 9.4442917e-02 8.9281243e-03 6.0301027e-02
       965 2.1747011e+00 9.4785473e-02 8.9981002e-03 6.2734064e-02
       966 2.1749047e+00 9.5325967e-02 9.0993824e-03 6.2099462e-02
       967 2.1757628e+00 9.4629643e-02 8.9618189e-03 6.3120688e-02
       968 2.1747334e+00 9.5251646e-02 9.0864515e-03 6.3431832e-02
       969 2.1744825e+00 9.5130772e-02 9.0653511e-03 6.6979933e-02
       970 2.1746131e+00 9.5107880e-02 9.0599857e-03 6.5820324e-02
       971 2.1755140e+00 9.4824907e-02 9.0001957e-03 6.1010292e-02
       972 2.1753467e+00 9.4668151e-02 8.9714909e-03 5.9879424e-02
       973 2.1749634e+00 9.5120150e-02 9.0597768e-03 6.1488213e-02
       974 2.1753634e+00 9.4426563e-02 8.9257058e-03 6.0399460e-02
       975 2.1752972e+00 9.4751238e-02 8.9875356e-03 6.0668374e-02
       976 2.1752299e+00 9.4629872e-02 8.9649758e-03 6.0360723e-02
       977 2.1755601e+00 9.4035357e-02 8.8508151e-03 6.0080170e-02
       978 2.1741514e+00 9.5477552e-02 9.1341661e-03 7.0121177e-02
       979 2.1757191e+00 9.4271499e-02 8.8943991e-03 6.1680090e-02
       980 2.1749614e+00 9.4955228e-02 9.0284426e-03 6.2184064e-02
       981 2.1757380e+00 9.4148434e-02 8.8711093e-03 6.1422054e-02
       982 2.1758546e+00 9.4591723e-02 8.9541645e-03 6.3617606e-02
       983 2.1755187e+00 9.4959840e-02 9.0257764e-03 6.1045234e-02
       984 2.1761275e+00 9.3818882e-02 8.8072289e-03 6.6172055e-02
       985 2.1754194e+00 9.4384169e-02 8.9173623e-03 6.0097769e-02
       986 2.1758658e+00 9.4292431e-02 8.8975759e-03 6.2877484e-02
       987 2.1749699e+00 9.4930073e-02 9.0236076e-03 6.1588197e-02
       988 2.1756591e+00 9.3877995e-02 8.8206888e-03 6.0549144e-02
       989 2.1759805e+00 9.3974196e-02 8.8370906e-03 6.3709210e-02
       990 2.1760701e+00 9.3961340e-02 8.8342457e-03 6.5035413e-02
       991 2.1755041e+00 9.4611286e-02 8.9597855e-03 6.0732953e-02
       992 2.1763465e+00 9.3354021e-02 8.7192639e-03 6.8803486e-02
       993 2.1754575e+00 9.4518811e-02 8.9425696e-03 6.0688402e-02
       994 2.1748739e+00 9.4737063e-02 8.9876710e-03 6.1892670e-02
       995 2.1753586e+00 9.4280913e-02 8.8982500e-03 5.9383384e-02
       996 2.1759893e+00 9.3984175e-02 8.8389231e-03 6.3871812e-02
       997 2.1753507e+00 9.4690703e-02 8.9757371e-03 6.0420386e-02
       998 2.1758323e+00 9.3673636e-02 8.7814351e-03 6.2087878e-02
       999 2.1747503e+00 9.4282472e-02 8.9026357e-03 6.3083436e-02
      1000 2.1747387e+00 9.4298724e-02 8.9057858e-03 6.2482820e-02

Final Weights:        -0.4692191468        -0.1444744951         0.1130052627         0.5011833883 