# Cycles, Average Predicted Temperature, Stddev Predicted Temperature, Mean Squared Error, || MSE Gradient ||
         0 1.8547228e-01 8.4491631e-02 5.1384867e+00 9.0298935e+00
         1 1.8846491e-01 8.5307749e-02 5.1250761e+00 9.0646663e+00
         2 1.9172025e-01 8.6578325e-02 5.1105763e+00 9.1217956e+00
         3 1.9540336e-01 8.7515414e-02 5.0941127e+00 9.1784480e+00
         4 1.9876261e-01 8.8382839e-02 5.0791242e+00 9.2329302e+00
         5 2.0259662e-01 8.9494487e-02 5.0620686e+00 9.2996000e+00
         6 2.0612997e-01 9.0361563e-02 5.0463503e+00 9.3528620e+00
         7 2.0940756e-01 9.1548952e-02 5.0318633e+00 9.3929691e+00
         8 2.1298065e-01 9.2508581e-02 5.0160359e+00 9.4478283e+00
         9 2.1650064e-01 9.3513099e-02 5.0004815e+00 9.5020315e+00
        10 2.2029902e-01 9.4539831e-02 4.9837161e+00 9.5558566e+00
        11 2.2399115e-01 9.5584367e-02 4.9674584e+00 9.6107763e+00
        12 2.2779144e-01 9.6687468e-02 4.9507605e+00 9.6646133e+00
        13 2.3140037e-01 9.7755946e-02 4.9349365e+00 9.7105183e+00
        14 2.3460826e-01 9.8581016e-02 4.9208701e+00 9.7660052e+00
        15 2.3917791e-01 9.9736081e-02 4.9008663e+00 9.8160804e+00
        16 2.4304827e-01 1.0079561e-01 4.8839748e+00 9.8713122e+00
        17 2.4628912e-01 1.0177759e-01 4.8698748e+00 9.9190866e+00
        18 2.5051868e-01 1.0301792e-01 4.8514991e+00 9.9650561e+00
        19 2.5429767e-01 1.0408521e-01 4.8351054e+00 1.0014113e+01
        20 2.5853399e-01 1.0522170e-01 4.8167517e+00 1.0061154e+01
        21 2.6195175e-01 1.0604031e-01 4.8019516e+00 1.0103751e+01
        22 2.6631492e-01 1.0755992e-01 4.7831953e+00 1.0164773e+01
        23 2.7024082e-01 1.0817556e-01 4.7661920e+00 1.0201226e+01
        24 2.7469820e-01 1.0946896e-01 4.7470550e+00 1.0264021e+01
        25 2.7854739e-01 1.1068591e-01 4.7305858e+00 1.0305350e+01
        26 2.8308863e-01 1.1171423e-01 4.7111064e+00 1.0360065e+01
        27 2.8701034e-01 1.1284092e-01 4.6943732e+00 1.0398847e+01
        28 2.9169766e-01 1.1391999e-01 4.6743558e+00 1.0460952e+01
        29 2.9543333e-01 1.1560261e-01 4.6586252e+00 1.0493207e+01
        30 3.0001979e-01 1.1624258e-01 4.6390243e+00 1.0533803e+01
        31 3.0416542e-01 1.1749121e-01 4.6215014e+00 1.0588236e+01
        32 3.0832759e-01 1.1874542e-01 4.6039463e+00 1.0637313e+01
        33 3.1279383e-01 1.1979170e-01 4.5850790e+00 1.0676310e+01
        34 3.1754444e-01 1.2072166e-01 4.5650123e+00 1.0730545e+01
        35 3.2210915e-01 1.2217118e-01 4.5459106e+00 1.0782520e+01
        36 3.2634843e-01 1.2343543e-01 4.5281915e+00 1.0800104e+01
        37 3.3123055e-01 1.2420534e-01 4.5076631e+00 1.0859651e+01
        38 3.3614388e-01 1.2544996e-01 4.4871705e+00 1.0913505e+01
        39 3.4041787e-01 1.2639467e-01 4.4693513e+00 1.0946391e+01
        40 3.4546088e-01 1.2783358e-01 4.4484580e+00 1.0992963e+01
        41 3.4996704e-01 1.2922193e-01 4.4298619e+00 1.1029096e+01
        42 3.5475852e-01 1.2993891e-01 4.4099392e+00 1.1083839e+01
        43 3.5903806e-01 1.3141951e-01 4.3924050e+00 1.1112980e+01
        44 3.6411559e-01 1.3279655e-01 4.3715535e+00 1.1151693e+01
        45 3.6946537e-01 1.3401578e-01 4.3495816e+00 1.1205543e+01
        46 3.7436862e-01 1.3539709e-01 4.3295680e+00 1.1224358e+01
        47 3.7952883e-01 1.3648718e-01 4.3084622e+00 1.1293540e+01
        48 3.8390539e-01 1.3789767e-01 4.2907390e+00 1.1309014e+01
        49 3.8903818e-01 1.3909895e-01 4.2698810e+00 1.1359432e+01
        50 3.9470801e-01 1.4018911e-01 4.2468389e+00 1.1396401e+01
        51 3.9965872e-01 1.4133431e-01 4.2268283e+00 1.1432145e+01
        52 4.0508091e-01 1.4299489e-01 4.2050874e+00 1.1479882e+01
        53 4.0992272e-01 1.4385959e-01 4.1855497e+00 1.1500771e+01
        54 4.1575504e-01 1.4553155e-01 4.1622624e+00 1.1554734e+01
        55 4.2114347e-01 1.4627672e-01 4.1405783e+00 1.1599192e+01
        56 4.2529806e-01 1.4778273e-01 4.1241743e+00 1.1620720e+01
        57 4.3056330e-01 1.4908559e-01 4.1032602e+00 1.1646510e+01
        58 4.3637241e-01 1.5082719e-01 4.0803456e+00 1.1688621e+01
        59 4.4193275e-01 1.5198775e-01 4.0583271e+00 1.1718867e+01
        60 4.4741153e-01 1.5344113e-01 4.0367896e+00 1.1749392e+01
        61 4.5309577e-01 1.5433233e-01 4.0143216e+00 1.1794638e+01
        62 4.5916450e-01 1.5616203e-01 3.9906804e+00 1.1833994e+01
        63 4.6432922e-01 1.5757110e-01 3.9705775e+00 1.1848662e+01
        64 4.7009775e-01 1.5849691e-01 3.9479863e+00 1.1886435e+01
        65 4.7540199e-01 1.5977443e-01 3.9274097e+00 1.1920017e+01
        66 4.8076985e-01 1.6100743e-01 3.9066276e+00 1.1945660e+01
        67 4.8717401e-01 1.6223542e-01 3.8818337e+00 1.1982791e+01
        68 4.9273001e-01 1.6353916e-01 3.8604704e+00 1.2012371e+01
        69 4.9908993e-01 1.6548991e-01 3.8362474e+00 1.2043179e+01
        70 5.0382735e-01 1.6709670e-01 3.8183128e+00 1.2059105e+01
        71 5.1039265e-01 1.6800093e-01 3.7930951e+00 1.2098133e+01
        72 5.1643484e-01 1.6964152e-01 3.7702379e+00 1.2125165e+01
        73 5.2124896e-01 1.7073298e-01 3.7520088e+00 1.2136995e+01
        74 5.2844223e-01 1.7208031e-01 3.7247640e+00 1.2174214e+01
        75 5.3467923e-01 1.7360893e-01 3.7013528e+00 1.2204313e+01
        76 5.4079551e-01 1.7478341e-01 3.6783613e+00 1.2227394e+01
        77 5.4549409e-01 1.7664898e-01 3.6610912e+00 1.2235649e+01
        78 5.5275481e-01 1.7851012e-01 3.6341382e+00 1.2275233e+01
        79 5.5935487e-01 1.7934169e-01 3.6094260e+00 1.2298631e+01
        80 5.6477741e-01 1.8103309e-01 3.5895530e+00 1.2300836e+01
        81 5.7165109e-01 1.8270915e-01 3.5642831e+00 1.2336088e+01
        82 5.7881782e-01 1.8365396e-01 3.5377471e+00 1.2363305e+01
        83 5.8367296e-01 1.8530135e-01 3.5202017e+00 1.2377251e+01
        84 5.9015284e-01 1.8662783e-01 3.4965406e+00 1.2400319e+01
        85 5.9694307e-01 1.8839131e-01 3.4719807e+00 1.2417299e+01
        86 6.0250891e-01 1.8976732e-01 3.4518964e+00 1.2430909e+01
        87 6.0999562e-01 1.9095727e-01 3.4247314e+00 1.2451183e+01
        88 6.1673155e-01 1.9220161e-01 3.4004556e+00 1.2475709e+01
        89 6.2314578e-01 1.9371437e-01 3.3775533e+00 1.2483481e+01
        90 6.2968891e-01 1.9557947e-01 3.3544061e+00 1.2506660e+01
        91 6.3699705e-01 1.9653944e-01 3.3282192e+00 1.2526417e+01
        92 6.4360206e-01 1.9858940e-01 3.3051135e+00 1.2541049e+01
        93 6.5017391e-01 2.0012692e-01 3.2820175e+00 1.2554879e+01
        94 6.5679082e-01 2.0155884e-01 3.2588084e+00 1.2566927e+01
        95 6.6319875e-01 2.0301941e-01 3.2364496e+00 1.2574702e+01
        96 6.7127927e-01 2.0410105e-01 3.2080670e+00 1.2593228e+01
        97 6.7601597e-01 2.0653108e-01 3.1922300e+00 1.2586282e+01
        98 6.8375131e-01 2.0810184e-01 3.1654852e+00 1.2599323e+01
        99 6.9037054e-01 2.0939241e-01 3.1426759e+00 1.2606435e+01
       100 6.9816815e-01 2.1072851e-01 3.1158450e+00 1.2627759e+01
       101 7.0387713e-01 2.1175332e-01 3.0963000e+00 1.2622548e+01
       102 7.1220205e-01 2.1358230e-01 3.0680625e+00 1.2635644e+01
       103 7.1916739e-01 2.1509220e-01 3.0445396e+00 1.2657573e+01
       104 7.2639928e-01 2.1666950e-01 3.0202281e+00 1.2655561e+01
       105 7.3297079e-01 2.1787689e-01 2.9981332e+00 1.2666517e+01
       106 7.4086810e-01 2.1939236e-01 2.9717270e+00 1.2665887e+01
       107 7.4745998e-01 2.2117174e-01 2.9500121e+00 1.2670083e+01
       108 7.5559059e-01 2.2338231e-01 2.9233638e+00 1.2674527e+01
       109 7.6145197e-01 2.2459905e-01 2.9040717e+00 1.2660090e+01
       110 7.6887136e-01 2.2653470e-01 2.8799333e+00 1.2670398e+01
       111 7.7523172e-01 2.2772212e-01 2.8591188e+00 1.2659190e+01
       112 7.8425649e-01 2.2883094e-01 2.8294647e+00 1.2673444e+01
       113 7.9045757e-01 2.3090473e-01 2.8097888e+00 1.2663915e+01
       114 7.9772524e-01 2.3208311e-01 2.7862547e+00 1.2661797e+01
       115 8.0542053e-01 2.3346924e-01 2.7615187e+00 1.2660479e+01
       116 8.1306111e-01 2.3518673e-01 2.7372399e+00 1.2661970e+01
       117 8.2133501e-01 2.3709773e-01 2.7111112e+00 1.2650113e+01
       118 8.2700870e-01 2.3897968e-01 2.6935501e+00 1.2637633e+01
       119 8.3577187e-01 2.4105687e-01 2.6661663e+00 1.2643060e+01
       120 8.4346230e-01 2.4191397e-01 2.6418001e+00 1.2627698e+01
       121 8.5236536e-01 2.4376794e-01 2.6141608e+00 1.2641467e+01
       122 8.5907427e-01 2.4461043e-01 2.5931708e+00 1.2616919e+01
       123 8.6491152e-01 2.4739169e-01 2.5759916e+00 1.2603936e+01
       124 8.7410693e-01 2.4875745e-01 2.5475895e+00 1.2608426e+01
       125 8.8108616e-01 2.5001746e-01 2.5262596e+00 1.2590793e+01
       126 8.8934321e-01 2.5128905e-01 2.5010441e+00 1.2573546e+01
       127 8.9725374e-01 2.5319092e-01 2.4773635e+00 1.2580027e+01
       128 9.0527709e-01 2.5480169e-01 2.4533181e+00 1.2565446e+01
       129 9.1234700e-01 2.5661862e-01 2.4324450e+00 1.2542942e+01
       130 9.2064645e-01 2.5778424e-01 2.4075782e+00 1.2538261e+01
       131 9.2644050e-01 2.6029516e-01 2.3911820e+00 1.2498792e+01
       132 9.3515112e-01 2.6205585e-01 2.3656227e+00 1.2488395e+01
       133 9.4374519e-01 2.6250848e-01 2.3398842e+00 1.2483877e+01
       134 9.5000955e-01 2.6478820e-01 2.3222451e+00 1.2462247e+01
       135 9.6092761e-01 2.6602234e-01 2.2902497e+00 1.2454036e+01
       136 9.6709455e-01 2.6772461e-01 2.2728214e+00 1.2424297e+01
       137 9.7466026e-01 2.6983752e-01 2.2515650e+00 1.2398854e+01
       138 9.8475276e-01 2.7000151e-01 2.2219612e+00 1.2397064e+01
       139 9.9141087e-01 2.7344746e-01 2.2043571e+00 1.2366884e+01
       140 1.0011426e+00 2.7374782e-01 2.1762130e+00 1.2349027e+01
       141 1.0077481e+00 2.7568925e-01 2.1581728e+00 1.2336971e+01
       142 1.0154296e+00 2.7765838e-01 2.1371530e+00 1.2307274e+01
       143 1.0239344e+00 2.7872153e-01 2.1134032e+00 1.2261540e+01
       144 1.0307248e+00 2.8136176e-01 2.0955513e+00 1.2240494e+01
       145 1.0387410e+00 2.8255000e-01 2.0735196e+00 1.2225048e+01
       146 1.0469957e+00 2.8353453e-01 2.0508342e+00 1.2197262e+01
       147 1.0558392e+00 2.8574545e-01 2.0273433e+00 1.2165014e+01
       148 1.0630041e+00 2.8744393e-01 2.0083797e+00 1.2138409e+01
       149 1.0726540e+00 2.8835120e-01 1.9822126e+00 1.2108425e+01
       150 1.0794457e+00 2.9051152e-01 1.9647906e+00 1.2083603e+01
       151 1.0874597e+00 2.9286328e-01 1.9442479e+00 1.2049634e+01
       152 1.0968333e+00 2.9315257e-01 1.9189479e+00 1.2023226e+01
       153 1.1062703e+00 2.9493434e-01 1.8945317e+00 1.1987414e+01
       154 1.1115050e+00 2.9772093e-01 1.8821349e+00 1.1951810e+01
       155 1.1205138e+00 2.9854029e-01 1.8585753e+00 1.1913436e+01
       156 1.1288438e+00 3.0047778e-01 1.8376441e+00 1.1890956e+01
       157 1.1384980e+00 3.0155555e-01 1.8128627e+00 1.1858133e+01
       158 1.1450488e+00 3.0389012e-01 1.7971268e+00 1.1815096e+01
       159 1.1526400e+00 3.0533946e-01 1.7782443e+00 1.1787596e+01
       160 1.1601449e+00 3.0647116e-01 1.7595091e+00 1.1756704e+01
       161 1.1694340e+00 3.0905743e-01 1.7372108e+00 1.1708052e+01
       162 1.1788484e+00 3.0960335e-01 1.7135121e+00 1.1672566e+01
       163 1.1874434e+00 3.1145923e-01 1.6928749e+00 1.1636021e+01
       164 1.1939811e+00 3.1228158e-01 1.6769127e+00 1.1594223e+01
       165 1.2015383e+00 3.1511321e-01 1.6597516e+00 1.1556128e+01
       166 1.2102595e+00 3.1729384e-01 1.6394180e+00 1.1507496e+01
       167 1.2190530e+00 3.1793385e-01 1.6180858e+00 1.1472064e+01
       168 1.2268991e+00 3.1944487e-01 1.5997830e+00 1.1436928e+01
       169 1.2354638e+00 3.2147524e-01 1.5801943e+00 1.1388579e+01
       170 1.2446425e+00 3.2349825e-01 1.5592743e+00 1.1329681e+01
       171 1.2532598e+00 3.2489894e-01 1.5394705e+00 1.1301550e+01
       172 1.2597208e+00 3.2622773e-01 1.5249040e+00 1.1261872e+01
       173 1.2700704e+00 3.2722465e-01 1.5010097e+00 1.1216126e+01
       174 1.2758680e+00 3.2920576e-01 1.4886540e+00 1.1167846e+01
       175 1.2854703e+00 3.2983430e-01 1.4665978e+00 1.1124434e+01
       176 1.2941805e+00 3.3143726e-01 1.4474346e+00 1.1072071e+01
       177 1.3013677e+00 3.3470736e-01 1.4330401e+00 1.1019205e+01
       178 1.3088406e+00 3.3572581e-01 1.4166007e+00 1.0980332e+01
       179 1.3158218e+00 3.3812272e-01 1.4023212e+00 1.0921275e+01
       180 1.3274313e+00 3.3869631e-01 1.3764929e+00 1.0874406e+01
       181 1.3335464e+00 3.4024601e-01 1.3638445e+00 1.0820965e+01
       182 1.3444675e+00 3.4141081e-01 1.3403562e+00 1.0774206e+01
       183 1.3506600e+00 3.4309184e-01 1.3278443e+00 1.0728940e+01
       184 1.3576322e+00 3.4399012e-01 1.3131704e+00 1.0682139e+01
       185 1.3663335e+00 3.4670527e-01 1.2960990e+00 1.0622129e+01
       186 1.3743865e+00 3.4829376e-01 1.2798026e+00 1.0573369e+01
       187 1.3838047e+00 3.4847611e-01 1.2597442e+00 1.0524855e+01
       188 1.3910832e+00 3.5097116e-01 1.2460112e+00 1.0467797e+01
       189 1.4007370e+00 3.5112577e-01 1.2257539e+00 1.0419024e+01
       190 1.4088252e+00 3.5260909e-01 1.2098783e+00 1.0354498e+01
       191 1.4191509e+00 3.5505172e-01 1.1901967e+00 1.0293786e+01
       192 1.4261866e+00 3.5593849e-01 1.1763612e+00 1.0246874e+01
       193 1.4314737e+00 3.5766188e-01 1.1667854e+00 1.0194506e+01
       194 1.4403367e+00 3.5948607e-01 1.1501049e+00 1.0142304e+01
       195 1.4484995e+00 3.6032777e-01 1.1342823e+00 1.0084261e+01
       196 1.4583776e+00 3.5984992e-01 1.1142357e+00 1.0034060e+01
       197 1.4627192e+00 3.6351747e-01 1.1082908e+00 9.9718563e+00
       198 1.4727260e+00 3.6430616e-01 1.0891915e+00 9.9140870e+00
       199 1.4806250e+00 3.6647509e-01 1.0753886e+00 9.8483901e+00
       200 1.4884468e+00 3.6738995e-01 1.0609453e+00 9.7993752e+00
       201 1.4959763e+00 3.6965608e-01 1.0481814e+00 9.7316894e+00
       202 1.5034245e+00 3.7035969e-01 1.0345354e+00 9.6808973e+00
       203 1.5113307e+00 3.7286057e-01 1.0214776e+00 9.6216093e+00
       204 1.5184459e+00 3.7353987e-01 1.0086673e+00 9.5596385e+00
       205 1.5281321e+00 3.7481605e-01 9.9165573e-01 9.5043147e+00
       206 1.5336376e+00 3.7636138e-01 9.8268834e-01 9.4523642e+00
       207 1.5454212e+00 3.7544994e-01 9.6052879e-01 9.3809901e+00
       208 1.5511982e+00 3.7919685e-01 9.5292990e-01 9.3208159e+00
       209 1.5599236e+00 3.8001996e-01 9.3793363e-01 9.2625951e+00
       210 1.5679202e+00 3.8152268e-01 9.2489532e-01 9.1901456e+00
       211 1.5757147e+00 3.8284496e-01 9.1220476e-01 9.1325597e+00
       212 1.5807087e+00 3.8426744e-01 9.0458140e-01 9.0741258e+00
       213 1.5876054e+00 3.8664494e-01 8.9446129e-01 9.0145053e+00
       214 1.5968885e+00 3.8632863e-01 8.7827824e-01 8.9512409e+00
       215 1.6028983e+00 3.8832587e-01 8.6959892e-01 8.8949484e+00
       216 1.6148822e+00 3.8687973e-01 8.4830103e-01 8.8278413e+00
       217 1.6193249e+00 3.8872077e-01 8.4232180e-01 8.7742711e+00
       218 1.6284487e+00 3.9156993e-01 8.2945740e-01 8.6934163e+00
       219 1.6374619e+00 3.9182613e-01 8.1491663e-01 8.6296563e+00
       220 1.6399059e+00 3.9415402e-01 8.1277718e-01 8.5839785e+00
       221 1.6473729e+00 3.9559570e-01 8.0186273e-01 8.5274661e+00
       222 1.6580359e+00 3.9628093e-01 7.8538694e-01 8.4527078e+00
       223 1.6665438e+00 3.9596403e-01 7.7171999e-01 8.3858341e+00
       224 1.6723285e+00 3.9846861e-01 7.6467072e-01 8.3171852e+00
       225 1.6781250e+00 3.9926144e-01 7.5631302e-01 8.2655931e+00
       226 1.6864952e+00 4.0015943e-01 7.4416736e-01 8.2000608e+00
       227 1.6935467e+00 4.0069060e-01 7.3386462e-01 8.1378079e+00
       228 1.7034693e+00 4.0108541e-01 7.1925337e-01 8.0589951e+00
       229 1.7075469e+00 4.0403034e-01 7.1554703e-01 8.0109387e+00
       230 1.7164366e+00 4.0464781e-01 7.0291213e-01 7.9354800e+00
       231 1.7222823e+00 4.0427967e-01 6.9406372e-01 7.8855946e+00
       232 1.7297871e+00 4.0586233e-01 6.8446870e-01 7.8170354e+00
       233 1.7373450e+00 4.0779806e-01 6.7520332e-01 7.7474864e+00
       234 1.7403294e+00 4.0955324e-01 6.7238886e-01 7.7108808e+00
       235 1.7506050e+00 4.0842547e-01 6.5697258e-01 7.6310606e+00
       236 1.7573170e+00 4.1031656e-01 6.4916756e-01 7.5668308e+00
       237 1.7629636e+00 4.1134114e-01 6.4221061e-01 7.5053270e+00
       238 1.7710696e+00 4.1276105e-01 6.3229660e-01 7.4390971e+00
       239 1.7780343e+00 4.1423967e-01 6.2410071e-01 7.3706726e+00
       240 1.7844870e+00 4.1562458e-01 6.1661044e-01 7.3059655e+00
       241 1.7940196e+00 4.1354110e-01 6.0227183e-01 7.2395739e+00
       242 1.7965154e+00 4.1732561e-01 6.0214444e-01 7.1907496e+00
       243 1.8055576e+00 4.1617496e-01 5.8943624e-01 7.1177838e+00
       244 1.8115101e+00 4.1728081e-01 5.8271273e-01 7.0629402e+00
       245 1.8154657e+00 4.2038762e-01 5.8027399e-01 7.0007386e+00
       246 1.8230342e+00 4.2105156e-01 5.7127408e-01 6.9379938e+00
       247 1.8312413e+00 4.1990259e-01 5.6007219e-01 6.8675142e+00
       248 1.8354288e+00 4.2246588e-01 5.5706089e-01 6.8089826e+00
       249 1.8419431e+00 4.2349215e-01 5.4995512e-01 6.7528670e+00
       250 1.8465894e+00 4.2357978e-01 5.4439374e-01 6.7029335e+00
       251 1.8590003e+00 4.2163285e-01 5.2790669e-01 6.6132041e+00
       252 1.8615863e+00 4.2690380e-01 5.2932556e-01 6.5523874e+00
       253 1.8711525e+00 4.2437569e-01 5.1599343e-01 6.4842798e+00
       254 1.8765934e+00 4.2502574e-01 5.1026837e-01 6.4286818e+00
       255 1.8775562e+00 4.2771100e-01 5.1145356e-01 6.4001994e+00
       256 1.8867758e+00 4.2732757e-01 5.0064207e-01 6.3176246e+00
       257 1.8925382e+00 4.2914356e-01 4.9573124e-01 6.2532195e+00
       258 1.8975841e+00 4.2933601e-01 4.9028887e-01 6.2066282e+00
       259 1.9069229e+00 4.2976712e-01 4.8041521e-01 6.1180808e+00
       260 1.9118059e+00 4.2967637e-01 4.7505038e-01 6.0676540e+00
       261 1.9151278e+00 4.3156712e-01 4.7310935e-01 6.0233440e+00
       262 1.9232468e+00 4.3187888e-01 4.6474751e-01 5.9497998e+00
       263 1.9267331e+00 4.3464828e-01 4.6348157e-01 5.8948207e+00
       264 1.9332607e+00 4.3369060e-01 4.5585185e-01 5.8364802e+00
       265 1.9385183e+00 4.3395477e-01 4.5066744e-01 5.7828741e+00
       266 1.9448408e+00 4.3472620e-01 4.4490082e-01 5.7212803e+00
       267 1.9482250e+00 4.3564306e-01 4.4228624e-01 5.6762061e+00
       268 1.9558910e+00 4.3352645e-01 4.3280108e-01 5.6165023e+00
       269 1.9608279e+00 4.3597949e-01 4.3007251e-01 5.5535737e+00
       270 1.9647669e+00 4.3698032e-01 4.2710236e-01 5.5028786e+00
       271 1.9729789e+00 4.3543323e-01 4.1783880e-01 5.4380870e+00
       272 1.9757317e+00 4.3716346e-01 4.1672587e-01 5.4012551e+00
       273 1.9819630e+00 4.3857484e-01 4.1208115e-01 5.3386938e+00
       274 1.9866406e+00 4.3794824e-01 4.0716848e-01 5.2843711e+00
       275 1.9925781e+00 4.3764736e-01 4.0142931e-01 5.2239381e+00
       276 1.9973827e+00 4.3766819e-01 3.9706827e-01 5.1763067e+00
       277 2.0029869e+00 4.3642522e-01 3.9093204e-01 5.1273639e+00
       278 2.0062683e+00 4.3947686e-01 3.9067731e-01 5.0734061e+00
       279 2.0112063e+00 4.4165127e-01 3.8822829e-01 5.0170850e+00
       280 2.0158567e+00 4.4010719e-01 3.8280056e-01 4.9672542e+00
       281 2.0224990e+00 4.4071807e-01 3.7760574e-01 4.8963546e+00
       282 2.0278166e+00 4.3951448e-01 3.7202034e-01 4.8507639e+00
       283 2.0303528e+00 4.4324371e-01 3.7317366e-01 4.8055838e+00
       284 2.0329560e+00 4.4153890e-01 3.6948349e-01 4.7767449e+00
       285 2.0422259e+00 4.4036344e-01 3.6078750e-01 4.6996265e+00
       286 2.0477062e+00 4.4012107e-01 3.5612679e-01 4.6460004e+00
       287 2.0499991e+00 4.4311270e-01 3.5692623e-01 4.6042381e+00
       288 2.0546985e+00 4.4190513e-01 3.5211328e-01 4.5545687e+00
       289 2.0584777e+00 4.4371514e-01 3.5073727e-01 4.5092790e+00
       290 2.0623130e+00 4.4379675e-01 3.4781565e-01 4.4591055e+00
       291 2.0672796e+00 4.4442847e-01 3.4454334e-01 4.4030822e+00
       292 2.0713757e+00 4.4331691e-01 3.4043205e-01 4.3685409e+00
       293 2.0757848e+00 4.4366695e-01 3.3741687e-01 4.3201197e+00
       294 2.0786417e+00 4.4325255e-01 3.3491522e-01 4.2843854e+00
       295 2.0830952e+00 4.4572552e-01 3.3381934e-01 4.2290585e+00
       296 2.0854744e+00 4.4498199e-01 3.3141340e-01 4.2039400e+00
       297 2.0949273e+00 4.4291913e-01 3.2276588e-01 4.1167742e+00
       298 2.0955759e+00 4.4567169e-01 3.2475068e-01 4.0967215e+00
       299 2.1007783e+00 4.4517611e-01 3.2064104e-01 4.0412277e+00
       300 2.1048467e+00 4.4339635e-01 3.1622875e-01 4.0029809e+00
       301 2.1074793e+00 4.4289131e-01 3.1396699e-01 3.9658271e+00
       302 2.1112769e+00 4.4667457e-01 3.1473989e-01 3.9224045e+00
       303 2.1164947e+00 4.4287010e-01 3.0784057e-01 3.8748047e+00
       304 2.1207802e+00 4.4522243e-01 3.0708339e-01 3.8191687e+00
       305 2.1217786e+00 4.4596047e-01 3.0708329e-01 3.8013071e+00
       306 2.1285314e+00 4.4295680e-01 3.0001629e-01 3.7391737e+00
       307 2.1317276e+00 4.4590634e-01 3.0058869e-01 3.6930785e+00
       308 2.1331176e+00 4.4445005e-01 2.9840722e-01 3.6700691e+00
       309 2.1393184e+00 4.4439269e-01 2.9445592e-01 3.6135679e+00
       310 2.1406287e+00 4.4540768e-01 2.9454471e-01 3.5909443e+00
       311 2.1454136e+00 4.4458662e-01 2.9086935e-01 3.5461896e+00
       312 2.1454688e+00 4.4583049e-01 2.9194319e-01 3.5290275e+00
       313 2.1507872e+00 4.4488715e-01 2.8788432e-01 3.4775858e+00
       314 2.1565458e+00 4.4485657e-01 2.8443591e-01 3.4163845e+00
       315 2.1563683e+00 4.4606462e-01 2.8561662e-01 3.4053826e+00
       316 2.1625059e+00 4.4332628e-01 2.7960562e-01 3.3506207e+00
       317 2.1658343e+00 4.4322505e-01 2.7760837e-01 3.3142151e+00
       318 2.1700913e+00 4.4363787e-01 2.7556712e-01 3.2672539e+00
       319 2.1716953e+00 4.4472575e-01 2.7563586e-01 3.2467526e+00
       320 2.1741777e+00 4.4512843e-01 2.7461504e-01 3.2066531e+00
       321 2.1758716e+00 4.4512713e-01 2.7367986e-01 3.1816551e+00
       322 2.1782744e+00 4.4528603e-01 2.7250633e-01 3.1525986e+00
       323 2.1842637e+00 4.4385463e-01 2.6800598e-01 3.1000188e+00
       324 2.1830625e+00 4.4567385e-01 2.7026578e-01 3.0944975e+00
       325 2.1917036e+00 4.4294412e-01 2.6328908e-01 3.0185916e+00
       326 2.1895709e+00 4.4631718e-01 2.6739797e-01 3.0179985e+00
       327 2.1951895e+00 4.4222144e-01 2.6085571e-01 2.9690932e+00
       328 2.1987098e+00 4.4155496e-01 2.5848001e-01 2.9300046e+00
       329 2.1995150e+00 4.4291115e-01 2.5927429e-01 2.9075693e+00
       330 2.2019110e+00 4.4337464e-01 2.5848706e-01 2.8830919e+00
       331 2.2035051e+00 4.4273771e-01 2.5713194e-01 2.8727195e+00
       332 2.2079447e+00 4.4305809e-01 2.5524039e-01 2.8145867e+00
       333 2.2085736e+00 4.4347873e-01 2.5530835e-01 2.8013522e+00
       334 2.2144466e+00 4.4028348e-01 2.4967471e-01 2.7451093e+00
       335 2.2135629e+00 4.4314151e-01 2.5261797e-01 2.7445927e+00
       336 2.2138677e+00 4.4258619e-01 2.5198160e-01 2.7352447e+00
       337 2.2188372e+00 4.4097288e-01 2.4822676e-01 2.6844096e+00
       338 2.2189445e+00 4.4109153e-01 2.4828170e-01 2.6819579e+00
       339 2.2247781e+00 4.3935062e-01 2.4407879e-01 2.6279634e+00
       340 2.2293983e+00 4.3835300e-01 2.4113671e-01 2.5727115e+00
       341 2.2282546e+00 4.4113180e-01 2.4408817e-01 2.5766651e+00
       342 2.2322511e+00 4.3904815e-01 2.4049202e-01 2.5375970e+00
       343 2.2325647e+00 4.3957605e-01 2.4081891e-01 2.5280568e+00
       344 2.2342228e+00 4.3831749e-01 2.3899330e-01 2.4989974e+00
       345 2.2379862e+00 4.3836684e-01 2.3742120e-01 2.4636449e+00
       346 2.2417791e+00 4.3743348e-01 2.3500441e-01 2.4281174e+00
       347 2.2415371e+00 4.3805562e-01 2.3565027e-01 2.4220819e+00
       348 2.2429380e+00 4.3798292e-01 2.3500247e-01 2.3939646e+00
       349 2.2479658e+00 4.3628945e-01 2.3145779e-01 2.3480891e+00
       350 2.2458542e+00 4.3790673e-01 2.3373234e-01 2.3602687e+00
       351 2.2532600e+00 4.3228935e-01 2.2586460e-01 2.3039756e+00
       352 2.2499690e+00 4.3647562e-01 2.3081200e-01 2.3086993e+00
       353 2.2520978e+00 4.3603749e-01 2.2957954e-01 2.2822509e+00
       354 2.2566394e+00 4.3450075e-01 2.2645822e-01 2.2409727e+00
       355 2.2592303e+00 4.3535636e-01 2.2620352e-01 2.2107636e+00
       356 2.2578252e+00 4.3776990e-01 2.2885094e-01 2.2094962e+00
       357 2.2598437e+00 4.3547887e-01 2.2607566e-01 2.1925617e+00
       358 2.2641707e+00 4.3395978e-01 2.2312179e-01 2.1554655e+00
       359 2.2644061e+00 4.3360167e-01 2.2272333e-01 2.1454769e+00
       360 2.2654847e+00 4.3406285e-01 2.2272273e-01 2.1267744e+00
       361 2.2685145e+00 4.3319774e-01 2.2085919e-01 2.0987126e+00
       362 2.2704803e+00 4.3220383e-01 2.1928654e-01 2.0763396e+00
       363 2.2714002e+00 4.3205810e-01 2.1882982e-01 2.0574150e+00
       364 2.2759138e+00 4.2984544e-01 2.1532437e-01 2.0204989e+00
       365 2.2739197e+00 4.3209354e-01 2.1796323e-01 2.0251473e+00
       366 2.2757094e+00 4.3128049e-01 2.1663160e-01 2.0043129e+00
       367 2.2784033e+00 4.3011749e-01 2.1469415e-01 1.9747946e+00
       368 2.2779992e+00 4.3195174e-01 2.1641484e-01 1.9641292e+00
       369 2.2803738e+00 4.3037998e-01 2.1424481e-01 1.9450446e+00
       370 2.2823457e+00 4.2785176e-01 2.1140708e-01 1.9284125e+00
       371 2.2859917e+00 4.2822096e-01 2.1050864e-01 1.8860781e+00
       372 2.2850707e+00 4.2883551e-01 2.1133964e-01 1.8924008e+00
       373 2.2891077e+00 4.2587469e-01 2.0748782e-01 1.8487964e+00
       374 2.2895147e+00 4.2648825e-01 2.0787943e-01 1.8393954e+00
       375 2.2902482e+00 4.2613639e-01 2.0734348e-01 1.8290378e+00
       376 2.2941710e+00 4.2339900e-01 2.0377434e-01 1.7962267e+00
       377 2.2893443e+00 4.3006180e-01 2.1099531e-01 1.8151811e+00
       378 2.2949858e+00 4.2461233e-01 2.0454883e-01 1.7728151e+00
       379 2.2933422e+00 4.2731647e-01 2.0736719e-01 1.7811668e+00
       380 2.2946857e+00 4.2576602e-01 2.0562345e-01 1.7611335e+00
       381 2.2960463e+00 4.2393978e-01 2.0364895e-01 1.7499649e+00
       382 2.2983147e+00 4.2238926e-01 2.0164011e-01 1.7252425e+00
       383 2.2993538e+00 4.2279253e-01 2.0166531e-01 1.7082273e+00
       384 2.3018688e+00 4.2217506e-01 2.0038852e-01 1.6913985e+00
       385 2.3021326e+00 4.2394321e-01 2.0180609e-01 1.6796941e+00
       386 2.3055675e+00 4.2057532e-01 1.9795289e-01 1.6480949e+00
       387 2.3046207e+00 4.2206766e-01 1.9948615e-01 1.6466071e+00
       388 2.3062194e+00 4.2204555e-01 1.9900292e-01 1.6179875e+00
       389 2.3072677e+00 4.2134205e-01 1.9810772e-01 1.6157406e+00
       390 2.3088251e+00 4.1956125e-01 1.9616585e-01 1.5975227e+00
       391 2.3083986e+00 4.1814223e-01 1.9509834e-01 1.5944804e+00
       392 2.3102245e+00 4.2018510e-01 1.9629455e-01 1.5754338e+00
       393 2.3079216e+00 4.2016706e-01 1.9693178e-01 1.5879712e+00
       394 2.3105602e+00 4.2020362e-01 1.9621588e-01 1.5546238e+00
       395 2.3138453e+00 4.1708585e-01 1.9269532e-01 1.5326103e+00
       396 2.3158392e+00 4.1609223e-01 1.9132561e-01 1.5108197e+00
       397 2.3149775e+00 4.1493819e-01 1.9059978e-01 1.5171529e+00
       398 2.3187641e+00 4.1511181e-01 1.8973020e-01 1.4699245e+00
       399 2.3152060e+00 4.1535071e-01 1.9088029e-01 1.4992783e+00
       400 2.3162543e+00 4.1785790e-01 1.9268628e-01 1.4828129e+00
       401 2.3219827e+00 4.1243598e-01 1.8667677e-01 1.4372729e+00
       402 2.3213602e+00 4.1309863e-01 1.8738446e-01 1.4370290e+00
       403 2.3203260e+00 4.1387442e-01 1.8829466e-01 1.4349195e+00
       404 2.3198395e+00 4.1474400e-01 1.8914234e-01 1.4302904e+00
       405 2.3248799e+00 4.1214648e-01 1.8570049e-01 1.3899493e+00
       406 2.3222601e+00 4.1314847e-01 1.8719363e-01 1.4066002e+00
       407 2.3236873e+00 4.1147643e-01 1.8545020e-01 1.3893368e+00
       408 2.3252717e+00 4.1264860e-01 1.8601618e-01 1.3750366e+00
       409 2.3226084e+00 4.1410265e-01 1.8789363e-01 1.3851140e+00
       410 2.3235905e+00 4.1161372e-01 1.8558780e-01 1.3779873e+00
       411 2.3282647e+00 4.0976830e-01 1.8290541e-01 1.3326595e+00
       412 2.3250124e+00 4.1275272e-01 1.8616725e-01 1.3572817e+00
       413 2.3283701e+00 4.1078730e-01 1.8371574e-01 1.3201318e+00
       414 2.3321932e+00 4.0712042e-01 1.7979567e-01 1.2928030e+00
       415 2.3288786e+00 4.1061112e-01 1.8344685e-01 1.3098913e+00
       416 2.3307345e+00 4.0721655e-01 1.8022188e-01 1.2895416e+00
       417 2.3285819e+00 4.0999559e-01 1.8301414e-01 1.2993309e+00
       418 2.3334474e+00 4.0643110e-01 1.7893914e-01 1.2576675e+00
       419 2.3349850e+00 4.0729191e-01 1.7928132e-01 1.2415311e+00
       420 2.3320581e+00 4.0915228e-01 1.8148626e-01 1.2598596e+00
       421 2.3348182e+00 4.0606003e-01 1.7831802e-01 1.2407173e+00
       422 2.3337138e+00 4.0716740e-01 1.7947578e-01 1.2460528e+00
       423 2.3348380e+00 4.0727594e-01 1.7930237e-01 1.2265653e+00
       424 2.3360281e+00 4.0716574e-01 1.7893820e-01 1.2044336e+00
       425 2.3388698e+00 4.0243528e-01 1.7446465e-01 1.1846129e+00
       426 2.3377230e+00 4.0319183e-01 1.7533200e-01 1.1958924e+00
       427 2.3397630e+00 4.0288575e-01 1.7462841e-01 1.1787648e+00
       428 2.3405977e+00 4.0328837e-01 1.7476847e-01 1.1562278e+00
       429 2.3355969e+00 4.0594028e-01 1.7804087e-01 1.1954596e+00
       430 2.3393919e+00 4.0256606e-01 1.7445341e-01 1.1572028e+00
       431 2.3428282e+00 4.0225257e-01 1.7344780e-01 1.1333979e+00
       432 2.3396481e+00 4.0213108e-01 1.7404641e-01 1.1462761e+00
       433 2.3382937e+00 4.0418976e-01 1.7600907e-01 1.1609111e+00
       434 2.3384050e+00 4.0334077e-01 1.7529847e-01 1.1550991e+00
       435 2.3406005e+00 4.0278445e-01 1.7436165e-01 1.1269740e+00
       436 2.3450328e+00 3.9969441e-01 1.7092544e-01 1.0894435e+00
       437 2.3402642e+00 4.0209766e-01 1.7388305e-01 1.1229342e+00
       438 2.3437252e+00 3.9926776e-01 1.7086267e-01 1.0891930e+00
       439 2.3436461e+00 3.9991828e-01 1.7139947e-01 1.0927836e+00
       440 2.3411547e+00 4.0116430e-01 1.7293737e-01 1.1016835e+00
       441 2.3453285e+00 3.9901427e-01 1.7031979e-01 1.0692547e+00
       442 2.3468336e+00 3.9576517e-01 1.6742248e-01 1.0547523e+00
       443 2.3473268e+00 3.9577271e-01 1.6732622e-01 1.0438692e+00
       444 2.3465479e+00 3.9666114e-01 1.6819192e-01 1.0512039e+00
       445 2.3471991e+00 3.9558626e-01 1.6720510e-01 1.0405653e+00
       446 2.3473915e+00 3.9679813e-01 1.6812556e-01 1.0265624e+00
       447 2.3484426e+00 3.9584142e-01 1.6715113e-01 1.0158007e+00
       448 2.3500027e+00 3.9458876e-01 1.6584430e-01 1.0123236e+00
       449 2.3473399e+00 3.9842717e-01 1.6943168e-01 1.0141105e+00
       450 2.3496283e+00 3.9470921e-01 1.6601493e-01 1.0042123e+00
       451 2.3496019e+00 3.9379941e-01 1.6530288e-01 1.0050323e+00
       452 2.3519696e+00 3.9246692e-01 1.6378195e-01 9.7652374e-01
       453 2.3509342e+00 3.9346644e-01 1.6477308e-01 9.8206576e-01
       454 2.3506909e+00 3.9292226e-01 1.6439374e-01 9.8165205e-01
       455 2.3528783e+00 3.9305550e-01 1.6406566e-01 9.5734856e-01
       456 2.3523060e+00 3.9180773e-01 1.6319865e-01 9.5973883e-01
       457 2.3531413e+00 3.9190723e-01 1.6311290e-01 9.4280817e-01
       458 2.3533573e+00 3.9222286e-01 1.6331830e-01 9.4615802e-01
       459 2.3578958e+00 3.8811765e-01 1.5925166e-01 9.0478553e-01
       460 2.3535432e+00 3.9238602e-01 1.6341015e-01 9.3176786e-01
       461 2.3527825e+00 3.9361664e-01 1.6452585e-01 9.4055509e-01
       462 2.3529813e+00 3.9403147e-01 1.6481368e-01 9.1963559e-01
       463 2.3546392e+00 3.9143140e-01 1.6245009e-01 9.1588051e-01
       464 2.3550054e+00 3.9225557e-01 1.6302574e-01 9.0296925e-01
       465 2.3533808e+00 3.9237311e-01 1.6343161e-01 9.1148751e-01
       466 2.3583143e+00 3.8658605e-01 1.5798762e-01 8.8004162e-01
       467 2.3542137e+00 3.9067151e-01 1.6193773e-01 9.0405802e-01
       468 2.3563650e+00 3.9013772e-01 1.6111033e-01 8.7503204e-01
       469 2.3590854e+00 3.8608343e-01 1.5745733e-01 8.5368264e-01
       470 2.3603861e+00 3.8506985e-01 1.5643903e-01 8.4499989e-01
       471 2.3551862e+00 3.8884904e-01 1.6033031e-01 8.7641760e-01
       472 2.3601029e+00 3.8720342e-01 1.5813798e-01 8.4030622e-01
       473 2.3545741e+00 3.8985058e-01 1.6122754e-01 8.7788492e-01
       474 2.3636076e+00 3.8251924e-01 1.5390956e-01 8.0910524e-01
       475 2.3572151e+00 3.8648925e-01 1.5811714e-01 8.4858947e-01
       476 2.3593948e+00 3.8891914e-01 1.5959841e-01 8.2340335e-01
       477 2.3555747e+00 3.8961428e-01 1.6085194e-01 8.5244981e-01
       478 2.3568003e+00 3.8868015e-01 1.5989318e-01 8.3797376e-01
       479 2.3609088e+00 3.8636287e-01 1.5734234e-01 8.0440976e-01
       480 2.3622050e+00 3.8327152e-01 1.5473199e-01 7.8971131e-01
       481 2.3583494e+00 3.8615557e-01 1.5764847e-01 8.1696282e-01
       482 2.3625841e+00 3.8495319e-01 1.5595692e-01 7.8629239e-01
       483 2.3631498e+00 3.8229026e-01 1.5381441e-01 7.7959693e-01
       484 2.3619377e+00 3.8393814e-01 1.5529082e-01 7.7753276e-01
       485 2.3643932e+00 3.8295471e-01 1.5410666e-01 7.6310617e-01
       486 2.3599109e+00 3.8700042e-01 1.5801564e-01 7.8224128e-01
       487 2.3613393e+00 3.8310561e-01 1.5475884e-01 7.7244039e-01
       488 2.3614861e+00 3.8360304e-01 1.5511400e-01 7.7739927e-01
       489 2.3643685e+00 3.7908862e-01 1.5116479e-01 7.6219492e-01
       490 2.3663222e+00 3.7936914e-01 1.5104396e-01 7.4086396e-01
       491 2.3661664e+00 3.8081775e-01 1.5217150e-01 7.3583243e-01
       492 2.3651988e+00 3.8038470e-01 1.5200642e-01 7.3483050e-01
       493 2.3636812e+00 3.8273920e-01 1.5406508e-01 7.4174967e-01
       494 2.3640045e+00 3.8407607e-01 1.5503402e-01 7.3630813e-01
       495 2.3663465e+00 3.7955255e-01 1.5117905e-01 7.1504542e-01
       496 2.3649403e+00 3.8335152e-01 1.5431657e-01 7.2183165e-01
       497 2.3624079e+00 3.8214619e-01 1.5383476e-01 7.3912048e-01
       498 2.3652869e+00 3.7896651e-01 1.5091445e-01 7.1387180e-01
       499 2.3654030e+00 3.7981623e-01 1.5153938e-01 7.0880134e-01
       500 2.3671992e+00 3.7926705e-01 1.5081925e-01 6.9150221e-01
       501 2.3668285e+00 3.7755234e-01 1.4958357e-01 6.9402503e-01
       502 2.3649424e+00 3.8080650e-01 1.5237141e-01 7.0629484e-01
       503 2.3688642e+00 3.7818389e-01 1.4972346e-01 6.7395763e-01
       504 2.3701086e+00 3.7482673e-01 1.4699330e-01 6.7001020e-01
       505 2.3675239e+00 3.7942230e-01 1.5088290e-01 6.7958260e-01
       506 2.3660931e+00 3.7974828e-01 1.5137049e-01 6.8179239e-01
       507 2.3665435e+00 3.7989154e-01 1.5140329e-01 6.6739471e-01
       508 2.3667980e+00 3.7873086e-01 1.5047999e-01 6.7272974e-01
       509 2.3698478e+00 3.7620600e-01 1.4807129e-01 6.5419974e-01
       510 2.3685561e+00 3.7451031e-01 1.4700891e-01 6.6017807e-01
       511 2.3708029e+00 3.7400620e-01 1.4626741e-01 6.3543320e-01
       512 2.3652784e+00 3.7955738e-01 1.5136410e-01 6.7741183e-01
       513 2.3690944e+00 3.7533239e-01 1.4753717e-01 6.4487221e-01
       514 2.3677024e+00 3.7901290e-01 1.5054272e-01 6.5444039e-01
       515 2.3693428e+00 3.7496314e-01 1.4721962e-01 6.3844441e-01
       516 2.3685862e+00 3.7649939e-01 1.4849778e-01 6.3948239e-01
       517 2.3705010e+00 3.7497450e-01 1.4704099e-01 6.2142716e-01
       518 2.3708782e+00 3.7502119e-01 1.4701563e-01 6.2163001e-01
       519 2.3697487e+00 3.7505996e-01 1.4722635e-01 6.2837503e-01
       520 2.3707091e+00 3.7507177e-01 1.4708059e-01 6.1507534e-01
       521 2.3702675e+00 3.7641169e-01 1.4815838e-01 6.2198236e-01
       522 2.3694530e+00 3.7540914e-01 1.4753637e-01 6.1564022e-01
       523 2.3697658e+00 3.7587506e-01 1.4783566e-01 6.1543546e-01
       524 2.3716135e+00 3.7516134e-01 1.4700389e-01 5.9894510e-01
       525 2.3689589e+00 3.7597883e-01 1.4804498e-01 6.1052164e-01
       526 2.3727970e+00 3.7243588e-01 1.4478050e-01 5.8362557e-01
       527 2.3712038e+00 3.7271873e-01 1.4524210e-01 6.0113599e-01
       528 2.3731174e+00 3.7298125e-01 1.4513720e-01 5.7027964e-01
       529 2.3699443e+00 3.7463652e-01 1.4687726e-01 5.9909094e-01
       530 2.3733638e+00 3.7188824e-01 1.4428487e-01 5.6810180e-01
       531 2.3731795e+00 3.7258134e-01 1.4482942e-01 5.6950360e-01
       532 2.3754951e+00 3.6963409e-01 1.4228817e-01 5.5461785e-01
       533 2.3726536e+00 3.7209225e-01 1.4454703e-01 5.7280583e-01
       534 2.3713368e+00 3.7318606e-01 1.4556955e-01 5.7675359e-01
       535 2.3748516e+00 3.7077109e-01 1.4322724e-01 5.5311496e-01
       536 2.3724943e+00 3.7307403e-01 1.4530351e-01 5.6682066e-01
       537 2.3717516e+00 3.7289667e-01 1.4528796e-01 5.6649432e-01
       538 2.3745071e+00 3.6983484e-01 1.4258623e-01 5.4213926e-01
       539 2.3758533e+00 3.7056052e-01 1.4292014e-01 5.3827865e-01
       540 2.3706503e+00 3.7147419e-01 1.4440425e-01 5.6984138e-01
       541 2.3737122e+00 3.7121139e-01 1.4372812e-01 5.4701793e-01
       542 2.3756816e+00 3.7003063e-01 1.4255345e-01 5.3056727e-01
       543 2.3743495e+00 3.7028244e-01 1.4294155e-01 5.3584613e-01
       544 2.3766326e+00 3.6801075e-01 1.4092087e-01 5.1824595e-01
       545 2.3757335e+00 3.7026728e-01 1.4272086e-01 5.2312875e-01
       546 2.3728071e+00 3.7019126e-01 1.4311200e-01 5.4239672e-01
       547 2.3749152e+00 3.7104504e-01 1.4342082e-01 5.2595465e-01
       548 2.3750468e+00 3.6940793e-01 1.4218868e-01 5.1916266e-01
       549 2.3731437e+00 3.7128769e-01 1.4387265e-01 5.2773812e-01
       550 2.3764369e+00 3.6798920e-01 1.4093406e-01 5.0218448e-01
       551 2.3802357e+00 3.6514497e-01 1.3829890e-01 4.8610302e-01
       552 2.3786985e+00 3.6751696e-01 1.4025583e-01 4.9164515e-01
       553 2.3736292e+00 3.7046440e-01 1.4318688e-01 5.1473916e-01
       554 2.3774844e+00 3.6704332e-01 1.4008426e-01 5.0102869e-01
       555 2.3741263e+00 3.6931900e-01 1.4226314e-01 5.1770132e-01
       556 2.3733905e+00 3.7122466e-01 1.4378762e-01 5.1666045e-01
       557 2.3757025e+00 3.6906325e-01 1.4183532e-01 4.9395998e-01
       558 2.3774904e+00 3.6851546e-01 1.4116623e-01 4.8540067e-01
       559 2.3794559e+00 3.6603583e-01 1.3906082e-01 4.7215794e-01
       560 2.3755920e+00 3.7054876e-01 1.4295062e-01 4.8744760e-01
       561 2.3777564e+00 3.6685426e-01 1.3990575e-01 4.7790454e-01
       562 2.3791443e+00 3.6552869e-01 1.3873432e-01 4.7654338e-01
       563 2.3773811e+00 3.6692721e-01 1.4001419e-01 4.7908515e-01
       564 2.3787089e+00 3.6684853e-01 1.3976346e-01 4.6533881e-01
       565 2.3747265e+00 3.6822308e-01 1.4136326e-01 4.9492155e-01
       566 2.3779985e+00 3.6566225e-01 1.3899733e-01 4.6521560e-01
       567 2.3808228e+00 3.6362910e-01 1.3711176e-01 4.4755160e-01
       568 2.3772733e+00 3.6595236e-01 1.3931558e-01 4.7396537e-01
       569 2.3761098e+00 3.6757755e-01 1.4067996e-01 4.7484913e-01
       570 2.3769406e+00 3.6762021e-01 1.4058804e-01 4.6396575e-01
       571 2.3786315e+00 3.6565947e-01 1.3890361e-01 4.5790666e-01
       572 2.3784968e+00 3.6651382e-01 1.3954860e-01 4.5411892e-01
       573 2.3779788e+00 3.6583183e-01 1.3912423e-01 4.5723670e-01
       574 2.3783759e+00 3.6660131e-01 1.3963022e-01 4.5904134e-01
       575 2.3815106e+00 3.6550174e-01 1.3838149e-01 4.3179165e-01
       576 2.3807864e+00 3.6356063e-01 1.3706706e-01 4.4250452e-01
       577 2.3786773e+00 3.6521996e-01 1.3857579e-01 4.4154237e-01
       578 2.3817818e+00 3.6332824e-01 1.3675991e-01 4.2481275e-01
       579 2.3812283e+00 3.6467211e-01 1.3781487e-01 4.2728082e-01
       580 2.3778289e+00 3.6708002e-01 1.4006088e-01 4.4798715e-01
       581 2.3832627e+00 3.6133458e-01 1.3511318e-01 4.1548176e-01
       582 2.3803389e+00 3.6395790e-01 1.3741888e-01 4.3638743e-01
       583 2.3791718e+00 3.6418001e-01 1.3774625e-01 4.3846798e-01
       584 2.3836911e+00 3.6077664e-01 1.3465267e-01 4.0898993e-01
       585 2.3788465e+00 3.6582817e-01 1.3899607e-01 4.3370390e-01
       586 2.3812236e+00 3.6159780e-01 1.3558273e-01 4.2299563e-01
       587 2.3810684e+00 3.6403952e-01 1.3737614e-01 4.2013559e-01
       588 2.3781744e+00 3.6498488e-01 1.3847684e-01 4.3305299e-01
       589 2.3800894e+00 3.6384048e-01 1.3736860e-01 4.2264260e-01
       590 2.3824292e+00 3.6113275e-01 1.3508051e-01 4.0436002e-01
       591 2.3815277e+00 3.6097548e-01 1.3509089e-01 4.1057014e-01
       592 2.3804494e+00 3.6392758e-01 1.3738125e-01 4.1329269e-01
       593 2.3786305e+00 3.6418619e-01 1.3782850e-01 4.2954849e-01
       594 2.3789253e+00 3.6551577e-01 1.3875628e-01 4.3002178e-01
       595 2.3797911e+00 3.6480838e-01 1.3811609e-01 4.1447106e-01
       596 2.3820883e+00 3.6005415e-01 1.3434932e-01 4.0767236e-01
       597 2.3811275e+00 3.6043682e-01 1.3475784e-01 4.0901712e-01
       598 2.3783674e+00 3.6436289e-01 1.3799524e-01 4.1473756e-01
       599 2.3866834e+00 3.6011832e-01 1.3378592e-01 3.7374516e-01
       600 2.3797309e+00 3.6247894e-01 1.3643046e-01 4.0726551e-01
       601 2.3829690e+00 3.5978405e-01 1.3403478e-01 3.9050346e-01
       602 2.3821428e+00 3.6134201e-01 1.3527090e-01 3.9136636e-01
       603 2.3831891e+00 3.6129152e-01 1.3509201e-01 3.8521897e-01
       604 2.3819712e+00 3.6187659e-01 1.3568109e-01 3.9634413e-01
       605 2.3818708e+00 3.6178057e-01 1.3562541e-01 4.0010092e-01
       606 2.3849589e+00 3.5732359e-01 1.3200469e-01 3.7802365e-01
       607 2.3847892e+00 3.6126385e-01 1.3485846e-01 3.7023947e-01
       608 2.3813311e+00 3.6147565e-01 1.3547949e-01 3.9120471e-01
       609 2.3851760e+00 3.5743542e-01 1.3205612e-01 3.6464321e-01
       610 2.3808378e+00 3.6225480e-01 1.3611207e-01 3.9085954e-01
       611 2.3823573e+00 3.6125185e-01 1.3517638e-01 3.8626079e-01
       612 2.3808426e+00 3.6279006e-01 1.3649950e-01 3.9016614e-01
       613 2.3793243e+00 3.6344939e-01 1.3719282e-01 4.0103307e-01
       614 2.3818548e+00 3.6189265e-01 1.3570872e-01 3.7536796e-01
       615 2.3831008e+00 3.6039147e-01 1.3445438e-01 3.7919126e-01
       616 2.3847191e+00 3.5979103e-01 1.3380572e-01 3.6237197e-01
       617 2.3850856e+00 3.6002980e-01 1.3392935e-01 3.6507890e-01
       618 2.3850654e+00 3.5919800e-01 1.3333375e-01 3.6136187e-01
       619 2.3854353e+00 3.5962622e-01 1.3359313e-01 3.5927972e-01
       620 2.3838804e+00 3.6055877e-01 1.3447018e-01 3.6317183e-01
       621 2.3857412e+00 3.5657795e-01 1.3137010e-01 3.6042960e-01
       622 2.3832736e+00 3.6014302e-01 1.3425203e-01 3.7247675e-01
       623 2.3827430e+00 3.6009347e-01 1.3428820e-01 3.6853759e-01
       624 2.3841787e+00 3.5928592e-01 1.3351413e-01 3.6647621e-01
       625 2.3864368e+00 3.5795750e-01 1.3226592e-01 3.5785483e-01
       626 2.3825655e+00 3.6155894e-01 1.3536993e-01 3.5762348e-01
       627 2.3818445e+00 3.5931497e-01 1.3385110e-01 3.7398140e-01
       628 2.3830828e+00 3.6020987e-01 1.3432596e-01 3.6694691e-01
       629 2.3859169e+00 3.5859181e-01 1.3278755e-01 3.5401645e-01
       630 2.3842430e+00 3.5658340e-01 1.3157094e-01 3.6350244e-01
       631 2.3844023e+00 3.5821205e-01 1.3271393e-01 3.6306250e-01
       632 2.3855343e+00 3.5910496e-01 1.3320556e-01 3.5004168e-01
       633 2.3840486e+00 3.5915750e-01 1.3343920e-01 3.4997064e-01
       634 2.3869883e+00 3.5588898e-01 1.3071872e-01 3.4048486e-01
       635 2.3868637e+00 3.5875076e-01 1.3277975e-01 3.3706689e-01
       636 2.3839121e+00 3.5705239e-01 1.3194973e-01 3.6329474e-01
       637 2.3848105e+00 3.5703111e-01 1.3181530e-01 3.4568999e-01
       638 2.3825574e+00 3.6052067e-01 1.3462131e-01 3.6001183e-01
       639 2.3836841e+00 3.5877986e-01 1.3321681e-01 3.5013638e-01
       640 2.3877460e+00 3.5586580e-01 1.3060621e-01 3.3437317e-01
       641 2.3844326e+00 3.5726068e-01 1.3202923e-01 3.4337432e-01
       642 2.3852942e+00 3.5726627e-01 1.3191974e-01 3.4007903e-01
       643 2.3878866e+00 3.5447928e-01 1.2960361e-01 3.4021991e-01
       644 2.3888432e+00 3.5268197e-01 1.2821333e-01 3.2786539e-01
       645 2.3909908e+00 3.5377041e-01 1.2872110e-01 3.1643441e-01
       646 2.3883986e+00 3.5479451e-01 1.2976312e-01 3.2392451e-01
       647 2.3867980e+00 3.5567268e-01 1.3058910e-01 3.3555572e-01
       648 2.3857025e+00 3.5658746e-01 1.3138191e-01 3.3872569e-01
       649 2.3849652e+00 3.5516220e-01 1.3046390e-01 3.3937199e-01
       650 2.3861682e+00 3.5642057e-01 1.3120258e-01 3.3258246e-01
       651 2.3851272e+00 3.5634945e-01 1.3128736e-01 3.3566452e-01
       652 2.3887854e+00 3.5383787e-01 1.2903715e-01 3.2252129e-01
       653 2.3837632e+00 3.5893896e-01 1.3332041e-01 3.4194172e-01
       654 2.3886037e+00 3.5430383e-01 1.2938966e-01 3.1894198e-01
       655 2.3871579e+00 3.5549215e-01 1.3041483e-01 3.3049205e-01
       656 2.3865670e+00 3.5606787e-01 1.3089996e-01 3.2383772e-01
       657 2.3870073e+00 3.5577109e-01 1.3063240e-01 3.2523477e-01
       658 2.3884586e+00 3.5501128e-01 1.2990951e-01 3.2269059e-01
       659 2.3858791e+00 3.5636188e-01 1.3119814e-01 3.3276269e-01
       660 2.3876995e+00 3.5394982e-01 1.2925207e-01 3.2585023e-01
       661 2.3846877e+00 3.5645745e-01 1.3142220e-01 3.3882874e-01
       662 2.3887060e+00 3.5540552e-01 1.3015883e-01 3.2081712e-01
       663 2.3900590e+00 3.5330993e-01 1.2850768e-01 3.0998077e-01
       664 2.3876691e+00 3.5152635e-01 1.2754622e-01 3.2122107e-01
       665 2.3881049e+00 3.5417898e-01 1.2936342e-01 3.1817268e-01
       666 2.3885732e+00 3.5355630e-01 1.2886431e-01 3.1422848e-01
       667 2.3841670e+00 3.5595342e-01 1.3113216e-01 3.3985731e-01
       668 2.3858296e+00 3.5646136e-01 1.3127548e-01 3.2849123e-01
       669 2.3855352e+00 3.5582741e-01 1.3086222e-01 3.2410249e-01
       670 2.3881513e+00 3.5517848e-01 1.3006661e-01 3.1546144e-01
       671 2.3869481e+00 3.5601872e-01 1.3081620e-01 3.2164887e-01
       672 2.3887620e+00 3.5337025e-01 1.2870934e-01 3.1876741e-01
       673 2.3876496e+00 3.5303840e-01 1.2861400e-01 3.2291096e-01
       674 2.3867194e+00 3.5574934e-01 1.3065369e-01 3.2210170e-01
       675 2.3860226e+00 3.5434496e-01 1.2974612e-01 3.2590164e-01
       676 2.3893391e+00 3.5270871e-01 1.2817106e-01 3.0809873e-01
       677 2.3889040e+00 3.5272588e-01 1.2823678e-01 3.0745442e-01
       678 2.3863367e+00 3.5530336e-01 1.3038571e-01 3.1724645e-01
       679 2.3866219e+00 3.5490261e-01 1.3006445e-01 3.2224157e-01
       680 2.3882106e+00 3.5401023e-01 1.2923068e-01 3.1140206e-01
       681 2.3875500e+00 3.5238943e-01 1.2816878e-01 3.1714484e-01
       682 2.3905247e+00 3.5172939e-01 1.2733706e-01 3.0808507e-01
       683 2.3891119e+00 3.5419098e-01 1.2924683e-01 3.0655201e-01
       684 2.3892960e+00 3.5350836e-01 1.2874109e-01 3.0582695e-01
       685 2.3889650e+00 3.5448057e-01 1.2947017e-01 3.0777863e-01
       686 2.3870133e+00 3.5367876e-01 1.2914723e-01 3.2138903e-01
       687 2.3888082e+00 3.5073998e-01 1.2685163e-01 3.0459800e-01
       688 2.3877522e+00 3.5254375e-01 1.2825205e-01 3.0785317e-01
       689 2.3877108e+00 3.5203492e-01 1.2789877e-01 3.1120635e-01
       690 2.3875776e+00 3.5339763e-01 1.2887686e-01 3.0662328e-01
       691 2.3886682e+00 3.5239995e-01 1.2803616e-01 3.0732786e-01
       692 2.3898064e+00 3.5140333e-01 1.2719478e-01 3.0486860e-01
       693 2.3894739e+00 3.5150577e-01 1.2730741e-01 3.0861126e-01
       694 2.3890263e+00 3.5192512e-01 1.2765742e-01 3.0450301e-01
       695 2.3884623e+00 3.5056917e-01 1.2677478e-01 3.1047017e-01
       696 2.3924003e+00 3.4964935e-01 1.2565587e-01 2.9439674e-01
       697 2.3907945e+00 3.5127323e-01 1.2698397e-01 3.0160809e-01
       698 2.3900413e+00 3.5007148e-01 1.2623196e-01 2.9957326e-01
       699 2.3895149e+00 3.5249544e-01 1.2799912e-01 3.0098480e-01
       700 2.3887192e+00 3.5305896e-01 1.2849474e-01 3.0860479e-01
       701 2.3914743e+00 3.5126991e-01 1.2690062e-01 2.9170176e-01
       702 2.3892972e+00 3.5177758e-01 1.2752025e-01 2.9609505e-01
       703 2.3911099e+00 3.4921517e-01 1.2550462e-01 2.9877695e-01
       704 2.3896762e+00 3.4957998e-01 1.2593253e-01 3.0423371e-01
       705 2.3918999e+00 3.4808306e-01 1.2462163e-01 2.9092956e-01
       706 2.3898720e+00 3.5139442e-01 1.2718054e-01 3.0068581e-01
       707 2.3898588e+00 3.5298897e-01 1.2830531e-01 2.9488020e-01
       708 2.3884093e+00 3.5159791e-01 1.2750374e-01 3.0262780e-01
       709 2.3919344e+00 3.5008314e-01 1.2601397e-01 2.9126888e-01
       710 2.3935538e+00 3.4702296e-01 1.2369292e-01 2.8525450e-01
       711 2.3932546e+00 3.4902962e-01 1.2512397e-01 2.8908721e-01
       712 2.3916209e+00 3.4887657e-01 1.2520759e-01 2.8645756e-01
       713 2.3899154e+00 3.5158539e-01 1.2730951e-01 2.8716901e-01
       714 2.3892233e+00 3.5061526e-01 1.2671292e-01 3.0288762e-01
       715 2.3901169e+00 3.5099858e-01 1.2687275e-01 2.9594006e-01
       716 2.3897676e+00 3.4839377e-01 1.2509343e-01 2.9300942e-01
       717 2.3877508e+00 3.5159228e-01 1.2758227e-01 3.0569339e-01
       718 2.3886578e+00 3.5013213e-01 1.2644424e-01 2.8976881e-01
       719 2.3904563e+00 3.5022710e-01 1.2629075e-01 2.9491584e-01
       720 2.3910419e+00 3.4998026e-01 1.2604768e-01 2.8926278e-01
       721 2.3914019e+00 3.4901364e-01 1.2532917e-01 2.9001877e-01
       722 2.3920165e+00 3.4924345e-01 1.2541711e-01 2.8739902e-01
       723 2.3922092e+00 3.4934807e-01 1.2546760e-01 2.9297816e-01
       724 2.3907725e+00 3.4797291e-01 1.2467886e-01 2.8800516e-01
       725 2.3896632e+00 3.4832560e-01 1.2505867e-01 2.9294634e-01
       726 2.3922898e+00 3.4905358e-01 1.2525251e-01 2.8866417e-01
       727 2.3920221e+00 3.4809956e-01 1.2461876e-01 2.8779372e-01
       728 2.3905284e+00 3.4727986e-01 1.2422635e-01 2.9677328e-01
       729 2.3882322e+00 3.5078615e-01 1.2695567e-01 3.0779505e-01
       730 2.3922566e+00 3.4797691e-01 1.2450592e-01 2.8555855e-01
       731 2.3908907e+00 3.4841681e-01 1.2497383e-01 2.9374531e-01
       732 2.3913778e+00 3.4808865e-01 1.2468722e-01 2.8671317e-01
       733 2.3902475e+00 3.4866878e-01 1.2522686e-01 2.9389225e-01
       734 2.3899635e+00 3.4947109e-01 1.2582141e-01 2.8743850e-01
       735 2.3920627e+00 3.4639047e-01 1.2342705e-01 2.8564270e-01
       736 2.3919593e+00 3.4739691e-01 1.2413745e-01 2.9130459e-01
       737 2.3914018e+00 3.4910500e-01 1.2539296e-01 2.8411062e-01
       738 2.3890780e+00 3.5081150e-01 1.2686846e-01 2.9521762e-01
       739 2.3929804e+00 3.4510276e-01 1.2242980e-01 2.8337096e-01
       740 2.3904050e+00 3.4821082e-01 1.2488869e-01 2.8507528e-01
       741 2.3924874e+00 3.4644841e-01 1.2341755e-01 2.8311606e-01
       742 2.3923288e+00 3.4734188e-01 1.2405593e-01 2.8458659e-01
       743 2.3909592e+00 3.4806003e-01 1.2471716e-01 2.8708684e-01
       744 2.3954472e+00 3.4542630e-01 1.2237443e-01 2.7888772e-01
       745 2.3909861e+00 3.4773477e-01 1.2448763e-01 2.8990791e-01
       746 2.3909765e+00 3.4931374e-01 1.2558940e-01 2.8207101e-01
       747 2.3919145e+00 3.4877008e-01 1.2509867e-01 2.7779024e-01
       748 2.3927806e+00 3.4681023e-01 1.2363432e-01 2.7904230e-01
       749 2.3918041e+00 3.4641467e-01 1.2347423e-01 2.7846781e-01
       750 2.3932590e+00 3.4538707e-01 1.2259401e-01 2.8014373e-01
       751 2.3915705e+00 3.4562387e-01 1.2295454e-01 2.8398675e-01
       752 2.3912772e+00 3.4740349e-01 1.2422264e-01 2.8847072e-01
       753 2.3912475e+00 3.4569040e-01 1.2303884e-01 2.8899420e-01
       754 2.3929406e+00 3.4615036e-01 1.2315855e-01 2.7815786e-01
       755 2.3926589e+00 3.4759397e-01 1.2419267e-01 2.8153165e-01
       756 2.3928496e+00 3.4636998e-01 1.2332117e-01 2.8449634e-01
       757 2.3943344e+00 3.4423299e-01 1.2167570e-01 2.7965071e-01
       758 2.3932192e+00 3.4533496e-01 1.2256260e-01 2.8127904e-01
       759 2.3923250e+00 3.4657957e-01 1.2352739e-01 2.8133386e-01
       760 2.3942952e+00 3.4452263e-01 1.2187961e-01 2.7161778e-01
       761 2.3906275e+00 3.4944172e-01 1.2572065e-01 2.9190199e-01
       762 2.3919673e+00 3.4585024e-01 1.2306428e-01 2.7676674e-01
       763 2.3923860e+00 3.4579502e-01 1.2297707e-01 2.7892214e-01
       764 2.3934356e+00 3.4464781e-01 1.2206363e-01 2.7155929e-01
       765 2.3959957e+00 3.4340660e-01 1.2092286e-01 2.7385479e-01
       766 2.3936219e+00 3.4473715e-01 1.2210390e-01 2.7721297e-01
       767 2.3950142e+00 3.4185945e-01 1.1997103e-01 2.7298089e-01
       768 2.3959705e+00 3.4274996e-01 1.2047506e-01 2.6648956e-01
       769 2.3937459e+00 3.4403556e-01 1.2160653e-01 2.7564805e-01
       770 2.3927419e+00 3.4551344e-01 1.2274101e-01 2.8157378e-01
       771 2.3944491e+00 3.4433109e-01 1.2173033e-01 2.7109470e-01
       772 2.3931523e+00 3.4196255e-01 1.2025244e-01 2.7597818e-01
       773 2.3933299e+00 3.4618470e-01 1.2313749e-01 2.8256919e-01
       774 2.3955875e+00 3.4263826e-01 1.2044059e-01 2.7213780e-01
       775 2.3922896e+00 3.4433865e-01 1.2198324e-01 2.7286976e-01
       776 2.3923762e+00 3.4453606e-01 1.2210911e-01 2.6947018e-01
       777 2.3905635e+00 3.4703742e-01 1.2405379e-01 2.7769489e-01
       778 2.3923599e+00 3.4551430e-01 1.2278605e-01 2.7408422e-01
       779 2.3968345e+00 3.4239387e-01 1.2013722e-01 2.6965129e-01
       780 2.3893815e+00 3.4623742e-01 1.2364278e-01 2.8131855e-01
       781 2.3939349e+00 3.4395091e-01 1.2152679e-01 2.7290264e-01
       782 2.3946578e+00 3.4302887e-01 1.2081179e-01 2.7124914e-01
       783 2.3936316e+00 3.4336764e-01 1.2116043e-01 2.7116958e-01
       784 2.3919115e+00 3.4367953e-01 1.2157408e-01 2.7466883e-01
       785 2.3929920e+00 3.4503287e-01 1.2238022e-01 2.7286345e-01
       786 2.3939922e+00 3.4323895e-01 1.2103103e-01 2.7268703e-01
       787 2.3954591e+00 3.4280949e-01 1.2057213e-01 2.6866649e-01
       788 2.3933959e+00 3.4408416e-01 1.2167998e-01 2.6898556e-01
       789 2.3956155e+00 3.4080555e-01 1.1918494e-01 2.6598583e-01
       790 2.3928255e+00 3.4403213e-01 1.2170990e-01 2.7082670e-01
       791 2.3956272e+00 3.4249333e-01 1.2033691e-01 2.6293471e-01
       792 2.3943618e+00 3.4159293e-01 1.1986199e-01 2.6702682e-01
       793 2.3938321e+00 3.4361500e-01 1.2130752e-01 2.6814570e-01
       794 2.3943002e+00 3.4146924e-01 1.1978446e-01 2.6997288e-01
       795 2.3937032e+00 3.4232560e-01 1.2043775e-01 2.7100558e-01
       796 2.3943833e+00 3.3870538e-01 1.1789517e-01 2.6522863e-01
       797 2.3953153e+00 3.4301048e-01 1.2072588e-01 2.6454524e-01
       798 2.3957228e+00 3.4186422e-01 1.1989586e-01 2.6589133e-01
       799 2.3936398e+00 3.4227183e-01 1.2040817e-01 2.6846469e-01
       800 2.3934518e+00 3.4151259e-01 1.1991051e-01 2.6987293e-01
       801 2.3938494e+00 3.4163247e-01 1.1994703e-01 2.6411237e-01
       802 2.3935737e+00 3.4291534e-01 1.2085665e-01 2.6520800e-01
       803 2.3905255e+00 3.4344409e-01 1.2157724e-01 2.7473443e-01
       804 2.3948450e+00 3.4252146e-01 1.2044298e-01 2.7058144e-01
       805 2.3937304e+00 3.4136861e-01 1.1978035e-01 2.6500082e-01
       806 2.3929020e+00 3.4225768e-01 1.2048326e-01 2.7516173e-01
       807 2.3958466e+00 3.4024780e-01 1.1877967e-01 2.5849573e-01
       808 2.3956608e+00 3.4017431e-01 1.1875009e-01 2.5991019e-01
       809 2.3952562e+00 3.4021008e-01 1.1881915e-01 2.6388027e-01
       810 2.3935050e+00 3.4167791e-01 1.2001737e-01 2.6210095e-01
       811 2.3924660e+00 3.4260272e-01 1.2077017e-01 2.7598086e-01
       812 2.3931739e+00 3.4248213e-01 1.2060558e-01 2.6952367e-01
       813 2.3944177e+00 3.4028423e-01 1.1896332e-01 2.6590665e-01
       814 2.3987945e+00 3.3895670e-01 1.1758792e-01 2.6019750e-01
       815 2.3939787e+00 3.4168166e-01 1.1996595e-01 2.6438287e-01
       816 2.3936462e+00 3.4096955e-01 1.1951767e-01 2.6308413e-01
       817 2.3961142e+00 3.3912852e-01 1.1798997e-01 2.5870711e-01
       818 2.3958083e+00 3.3958024e-01 1.1833005e-01 2.6416995e-01
       819 2.3946110e+00 3.4049062e-01 1.1908210e-01 2.6118444e-01
       820 2.3963707e+00 3.3954085e-01 1.1824185e-01 2.5706308e-01
       821 2.3942654e+00 3.4184183e-01 1.2004298e-01 2.5990601e-01
       822 2.3939947e+00 3.4028004e-01 1.1900828e-01 2.6459940e-01
       823 2.3932237e+00 3.4137966e-01 1.1984591e-01 2.6224028e-01
       824 2.3935082e+00 3.4061884e-01 1.1929440e-01 2.5792815e-01
       825 2.3958946e+00 3.3912835e-01 1.1801387e-01 2.6052510e-01
       826 2.3939584e+00 3.3958623e-01 1.1854070e-01 2.5665458e-01
       827 2.3938168e+00 3.4109267e-01 1.1958220e-01 2.6357774e-01
       828 2.3956924e+00 3.3740638e-01 1.1687111e-01 2.5407513e-01
       829 2.3945828e+00 3.3942021e-01 1.1835748e-01 2.6347227e-01
       830 2.3946310e+00 3.3927516e-01 1.1825363e-01 2.5621746e-01
       831 2.3934272e+00 3.4151078e-01 1.1991210e-01 2.5990901e-01
       832 2.3946592e+00 3.3972779e-01 1.1855780e-01 2.5406278e-01
       833 2.3960741e+00 3.3676133e-01 1.1639439e-01 2.6120560e-01
       834 2.3988317e+00 3.3719850e-01 1.1639524e-01 2.5534211e-01
       835 2.3954701e+00 3.3738664e-01 1.1688231e-01 2.5553344e-01
       836 2.3963299e+00 3.3762920e-01 1.1695177e-01 2.5443847e-01
       837 2.3957168e+00 3.3912539e-01 1.1803140e-01 2.5415238e-01
       838 2.3948769e+00 3.4098842e-01 1.1939157e-01 2.5125523e-01
       839 2.3947910e+00 3.3998294e-01 1.1871647e-01 2.5767871e-01
       840 2.3954964e+00 3.3837737e-01 1.1754890e-01 2.5662242e-01
       841 2.3967045e+00 3.3693057e-01 1.1643990e-01 2.6163193e-01
       842 2.3967048e+00 3.3862317e-01 1.1758331e-01 2.5295730e-01
       843 2.3939928e+00 3.3933720e-01 1.1836773e-01 2.5775564e-01
       844 2.3947351e+00 3.3969771e-01 1.1852886e-01 2.5629452e-01
       845 2.3962284e+00 3.3728007e-01 1.1672720e-01 2.5550123e-01
       846 2.3953226e+00 3.3883195e-01 1.1787597e-01 2.5678902e-01
       847 2.3933584e+00 3.3924627e-01 1.1837841e-01 2.5974024e-01
       848 2.3968648e+00 3.3651888e-01 1.1614536e-01 2.5311474e-01
       849 2.3959631e+00 3.3733506e-01 1.1679328e-01 2.5226407e-01
       850 2.3979170e+00 3.3342666e-01 1.1396151e-01 2.5693377e-01
       851 2.3945711e+00 3.3866803e-01 1.1784875e-01 2.5773108e-01
       852 2.3933642e+00 3.4049922e-01 1.1922942e-01 2.6003847e-01
       853 2.3999556e+00 3.3495624e-01 1.1477272e-01 2.4859074e-01
       854 2.3978229e+00 3.3584416e-01 1.1558942e-01 2.5386537e-01
       855 2.3970784e+00 3.3759371e-01 1.1684695e-01 2.5091455e-01
       856 2.3959351e+00 3.3737119e-01 1.1682072e-01 2.5345613e-01
       857 2.3975524e+00 3.3607981e-01 1.1577645e-01 2.5015874e-01
       858 2.3963600e+00 3.3790779e-01 1.1713669e-01 2.4941173e-01
       859 2.3977919e+00 3.3672819e-01 1.1618728e-01 2.4974404e-01
       860 2.3969090e+00 3.3692709e-01 1.1641550e-01 2.4746359e-01
       861 2.3963868e+00 3.3720392e-01 1.1665860e-01 2.4537376e-01
       862 2.3962941e+00 3.3567435e-01 1.1563946e-01 2.5197223e-01
       863 2.3983084e+00 3.3455003e-01 1.1467071e-01 2.4862999e-01
       864 2.3957529e+00 3.3883038e-01 1.1782742e-01 2.5032890e-01
       865 2.3955983e+00 3.3794571e-01 1.1724572e-01 2.4846747e-01
       866 2.4008369e+00 3.3218373e-01 1.1283437e-01 2.5122917e-01
       867 2.3955112e+00 3.3589415e-01 1.1587291e-01 2.5341969e-01
       868 2.3975642e+00 3.3459137e-01 1.1477694e-01 2.4670394e-01
       869 2.3977513e+00 3.3655145e-01 1.1607257e-01 2.5170652e-01
       870 2.3957051e+00 3.3867236e-01 1.1772562e-01 2.5233581e-01
       871 2.3976564e+00 3.3536827e-01 1.1528764e-01 2.4467874e-01
       872 2.3984556e+00 3.3283260e-01 1.1350912e-01 2.4681453e-01
       873 2.3957486e+00 3.3901916e-01 1.1795586e-01 2.4889782e-01
       874 2.3946518e+00 3.3729522e-01 1.1691173e-01 2.5281437e-01
       875 2.3985818e+00 3.3299896e-01 1.1360671e-01 2.5154162e-01
       876 2.3941413e+00 3.3599981e-01 1.1609703e-01 2.5364807e-01
       877 2.3948169e+00 3.3754408e-01 1.1706118e-01 2.4953592e-01
       878 2.3965551e+00 3.3675799e-01 1.1633979e-01 2.4877027e-01
       879 2.3959590e+00 3.3507238e-01 1.1527228e-01 2.4719637e-01
       880 2.3970672e+00 3.3500342e-01 1.1510593e-01 2.4514993e-01
       881 2.3977214e+00 3.3624208e-01 1.1586760e-01 2.4773740e-01
       882 2.3948255e+00 3.3741550e-01 1.1697343e-01 2.5075368e-01
       883 2.3944780e+00 3.3871916e-01 1.1789385e-01 2.4423976e-01
       884 2.3960749e+00 3.3549740e-01 1.1554461e-01 2.4942093e-01
       885 2.3967324e+00 3.3489453e-01 1.1506903e-01 2.4557154e-01
       886 2.3966753e+00 3.3530229e-01 1.1534847e-01 2.4322872e-01
       887 2.3957312e+00 3.3506042e-01 1.1528927e-01 2.4413533e-01
       888 2.3932344e+00 3.3868485e-01 1.1801203e-01 2.5348286e-01
       889 2.3982755e+00 3.3209353e-01 1.1303655e-01 2.4331496e-01
       890 2.3978788e+00 3.3557934e-01 1.1540570e-01 2.4169054e-01
       891 2.3977855e+00 3.3319840e-01 1.1382326e-01 2.4615525e-01
       892 2.3974477e+00 3.3437748e-01 1.1464625e-01 2.5181236e-01
       893 2.3945261e+00 3.3575954e-01 1.1589224e-01 2.4334904e-01
       894 2.3985693e+00 3.3310060e-01 1.1367572e-01 2.3668346e-01
       895 2.4013448e+00 3.3099664e-01 1.1199670e-01 2.4152507e-01
       896 2.3967095e+00 3.3474982e-01 1.1497460e-01 2.4410176e-01
       897 2.3984963e+00 3.3130634e-01 1.1249122e-01 2.4171101e-01
       898 2.3971357e+00 3.3342075e-01 1.1404069e-01 2.3735207e-01
       899 2.3967503e+00 3.3447909e-01 1.1478900e-01 2.4003948e-01
       900 2.3994919e+00 3.3231908e-01 1.1306031e-01 2.3960832e-01
       901 2.3977047e+00 3.3394735e-01 1.1433147e-01 2.4338464e-01
       902 2.3974714e+00 3.3433232e-01 1.1461353e-01 2.4076478e-01
       903 2.3974815e+00 3.3299810e-01 1.1372209e-01 2.3566835e-01
       904 2.3964499e+00 3.3368906e-01 1.1429364e-01 2.4620663e-01
       905 2.3979786e+00 3.3319883e-01 1.1380313e-01 2.4117726e-01
       906 2.3970386e+00 3.3485273e-01 1.1500806e-01 2.3822082e-01
       907 2.3993214e+00 3.3132209e-01 1.1241615e-01 2.3995083e-01
       908 2.3970929e+00 3.3278514e-01 1.1362183e-01 2.4131053e-01
       909 2.3978721e+00 3.3442737e-01 1.1463457e-01 2.3539028e-01
       910 2.3964965e+00 3.3445585e-01 1.1480092e-01 2.4405883e-01
       911 2.3980968e+00 3.3222169e-01 1.1314046e-01 2.3676085e-01
       912 2.3988040e+00 3.3257586e-01 1.1330199e-01 2.3742568e-01
       913 2.3962824e+00 3.3429645e-01 1.1471758e-01 2.4298742e-01
       914 2.3978610e+00 3.3242005e-01 1.1329718e-01 2.4036480e-01
       915 2.4002226e+00 3.3037991e-01 1.1170088e-01 2.3353931e-01
       916 2.3977272e+00 3.3282164e-01 1.1357849e-01 2.3364843e-01
       917 2.3951680e+00 3.3448482e-01 1.1496613e-01 2.3882344e-01
       918 2.4004681e+00 3.3054440e-01 1.1178487e-01 2.3384583e-01
       919 2.4005412e+00 3.3072203e-01 1.1189499e-01 2.3292434e-01
       920 2.3968326e+00 3.3356305e-01 1.1416818e-01 2.3675047e-01
       921 2.3972264e+00 3.3180852e-01 1.1295847e-01 2.3442933e-01
       922 2.3963263e+00 3.3232999e-01 1.1340191e-01 2.3257176e-01
       923 2.3971554e+00 3.3225855e-01 1.1326493e-01 2.3529649e-01
       924 2.3977802e+00 3.3416975e-01 1.1447206e-01 2.3375714e-01
       925 2.3965603e+00 3.3236138e-01 1.1339737e-01 2.3951948e-01
       926 2.3989498e+00 3.3034761e-01 1.1180971e-01 2.3284535e-01
       927 2.3947302e+00 3.3476891e-01 1.1520509e-01 2.3721022e-01
       928 2.4005925e+00 3.2856470e-01 1.1046754e-01 2.4119814e-01
       929 2.4003815e+00 3.2949457e-01 1.1110065e-01 2.3306088e-01
       930 2.3967354e+00 3.3136045e-01 1.1271411e-01 2.2906144e-01
       931 2.3996295e+00 3.2913470e-01 1.1093990e-01 2.2957252e-01
       932 2.3959997e+00 3.3360058e-01 1.1428368e-01 2.3254986e-01
       933 2.3985212e+00 3.3092553e-01 1.1223644e-01 2.3309270e-01
       934 2.3979925e+00 3.3093603e-01 1.1229886e-01 2.3332672e-01
       935 2.4007173e+00 3.3000047e-01 1.1140059e-01 2.2492677e-01
       936 2.3989972e+00 3.2999933e-01 1.1157482e-01 2.2738436e-01
       937 2.4001331e+00 3.2953621e-01 1.1115316e-01 2.2931549e-01
       938 2.3963403e+00 3.3161415e-01 1.1292511e-01 2.3000584e-01
       939 2.3982573e+00 3.3132479e-01 1.1252846e-01 2.2543817e-01
       940 2.3973171e+00 3.3150668e-01 1.1274856e-01 2.3083227e-01
       941 2.3967023e+00 3.3263114e-01 1.1356140e-01 2.2825920e-01
       942 2.3954276e+00 3.3163017e-01 1.1303583e-01 2.3715439e-01
       943 2.3994499e+00 3.2780793e-01 1.1008667e-01 2.3474845e-01
       944 2.3985547e+00 3.3009097e-01 1.1168128e-01 2.3006683e-01
       945 2.4006497e+00 3.2921489e-01 1.1088949e-01 2.2955640e-01
       946 2.4032189e+00 3.2615414e-01 1.0863289e-01 2.3155041e-01
       947 2.3995830e+00 3.2928650e-01 1.1104461e-01 2.2340051e-01
       948 2.3984651e+00 3.3053384e-01 1.1198321e-01 2.2775284e-01
       949 2.3966711e+00 3.3254811e-01 1.1350954e-01 2.3083082e-01
       950 2.4002479e+00 3.2834040e-01 1.1035487e-01 2.2460569e-01
       951 2.3980175e+00 3.3133594e-01 1.1256107e-01 2.2307331e-01
       952 2.3956145e+00 3.3254534e-01 1.1362304e-01 2.2960677e-01
       953 2.4008119e+00 3.2691344e-01 1.0936323e-01 2.1938446e-01
       954 2.3989544e+00 3.2866276e-01 1.1069890e-01 2.2564045e-01
       955 2.3982118e+00 3.2881052e-01 1.1087348e-01 2.3169814e-01
       956 2.3992739e+00 3.2849705e-01 1.1055703e-01 2.2230569e-01
       957 2.3989809e+00 3.2818284e-01 1.1038093e-01 2.2510810e-01
       958 2.3999623e+00 3.2786936e-01 1.1007467e-01 2.2757427e-01
       959 2.3991976e+00 3.2910625e-01 1.1096549e-01 2.2304780e-01
       960 2.3988817e+00 3.2907309e-01 1.1097633e-01 2.2730982e-01
       961 2.3993303e+00 3.2810161e-01 1.1029158e-01 2.2510207e-01
       962 2.3977490e+00 3.2975323e-01 1.1154313e-01 2.2318740e-01
       963 2.3995066e+00 3.3005139e-01 1.1155675e-01 2.2792877e-01
       964 2.3966201e+00 3.3055884e-01 1.1219597e-01 2.2624485e-01
       965 2.3962386e+00 3.3017586e-01 1.1198433e-01 2.2943760e-01
       966 2.3994109e+00 3.2795145e-01 1.1018479e-01 2.2748995e-01
       967 2.3988494e+00 3.2960066e-01 1.1132717e-01 2.2303267e-01
       968 2.4017463e+00 3.2547572e-01 1.0833288e-01 2.1741633e-01
       969 2.3999196e+00 3.2933537e-01 1.1104248e-01 2.2037508e-01
       970 2.3961757e+00 3.3139087e-01 1.1279500e-01 2.2039870e-01
       971 2.3998925e+00 3.2805704e-01 1.1020487e-01 2.2446650e-01
       972 2.3989415e+00 3.2777463e-01 1.1011724e-01 2.1319635e-01
       973 2.3984453e+00 3.2805709e-01 1.1035412e-01 2.1781698e-01
       974 2.4004592e+00 3.2617428e-01 1.0891583e-01 2.2378998e-01
       975 2.3995448e+00 3.2844137e-01 1.1049264e-01 2.1519383e-01
       976 2.4015824e+00 3.2531453e-01 1.0824406e-01 2.2058331e-01
       977 2.3976172e+00 3.3008910e-01 1.1177873e-01 2.2300232e-01
       978 2.3979282e+00 3.2749995e-01 1.1004320e-01 2.2186481e-01
       979 2.4011700e+00 3.2763457e-01 1.0979963e-01 2.1635440e-01
       980 2.3986196e+00 3.2858995e-01 1.1068582e-01 2.2773095e-01
       981 2.3986353e+00 3.2900942e-01 1.1096003e-01 2.2423116e-01
       982 2.3995834e+00 3.2792589e-01 1.1015036e-01 2.1848518e-01
       983 2.3994443e+00 3.2738191e-01 1.0980813e-01 2.2547898e-01
       984 2.3989923e+00 3.2741423e-01 1.0987585e-01 2.1717723e-01
       985 2.3978204e+00 3.3008369e-01 1.1175363e-01 2.2179723e-01
       986 2.3993415e+00 3.2726881e-01 1.0974464e-01 2.1724988e-01
       987 2.4003983e+00 3.2648817e-01 1.0912681e-01 2.1629454e-01
       988 2.4006253e+00 3.2527914e-01 1.0831601e-01 2.1899917e-01
       989 2.4015158e+00 3.2421144e-01 1.0753412e-01 2.1923579e-01
       990 2.3992517e+00 3.2891315e-01 1.1083286e-01 2.1362043e-01
       991 2.3997126e+00 3.2713517e-01 1.0961919e-01 2.1030758e-01
       992 2.3994310e+00 3.2510506e-01 1.0832387e-01 2.1580107e-01
       993 2.3995934e+00 3.2639335e-01 1.0914656e-01 2.1782718e-01
       994 2.4024014e+00 3.2638611e-01 1.0886259e-01 2.1585012e-01
       995 2.4011014e+00 3.2457383e-01 1.0781019e-01 2.1644984e-01
       996 2.4009657e+00 3.2531071e-01 1.0830257e-01 2.0499650e-01
       997 2.4011159e+00 3.2445661e-01 1.0773268e-01 2.1311415e-01
       998 2.4000835e+00 3.2606105e-01 1.0887988e-01 2.1563879e-01
       999 2.3989815e+00 3.2655116e-01 1.0931255e-01 2.1818325e-01
      1000 2.3994447e+00 3.2545814e-01 1.0855217e-01 2.1621955e-01

Final Weights:         0.3093106618         0.5085893423        -0.5759075390        -0.2300330906 