# Cycles, Average Predicted Temperature, Stddev Predicted Temperature, Mean Squared Error, || MSE Gradient ||
         0 3.7637291e-01 2.0619947e-01 3.2898844e+00 8.7978901e+00
         1 3.8151508e-01 2.0778203e-01 3.2720331e+00 8.8359986e+00
         2 3.8623143e-01 2.0880313e-01 3.2555311e+00 8.8647426e+00
         3 3.9095616e-01 2.1012210e-01 3.2391708e+00 8.8926025e+00
         4 3.9595360e-01 2.1097274e-01 3.2216885e+00 8.9230511e+00
         5 4.0113182e-01 2.1217928e-01 3.2037658e+00 8.9560420e+00
         6 4.0548896e-01 2.1287151e-01 3.1885913e+00 8.9690613e+00
         7 4.1072282e-01 2.1410095e-01 3.1705851e+00 9.0004562e+00
         8 4.1539033e-01 2.1512426e-01 3.1545447e+00 9.0244901e+00
         9 4.2094424e-01 2.1656478e-01 3.1356140e+00 9.0545689e+00
        10 4.2554213e-01 2.1737782e-01 3.1198266e+00 9.0697025e+00
        11 4.3080479e-01 2.1887069e-01 3.1020560e+00 9.1062080e+00
        12 4.3614400e-01 2.2002013e-01 3.0839272e+00 9.1284233e+00
        13 4.4126768e-01 2.2102820e-01 3.0665444e+00 9.1478098e+00
        14 4.4670245e-01 2.2213666e-01 3.0481831e+00 9.1807022e+00
        15 4.5187112e-01 2.2327161e-01 3.0308140e+00 9.2011361e+00
        16 4.5720864e-01 2.2468465e-01 3.0130445e+00 9.2266832e+00
        17 4.6228280e-01 2.2548702e-01 2.9959641e+00 9.2413369e+00
        18 4.6776211e-01 2.2676936e-01 2.9777676e+00 9.2649136e+00
        19 4.7271692e-01 2.2797022e-01 2.9613863e+00 9.2837404e+00
        20 4.7805346e-01 2.2908148e-01 2.9437176e+00 9.2991011e+00
        21 4.8426606e-01 2.3015419e-01 2.9231214e+00 9.3314433e+00
        22 4.8892043e-01 2.3090926e-01 2.9077208e+00 9.3394196e+00
        23 4.9464140e-01 2.3207849e-01 2.8889637e+00 9.3581195e+00
        24 5.0034451e-01 2.3347611e-01 2.8704414e+00 9.3792246e+00
        25 5.0563601e-01 2.3437714e-01 2.8531319e+00 9.3947658e+00
        26 5.1100261e-01 2.3567735e-01 2.8358176e+00 9.4084382e+00
        27 5.1708524e-01 2.3717851e-01 2.8162799e+00 9.4326543e+00
        28 5.2267985e-01 2.3834584e-01 2.7982772e+00 9.4477988e+00
        29 5.2807951e-01 2.3950094e-01 2.7809775e+00 9.4575432e+00
        30 5.3418333e-01 2.4058885e-01 2.7613903e+00 9.4761746e+00
        31 5.4011622e-01 2.4210863e-01 2.7426490e+00 9.4925270e+00
        32 5.4582452e-01 2.4299154e-01 2.7244061e+00 9.5046684e+00
        33 5.5159750e-01 2.4396743e-01 2.7060647e+00 9.5160029e+00
        34 5.5646349e-01 2.4500482e-01 2.6907635e+00 9.5186627e+00
        35 5.6335062e-01 2.4630270e-01 2.6691073e+00 9.5403536e+00
        36 5.6947149e-01 2.4776203e-01 2.6500946e+00 9.5542129e+00
        37 5.7510258e-01 2.4887527e-01 2.6325589e+00 9.5608636e+00
        38 5.8125154e-01 2.4964122e-01 2.6132611e+00 9.5748928e+00
        39 5.8762078e-01 2.5110170e-01 2.5936876e+00 9.5883986e+00
        40 5.9279491e-01 2.5239043e-01 2.5779012e+00 9.5864532e+00
        41 5.9953785e-01 2.5340191e-01 2.5570747e+00 9.6015042e+00
        42 6.0515227e-01 2.5455950e-01 2.5399653e+00 9.6050848e+00
        43 6.1192957e-01 2.5592969e-01 2.5193857e+00 9.6168231e+00
        44 6.1781371e-01 2.5659117e-01 2.5013245e+00 9.6195999e+00
        45 6.2389665e-01 2.5870207e-01 2.4834631e+00 9.6238344e+00
        46 6.3032284e-01 2.5979369e-01 2.4640911e+00 9.6326040e+00
        47 6.3595158e-01 2.6060571e-01 2.4471177e+00 9.6298781e+00
        48 6.4309603e-01 2.6212750e-01 2.4259241e+00 9.6405579e+00
        49 6.4847319e-01 2.6309210e-01 2.4099483e+00 9.6356034e+00
        50 6.5506558e-01 2.6435605e-01 2.3904864e+00 9.6373381e+00
        51 6.6217880e-01 2.6528031e-01 2.3693547e+00 9.6522075e+00
        52 6.6871707e-01 2.6670999e-01 2.3503308e+00 9.6519677e+00
        53 6.7510689e-01 2.6813759e-01 2.3318418e+00 9.6454348e+00
        54 6.8152806e-01 2.6938643e-01 2.3132483e+00 9.6499742e+00
        55 6.8827856e-01 2.7037361e-01 2.2936171e+00 9.6537009e+00
        56 6.9379324e-01 2.7173973e-01 2.2779529e+00 9.6414894e+00
        57 7.0158257e-01 2.7264756e-01 2.2553793e+00 9.6483247e+00
        58 7.0739528e-01 2.7397365e-01 2.2389691e+00 9.6385880e+00
        59 7.1403282e-01 2.7525624e-01 2.2201897e+00 9.6357693e+00
        60 7.2188646e-01 2.7650761e-01 2.1979403e+00 9.6402416e+00
        61 7.2779815e-01 2.7797384e-01 2.1815671e+00 9.6303454e+00
        62 7.3474335e-01 2.7903242e-01 2.1620553e+00 9.6240220e+00
        63 7.4180820e-01 2.8069594e-01 2.1426377e+00 9.6216568e+00
        64 7.4743951e-01 2.8143491e-01 2.1269048e+00 9.6104937e+00
        65 7.5503788e-01 2.8301316e-01 2.1061071e+00 9.6062174e+00
        66 7.6147182e-01 2.8345664e-01 2.0880839e+00 9.5971025e+00
        67 7.6865672e-01 2.8537797e-01 2.0688672e+00 9.5856443e+00
        68 7.7561586e-01 2.8620293e-01 2.0497657e+00 9.5781631e+00
        69 7.8169229e-01 2.8755233e-01 2.0335288e+00 9.5637485e+00
        70 7.9077806e-01 2.8897624e-01 2.0090516e+00 9.5655892e+00
        71 7.9703610e-01 2.8993045e-01 1.9922753e+00 9.5510077e+00
        72 8.0387829e-01 2.9152457e-01 1.9743457e+00 9.5367477e+00
        73 8.1062000e-01 2.9270883e-01 1.9565495e+00 9.5218392e+00
        74 8.1873596e-01 2.9375830e-01 1.9350289e+00 9.5160777e+00
        75 8.2440097e-01 2.9516954e-01 1.9204869e+00 9.4919796e+00
        76 8.3176157e-01 2.9591936e-01 1.9010516e+00 9.4792878e+00
        77 8.3886000e-01 2.9745800e-01 1.8828966e+00 9.4653304e+00
        78 8.4610888e-01 2.9876744e-01 1.8643093e+00 9.4482076e+00
        79 8.5245219e-01 2.9962271e-01 1.8479588e+00 9.4267945e+00
        80 8.6098615e-01 3.0086638e-01 1.8261470e+00 9.4173644e+00
        81 8.6724313e-01 3.0204148e-01 1.8104083e+00 9.3946092e+00
        82 8.7444177e-01 3.0335601e-01 1.7923786e+00 9.3757820e+00
        83 8.8224615e-01 3.0519834e-01 1.7732072e+00 9.3542564e+00
        84 8.9047511e-01 3.0573194e-01 1.7522687e+00 9.3427796e+00
        85 8.9719293e-01 3.0681363e-01 1.7356720e+00 9.3178838e+00
        86 9.0503906e-01 3.0828236e-01 1.7165317e+00 9.2985256e+00
        87 9.1239023e-01 3.0959884e-01 1.6986775e+00 9.2770685e+00
        88 9.1937222e-01 3.1084199e-01 1.6818188e+00 9.2513885e+00
        89 9.2678585e-01 3.1130357e-01 1.6634927e+00 9.2272711e+00
        90 9.3470157e-01 3.1335714e-01 1.6450230e+00 9.2037358e+00
        91 9.4036396e-01 3.1435006e-01 1.6315935e+00 9.1760525e+00
        92 9.4908041e-01 3.1533861e-01 1.6107091e+00 9.1533965e+00
        93 9.5725010e-01 3.1661711e-01 1.5914972e+00 9.1301188e+00
        94 9.6327573e-01 3.1809006e-01 1.5777518e+00 9.0980084e+00
        95 9.7124496e-01 3.1887214e-01 1.5589460e+00 9.0716304e+00
        96 9.7776933e-01 3.2044380e-01 1.5442412e+00 9.0387843e+00
        97 9.8649990e-01 3.2193025e-01 1.5243076e+00 9.0135820e+00
        98 9.9350718e-01 3.2257234e-01 1.5080663e+00 8.9836268e+00
        99 1.0021313e+00 3.2340784e-01 1.4882429e+00 8.9576820e+00
       100 1.0098445e+00 3.2529189e-01 1.4713787e+00 8.9236157e+00
       101 1.0170852e+00 3.2590749e-01 1.4549093e+00 8.8946161e+00
       102 1.0239045e+00 3.2736514e-01 1.4400692e+00 8.8600979e+00
       103 1.0322861e+00 3.2814589e-01 1.4212979e+00 8.8288202e+00
       104 1.0392126e+00 3.3007765e-01 1.4067400e+00 8.7923859e+00
       105 1.0463382e+00 3.3036979e-01 1.3907488e+00 8.7608440e+00
       106 1.0545888e+00 3.3133715e-01 1.3727762e+00 8.7295394e+00
       107 1.0618274e+00 3.3288084e-01 1.3575839e+00 8.6915497e+00
       108 1.0692819e+00 3.3390055e-01 1.3416723e+00 8.6568254e+00
       109 1.0771770e+00 3.3516297e-01 1.3250658e+00 8.6194307e+00
       110 1.0846594e+00 3.3644516e-01 1.3095029e+00 8.5829289e+00
       111 1.0921934e+00 3.3724320e-01 1.2936166e+00 8.5455207e+00
       112 1.1003210e+00 3.3875941e-01 1.2770509e+00 8.5061675e+00
       113 1.1077246e+00 3.3972148e-01 1.2617948e+00 8.4681067e+00
       114 1.1154314e+00 3.4051002e-01 1.2458874e+00 8.4292163e+00
       115 1.1231257e+00 3.4221566e-01 1.2307533e+00 8.3871646e+00
       116 1.1304165e+00 3.4267795e-01 1.2157351e+00 8.3504609e+00
       117 1.1376370e+00 3.4437294e-01 1.2018177e+00 8.3076122e+00
       118 1.1458197e+00 3.4472207e-01 1.1850924e+00 8.2712400e+00
       119 1.1528870e+00 3.4581704e-01 1.1713031e+00 8.2285873e+00
       120 1.1613013e+00 3.4669993e-01 1.1547271e+00 8.1868912e+00
       121 1.1667384e+00 3.4792713e-01 1.1445488e+00 8.1469662e+00
       122 1.1769688e+00 3.4848917e-01 1.1243451e+00 8.1009638e+00
       123 1.1831432e+00 3.5080380e-01 1.1136351e+00 8.0529816e+00
       124 1.1937007e+00 3.5136495e-01 1.0931254e+00 8.0079767e+00
       125 1.1992689e+00 3.5198821e-01 1.0826285e+00 7.9683571e+00
       126 1.2075828e+00 3.5400265e-01 1.0678386e+00 7.9156737e+00
       127 1.2156777e+00 3.5405151e-01 1.0522212e+00 7.8743411e+00
       128 1.2228600e+00 3.5491313e-01 1.0390542e+00 7.8298551e+00
       129 1.2294130e+00 3.5697215e-01 1.0280394e+00 7.7807502e+00
       130 1.2386417e+00 3.5652453e-01 1.0102890e+00 7.7388169e+00
       131 1.2458342e+00 3.5839820e-01 9.9816166e-01 7.6876307e+00
       132 1.2538161e+00 3.5955284e-01 9.8416676e-01 7.6370647e+00
       133 1.2622590e+00 3.5968642e-01 9.6872144e-01 7.5922226e+00
       134 1.2675202e+00 3.6138746e-01 9.6033559e-01 7.5455153e+00
       135 1.2758515e+00 3.6186844e-01 9.4557492e-01 7.4967838e+00
       136 1.2831011e+00 3.6267290e-01 9.3312386e-01 7.4481856e+00
       137 1.2908966e+00 3.6385621e-01 9.2008538e-01 7.3970717e+00
       138 1.2996168e+00 3.6469833e-01 9.0529623e-01 7.3424089e+00
       139 1.3057167e+00 3.6619705e-01 8.9570769e-01 7.2943872e+00
       140 1.3132859e+00 3.6588639e-01 8.8232628e-01 7.2508040e+00
       141 1.3210454e+00 3.6741656e-01 8.7008260e-01 7.1972513e+00
       142 1.3285673e+00 3.6858022e-01 8.5809745e-01 7.1433868e+00
       143 1.3358406e+00 3.6895697e-01 8.4606579e-01 7.0949540e+00
       144 1.3427887e+00 3.6989309e-01 8.3509699e-01 7.0459207e+00
       145 1.3512706e+00 3.7046596e-01 8.2141773e-01 6.9904227e+00
       146 1.3583770e+00 3.7134260e-01 8.1036244e-01 6.9394798e+00
       147 1.3647886e+00 3.7209051e-01 8.0044392e-01 6.8903954e+00
       148 1.3719540e+00 3.7319734e-01 7.8966026e-01 6.8370472e+00
       149 1.3808360e+00 3.7413660e-01 7.7611515e-01 6.7775088e+00
       150 1.3880318e+00 3.7418190e-01 7.6472225e-01 6.7301286e+00
       151 1.3961825e+00 3.7574564e-01 7.5307695e-01 6.6689098e+00
       152 1.4026141e+00 3.7681606e-01 7.4386191e-01 6.6164594e+00
       153 1.4101437e+00 3.7768552e-01 7.3289166e-01 6.5617451e+00
       154 1.4168205e+00 3.7762180e-01 7.2262883e-01 6.5135720e+00
       155 1.4245346e+00 3.7818781e-01 7.1136608e-01 6.4594560e+00
       156 1.4320362e+00 3.7985737e-01 7.0137729e-01 6.3992399e+00
       157 1.4376377e+00 3.8035873e-01 6.9342802e-01 6.3522774e+00
       158 1.4469513e+00 3.8109663e-01 6.8027801e-01 6.2882517e+00
       159 1.4531952e+00 3.8093980e-01 6.7106304e-01 6.2401241e+00
       160 1.4585787e+00 3.8309727e-01 6.6493202e-01 6.1877972e+00
       161 1.4670199e+00 3.8278821e-01 6.5261399e-01 6.1315217e+00
       162 1.4747761e+00 3.8326212e-01 6.4200159e-01 6.0756769e+00
       163 1.4801591e+00 3.8380469e-01 6.3487136e-01 6.0279260e+00
       164 1.4881185e+00 3.8418855e-01 6.2411409e-01 5.9683468e+00
       165 1.4955796e+00 3.8535957e-01 6.1477018e-01 5.9092693e+00
       166 1.5020216e+00 3.8638685e-01 6.0680672e-01 5.8552716e+00
       167 1.5095368e+00 3.8621508e-01 5.9656397e-01 5.8002554e+00
       168 1.5168901e+00 3.8668512e-01 5.8714447e-01 5.7447089e+00
       169 1.5222337e+00 3.8778729e-01 5.8095664e-01 5.6945126e+00
       170 1.5320213e+00 3.8799815e-01 5.6837114e-01 5.6258795e+00
       171 1.5372709e+00 3.8844393e-01 5.6195822e-01 5.5796427e+00
       172 1.5435765e+00 3.8933944e-01 5.5460875e-01 5.5261038e+00
       173 1.5489647e+00 3.8981726e-01 5.4816879e-01 5.4764613e+00
       174 1.5561012e+00 3.8905313e-01 5.3864042e-01 5.4277185e+00
       175 1.5634458e+00 3.9005911e-01 5.3033683e-01 5.3653174e+00
       176 1.5685082e+00 3.9168945e-01 5.2541046e-01 5.3140507e+00
       177 1.5757838e+00 3.9050726e-01 5.1566379e-01 5.2638609e+00
       178 1.5823034e+00 3.9258190e-01 5.0947299e-01 5.2023580e+00
       179 1.5887438e+00 3.9233589e-01 5.0164296e-01 5.1519117e+00
       180 1.5961270e+00 3.9213020e-01 4.9282878e-01 5.0967735e+00
       181 1.6009967e+00 3.9318260e-01 4.8800784e-01 5.0497847e+00
       182 1.6072480e+00 3.9358483e-01 4.8114403e-01 4.9964867e+00
       183 1.6141816e+00 3.9377854e-01 4.7342417e-01 4.9389559e+00
       184 1.6202159e+00 3.9396899e-01 4.6680102e-01 4.8876131e+00
       185 1.6272731e+00 3.9394588e-01 4.5895399e-01 4.8337513e+00
       186 1.6313807e+00 3.9527448e-01 4.5549161e-01 4.7872830e+00
       187 1.6397265e+00 3.9467812e-01 4.4595923e-01 4.7262575e+00
       188 1.6455562e+00 3.9510044e-01 4.4004597e-01 4.6740491e+00
       189 1.6511760e+00 3.9556843e-01 4.3445838e-01 4.6244558e+00
       190 1.6567237e+00 3.9615581e-01 4.2910430e-01 4.5748450e+00
       191 1.6602924e+00 3.9527869e-01 4.2469927e-01 4.5441315e+00
       192 1.6684872e+00 3.9593733e-01 4.1679574e-01 4.4767838e+00
       193 1.6763630e+00 3.9662600e-01 4.0937132e-01 4.4114535e+00
       194 1.6815381e+00 3.9615106e-01 4.0382525e-01 4.3681677e+00
       195 1.6883329e+00 3.9621642e-01 3.9717073e-01 4.3134748e+00
       196 1.6927791e+00 3.9780647e-01 3.9409505e-01 4.2655832e+00
       197 1.6970529e+00 3.9772973e-01 3.8990122e-01 4.2260461e+00
       198 1.7042417e+00 3.9620450e-01 3.8182110e-01 4.1755069e+00
       199 1.7083440e+00 3.9792439e-01 3.7931333e-01 4.1290970e+00
       200 1.7146949e+00 3.9682913e-01 3.7251241e-01 4.0815011e+00
       201 1.7189445e+00 3.9772974e-01 3.6930473e-01 4.0364479e+00
       202 1.7238462e+00 3.9899116e-01 3.6582940e-01 3.9883927e+00
       203 1.7284085e+00 3.9792075e-01 3.6084941e-01 3.9523261e+00
       204 1.7367302e+00 3.9788887e-01 3.5340354e-01 3.8876470e+00
       205 1.7411916e+00 3.9709392e-01 3.4885038e-01 3.8479675e+00
       206 1.7467650e+00 3.9825529e-01 3.4493152e-01 3.7982602e+00
       207 1.7515263e+00 3.9840857e-01 3.4096579e-01 3.7533328e+00
       208 1.7555230e+00 3.9906391e-01 3.3809211e-01 3.7146107e+00
       209 1.7618403e+00 3.9684994e-01 3.3102676e-01 3.6702834e+00
       210 1.7681456e+00 3.9762458e-01 3.2642866e-01 3.6130767e+00
       211 1.7711512e+00 3.9751368e-01 3.2388332e-01 3.5861614e+00
       212 1.7784421e+00 3.9741871e-01 3.1792225e-01 3.5259915e+00
       213 1.7815643e+00 3.9893032e-01 3.1663815e-01 3.4893869e+00
       214 1.7881857e+00 3.9817705e-01 3.1082614e-01 3.4372889e+00
       215 1.7919153e+00 3.9826745e-01 3.0800123e-01 3.4051448e+00
       216 1.7964532e+00 3.9759544e-01 3.0397919e-01 3.3663771e+00
       217 1.8019910e+00 3.9719714e-01 2.9946282e-01 3.3188668e+00
       218 1.8061731e+00 3.9683704e-01 2.9604580e-01 3.2840954e+00
       219 1.8101683e+00 3.9742046e-01 2.9355079e-01 3.2448914e+00
       220 1.8145649e+00 3.9716577e-01 2.9012967e-01 3.2090284e+00
       221 1.8191566e+00 3.9620996e-01 2.8605103e-01 3.1700121e+00
       222 1.8242496e+00 3.9672799e-01 2.8282827e-01 3.1272399e+00
       223 1.8278244e+00 3.9645747e-01 2.8009432e-01 3.0940814e+00
       224 1.8319108e+00 3.9593117e-01 2.7682867e-01 3.0589986e+00
       225 1.8377627e+00 3.9480941e-01 2.7192042e-01 3.0158885e+00
       226 1.8419956e+00 3.9631467e-01 2.7024531e-01 2.9741311e+00
       227 1.8447188e+00 3.9535281e-01 2.6765893e-01 2.9489725e+00
       228 1.8488517e+00 3.9568811e-01 2.6518299e-01 2.9117460e+00
       229 1.8548262e+00 3.9438114e-01 2.6024808e-01 2.8684253e+00
       230 1.8583323e+00 3.9381634e-01 2.5754609e-01 2.8354922e+00
       231 1.8617378e+00 3.9373825e-01 2.5531609e-01 2.8050757e+00
       232 1.8645135e+00 3.9314982e-01 2.5310278e-01 2.7824313e+00
       233 1.8703685e+00 3.9487412e-01 2.5082000e-01 2.7319934e+00
       234 1.8738123e+00 3.9302465e-01 2.4725296e-01 2.7055832e+00
       235 1.8772164e+00 3.9424233e-01 2.4614933e-01 2.6718016e+00
       236 1.8799022e+00 3.9386368e-01 2.4424023e-01 2.6423247e+00
       237 1.8844153e+00 3.9238176e-01 2.4040096e-01 2.6130316e+00
       238 1.8882173e+00 3.9204886e-01 2.3791868e-01 2.5816824e+00
       239 1.8922243e+00 3.9040246e-01 2.3432085e-01 2.5531498e+00
       240 1.8933607e+00 3.9206832e-01 2.3497515e-01 2.5327920e+00
       241 1.8988581e+00 3.9053177e-01 2.3066872e-01 2.4944998e+00
       242 1.9034569e+00 3.8967146e-01 2.2744742e-01 2.4616557e+00
       243 1.9044105e+00 3.8987585e-01 2.2708323e-01 2.4442762e+00
       244 1.9108195e+00 3.8951869e-01 2.2333374e-01 2.3976168e+00
       245 1.9139261e+00 3.8886609e-01 2.2117272e-01 2.3732815e+00
       246 1.9157367e+00 3.8948273e-01 2.2069823e-01 2.3528393e+00
       247 1.9184306e+00 3.8930953e-01 2.1915529e-01 2.3311696e+00
       248 1.9227204e+00 3.8730076e-01 2.1538312e-01 2.3018259e+00
       249 1.9239399e+00 3.8837305e-01 2.1559268e-01 2.2845997e+00
       250 1.9262027e+00 3.8728000e-01 2.1359831e-01 2.2679315e+00
       251 1.9332462e+00 3.8583289e-01 2.0897617e-01 2.2233664e+00
       252 1.9337496e+00 3.8564153e-01 2.0858199e-01 2.2072115e+00
       253 1.9378718e+00 3.8566037e-01 2.0659634e-01 2.1783921e+00
       254 1.9414415e+00 3.8394873e-01 2.0357443e-01 2.1537942e+00
       255 1.9451740e+00 3.8340383e-01 2.0140120e-01 2.1258388e+00
       256 1.9450303e+00 3.8426517e-01 2.0212948e-01 2.1142186e+00
       257 1.9487197e+00 3.8379988e-01 2.0006360e-01 2.0934930e+00
       258 1.9520392e+00 3.8367725e-01 1.9845553e-01 2.0668601e+00
       259 1.9572823e+00 3.8115716e-01 1.9418172e-01 2.0353325e+00
       260 1.9563601e+00 3.8233941e-01 1.9549311e-01 2.0313043e+00
       261 1.9607325e+00 3.8179671e-01 1.9315566e-01 2.0022126e+00
       262 1.9621665e+00 3.7957784e-01 1.9084401e-01 1.9884536e+00
       263 1.9653313e+00 3.8138671e-01 1.9086172e-01 1.9611659e+00
       264 1.9660292e+00 3.8084614e-01 1.9015273e-01 1.9529744e+00
       265 1.9703500e+00 3.8096996e-01 1.8843036e-01 1.9313037e+00
       266 1.9743219e+00 3.7745809e-01 1.8412979e-01 1.9057329e+00
       267 1.9764214e+00 3.7878652e-01 1.8428180e-01 1.8859781e+00
       268 1.9777642e+00 3.7657535e-01 1.8207091e-01 1.8738314e+00
       269 1.9802690e+00 3.7718877e-01 1.8153435e-01 1.8544227e+00
       270 1.9825018e+00 3.7651919e-01 1.8014981e-01 1.8360989e+00
       271 1.9842465e+00 3.7584939e-01 1.7896529e-01 1.8199618e+00
       272 1.9868214e+00 3.7554073e-01 1.7774007e-01 1.8039332e+00
       273 1.9885709e+00 3.7432152e-01 1.7615850e-01 1.7861019e+00
       274 1.9917058e+00 3.7408080e-01 1.7479784e-01 1.7678051e+00
       275 1.9946146e+00 3.7204885e-01 1.7220400e-01 1.7515171e+00
       276 1.9946097e+00 3.7427043e-01 1.7386381e-01 1.7399707e+00
       277 1.9978168e+00 3.7226975e-01 1.7120154e-01 1.7189858e+00
       278 1.9997139e+00 3.7194788e-01 1.7028036e-01 1.7085941e+00
       279 2.0014652e+00 3.7044178e-01 1.6853938e-01 1.6925046e+00
       280 2.0060784e+00 3.6964094e-01 1.6633534e-01 1.6707349e+00
       281 2.0075576e+00 3.6841764e-01 1.6492479e-01 1.6616729e+00
       282 2.0080612e+00 3.6799772e-01 1.6444372e-01 1.6459738e+00
       283 2.0099994e+00 3.6777398e-01 1.6362249e-01 1.6372245e+00
       284 2.0084835e+00 3.6921762e-01 1.6519934e-01 1.6323414e+00
       285 2.0107761e+00 3.6807647e-01 1.6358407e-01 1.6181512e+00
       286 2.0165208e+00 3.6399232e-01 1.5870110e-01 1.5905455e+00
       287 2.0156850e+00 3.6522014e-01 1.5986774e-01 1.5885077e+00
       288 2.0184865e+00 3.6643315e-01 1.5985131e-01 1.5723448e+00
       289 2.0205908e+00 3.6443770e-01 1.5772425e-01 1.5569630e+00
       290 2.0203161e+00 3.6441411e-01 1.5779382e-01 1.5528689e+00
       291 2.0237605e+00 3.6180322e-01 1.5482049e-01 1.5376290e+00
       292 2.0250811e+00 3.6121510e-01 1.5398854e-01 1.5268483e+00
       293 2.0258187e+00 3.6174087e-01 1.5414298e-01 1.5107553e+00
       294 2.0277375e+00 3.6107743e-01 1.5308150e-01 1.5053948e+00
       295 2.0286662e+00 3.6018379e-01 1.5215792e-01 1.4914430e+00
       296 2.0307669e+00 3.5985538e-01 1.5129672e-01 1.4816511e+00
       297 2.0337664e+00 3.5781476e-01 1.4895546e-01 1.4675546e+00
       298 2.0353760e+00 3.5749444e-01 1.4826327e-01 1.4536833e+00
       299 2.0357663e+00 3.5596899e-01 1.4706340e-01 1.4448537e+00
       300 2.0359550e+00 3.5804835e-01 1.4849431e-01 1.4367640e+00
       301 2.0383495e+00 3.5638474e-01 1.4662923e-01 1.4274434e+00
       302 2.0412385e+00 3.5434875e-01 1.4438123e-01 1.4103715e+00
       303 2.0411337e+00 3.5447473e-01 1.4449929e-01 1.4040660e+00
       304 2.0426228e+00 3.5317344e-01 1.4317178e-01 1.3961038e+00
       305 2.0440365e+00 3.5246376e-01 1.4228907e-01 1.3909534e+00
       306 2.0443584e+00 3.5306202e-01 1.4262475e-01 1.3820235e+00
       307 2.0484746e+00 3.5106944e-01 1.4013500e-01 1.3617396e+00
       308 2.0470097e+00 3.5185254e-01 1.4106832e-01 1.3596601e+00
       309 2.0523748e+00 3.4919767e-01 1.3782589e-01 1.3443585e+00
       310 2.0510313e+00 3.5021575e-01 1.3887840e-01 1.3388505e+00
       311 2.0500341e+00 3.5028628e-01 1.3918289e-01 1.3323007e+00
       312 2.0519371e+00 3.4951353e-01 1.3815712e-01 1.3254207e+00
       313 2.0543247e+00 3.4706635e-01 1.3585418e-01 1.3144923e+00
       314 2.0523946e+00 3.4733179e-01 1.3652124e-01 1.3067788e+00
       315 2.0568072e+00 3.4695661e-01 1.3516805e-01 1.2937841e+00
       316 2.0581851e+00 3.4584822e-01 1.3406692e-01 1.2857122e+00
       317 2.0565669e+00 3.4584725e-01 1.3445800e-01 1.2837291e+00
       318 2.0579445e+00 3.4600824e-01 1.3423554e-01 1.2720040e+00
       319 2.0609312e+00 3.4446209e-01 1.3245725e-01 1.2669151e+00
       320 2.0602800e+00 3.4370658e-01 1.3209078e-01 1.2569114e+00
       321 2.0635494e+00 3.4229145e-01 1.3035821e-01 1.2433158e+00
       322 2.0640542e+00 3.4182398e-01 1.2992270e-01 1.2337132e+00
       323 2.0634077e+00 3.4074370e-01 1.2933361e-01 1.2332033e+00
       324 2.0654530e+00 3.4065401e-01 1.2880622e-01 1.2179701e+00
       325 2.0664012e+00 3.4013912e-01 1.2824236e-01 1.2131434e+00
       326 2.0657732e+00 3.3996174e-01 1.2826282e-01 1.2052570e+00
       327 2.0667817e+00 3.3902036e-01 1.2739745e-01 1.2012385e+00
       328 2.0705227e+00 3.3874485e-01 1.2638944e-01 1.1954570e+00
       329 2.0675797e+00 3.3855529e-01 1.2690479e-01 1.1900733e+00
       330 2.0715835e+00 3.3557172e-01 1.2402197e-01 1.1789331e+00
       331 2.0710512e+00 3.3668222e-01 1.2488253e-01 1.1687329e+00
       332 2.0707854e+00 3.3732423e-01 1.2537238e-01 1.1632307e+00
       333 2.0738639e+00 3.3466210e-01 1.2293026e-01 1.1546708e+00
       334 2.0741641e+00 3.3524210e-01 1.2325612e-01 1.1457202e+00
       335 2.0747696e+00 3.3372971e-01 1.2211850e-01 1.1438817e+00
       336 2.0737216e+00 3.3472067e-01 1.2299923e-01 1.1358152e+00
       337 2.0760844e+00 3.3381143e-01 1.2190223e-01 1.1307532e+00
       338 2.0767302e+00 3.3095115e-01 1.1986906e-01 1.1239926e+00
       339 2.0768408e+00 3.3192518e-01 1.2049223e-01 1.1208084e+00
       340 2.0789459e+00 3.2988879e-01 1.1872129e-01 1.1044968e+00
       341 2.0789558e+00 3.2991483e-01 1.1873651e-01 1.1012576e+00
       342 2.0805310e+00 3.2875527e-01 1.1766187e-01 1.0948213e+00
       343 2.0797329e+00 3.2976704e-01 1.1848503e-01 1.0890182e+00
       344 2.0808397e+00 3.2964994e-01 1.1819058e-01 1.0808114e+00
       345 2.0842356e+00 3.2635571e-01 1.1537835e-01 1.0719409e+00
       346 2.0815849e+00 3.2728029e-01 1.1648902e-01 1.0683973e+00
       347 2.0825990e+00 3.2653045e-01 1.1580340e-01 1.0636979e+00
       348 2.0839527e+00 3.2548367e-01 1.1486329e-01 1.0520739e+00
       349 2.0821710e+00 3.2785866e-01 1.1675477e-01 1.0527119e+00
       350 2.0835489e+00 3.2731248e-01 1.1613359e-01 1.0445796e+00
       351 2.0874933e+00 3.2287644e-01 1.1251649e-01 1.0361136e+00
       352 2.0862069e+00 3.2381133e-01 1.1335665e-01 1.0299636e+00
       353 2.0864930e+00 3.2241922e-01 1.1240434e-01 1.0237835e+00
       354 2.0863039e+00 3.2442945e-01 1.1373946e-01 1.0216291e+00
       355 2.0887911e+00 3.2112656e-01 1.1115522e-01 1.0164516e+00
       356 2.0886920e+00 3.2034677e-01 1.1067279e-01 1.0055251e+00
       357 2.0902018e+00 3.1991461e-01 1.1012744e-01 1.0019730e+00
       358 2.0890312e+00 3.2228426e-01 1.1185713e-01 9.9580003e-01
       359 2.0891961e+00 3.2035210e-01 1.1058599e-01 9.8937949e-01
       360 2.0916385e+00 3.1890769e-01 1.0923278e-01 9.7833205e-01
       361 2.0920834e+00 3.1848440e-01 1.0888596e-01 9.7479627e-01
       362 2.0899708e+00 3.2052436e-01 1.1055876e-01 9.7142954e-01
       363 2.0930146e+00 3.1674023e-01 1.0761810e-01 9.6143368e-01
       364 2.0932345e+00 3.1575495e-01 1.0695740e-01 9.5975691e-01
       365 2.0912669e+00 3.1818791e-01 1.0883884e-01 9.5069858e-01
       366 2.0930651e+00 3.1680248e-01 1.0764891e-01 9.4973660e-01
       367 2.0938431e+00 3.1591140e-01 1.0695291e-01 9.4006611e-01
       368 2.0945107e+00 3.1688582e-01 1.0745703e-01 9.3818982e-01
       369 2.0952188e+00 3.1553913e-01 1.0648703e-01 9.3116641e-01
       370 2.0944614e+00 3.1638850e-01 1.0715038e-01 9.2469675e-01
       371 2.0953366e+00 3.1462910e-01 1.0589397e-01 9.1819922e-01
       372 2.0965895e+00 3.1271145e-01 1.0448434e-01 9.1275902e-01
       373 2.0958070e+00 3.1399555e-01 1.0541777e-01 9.1048834e-01
       374 2.0941802e+00 3.1509703e-01 1.0638212e-01 9.0648747e-01
       375 2.0982869e+00 3.1253208e-01 1.0409728e-01 8.9942497e-01
       376 2.0981127e+00 3.1172219e-01 1.0361965e-01 8.9352121e-01
       377 2.0997699e+00 3.1036914e-01 1.0251451e-01 8.8896206e-01
       378 2.1001812e+00 3.0806070e-01 1.0102238e-01 8.7843466e-01
       379 2.0996634e+00 3.0862519e-01 1.0145178e-01 8.7416702e-01
       380 2.0976999e+00 3.1162145e-01 1.0362332e-01 8.7100115e-01
       381 2.0990255e+00 3.0952781e-01 1.0211062e-01 8.6676029e-01
       382 2.0991253e+00 3.1155645e-01 1.0335474e-01 8.6283044e-01
       383 2.0987357e+00 3.1043953e-01 1.0272196e-01 8.5435591e-01
       384 2.1018084e+00 3.0643213e-01 9.9769672e-02 8.5027042e-01
       385 2.1023220e+00 3.0669208e-01 9.9850622e-02 8.4614376e-01
       386 2.1017102e+00 3.0699695e-01 1.0013119e-01 8.3919476e-01
       387 2.1019551e+00 3.0671954e-01 9.9923433e-02 8.3691812e-01
       388 2.1017087e+00 3.0796950e-01 1.0072951e-01 8.3127263e-01
       389 2.1024613e+00 3.0632856e-01 9.9606598e-02 8.2804479e-01
       390 2.1016092e+00 3.0699296e-01 1.0014425e-01 8.1956054e-01
       391 2.1045366e+00 3.0365290e-01 9.7663536e-02 8.1170737e-01
       392 2.1050866e+00 3.0329291e-01 9.7364068e-02 8.0814364e-01
       393 2.1036755e+00 3.0476945e-01 9.8470842e-02 8.0933496e-01
       394 2.1046065e+00 3.0292628e-01 9.7212454e-02 8.0046949e-01
       395 2.1050071e+00 3.0304578e-01 9.7225897e-02 7.9390534e-01
       396 2.1048703e+00 3.0411766e-01 9.7896807e-02 7.9296911e-01
       397 2.1062485e+00 3.0243618e-01 9.6676073e-02 7.9229047e-01
       398 2.1078886e+00 3.0014225e-01 9.5059752e-02 7.8417186e-01
       399 2.1064510e+00 3.0161259e-01 9.6149384e-02 7.7744071e-01
       400 2.1067849e+00 3.0066848e-01 9.5532826e-02 7.7042601e-01
       401 2.1078576e+00 2.9974959e-01 9.4828576e-02 7.6605033e-01
       402 2.1057527e+00 3.0140418e-01 9.6124713e-02 7.6740911e-01
       403 2.1090139e+00 2.9889279e-01 9.4153811e-02 7.5914291e-01
       404 2.1091881e+00 2.9900953e-01 9.4199459e-02 7.5607640e-01
       405 2.1081964e+00 3.0000966e-01 9.4936859e-02 7.5584761e-01
       406 2.1092045e+00 2.9797281e-01 9.3578296e-02 7.4766112e-01
       407 2.1052130e+00 3.0180487e-01 9.6445141e-02 7.4325468e-01
       408 2.1092118e+00 2.9745324e-01 9.3267915e-02 7.3174286e-01
       409 2.1072677e+00 3.0074541e-01 9.5510152e-02 7.3617547e-01
       410 2.1098693e+00 2.9882718e-01 9.3996593e-02 7.3852427e-01
       411 2.1104661e+00 2.9676285e-01 9.2685640e-02 7.2195718e-01
       412 2.1093016e+00 2.9838742e-01 9.3812113e-02 7.2126117e-01
       413 2.1105024e+00 2.9656360e-01 9.2562485e-02 7.1161806e-01
       414 2.1091643e+00 2.9812302e-01 9.3673391e-02 7.1007572e-01
       415 2.1133423e+00 2.9561441e-01 9.1622709e-02 7.0766966e-01
       416 2.1106948e+00 2.9544274e-01 9.1872833e-02 7.0226456e-01
       417 2.1115993e+00 2.9596746e-01 9.2061458e-02 6.9180277e-01
       418 2.1125405e+00 2.9393650e-01 9.0738503e-02 6.8864040e-01
       419 2.1115033e+00 2.9586433e-01 9.2013259e-02 6.8934976e-01
       420 2.1121251e+00 2.9348153e-01 9.0526143e-02 6.8246518e-01
       421 2.1119755e+00 2.9388560e-01 9.0783347e-02 6.8496424e-01
       422 2.1133281e+00 2.9344429e-01 9.0346231e-02 6.8086528e-01
       423 2.1144625e+00 2.8918899e-01 8.7720573e-02 6.7512555e-01
       424 2.1128125e+00 2.9362822e-01 9.0521598e-02 6.6648785e-01
       425 2.1136428e+00 2.9222323e-01 8.9590231e-02 6.6785608e-01
       426 2.1172273e+00 2.8829418e-01 8.6857827e-02 6.6142427e-01
       427 2.1144683e+00 2.9193805e-01 8.9317372e-02 6.5883354e-01
       428 2.1148066e+00 2.9126127e-01 8.8879531e-02 6.5462802e-01
       429 2.1148733e+00 2.9128234e-01 8.8883314e-02 6.4811381e-01
       430 2.1133665e+00 2.9215858e-01 8.9588324e-02 6.4136567e-01
       431 2.1145971e+00 2.9106684e-01 8.8792995e-02 6.4244936e-01
       432 2.1136591e+00 2.9279476e-01 8.9922482e-02 6.3492540e-01
       433 2.1173510e+00 2.8755340e-01 8.6416125e-02 6.3252314e-01
       434 2.1148819e+00 2.8964007e-01 8.7928195e-02 6.2320411e-01
       435 2.1136460e+00 2.9147003e-01 8.9150176e-02 6.2693962e-01
       436 2.1146313e+00 2.8973917e-01 8.8017514e-02 6.2024464e-01
       437 2.1145297e+00 2.8978950e-01 8.8059652e-02 6.1666529e-01
       438 2.1171044e+00 2.8876488e-01 8.7144496e-02 6.1672241e-01
       439 2.1163282e+00 2.8968039e-01 8.7769854e-02 6.1374074e-01
       440 2.1185057e+00 2.8726659e-01 8.6111564e-02 6.1319993e-01
       441 2.1173729e+00 2.8770557e-01 8.6500987e-02 6.0313958e-01
       442 2.1167654e+00 2.8686566e-01 8.6092937e-02 6.0003696e-01
       443 2.1175145e+00 2.8790770e-01 8.6600064e-02 6.0000866e-01
       444 2.1189555e+00 2.8613569e-01 8.5409408e-02 5.9248350e-01
       445 2.1180910e+00 2.8723160e-01 8.6141326e-02 5.9086087e-01
       446 2.1167085e+00 2.8730980e-01 8.6354973e-02 5.8412760e-01
       447 2.1173161e+00 2.8759909e-01 8.6446666e-02 5.8783430e-01
       448 2.1188850e+00 2.8709097e-01 8.5965386e-02 5.7817564e-01
       449 2.1208118e+00 2.8309087e-01 8.3458908e-02 5.7956172e-01
       450 2.1182882e+00 2.8717066e-01 8.6082561e-02 5.7399621e-01
       451 2.1188322e+00 2.8509085e-01 8.4827255e-02 5.6925075e-01
       452 2.1186630e+00 2.8500064e-01 8.4796011e-02 5.6394903e-01
       453 2.1198787e+00 2.8495983e-01 8.4628943e-02 5.6342089e-01
       454 2.1195211e+00 2.8569204e-01 8.5088777e-02 5.5653503e-01
       455 2.1211162e+00 2.8486999e-01 8.4434401e-02 5.6130070e-01
       456 2.1198833e+00 2.8489352e-01 8.4590622e-02 5.5725558e-01
       457 2.1214329e+00 2.8227582e-01 8.2926934e-02 5.4421579e-01
       458 2.1179118e+00 2.8643428e-01 8.5705589e-02 5.5035722e-01
       459 2.1213452e+00 2.8462681e-01 8.4269716e-02 5.4816218e-01
       460 2.1200481e+00 2.8461154e-01 8.4410761e-02 5.3653646e-01
       461 2.1223965e+00 2.8283328e-01 8.3133060e-02 5.3917422e-01
       462 2.1226626e+00 2.8092622e-01 8.2028195e-02 5.3366026e-01
       463 2.1229077e+00 2.8060374e-01 8.1819840e-02 5.2921857e-01
       464 2.1224617e+00 2.8323044e-01 8.3350574e-02 5.3212701e-01
       465 2.1210609e+00 2.8352358e-01 8.3675445e-02 5.2402832e-01
       466 2.1228580e+00 2.8229450e-01 8.2777081e-02 5.2426142e-01
       467 2.1200111e+00 2.8539378e-01 8.4860958e-02 5.1889854e-01
       468 2.1228930e+00 2.8084564e-01 8.1957289e-02 5.1495251e-01
       469 2.1220426e+00 2.8215301e-01 8.2788497e-02 5.1095994e-01
       470 2.1237907e+00 2.8045757e-01 8.1640577e-02 5.0954813e-01
       471 2.1229326e+00 2.8092414e-01 8.1996989e-02 5.0797450e-01
       472 2.1224690e+00 2.8253470e-01 8.2956137e-02 5.0385330e-01
       473 2.1214848e+00 2.8158922e-01 8.2533864e-02 4.9948012e-01
       474 2.1242998e+00 2.7855948e-01 8.0524153e-02 4.9867459e-01
       475 2.1241038e+00 2.7897505e-01 8.0777098e-02 5.0028950e-01
       476 2.1232965e+00 2.8140911e-01 8.2229457e-02 4.9288207e-01
       477 2.1247203e+00 2.7883172e-01 8.0630559e-02 4.9104461e-01
       478 2.1216312e+00 2.8177527e-01 8.2622037e-02 4.8882692e-01
       479 2.1242085e+00 2.7890777e-01 8.0728200e-02 4.8680381e-01
       480 2.1226028e+00 2.8134843e-01 8.2272267e-02 4.8094864e-01
       481 2.1256837e+00 2.7885242e-01 8.0539567e-02 4.8070241e-01
       482 2.1245085e+00 2.8012654e-01 8.1377099e-02 4.7705469e-01
       483 2.1242383e+00 2.7820192e-01 8.0331737e-02 4.6892986e-01
       484 2.1267290e+00 2.7533856e-01 7.8483068e-02 4.6870578e-01
       485 2.1255474e+00 2.7772471e-01 7.9926310e-02 4.6887352e-01
       486 2.1269770e+00 2.7711995e-01 7.9441628e-02 4.6365545e-01
       487 2.1238683e+00 2.7998167e-01 8.1365399e-02 4.6369218e-01
       488 2.1239662e+00 2.7913765e-01 8.0882816e-02 4.6047170e-01
       489 2.1252638e+00 2.7736953e-01 7.9759221e-02 4.5879932e-01
       490 2.1241541e+00 2.7916534e-01 8.0877851e-02 4.5866646e-01
       491 2.1235312e+00 2.7884061e-01 8.0764642e-02 4.4863311e-01
       492 2.1268000e+00 2.7661233e-01 7.9178795e-02 4.4744832e-01
       493 2.1248797e+00 2.7666095e-01 7.9407614e-02 4.4494637e-01
       494 2.1259827e+00 2.7658950e-01 7.9251196e-02 4.4665510e-01
       495 2.1258364e+00 2.7613927e-01 7.9017707e-02 4.3944687e-01
       496 2.1263420e+00 2.7779701e-01 7.9883078e-02 4.4061934e-01
       497 2.1267658e+00 2.7737824e-01 7.9606630e-02 4.4004018e-01
       498 2.1278765e+00 2.7552643e-01 7.8469245e-02 4.3388149e-01
       499 2.1246609e+00 2.7968995e-01 8.1116290e-02 4.2944519e-01
       500 2.1259733e+00 2.7557134e-01 7.8690003e-02 4.3014011e-01
       501 2.1286995e+00 2.7330813e-01 7.7169256e-02 4.2953163e-01
       502 2.1261282e+00 2.7645099e-01 7.9159363e-02 4.2233297e-01
       503 2.1261078e+00 2.7811909e-01 8.0086571e-02 4.2413163e-01
       504 2.1289212e+00 2.7376266e-01 7.7395919e-02 4.1950419e-01
       505 2.1280828e+00 2.7517980e-01 7.8257547e-02 4.1372615e-01
       506 2.1264392e+00 2.7544514e-01 7.8571811e-02 4.1303260e-01
       507 2.1277630e+00 2.7439274e-01 7.7857296e-02 4.1523097e-01
       508 2.1274976e+00 2.7306824e-01 7.7159136e-02 4.1346540e-01
       509 2.1293700e+00 2.7318625e-01 7.7036425e-02 4.0736901e-01
       510 2.1277682e+00 2.7620375e-01 7.8853904e-02 4.0908383e-01
       511 2.1266058e+00 2.7499109e-01 7.8304591e-02 4.0449593e-01
       512 2.1294233e+00 2.7422531e-01 7.7599992e-02 4.0431842e-01
       513 2.1278926e+00 2.7437968e-01 7.7837022e-02 4.0181957e-01
       514 2.1295699e+00 2.7221426e-01 7.6486737e-02 3.9641462e-01
       515 2.1289388e+00 2.7536738e-01 7.8275375e-02 3.9724466e-01
       516 2.1274407e+00 2.7533571e-01 7.8408430e-02 3.8960887e-01
       517 2.1290856e+00 2.7223077e-01 7.6543269e-02 3.8713500e-01
       518 2.1285695e+00 2.7423238e-01 7.7688259e-02 3.8766506e-01
       519 2.1294216e+00 2.7403770e-01 7.7497298e-02 3.9325826e-01
       520 2.1271449e+00 2.7573827e-01 7.8660513e-02 3.8749977e-01
       521 2.1286659e+00 2.7211508e-01 7.6521878e-02 3.8094120e-01
       522 2.1287230e+00 2.7318014e-01 7.7096968e-02 3.7851611e-01
       523 2.1294022e+00 2.7415271e-01 7.7562250e-02 3.7803406e-01
       524 2.1302397e+00 2.7220994e-01 7.6419392e-02 3.7133299e-01
       525 2.1311082e+00 2.7165972e-01 7.6037215e-02 3.7233061e-01
       526 2.1294162e+00 2.7244997e-01 7.6630157e-02 3.7510255e-01
       527 2.1315944e+00 2.7026708e-01 7.5236730e-02 3.6955951e-01
       528 2.1310033e+00 2.7129815e-01 7.5850829e-02 3.7113862e-01
       529 2.1286575e+00 2.7457555e-01 7.7867826e-02 3.6561277e-01
       530 2.1304265e+00 2.7265419e-01 7.6643479e-02 3.6352908e-01
       531 2.1293800e+00 2.7348847e-01 7.7200662e-02 3.6421593e-01
       532 2.1310630e+00 2.7284893e-01 7.6689022e-02 3.6319507e-01
       533 2.1291306e+00 2.7248860e-01 7.6679275e-02 3.5915093e-01
       534 2.1308997e+00 2.7189044e-01 7.6182391e-02 3.5891119e-01
       535 2.1314139e+00 2.7063463e-01 7.5452478e-02 3.5597266e-01
       536 2.1311577e+00 2.7128523e-01 7.5829201e-02 3.5834342e-01
       537 2.1317072e+00 2.7110388e-01 7.5679201e-02 3.5049095e-01
       538 2.1288343e+00 2.7369285e-01 7.7366307e-02 3.4663037e-01
       539 2.1292303e+00 2.7295788e-01 7.6925430e-02 3.5082158e-01
       540 2.1306005e+00 2.7224893e-01 7.6405986e-02 3.5080109e-01
       541 2.1316540e+00 2.6935005e-01 7.4736314e-02 3.4508125e-01
       542 2.1319098e+00 2.7024362e-01 7.5194613e-02 3.4156074e-01
       543 2.1312519e+00 2.7074620e-01 7.5528138e-02 3.4538642e-01
       544 2.1294106e+00 2.7406166e-01 7.7511507e-02 3.4092062e-01
       545 2.1320169e+00 2.7166540e-01 7.5955149e-02 3.3963485e-01
       546 2.1325012e+00 2.7046791e-01 7.5261237e-02 3.3934012e-01
       547 2.1307639e+00 2.7256816e-01 7.6564305e-02 3.3638692e-01
       548 2.1310470e+00 2.7286192e-01 7.6697626e-02 3.3643656e-01
       549 2.1313382e+00 2.7184848e-01 7.6118095e-02 3.3241390e-01
       550 2.1319978e+00 2.6959564e-01 7.4836632e-02 3.2704609e-01
       551 2.1291011e+00 2.7353889e-01 7.7255676e-02 3.2404077e-01
       552 2.1334881e+00 2.6997229e-01 7.4903728e-02 3.2734097e-01
       553 2.1334949e+00 2.6881126e-01 7.4277571e-02 3.2549694e-01
       554 2.1333168e+00 2.7106731e-01 7.5511594e-02 3.1963437e-01
       555 2.1314749e+00 2.7074106e-01 7.5504373e-02 3.2492409e-01
       556 2.1321392e+00 2.7139308e-01 7.5795924e-02 3.2198145e-01
       557 2.1335091e+00 2.6861955e-01 7.4173269e-02 3.2057306e-01
       558 2.1310345e+00 2.7131371e-01 7.5856312e-02 3.1937471e-01
       559 2.1338360e+00 2.6609259e-01 7.2792807e-02 3.1496325e-01
       560 2.1328320e+00 2.6884911e-01 7.4357919e-02 3.1469591e-01
       561 2.1308941e+00 2.7186303e-01 7.6168014e-02 3.1895443e-01
       562 2.1329397e+00 2.6914423e-01 7.4506880e-02 3.1050979e-01
       563 2.1351763e+00 2.6636550e-01 7.2820414e-02 3.0907493e-01
       564 2.1320264e+00 2.7044567e-01 7.5293032e-02 3.0756227e-01
       565 2.1340294e+00 2.6760391e-01 7.3582195e-02 3.0416468e-01
       566 2.1325983e+00 2.6986489e-01 7.4926500e-02 3.0264052e-01
       567 2.1345040e+00 2.6717245e-01 7.3309552e-02 3.0139450e-01
       568 2.1317854e+00 2.6927475e-01 7.4683479e-02 3.0339986e-01
       569 2.1323498e+00 2.6997796e-01 7.5010370e-02 3.0191261e-01
       570 2.1336540e+00 2.6750876e-01 7.3564742e-02 2.9548303e-01
       571 2.1339982e+00 2.6938162e-01 7.4539561e-02 2.9837280e-01
       572 2.1333445e+00 2.7021330e-01 7.5046840e-02 2.8961510e-01
       573 2.1321139e+00 2.7041094e-01 7.5266139e-02 3.0035181e-01
       574 2.1325986e+00 2.7064181e-01 7.5346400e-02 3.0024347e-01
       575 2.1328853e+00 2.6903677e-01 7.4453998e-02 2.9360695e-01
       576 2.1358585e+00 2.6590983e-01 7.2519341e-02 2.8900781e-01
       577 2.1348232e+00 2.6674563e-01 7.3053724e-02 2.9213307e-01
       578 2.1324264e+00 2.7006591e-01 7.5050817e-02 2.9190015e-01
       579 2.1341379e+00 2.6998920e-01 7.4854890e-02 2.9204589e-01
       580 2.1332588e+00 2.7061778e-01 7.5273323e-02 2.8975440e-01
       581 2.1346685e+00 2.6727109e-01 7.3347845e-02 2.8814176e-01
       582 2.1359802e+00 2.6719023e-01 7.3191577e-02 2.8199051e-01
       583 2.1331166e+00 2.7048869e-01 7.5216341e-02 2.8312692e-01
       584 2.1361393e+00 2.6582338e-01 7.2449545e-02 2.8520731e-01
       585 2.1346798e+00 2.6820515e-01 7.3847025e-02 2.8082834e-01
       586 2.1367365e+00 2.6531114e-01 7.2127343e-02 2.7935074e-01
       587 2.1339936e+00 2.6698542e-01 7.3254731e-02 2.7775312e-01
       588 2.1338014e+00 2.6833939e-01 7.3996667e-02 2.7589490e-01
       589 2.1352286e+00 2.6703237e-01 7.3171606e-02 2.7623353e-01
       590 2.1363839e+00 2.6651773e-01 7.2798559e-02 2.7925608e-01
       591 2.1343648e+00 2.6859262e-01 7.4082670e-02 2.7336229e-01
       592 2.1348055e+00 2.6852519e-01 7.4007821e-02 2.7388880e-01
       593 2.1341287e+00 2.6905610e-01 7.4352716e-02 2.7154277e-01
       594 2.1361647e+00 2.6572946e-01 7.2397478e-02 2.6529880e-01
       595 2.1346349e+00 2.7003775e-01 7.4837340e-02 2.7142343e-01
       596 2.1360278e+00 2.6676946e-01 7.2962870e-02 2.6926514e-01
       597 2.1324401e+00 2.6974769e-01 7.4877773e-02 2.6692424e-01
       598 2.1357780e+00 2.6665148e-01 7.2921174e-02 2.6518441e-01
       599 2.1347182e+00 2.6913101e-01 7.4341162e-02 2.6503819e-01
       600 2.1368958e+00 2.6646832e-01 7.2729452e-02 2.6246984e-01
       601 2.1346262e+00 2.6874699e-01 7.4142662e-02 2.5872323e-01
       602 2.1386478e+00 2.6457473e-01 7.1581448e-02 2.6032009e-01
       603 2.1362769e+00 2.6689323e-01 7.3007858e-02 2.5857864e-01
       604 2.1335949e+00 2.6879033e-01 7.4257347e-02 2.6112093e-01
       605 2.1355922e+00 2.6845318e-01 7.3901152e-02 2.6060909e-01
       606 2.1353592e+00 2.6625472e-01 7.2745633e-02 2.5389726e-01
       607 2.1345541e+00 2.6803419e-01 7.3766358e-02 2.5605794e-01
       608 2.1373595e+00 2.6625457e-01 7.2577288e-02 2.5395316e-01
       609 2.1360520e+00 2.6603121e-01 7.2567473e-02 2.5437471e-01
       610 2.1370501e+00 2.6517105e-01 7.2026983e-02 2.4927090e-01
       611 2.1377219e+00 2.6425972e-01 7.1489364e-02 2.4898363e-01
       612 2.1361868e+00 2.6676383e-01 7.2946407e-02 2.5239948e-01
       613 2.1373101e+00 2.6754249e-01 7.3268835e-02 2.5427181e-01
       614 2.1368652e+00 2.6524141e-01 7.2079637e-02 2.5243739e-01
       615 2.1379247e+00 2.6590169e-01 7.2343407e-02 2.5204434e-01
       616 2.1370302e+00 2.6499159e-01 7.1933488e-02 2.4592330e-01
       617 2.1368080e+00 2.6506969e-01 7.1993329e-02 2.4554713e-01
       618 2.1371408e+00 2.6528492e-01 7.2079891e-02 2.4080099e-01
       619 2.1368957e+00 2.6633884e-01 7.2660470e-02 2.4258697e-01
       620 2.1362865e+00 2.6535899e-01 7.2190452e-02 2.4541990e-01
       621 2.1354895e+00 2.6673113e-01 7.2988338e-02 2.4655549e-01
       622 2.1362893e+00 2.6582201e-01 7.2436163e-02 2.4371769e-01
       623 2.1372172e+00 2.6529958e-01 7.2081367e-02 2.3800088e-01
       624 2.1370209e+00 2.6551571e-01 7.2212309e-02 2.3871099e-01
       625 2.1367850e+00 2.6604130e-01 7.2511274e-02 2.3335688e-01
       626 2.1370979e+00 2.6547124e-01 7.2182323e-02 2.4148906e-01
       627 2.1381136e+00 2.6409157e-01 7.1368794e-02 2.3566348e-01
       628 2.1355485e+00 2.6628088e-01 7.2743293e-02 2.4035776e-01
       629 2.1352695e+00 2.6639250e-01 7.2826749e-02 2.3750609e-01
       630 2.1374716e+00 2.6587959e-01 7.2368558e-02 2.3516924e-01
       631 2.1381992e+00 2.6421053e-01 7.1424750e-02 2.3520483e-01
       632 2.1381888e+00 2.6424277e-01 7.1442620e-02 2.3271839e-01
       633 2.1387405e+00 2.6396023e-01 7.1249300e-02 2.3027475e-01
       634 2.1381032e+00 2.6561333e-01 7.2175716e-02 2.3951726e-01
       635 2.1385176e+00 2.6369148e-01 7.1125227e-02 2.3076527e-01
       636 2.1376025e+00 2.6511881e-01 7.1953879e-02 2.3139198e-01
       637 2.1363591e+00 2.6539604e-01 7.2203999e-02 2.3310854e-01
       638 2.1364796e+00 2.6536042e-01 7.2174972e-02 2.3278453e-01
       639 2.1397072e+00 2.6182522e-01 7.0050967e-02 2.2514204e-01
       640 2.1358835e+00 2.6732968e-01 7.3274332e-02 2.2866997e-01
       641 2.1366930e+00 2.6649794e-01 7.2762120e-02 2.3200096e-01
       642 2.1373302e+00 2.6569573e-01 7.2282419e-02 2.2679074e-01
       643 2.1399319e+00 2.6202677e-01 7.0139198e-02 2.2170946e-01
       644 2.1381763e+00 2.6479647e-01 7.1736556e-02 2.2206315e-01
       645 2.1370437e+00 2.6460663e-01 7.1728496e-02 2.2666511e-01
       646 2.1394964e+00 2.6179230e-01 7.0050097e-02 2.2323761e-01
       647 2.1396857e+00 2.6304095e-01 7.0690721e-02 2.2615289e-01
       648 2.1386745e+00 2.6281289e-01 7.0650157e-02 2.1921197e-01
       649 2.1359256e+00 2.6461661e-01 7.1827543e-02 2.2670426e-01
       650 2.1383793e+00 2.6407116e-01 7.1336665e-02 2.2161181e-01
       651 2.1388322e+00 2.6408017e-01 7.1305362e-02 2.2061004e-01
       652 2.1399399e+00 2.6294318e-01 7.0619672e-02 2.2016622e-01
       653 2.1361389e+00 2.6565787e-01 7.2361620e-02 2.2019588e-01
       654 2.1378973e+00 2.6464993e-01 7.1681506e-02 2.2452512e-01
       655 2.1384297e+00 2.6348021e-01 7.1020873e-02 2.1903380e-01
       656 2.1396915e+00 2.6253176e-01 7.0422658e-02 2.1570181e-01
       657 2.1399562e+00 2.6246390e-01 7.0366597e-02 2.1605342e-01
       658 2.1379818e+00 2.6513738e-01 7.1932905e-02 2.1792213e-01
       659 2.1365638e+00 2.6592530e-01 7.2468036e-02 2.2487999e-01
       660 2.1375389e+00 2.6537593e-01 7.2095478e-02 2.1607531e-01
       661 2.1385156e+00 2.6364982e-01 7.1103418e-02 2.1471249e-01
       662 2.1387678e+00 2.6458872e-01 7.1579326e-02 2.1282300e-01
       663 2.1389040e+00 2.6305611e-01 7.0759866e-02 2.1611820e-01
       664 2.1410209e+00 2.6047878e-01 6.9247733e-02 2.1212728e-01
       665 2.1399064e+00 2.6170178e-01 6.9970952e-02 2.1147412e-01
       666 2.1401439e+00 2.6336857e-01 7.0827901e-02 2.1416163e-01
       667 2.1364907e+00 2.6626670e-01 7.2655844e-02 2.1883740e-01
       668 2.1396362e+00 2.6223933e-01 7.0273489e-02 2.1064860e-01
       669 2.1392662e+00 2.6231091e-01 7.0339874e-02 2.0933163e-01
       670 2.1380436e+00 2.6417692e-01 7.1419530e-02 2.1329876e-01
       671 2.1396372e+00 2.6248898e-01 7.0404402e-02 2.1399926e-01
       672 2.1392429e+00 2.6245930e-01 7.0419567e-02 2.0784156e-01
       673 2.1389967e+00 2.6431588e-01 7.1416915e-02 2.0999972e-01
       674 2.1398819e+00 2.6222408e-01 7.0246488e-02 2.0608355e-01
       675 2.1401129e+00 2.6217205e-01 7.0201459e-02 2.0672985e-01
       676 2.1400308e+00 2.6318282e-01 7.0738763e-02 2.0484123e-01
       677 2.1398290e+00 2.6123988e-01 6.9735381e-02 2.0970025e-01
       678 2.1398578e+00 2.6249688e-01 7.0391489e-02 2.0277799e-01
       679 2.1370299e+00 2.6596717e-01 7.2451501e-02 2.0902850e-01
       680 2.1394161e+00 2.6393035e-01 7.1180371e-02 2.0523657e-01
       681 2.1403293e+00 2.6307950e-01 7.0661564e-02 2.1017140e-01
       682 2.1394737e+00 2.6354047e-01 7.0970233e-02 2.0366743e-01
       683 2.1399156e+00 2.6194178e-01 7.0095925e-02 2.0406108e-01
       684 2.1395726e+00 2.6439434e-01 7.1413325e-02 1.9794615e-01
       685 2.1407979e+00 2.6144204e-01 6.9767207e-02 1.9988353e-01
       686 2.1392488e+00 2.6290399e-01 7.0652729e-02 2.0242947e-01
       687 2.1363657e+00 2.6701116e-01 7.3063352e-02 2.1087301e-01
       688 2.1404581e+00 2.6153268e-01 6.9840292e-02 1.9879326e-01
       689 2.1371783e+00 2.6528255e-01 7.2075536e-02 2.0494956e-01
       690 2.1383909e+00 2.6389306e-01 7.1241705e-02 2.0148624e-01
       691 2.1397548e+00 2.6350789e-01 7.0931246e-02 2.0273559e-01
       692 2.1393052e+00 2.6533994e-01 7.1935092e-02 1.9902651e-01
       693 2.1404181e+00 2.6171654e-01 6.9939530e-02 1.9610979e-01
       694 2.1398290e+00 2.6221222e-01 7.0244354e-02 1.9943995e-01
       695 2.1400005e+00 2.6316499e-01 7.0731705e-02 1.9630824e-01
       696 2.1398320e+00 2.6206140e-01 7.0165050e-02 1.9793274e-01
       697 2.1402768e+00 2.6177442e-01 6.9980591e-02 1.9564424e-01
       698 2.1389648e+00 2.6288484e-01 7.0664980e-02 1.9890123e-01
       699 2.1388055e+00 2.6358449e-01 7.1045926e-02 1.9738620e-01
       700 2.1397278e+00 2.6328656e-01 7.0816738e-02 1.9542865e-01
       701 2.1380098e+00 2.6405357e-01 7.1357102e-02 1.9827273e-01
       702 2.1403033e+00 2.6109329e-01 6.9622432e-02 1.9298368e-01
       703 2.1402900e+00 2.6165240e-01 6.9915716e-02 1.9040341e-01
       704 2.1424933e+00 2.6156937e-01 6.9709117e-02 1.9451060e-01
       705 2.1414045e+00 2.6062637e-01 6.9296092e-02 1.8844764e-01
       706 2.1403299e+00 2.6254661e-01 7.0381417e-02 1.9241167e-01
       707 2.1400837e+00 2.6199300e-01 7.0109840e-02 1.9297186e-01
       708 2.1383395e+00 2.6205460e-01 7.0278890e-02 1.9616445e-01
       709 2.1404304e+00 2.6245325e-01 7.0324756e-02 1.9049558e-01
       710 2.1401127e+00 2.6259989e-01 7.0425991e-02 1.9081325e-01
       711 2.1379853e+00 2.6314060e-01 7.0877768e-02 1.9538141e-01
       712 2.1399492e+00 2.6292019e-01 7.0606869e-02 1.9396076e-01
       713 2.1405432e+00 2.6078947e-01 6.9445639e-02 1.9137542e-01
       714 2.1387659e+00 2.6395798e-01 7.1246094e-02 1.9492312e-01
       715 2.1408132e+00 2.6092587e-01 6.9496422e-02 1.9323288e-01
       716 2.1414940e+00 2.6129501e-01 6.9638456e-02 1.8856250e-01
       717 2.1399763e+00 2.6088027e-01 6.9536271e-02 1.8967061e-01
       718 2.1403492e+00 2.6107003e-01 6.9606786e-02 1.9130099e-01
       719 2.1420472e+00 2.6163969e-01 6.9778157e-02 1.9000070e-01
       720 2.1409539e+00 2.6092577e-01 6.9485808e-02 1.9352775e-01
       721 2.1413965e+00 2.6077809e-01 6.9375802e-02 1.8963386e-01
       722 2.1428207e+00 2.6088644e-01 6.9328895e-02 1.8742858e-01
       723 2.1421904e+00 2.6061674e-01 6.9233516e-02 1.8177912e-01
       724 2.1407503e+00 2.6072371e-01 6.9395700e-02 1.8486185e-01
       725 2.1436175e+00 2.5830493e-01 6.7932506e-02 1.8465442e-01
       726 2.1401773e+00 2.6151152e-01 6.9850618e-02 1.8953867e-01
       727 2.1410539e+00 2.6293848e-01 7.0532711e-02 1.8767475e-01
       728 2.1388992e+00 2.6349540e-01 7.0991554e-02 1.8957193e-01
       729 2.1411036e+00 2.6113903e-01 6.9585948e-02 1.8631304e-01
       730 2.1395534e+00 2.6282358e-01 7.0586681e-02 1.9089631e-01
       731 2.1409677e+00 2.6143828e-01 6.9752492e-02 1.8804367e-01
       732 2.1402056e+00 2.6341318e-01 7.0846680e-02 1.8624327e-01
       733 2.1407629e+00 2.6209691e-01 7.0112691e-02 1.8416276e-01
       734 2.1426466e+00 2.6036835e-01 6.9071264e-02 1.8349799e-01
       735 2.1426006e+00 2.6017758e-01 6.8975252e-02 1.8134329e-01
       736 2.1415064e+00 2.5992889e-01 6.8925487e-02 1.8495224e-01
       737 2.1407586e+00 2.6218240e-01 7.0157837e-02 1.8794803e-01
       738 2.1413125e+00 2.6067803e-01 6.9329847e-02 1.8753876e-01
       739 2.1415109e+00 2.6137844e-01 6.9680814e-02 1.8241556e-01
       740 2.1428352e+00 2.5868860e-01 6.8185920e-02 1.7770366e-01
       741 2.1395879e+00 2.6217713e-01 7.0244619e-02 1.8646835e-01
       742 2.1413638e+00 2.6230681e-01 7.0177865e-02 1.8380984e-01
       743 2.1418123e+00 2.6023604e-01 6.9062764e-02 1.8091737e-01
       744 2.1403356e+00 2.6342614e-01 7.0843595e-02 1.8628450e-01
       745 2.1433933e+00 2.5773965e-01 6.7656454e-02 1.8284321e-01
       746 2.1402621e+00 2.6142186e-01 6.9797251e-02 1.7899937e-01
       747 2.1405885e+00 2.6159124e-01 6.9861036e-02 1.8598649e-01
       748 2.1420620e+00 2.5897572e-01 6.8390173e-02 1.7894057e-01
       749 2.1385875e+00 2.6425114e-01 7.1415129e-02 1.8647151e-01
       750 2.1407596e+00 2.6222219e-01 7.0178623e-02 1.8101335e-01
       751 2.1410381e+00 2.6056169e-01 6.9289647e-02 1.8123100e-01
       752 2.1413391e+00 2.5880894e-01 6.8356904e-02 1.7906351e-01
       753 2.1407152e+00 2.6078393e-01 6.9429755e-02 1.8377161e-01
       754 2.1408214e+00 2.6378601e-01 7.0996560e-02 1.7805496e-01
       755 2.1407219e+00 2.6154882e-01 6.9828772e-02 1.8425174e-01
       756 2.1424758e+00 2.5981970e-01 6.8798106e-02 1.8061646e-01
       757 2.1420770e+00 2.6050993e-01 6.9186085e-02 1.7702276e-01
       758 2.1418571e+00 2.5997965e-01 6.8926109e-02 1.8113383e-01
       759 2.1427342e+00 2.5824216e-01 6.7962338e-02 1.7116365e-01
       760 2.1427828e+00 2.5740794e-01 6.7528709e-02 1.7643958e-01
       761 2.1415815e+00 2.6022997e-01 6.9076560e-02 1.7759448e-01
       762 2.1415731e+00 2.6029009e-01 6.9108471e-02 1.7822019e-01
       763 2.1428703e+00 2.5873894e-01 6.8209473e-02 1.7377917e-01
       764 2.1400194e+00 2.6151956e-01 6.9866923e-02 1.8186558e-01
       765 2.1417998e+00 2.6126030e-01 6.9597830e-02 1.7714355e-01
       766 2.1413756e+00 2.6009062e-01 6.9019265e-02 1.7944348e-01
       767 2.1414315e+00 2.6089921e-01 6.9436394e-02 1.7755212e-01
       768 2.1433190e+00 2.5813082e-01 6.7863452e-02 1.7564172e-01
       769 2.1389782e+00 2.6315411e-01 7.0805571e-02 1.7943414e-01
       770 2.1423824e+00 2.5938541e-01 6.8579347e-02 1.8030393e-01
       771 2.1412107e+00 2.5963437e-01 6.8794383e-02 1.7764034e-01
       772 2.1417541e+00 2.6041006e-01 6.9157638e-02 1.7833813e-01
       773 2.1414858e+00 2.6084961e-01 6.9406496e-02 1.7685727e-01
       774 2.1422013e+00 2.5877529e-01 6.8276294e-02 1.7323591e-01
       775 2.1421383e+00 2.6018857e-01 6.9014302e-02 1.7351060e-01
       776 2.1417670e+00 2.6058326e-01 6.9246921e-02 1.7714752e-01
       777 2.1426660e+00 2.5836883e-01 6.8032649e-02 1.7304163e-01
       778 2.1437726e+00 2.5831837e-01 6.7928676e-02 1.7704178e-01
       779 2.1420868e+00 2.5882324e-01 6.8309413e-02 1.7653199e-01
       780 2.1428983e+00 2.5941952e-01 6.8560134e-02 1.7538515e-01
       781 2.1428492e+00 2.5818168e-01 6.7922918e-02 1.7511965e-01
       782 2.1423337e+00 2.6041002e-01 6.9115448e-02 1.7087496e-01
       783 2.1418615e+00 2.6018776e-01 6.9034040e-02 1.7355736e-01
       784 2.1409569e+00 2.6112302e-01 6.9588559e-02 1.7170781e-01
       785 2.1417875e+00 2.5992209e-01 6.8901276e-02 1.7158730e-01
       786 2.1428892e+00 2.5880684e-01 6.8243273e-02 1.7373301e-01
       787 2.1423746e+00 2.5964301e-01 6.8713610e-02 1.7190269e-01
       788 2.1422051e+00 2.5818769e-01 6.7972248e-02 1.7363849e-01
       789 2.1399601e+00 2.6123151e-01 6.9720903e-02 1.7570995e-01
       790 2.1423960e+00 2.5952040e-01 6.8648417e-02 1.7282269e-01
       791 2.1426953e+00 2.6006191e-01 6.8908301e-02 1.7430800e-01
       792 2.1432769e+00 2.5827634e-01 6.7941556e-02 1.7010155e-01
       793 2.1429784e+00 2.5945098e-01 6.8570772e-02 1.7297515e-01
       794 2.1432491e+00 2.5886950e-01 6.8250263e-02 1.6932786e-01
       795 2.1435230e+00 2.5900572e-01 6.8301621e-02 1.6992935e-01
       796 2.1401063e+00 2.6211786e-01 7.0173553e-02 1.7498984e-01
       797 2.1436021e+00 2.5858233e-01 6.8076959e-02 1.7125092e-01
       798 2.1415630e+00 2.5883415e-01 6.8353402e-02 1.7096663e-01
       799 2.1405829e+00 2.6051602e-01 6.9300085e-02 1.7589891e-01
       800 2.1414224e+00 2.5982305e-01 6.8876687e-02 1.7662704e-01
       801 2.1421802e+00 2.5880360e-01 6.8292469e-02 1.7504552e-01
       802 2.1432639e+00 2.5835462e-01 6.7982909e-02 1.6929880e-01
       803 2.1425387e+00 2.5910090e-01 6.8420594e-02 1.7114510e-01
       804 2.1420440e+00 2.5983562e-01 6.8837610e-02 1.7078472e-01
       805 2.1433550e+00 2.5964037e-01 6.8642524e-02 1.7120038e-01
       806 2.1440312e+00 2.5636656e-01 6.6906259e-02 1.6904509e-01
       807 2.1412583e+00 2.5997095e-01 6.8965732e-02 1.7052904e-01
       808 2.1423413e+00 2.5962930e-01 6.8708897e-02 1.7272316e-01
       809 2.1433905e+00 2.5803605e-01 6.7809525e-02 1.6993062e-01
       810 2.1425290e+00 2.5903932e-01 6.8389383e-02 1.7045750e-01
       811 2.1427794e+00 2.5786958e-01 6.7766826e-02 1.6780013e-01
       812 2.1422913e+00 2.5988813e-01 6.8846973e-02 1.7055795e-01
       813 2.1417454e+00 2.6064052e-01 6.9278356e-02 1.6600528e-01
       814 2.1424073e+00 2.5913118e-01 6.8445733e-02 1.6852340e-01
       815 2.1412921e+00 2.5929892e-01 6.8614256e-02 1.7245370e-01
       816 2.1447554e+00 2.5704895e-01 6.7207325e-02 1.6742721e-01
       817 2.1415128e+00 2.5920920e-01 6.8551394e-02 1.6853698e-01
       818 2.1428330e+00 2.5860565e-01 6.8143167e-02 1.6909121e-01
       819 2.1434372e+00 2.5673367e-01 6.7135826e-02 1.6595646e-01
       820 2.1449495e+00 2.5781446e-01 6.7588431e-02 1.6872074e-01
       821 2.1443662e+00 2.5590911e-01 6.6648987e-02 1.6594830e-01
       822 2.1428230e+00 2.5899423e-01 6.8345011e-02 1.6845267e-01
       823 2.1432123e+00 2.5784137e-01 6.7721609e-02 1.6856081e-01
       824 2.1423291e+00 2.5978192e-01 6.8789049e-02 1.6569908e-01
       825 2.1409563e+00 2.6031597e-01 6.9167778e-02 1.7182154e-01
       826 2.1426535e+00 2.5799782e-01 6.7841970e-02 1.6583374e-01
       827 2.1444442e+00 2.5676858e-01 6.7084316e-02 1.6777505e-01
       828 2.1448046e+00 2.5773259e-01 6.7555944e-02 1.6245760e-01
       829 2.1419932e+00 2.5683080e-01 6.7288821e-02 1.7194048e-01
       830 2.1428562e+00 2.5852012e-01 6.8097288e-02 1.6545320e-01
       831 2.1421574e+00 2.5895763e-01 6.8373877e-02 1.6714061e-01
       832 2.1429283e+00 2.5852359e-01 6.8093956e-02 1.6667821e-01
       833 2.1426414e+00 2.5945159e-01 6.8595084e-02 1.6846825e-01
       834 2.1424225e+00 2.5751434e-01 6.7609306e-02 1.6507190e-01
       835 2.1416850e+00 2.5829876e-01 6.8067557e-02 1.6844294e-01
       836 2.1436599e+00 2.5865614e-01 6.8111122e-02 1.6308416e-01
       837 2.1439826e+00 2.5553430e-01 6.6483571e-02 1.6521945e-01
       838 2.1428610e+00 2.5877628e-01 6.8229459e-02 1.6551747e-01
       839 2.1433660e+00 2.5694313e-01 6.7248410e-02 1.6570623e-01
       840 2.1439703e+00 2.5623404e-01 6.6842523e-02 1.6264590e-01
       841 2.1418801e+00 2.6067095e-01 6.9284356e-02 1.7088237e-01
       842 2.1426820e+00 2.5711944e-01 6.7387459e-02 1.6912662e-01
       843 2.1415791e+00 2.5892630e-01 6.8399922e-02 1.6432159e-01
       844 2.1436573e+00 2.5627757e-01 6.6886492e-02 1.6255155e-01
       845 2.1444287e+00 2.5619483e-01 6.6791055e-02 1.6463942e-01
       846 2.1442714e+00 2.5592501e-01 6.6663599e-02 1.6499041e-01
       847 2.1418420e+00 2.6009843e-01 6.8988993e-02 1.6423993e-01
       848 2.1432261e+00 2.5694979e-01 6.7261656e-02 1.6542652e-01
       849 2.1413516e+00 2.6147283e-01 6.9741954e-02 1.6670405e-01
       850 2.1417192e+00 2.5922402e-01 6.8543885e-02 1.6752789e-01
       851 2.1433737e+00 2.5653525e-01 6.7038434e-02 1.6443793e-01
       852 2.1422570e+00 2.5798628e-01 6.7864532e-02 1.6400216e-01
       853 2.1436928e+00 2.5782005e-01 6.7677010e-02 1.6502081e-01
       854 2.1421353e+00 2.5954012e-01 6.8677500e-02 1.6545941e-01
       855 2.1426835e+00 2.5868997e-01 6.8197447e-02 1.6433991e-01
       856 2.1431158e+00 2.5778602e-01 6.7699867e-02 1.6327636e-01
       857 2.1425135e+00 2.5858628e-01 6.8155995e-02 1.6750043e-01
       858 2.1449305e+00 2.5606067e-01 6.6688469e-02 1.5924744e-01
       859 2.1423417e+00 2.5716920e-01 6.7437488e-02 1.6305756e-01
       860 2.1433347e+00 2.5856050e-01 6.8084363e-02 1.6396525e-01
       861 2.1414921e+00 2.5945126e-01 6.8678470e-02 1.6598862e-01
       862 2.1449117e+00 2.5531514e-01 6.6308484e-02 1.6041927e-01
       863 2.1445728e+00 2.5532889e-01 6.6338329e-02 1.6417820e-01
       864 2.1430623e+00 2.5803124e-01 6.7830141e-02 1.6831897e-01
       865 2.1433294e+00 2.5784142e-01 6.7713403e-02 1.5975981e-01
       866 2.1432860e+00 2.5837356e-01 6.7991147e-02 1.6632943e-01
       867 2.1442612e+00 2.5543600e-01 6.6414231e-02 1.6766036e-01
       868 2.1439956e+00 2.5698136e-01 6.7224316e-02 1.5958587e-01
       869 2.1445716e+00 2.5658670e-01 6.6982304e-02 1.5924695e-01
       870 2.1434997e+00 2.5709488e-01 6.7317052e-02 1.6568745e-01
       871 2.1452150e+00 2.5419896e-01 6.5719541e-02 1.5711534e-01
       872 2.1451398e+00 2.5450150e-01 6.5878441e-02 1.6205390e-01
       873 2.1438388e+00 2.5595066e-01 6.6706454e-02 1.6079472e-01
       874 2.1443790e+00 2.5478621e-01 6.6074660e-02 1.6078015e-01
       875 2.1438214e+00 2.5576354e-01 6.6611907e-02 1.6143442e-01
       876 2.1452480e+00 2.5377340e-01 6.5501180e-02 1.5648261e-01
       877 2.1439382e+00 2.5762778e-01 6.7560924e-02 1.6460223e-01
       878 2.1439084e+00 2.5682673e-01 6.7150876e-02 1.6063849e-01
       879 2.1425033e+00 2.5821437e-01 6.7964523e-02 1.6453186e-01
       880 2.1452257e+00 2.5597018e-01 6.6622458e-02 1.5843205e-01
       881 2.1423815e+00 2.5664725e-01 6.7166435e-02 1.6291451e-01
       882 2.1428415e+00 2.5772238e-01 6.7686506e-02 1.6177621e-01
       883 2.1412551e+00 2.5980849e-01 6.8881525e-02 1.6709595e-01
       884 2.1430383e+00 2.5878021e-01 6.8218915e-02 1.6405510e-01
       885 2.1450895e+00 2.5485396e-01 6.6061326e-02 1.5908989e-01
       886 2.1437029e+00 2.5681562e-01 6.7159392e-02 1.6113087e-01
       887 2.1429577e+00 2.5661098e-01 6.7106622e-02 1.6513696e-01
       888 2.1439483e+00 2.5484616e-01 6.6134716e-02 1.6407587e-01
       889 2.1444357e+00 2.5557412e-01 6.6472922e-02 1.5937769e-01
       890 2.1419529e+00 2.5806382e-01 6.7926636e-02 1.6426724e-01
       891 2.1425827e+00 2.5715172e-01 6.7411171e-02 1.6276904e-01
       892 2.1446331e+00 2.5477151e-01 6.6049934e-02 1.5889086e-01
       893 2.1448763e+00 2.5490620e-01 6.6102206e-02 1.6020118e-01
       894 2.1456097e+00 2.5442260e-01 6.5807237e-02 1.5761400e-01
       895 2.1423198e+00 2.5662482e-01 6.7159368e-02 1.6163304e-01
       896 2.1448666e+00 2.5639170e-01 6.6862398e-02 1.5996529e-01
       897 2.1444423e+00 2.5580833e-01 6.6592240e-02 1.6316617e-01
       898 2.1420104e+00 2.5737871e-01 6.7569307e-02 1.6630556e-01
       899 2.1445396e+00 2.5618087e-01 6.6776375e-02 1.5716626e-01
       900 2.1444619e+00 2.5605350e-01 6.6716410e-02 1.5800635e-01
       901 2.1441805e+00 2.5664415e-01 6.7038417e-02 1.5796270e-01
       902 2.1456443e+00 2.5399097e-01 6.5585522e-02 1.5399507e-01
       903 2.1431810e+00 2.5671762e-01 6.7145578e-02 1.6154443e-01
       904 2.1467446e+00 2.5306001e-01 6.5042565e-02 1.5908136e-01
       905 2.1434297e+00 2.5719004e-01 6.7370892e-02 1.6004445e-01
       906 2.1450986e+00 2.5462322e-01 6.5943164e-02 1.5752579e-01
       907 2.1415878e+00 2.5953503e-01 6.8714885e-02 1.6261704e-01
       908 2.1459108e+00 2.5430835e-01 6.5729451e-02 1.5651591e-01
       909 2.1432798e+00 2.5634267e-01 6.6946251e-02 1.6025021e-01
       910 2.1444857e+00 2.5581516e-01 6.6592788e-02 1.5756160e-01
       911 2.1451002e+00 2.5402789e-01 6.5640239e-02 1.6238618e-01
       912 2.1450097e+00 2.5483876e-01 6.6058899e-02 1.5779715e-01
       913 2.1415547e+00 2.5879376e-01 6.8333104e-02 1.6631965e-01
       914 2.1432494e+00 2.5593902e-01 6.6741602e-02 1.6290449e-01
       915 2.1449814e+00 2.5475612e-01 6.6018677e-02 1.5713815e-01
       916 2.1427541e+00 2.5781190e-01 6.7738882e-02 1.6070273e-01
       917 2.1421797e+00 2.5588192e-01 6.6788766e-02 1.5856137e-01
       918 2.1449521e+00 2.5529531e-01 6.6295655e-02 1.5833030e-01
       919 2.1450966e+00 2.5245752e-01 6.4845107e-02 1.5309336e-01
       920 2.1447722e+00 2.5451150e-01 6.5908138e-02 1.5599575e-01
       921 2.1441739e+00 2.5642202e-01 6.6924902e-02 1.5635827e-01
       922 2.1425091e+00 2.5732136e-01 6.7503727e-02 1.6194466e-01
       923 2.1436181e+00 2.5735590e-01 6.7443081e-02 1.5893055e-01
       924 2.1445288e+00 2.5417801e-01 6.5754930e-02 1.5920687e-01
       925 2.1444903e+00 2.5391896e-01 6.5625925e-02 1.5584361e-01
       926 2.1434752e+00 2.5642303e-01 6.6973762e-02 1.6014195e-01
       927 2.1445352e+00 2.5385707e-01 6.5591451e-02 1.5716573e-01
       928 2.1449076e+00 2.5469154e-01 6.5990719e-02 1.5357724e-01
       929 2.1440015e+00 2.5517798e-01 6.6300292e-02 1.5804771e-01
       930 2.1461676e+00 2.5288027e-01 6.4988515e-02 1.5583492e-01
       931 2.1448392e+00 2.5310126e-01 6.5187773e-02 1.5575408e-01
       932 2.1460182e+00 2.5241873e-01 6.4764954e-02 1.5236662e-01
       933 2.1453073e+00 2.5433000e-01 6.5780064e-02 1.5636371e-01
       934 2.1451053e+00 2.5471021e-01 6.5987022e-02 1.5684355e-01
       935 2.1440429e+00 2.5330744e-01 6.5346305e-02 1.5762852e-01
       936 2.1452983e+00 2.5342693e-01 6.5322111e-02 1.6113445e-01
       937 2.1461728e+00 2.5137779e-01 6.4230542e-02 1.5462515e-01
       938 2.1445854e+00 2.5414050e-01 6.5732034e-02 1.5730862e-01
       939 2.1465135e+00 2.5225608e-01 6.4651019e-02 1.5768627e-01
       940 2.1439541e+00 2.5524426e-01 6.6337386e-02 1.5753409e-01
       941 2.1427018e+00 2.5610101e-01 6.6863366e-02 1.5992998e-01
       942 2.1464051e+00 2.5288677e-01 6.4976540e-02 1.5452407e-01
       943 2.1436927e+00 2.5489373e-01 6.6176655e-02 1.5478140e-01
       944 2.1438208e+00 2.5550383e-01 6.6479166e-02 1.5045454e-01
       945 2.1429123e+00 2.5736271e-01 6.7496210e-02 1.5785661e-01
       946 2.1429160e+00 2.5419266e-01 6.5874297e-02 1.5977618e-01
       947 2.1426606e+00 2.5667566e-01 6.7160983e-02 1.5760637e-01
       948 2.1464284e+00 2.5232464e-01 6.4691049e-02 1.5313663e-01
       949 2.1459379e+00 2.5112621e-01 6.4119325e-02 1.5425214e-01
       950 2.1444502e+00 2.5395083e-01 6.5644825e-02 1.5399188e-01
       951 2.1431063e+00 2.5746844e-01 6.7536908e-02 1.5499554e-01
       952 2.1454988e+00 2.5353333e-01 6.5362813e-02 1.5386081e-01
       953 2.1443438e+00 2.5504014e-01 6.6206518e-02 1.5731325e-01
       954 2.1450774e+00 2.5202233e-01 6.4626840e-02 1.5706355e-01
       955 2.1456576e+00 2.5409696e-01 6.5638503e-02 1.5310548e-01
       956 2.1440152e+00 2.5429201e-01 6.5847974e-02 1.5714045e-01
       957 2.1437894e+00 2.5630542e-01 6.6891603e-02 1.5797404e-01
       958 2.1431525e+00 2.5535951e-01 6.6452126e-02 1.5859319e-01
       959 2.1443285e+00 2.5409724e-01 6.5727494e-02 1.5037410e-01
       960 2.1455936e+00 2.5307730e-01 6.5125556e-02 1.5528067e-01
       961 2.1453375e+00 2.5296977e-01 6.5088014e-02 1.5373515e-01
       962 2.1444372e+00 2.5392577e-01 6.5632985e-02 1.5294340e-01
       963 2.1439246e+00 2.5448291e-01 6.5951341e-02 1.5401046e-01
       964 2.1447388e+00 2.5371506e-01 6.5505618e-02 1.5030386e-01
       965 2.1452640e+00 2.5295117e-01 6.5083473e-02 1.4720639e-01
       966 2.1453444e+00 2.5370074e-01 6.5457919e-02 1.4856210e-01
       967 2.1449605e+00 2.5304017e-01 6.5148726e-02 1.5064890e-01
       968 2.1434231e+00 2.5410537e-01 6.5794173e-02 1.5838703e-01
       969 2.1450718e+00 2.5256351e-01 6.4900292e-02 1.5602562e-01
       970 2.1444689e+00 2.5404283e-01 6.5690296e-02 1.5582390e-01
       971 2.1451281e+00 2.5389501e-01 6.5570884e-02 1.5354570e-01
       972 2.1450616e+00 2.5255172e-01 6.4895014e-02 1.5231182e-01
       973 2.1449833e+00 2.5343651e-01 6.5347935e-02 1.5174137e-01
       974 2.1453534e+00 2.5255617e-01 6.4877885e-02 1.5131349e-01
       975 2.1457763e+00 2.5312776e-01 6.5139138e-02 1.4852632e-01
       976 2.1434965e+00 2.5615837e-01 6.6836614e-02 1.5626729e-01
       977 2.1436812e+00 2.5375459e-01 6.5598029e-02 1.6018871e-01
       978 2.1462618e+00 2.5089475e-01 6.3982193e-02 1.4616905e-01
       979 2.1433666e+00 2.5409709e-01 6.5793924e-02 1.5582327e-01
       980 2.1459756e+00 2.5142137e-01 6.4265209e-02 1.5016557e-01
       981 2.1451086e+00 2.5421124e-01 6.5732862e-02 1.4807807e-01
       982 2.1447411e+00 2.5216588e-01 6.4721758e-02 1.5480189e-01
       983 2.1472578e+00 2.5141365e-01 6.4179776e-02 1.5498791e-01
       984 2.1455033e+00 2.5318647e-01 6.5186760e-02 1.4952228e-01
       985 2.1451922e+00 2.5224844e-01 6.4733221e-02 1.5638897e-01
       986 2.1462234e+00 2.5145721e-01 6.4267214e-02 1.4886859e-01
       987 2.1448972e+00 2.5211302e-01 6.4684609e-02 1.5320959e-01
       988 2.1457628e+00 2.5224769e-01 6.4695254e-02 1.5055634e-01
       989 2.1455920e+00 2.5090926e-01 6.4032998e-02 1.5034672e-01
       990 2.1444104e+00 2.5435050e-01 6.5850690e-02 1.5470401e-01
       991 2.1459489e+00 2.5114322e-01 6.4127151e-02 1.5078272e-01
       992 2.1443036e+00 2.5244594e-01 6.4892735e-02 1.5476483e-01
       993 2.1442221e+00 2.5281055e-01 6.5082523e-02 1.5452994e-01
       994 2.1443775e+00 2.5322312e-01 6.5280694e-02 1.5233206e-01
       995 2.1438671e+00 2.5379722e-01 6.5606786e-02 1.5206580e-01
       996 2.1445697e+00 2.5276254e-01 6.5034600e-02 1.5650754e-01
       997 2.1439392e+00 2.5319438e-01 6.5296175e-02 1.5509023e-01
       998 2.1465155e+00 2.5011690e-01 6.3576226e-02 1.4735819e-01
       999 2.1449249e+00 2.5316266e-01 6.5213108e-02 1.5190147e-01
      1000 2.1447408e+00 2.5329823e-01 6.5294140e-02 1.5042284e-01

Final Weights:         0.4906235470         0.2699496797        -0.3073294058        -0.4477595029 