# Cycles, Average Predicted Temperature, Stddev Predicted Temperature, Mean Squared Error, || MSE Gradient ||
         0 3.1284891e-01 1.9251751e-01 4.4155670e+00 9.1244301e+00
         1 3.3436790e-01 2.0138353e-01 4.3294660e+00 9.3298179e+00
         2 3.5577190e-01 2.1090365e-01 4.2451951e+00 9.5187372e+00
         3 3.7972084e-01 2.2095949e-01 4.1519416e+00 9.7367848e+00
         4 4.0448708e-01 2.3114034e-01 4.0568240e+00 9.9142871e+00
         5 4.3078908e-01 2.4199749e-01 3.9574000e+00 1.0073579e+01
         6 4.5807626e-01 2.5296833e-01 3.8558152e+00 1.0200034e+01
         7 4.8723811e-01 2.6454777e-01 3.7490867e+00 1.0340057e+01
         8 5.1550266e-01 2.7641830e-01 3.6478788e+00 1.0435283e+01
         9 5.4755845e-01 2.8877890e-01 3.5347323e+00 1.0544485e+01
        10 5.7926599e-01 3.0145430e-01 3.4254080e+00 1.0608898e+01
        11 6.1152244e-01 3.1454946e-01 3.3167100e+00 1.0658827e+01
        12 6.4787179e-01 3.2669138e-01 3.1954092e+00 1.0709037e+01
        13 6.8347985e-01 3.4078880e-01 3.0809271e+00 1.0733287e+01
        14 7.2006602e-01 3.5530381e-01 2.9663772e+00 1.0729342e+01
        15 7.5748347e-01 3.6837467e-01 2.8511193e+00 1.0692336e+01
        16 7.9582062e-01 3.8264970e-01 2.7369620e+00 1.0657620e+01
        17 8.3428787e-01 3.9683195e-01 2.6256692e+00 1.0599015e+01
        18 8.7411243e-01 4.1037303e-01 2.5130530e+00 1.0510096e+01
        19 9.1343591e-01 4.2400231e-01 2.4055451e+00 1.0401166e+01
        20 9.5694198e-01 4.3781890e-01 2.2895319e+00 1.0285690e+01
        21 9.9602280e-01 4.5165339e-01 2.1901557e+00 1.0144075e+01
        22 1.0367159e+00 4.6413267e-01 2.0885413e+00 9.9848353e+00
        23 1.0787426e+00 4.7799788e-01 1.9883332e+00 9.8130773e+00
        24 1.1206191e+00 4.8990768e-01 1.8905082e+00 9.6178449e+00
        25 1.1598140e+00 5.0285867e-01 1.8041930e+00 9.4131999e+00
        26 1.2014224e+00 5.1388078e-01 1.7134824e+00 9.2007753e+00
        27 1.2399943e+00 5.2576624e-01 1.6344525e+00 8.9827361e+00
        28 1.2825599e+00 5.3435147e-01 1.5461587e+00 8.7421158e+00
        29 1.3189637e+00 5.4569815e-01 1.4779922e+00 8.5166586e+00
        30 1.3572329e+00 5.5456032e-01 1.4060581e+00 8.2815516e+00
        31 1.3975509e+00 5.6320863e-01 1.3328356e+00 8.0238409e+00
        32 1.4324063e+00 5.7270781e-01 1.2745874e+00 7.7826400e+00
        33 1.4682773e+00 5.7950080e-01 1.2139009e+00 7.5416798e+00
        34 1.5041591e+00 5.8565030e-01 1.1551068e+00 7.3018742e+00
        35 1.5364792e+00 5.9291779e-01 1.1064644e+00 7.0593563e+00
        36 1.5713850e+00 5.9773768e-01 1.0527653e+00 6.8283824e+00
        37 1.6026561e+00 6.0266594e-01 1.0075020e+00 6.6059716e+00
        38 1.6323229e+00 6.0831102e-01 9.6759224e-01 6.3829069e+00
        39 1.6603052e+00 6.1075451e-01 9.2809267e-01 6.1814357e+00
        40 1.6890875e+00 6.1345476e-01 8.8933930e-01 5.9679624e+00
        41 1.7156589e+00 6.1593120e-01 8.5502630e-01 5.7730378e+00
        42 1.7403910e+00 6.1914230e-01 8.2548957e-01 5.5930144e+00
        43 1.7670381e+00 6.1972608e-01 7.9148518e-01 5.4036710e+00
        44 1.7942013e+00 6.2039514e-01 7.5837625e-01 5.2058127e+00
        45 1.8143110e+00 6.1886504e-01 7.3230499e-01 5.0710852e+00
        46 1.8349880e+00 6.2034315e-01 7.1012295e-01 4.9231255e+00
        47 1.8566457e+00 6.1904216e-01 6.8427475e-01 4.7659802e+00
        48 1.8729045e+00 6.1810892e-01 6.6554235e-01 4.6431965e+00
        49 1.8944153e+00 6.1772011e-01 6.4261848e-01 4.5037925e+00
        50 1.9112358e+00 6.1468616e-01 6.2197453e-01 4.3774244e+00
        51 1.9270303e+00 6.1427355e-01 6.0610880e-01 4.2627872e+00
        52 1.9462298e+00 6.1132603e-01 5.8449843e-01 4.1405552e+00
        53 1.9587737e+00 6.0823893e-01 5.6937287e-01 4.0476237e+00
        54 1.9750008e+00 6.0469536e-01 5.5084523e-01 3.9360925e+00
        55 1.9897157e+00 6.0393202e-01 5.3747448e-01 3.8384903e+00
        56 2.0023468e+00 5.9914932e-01 5.2138058e-01 3.7538951e+00
        57 2.0143656e+00 5.9489792e-01 5.0676170e-01 3.6642430e+00
        58 2.0297563e+00 5.9167486e-01 4.9113960e-01 3.5811974e+00
        59 2.0372518e+00 5.8720800e-01 4.8029952e-01 3.5209200e+00
        60 2.0485725e+00 5.8523855e-01 4.6978466e-01 3.4346368e+00
        61 2.0582171e+00 5.8206527e-01 4.5929178e-01 3.3517740e+00
        62 2.0681246e+00 5.7708605e-01 4.4674012e-01 3.3004819e+00
        63 2.0766239e+00 5.7410100e-01 4.3764392e-01 3.2341273e+00
        64 2.0835949e+00 5.6911017e-01 4.2740401e-01 3.1778465e+00
        65 2.0911419e+00 5.6567379e-01 4.1870504e-01 3.1138181e+00
        66 2.1015869e+00 5.6218533e-01 4.0831610e-01 3.0533555e+00
        67 2.1090883e+00 5.5606652e-01 3.9697295e-01 2.9971580e+00
        68 2.1167735e+00 5.5462601e-01 3.9087860e-01 2.9418766e+00
        69 2.1237467e+00 5.4848037e-01 3.8012346e-01 2.8828740e+00
        70 2.1292551e+00 5.4498960e-01 3.7323459e-01 2.8342136e+00
        71 2.1364136e+00 5.4145767e-01 3.6549592e-01 2.7849359e+00
        72 2.1455154e+00 5.3605817e-01 3.5486534e-01 2.7278684e+00
        73 2.1504705e+00 5.3191793e-01 3.4789330e-01 2.6918242e+00
        74 2.1542342e+00 5.2922732e-01 3.4313391e-01 2.6433150e+00
        75 2.1615373e+00 5.2338243e-01 3.3336717e-01 2.5893304e+00
        76 2.1657705e+00 5.1870139e-01 3.2644298e-01 2.5577460e+00
        77 2.1726562e+00 5.1547672e-01 3.1985635e-01 2.5095012e+00
        78 2.1746206e+00 5.1127588e-01 3.1463282e-01 2.4693281e+00
        79 2.1810588e+00 5.0790033e-01 3.0826321e-01 2.4256109e+00
        80 2.1828842e+00 5.0529933e-01 3.0481240e-01 2.3895074e+00
        81 2.1894296e+00 5.0002520e-01 2.9664097e-01 2.3521187e+00
        82 2.1926718e+00 4.9760227e-01 2.9283428e-01 2.3167603e+00
        83 2.1948762e+00 4.9410522e-01 2.8843347e-01 2.2785444e+00
        84 2.2031735e+00 4.8889154e-01 2.7988481e-01 2.2321588e+00
        85 2.2036112e+00 4.8607755e-01 2.7696445e-01 2.2014414e+00
        86 2.2100943e+00 4.8114966e-01 2.6962449e-01 2.1698777e+00
        87 2.2092868e+00 4.7981133e-01 2.6865438e-01 2.1383140e+00
        88 2.2167509e+00 4.7474351e-01 2.6094592e-01 2.0963234e+00
        89 2.2191210e+00 4.7166373e-01 2.5714286e-01 2.0615004e+00
        90 2.2240958e+00 4.6778206e-01 2.5166823e-01 2.0372778e+00
        91 2.2252305e+00 4.6557087e-01 2.4919438e-01 1.9966812e+00
        92 2.2278090e+00 4.6150535e-01 2.4450320e-01 1.9763145e+00
        93 2.2292013e+00 4.5896986e-01 2.4167690e-01 1.9426361e+00
        94 2.2328251e+00 4.5723163e-01 2.3882093e-01 1.9183345e+00
        95 2.2346867e+00 4.5413470e-01 2.3535967e-01 1.8844432e+00
        96 2.2363644e+00 4.5100840e-01 2.3196014e-01 1.8531718e+00
        97 2.2411742e+00 4.4781246e-01 2.2748523e-01 1.8287894e+00
        98 2.2438930e+00 4.4434897e-01 2.2350997e-01 1.7947284e+00
        99 2.2427843e+00 4.4399668e-01 2.2355625e-01 1.7753173e+00
       100 2.2469446e+00 4.3990331e-01 2.1860289e-01 1.7425696e+00
       101 2.2509640e+00 4.3558095e-01 2.1356163e-01 1.7177031e+00
       102 2.2526548e+00 4.3489931e-01 2.1244909e-01 1.6975386e+00
       103 2.2534285e+00 4.3032486e-01 2.0825549e-01 1.6635561e+00
       104 2.2545186e+00 4.3093554e-01 2.0845144e-01 1.6474437e+00
       105 2.2562100e+00 4.2755420e-01 2.0504129e-01 1.6286163e+00
       106 2.2606732e+00 4.2509527e-01 2.0163344e-01 1.5974124e+00
       107 2.2605477e+00 4.2233310e-01 1.9932902e-01 1.5737960e+00
       108 2.2658393e+00 4.1850499e-01 1.9460588e-01 1.5505502e+00
       109 2.2665789e+00 4.1618937e-01 1.9246726e-01 1.5311833e+00
       110 2.2639260e+00 4.1719899e-01 1.9405190e-01 1.5037155e+00
       111 2.2679020e+00 4.1366718e-01 1.9000875e-01 1.4913009e+00
       112 2.2707348e+00 4.1175455e-01 1.8765940e-01 1.4672772e+00
       113 2.2744555e+00 4.0666274e-01 1.8250440e-01 1.4477623e+00
       114 2.2724099e+00 4.0732830e-01 1.8358581e-01 1.4272835e+00
       115 2.2729793e+00 4.0774166e-01 1.8377166e-01 1.4037738e+00
       116 2.2778268e+00 4.0239212e-01 1.7817812e-01 1.3874669e+00
       117 2.2773445e+00 4.0206847e-01 1.7804099e-01 1.3635166e+00
       118 2.2790131e+00 4.0016900e-01 1.7609281e-01 1.3387474e+00
       119 2.2804904e+00 3.9788400e-01 1.7389821e-01 1.3195094e+00
       120 2.2840484e+00 3.9450618e-01 1.7034592e-01 1.3051627e+00
       121 2.2826094e+00 3.9365269e-01 1.7002436e-01 1.2861830e+00
       122 2.2860600e+00 3.9153523e-01 1.6752670e-01 1.2666198e+00
       123 2.2844417e+00 3.9297566e-01 1.6904542e-01 1.2457409e+00
       124 2.2863816e+00 3.8997264e-01 1.6622892e-01 1.2315209e+00
       125 2.2895961e+00 3.8745502e-01 1.6351721e-01 1.2184285e+00
       126 2.2892899e+00 3.8711411e-01 1.6332414e-01 1.2047944e+00
       127 2.2919928e+00 3.8476479e-01 1.6089073e-01 1.1829183e+00
       128 2.2922187e+00 3.8268581e-01 1.5924406e-01 1.1660565e+00
       129 2.2932408e+00 3.8087995e-01 1.5763498e-01 1.1520561e+00
       130 2.2933654e+00 3.8273690e-01 1.5902505e-01 1.1316354e+00
       131 2.2940765e+00 3.8136097e-01 1.5781495e-01 1.1217617e+00
       132 2.2959666e+00 3.7934609e-01 1.5586520e-01 1.1089584e+00
       133 2.2976312e+00 3.7652192e-01 1.5336917e-01 1.0864732e+00
       134 2.2994139e+00 3.7561391e-01 1.5230539e-01 1.0687970e+00
       135 2.3026491e+00 3.7395840e-01 1.5038956e-01 1.0651903e+00
       136 2.2987353e+00 3.7377770e-01 1.5107357e-01 1.0434096e+00
       137 2.3021020e+00 3.7101160e-01 1.4830696e-01 1.0248644e+00
       138 2.3023927e+00 3.7072639e-01 1.4803547e-01 1.0197810e+00
       139 2.3052497e+00 3.7021539e-01 1.4707680e-01 1.0035581e+00
       140 2.3042309e+00 3.6936591e-01 1.4665350e-01 9.9018066e-01
       141 2.3057229e+00 3.6755648e-01 1.4502062e-01 9.8018874e-01
       142 2.3040346e+00 3.6719752e-01 1.4509609e-01 9.6880495e-01
       143 2.3079205e+00 3.6401082e-01 1.4199374e-01 9.4961301e-01
       144 2.3087661e+00 3.6394011e-01 1.4177824e-01 9.3909457e-01
       145 2.3107840e+00 3.6066726e-01 1.3902104e-01 9.2489666e-01
       146 2.3096459e+00 3.6271470e-01 1.4071863e-01 9.1072222e-01
       147 2.3104909e+00 3.6001799e-01 1.3860863e-01 8.9714045e-01
       148 2.3118565e+00 3.5972414e-01 1.3813996e-01 8.8817056e-01
       149 2.3103042e+00 3.6136139e-01 1.3961317e-01 8.8145749e-01
       150 2.3132682e+00 3.5757964e-01 1.3633976e-01 8.6762492e-01
       151 2.3155251e+00 3.5496024e-01 1.3406284e-01 8.5140747e-01
       152 2.3137854e+00 3.5656816e-01 1.3552245e-01 8.4250088e-01
       153 2.3153370e+00 3.5559496e-01 1.3454767e-01 8.3652558e-01
       154 2.3164144e+00 3.5487930e-01 1.3384646e-01 8.2130699e-01
       155 2.3168017e+00 3.5454617e-01 1.3354139e-01 8.1471967e-01
       156 2.3165710e+00 3.5234957e-01 1.3202953e-01 8.0360572e-01
       157 2.3196838e+00 3.4945330e-01 1.2945398e-01 7.8889239e-01
       158 2.3200518e+00 3.5037776e-01 1.3003803e-01 7.7550992e-01
       159 2.3213516e+00 3.4822403e-01 1.2831342e-01 7.6742994e-01
       160 2.3188535e+00 3.4851487e-01 1.2894191e-01 7.6430940e-01
       161 2.3213473e+00 3.4749158e-01 1.2780458e-01 7.5688654e-01
       162 2.3227208e+00 3.4834394e-01 1.2816885e-01 7.3938432e-01
       163 2.3219084e+00 3.4799823e-01 1.2806301e-01 7.3746895e-01
       164 2.3221925e+00 3.4750906e-01 1.2767547e-01 7.2282353e-01
       165 2.3232165e+00 3.4570125e-01 1.2625304e-01 7.1062943e-01
       166 2.3242753e+00 3.4471159e-01 1.2539699e-01 6.9825483e-01
       167 2.3227136e+00 3.4389427e-01 1.2508981e-01 6.9526186e-01
       168 2.3217176e+00 3.4823394e-01 1.2825898e-01 6.8480509e-01
       169 2.3245389e+00 3.4509610e-01 1.2561956e-01 6.7491539e-01
       170 2.3253735e+00 3.4436257e-01 1.2497966e-01 6.7430344e-01
       171 2.3245737e+00 3.4512995e-01 1.2563729e-01 6.6148969e-01
       172 2.3262838e+00 3.4334146e-01 1.2413268e-01 6.5123296e-01
       173 2.3269044e+00 3.4320064e-01 1.2393826e-01 6.5586155e-01
       174 2.3279253e+00 3.4316652e-01 1.2375575e-01 6.4328927e-01
       175 2.3235505e+00 3.4499653e-01 1.2571155e-01 6.3421085e-01
       176 2.3288810e+00 3.4085151e-01 1.2202518e-01 6.2367518e-01
       177 2.3306857e+00 3.4013626e-01 1.2126541e-01 6.1922705e-01
       178 2.3282757e+00 3.3992720e-01 1.2148886e-01 6.0848307e-01
       179 2.3304885e+00 3.4053654e-01 1.2156734e-01 6.0349975e-01
       180 2.3276908e+00 3.4151705e-01 1.2266274e-01 5.9632148e-01
       181 2.3342128e+00 3.3546539e-01 1.1759560e-01 5.8907303e-01
       182 2.3318896e+00 3.3854677e-01 1.2000835e-01 5.7688690e-01
       183 2.3308158e+00 3.3715267e-01 1.1922524e-01 5.7091324e-01
       184 2.3321515e+00 3.3825279e-01 1.1977098e-01 5.6222443e-01
       185 2.3328614e+00 3.3725476e-01 1.1899340e-01 5.6027715e-01
       186 2.3344333e+00 3.3371117e-01 1.1639040e-01 5.4868442e-01
       187 2.3324838e+00 3.3673881e-01 1.1870053e-01 5.4316706e-01
       188 2.3313448e+00 3.3786097e-01 1.1962480e-01 5.3891178e-01
       189 2.3337461e+00 3.3729197e-01 1.1889105e-01 5.2539013e-01
       190 2.3323489e+00 3.3607998e-01 1.1827693e-01 5.2423308e-01
       191 2.3335105e+00 3.3677493e-01 1.1857632e-01 5.1845381e-01
       192 2.3335335e+00 3.3608491e-01 1.1810873e-01 5.0951059e-01
       193 2.3358784e+00 3.3301438e-01 1.1572300e-01 5.0698105e-01
       194 2.3367488e+00 3.3500309e-01 1.1693134e-01 5.0551429e-01
       195 2.3342103e+00 3.3580693e-01 1.1782522e-01 4.9934058e-01
       196 2.3364408e+00 3.3414344e-01 1.1639845e-01 4.9457790e-01
       197 2.3345644e+00 3.3431337e-01 1.1677411e-01 4.8541840e-01
       198 2.3340025e+00 3.3573762e-01 1.1780827e-01 4.8284326e-01
       199 2.3384656e+00 3.3301719e-01 1.1537216e-01 4.7766514e-01
       200 2.3381667e+00 3.3314376e-01 1.1549654e-01 4.6809674e-01
       201 2.3369636e+00 3.3374148e-01 1.1605822e-01 4.6450356e-01
       202 2.3411678e+00 3.2987831e-01 1.1293732e-01 4.5858996e-01
       203 2.3367988e+00 3.3371624e-01 1.1606394e-01 4.4960654e-01
       204 2.3408357e+00 3.3086977e-01 1.1363515e-01 4.4403562e-01
       205 2.3398484e+00 3.3345315e-01 1.1547969e-01 4.4009028e-01
       206 2.3386866e+00 3.3136237e-01 1.1424322e-01 4.3744568e-01
       207 2.3400057e+00 3.3179536e-01 1.1435626e-01 4.3070152e-01
       208 2.3425024e+00 3.2734700e-01 1.1110417e-01 4.1903902e-01
       209 2.3396605e+00 3.3094009e-01 1.1383467e-01 4.1856953e-01
       210 2.3399539e+00 3.3121860e-01 1.1398064e-01 4.1925695e-01
       211 2.3400813e+00 3.2958005e-01 1.1288124e-01 4.1453779e-01
       212 2.3432460e+00 3.2751890e-01 1.1112385e-01 4.1008514e-01
       213 2.3423700e+00 3.2857528e-01 1.1192649e-01 4.0017688e-01
       214 2.3386441e+00 3.3072448e-01 1.1382655e-01 3.9872329e-01
       215 2.3411937e+00 3.3107044e-01 1.1372192e-01 3.9505220e-01
       216 2.3402998e+00 3.2907917e-01 1.1252287e-01 3.9600996e-01
       217 2.3418757e+00 3.2889378e-01 1.1219838e-01 3.8816914e-01
       218 2.3402881e+00 3.2852948e-01 1.1216291e-01 3.7383311e-01
       219 2.3446582e+00 3.2611799e-01 1.1003479e-01 3.7855940e-01
       220 2.3453183e+00 3.2616155e-01 1.0998353e-01 3.7009331e-01
       221 2.3421632e+00 3.2892408e-01 1.1218191e-01 3.6624050e-01
       222 2.3432386e+00 3.2913902e-01 1.1218863e-01 3.7070629e-01
       223 2.3421146e+00 3.2990120e-01 1.1283180e-01 3.6093879e-01
       224 2.3452866e+00 3.2669876e-01 1.1033806e-01 3.5594600e-01
       225 2.3441219e+00 3.2659632e-01 1.1041238e-01 3.5177474e-01
       226 2.3446701e+00 3.2710972e-01 1.1068117e-01 3.4833738e-01
       227 2.3437554e+00 3.2930633e-01 1.1223488e-01 3.4404246e-01
       228 2.3458079e+00 3.2513964e-01 1.0925944e-01 3.4242284e-01
       229 2.3439399e+00 3.2807360e-01 1.1140183e-01 3.3503005e-01
       230 2.3448381e+00 3.2753421e-01 1.1093870e-01 3.3333954e-01
       231 2.3463215e+00 3.2652732e-01 1.1010285e-01 3.2813580e-01
       232 2.3458095e+00 3.2425715e-01 1.0868616e-01 3.3124097e-01
       233 2.3458574e+00 3.2584609e-01 1.0971343e-01 3.2542177e-01
       234 2.3433907e+00 3.3026880e-01 1.1291475e-01 3.2006674e-01
       235 2.3437174e+00 3.2757003e-01 1.1109903e-01 3.1965445e-01
       236 2.3471170e+00 3.2580378e-01 1.0953761e-01 3.1377781e-01
       237 2.3449415e+00 3.2678555e-01 1.1043635e-01 3.1239050e-01
       238 2.3463468e+00 3.2509244e-01 1.0916487e-01 3.1241554e-01
       239 2.3460763e+00 3.2811958e-01 1.1117422e-01 3.0476972e-01
       240 2.3454752e+00 3.2747135e-01 1.1082085e-01 3.0364735e-01
       241 2.3458524e+00 3.2699387e-01 1.1046334e-01 2.9851867e-01
       242 2.3466871e+00 3.2618662e-01 1.0983745e-01 3.0275541e-01
       243 2.3492158e+00 3.2466234e-01 1.0855516e-01 2.9069536e-01
       244 2.3482324e+00 3.2406743e-01 1.0828057e-01 2.9189137e-01
       245 2.3502629e+00 3.2360264e-01 1.0775176e-01 2.8542650e-01
       246 2.3479477e+00 3.2606757e-01 1.0961353e-01 2.8535853e-01
       247 2.3495646e+00 3.2298441e-01 1.0742942e-01 2.8427435e-01
       248 2.3494016e+00 3.2514607e-01 1.0884867e-01 2.7683730e-01
       249 2.3506278e+00 3.2271526e-01 1.0713817e-01 2.7784131e-01
       250 2.3464363e+00 3.2799983e-01 1.1105311e-01 2.8096629e-01
       251 2.3475526e+00 3.2560515e-01 1.0935768e-01 2.7093247e-01
       252 2.3485075e+00 3.2459347e-01 1.0859044e-01 2.6991767e-01
       253 2.3487955e+00 3.2412661e-01 1.0825494e-01 2.6850814e-01
       254 2.3474697e+00 3.2915011e-01 1.1168836e-01 2.5994760e-01
       255 2.3500107e+00 3.2316832e-01 1.0749870e-01 2.6162239e-01
       256 2.3491048e+00 3.2506740e-01 1.0883080e-01 2.5874577e-01
       257 2.3490740e+00 3.2480278e-01 1.0866231e-01 2.5708401e-01
       258 2.3487984e+00 3.2616403e-01 1.0957953e-01 2.4946248e-01
       259 2.3504637e+00 3.2328929e-01 1.0752698e-01 2.5470360e-01
       260 2.3505396e+00 3.2348884e-01 1.0764772e-01 2.5685950e-01
       261 2.3506925e+00 3.2458439e-01 1.0834099e-01 2.4798393e-01
       262 2.3506601e+00 3.2523910e-01 1.0876997e-01 2.4156694e-01
       263 2.3532319e+00 3.2206560e-01 1.0644114e-01 2.4277882e-01
       264 2.3522503e+00 3.2021916e-01 1.0535845e-01 2.4192125e-01
       265 2.3519975e+00 3.2067640e-01 1.0567839e-01 2.3806477e-01
       266 2.3511083e+00 3.2309206e-01 1.0732918e-01 2.3850008e-01
       267 2.3488893e+00 3.2447212e-01 1.0846844e-01 2.3599863e-01
       268 2.3528998e+00 3.2187045e-01 1.0635019e-01 2.3544865e-01
       269 2.3507043e+00 3.2428858e-01 1.0814775e-01 2.3175040e-01
       270 2.3512610e+00 3.2294660e-01 1.0721866e-01 2.2862892e-01
       271 2.3492148e+00 3.2590114e-01 1.0936119e-01 2.2961692e-01
       272 2.3518846e+00 3.2181085e-01 1.0641932e-01 2.2966787e-01
       273 2.3521539e+00 3.2300375e-01 1.0715980e-01 2.2034659e-01
       274 2.3535419e+00 3.2238517e-01 1.0661487e-01 2.2421971e-01
       275 2.3538855e+00 3.2035090e-01 1.0527190e-01 2.2082491e-01
       276 2.3498841e+00 3.2555549e-01 1.0906134e-01 2.1868031e-01
       277 2.3520412e+00 3.2192094e-01 1.0647347e-01 2.1090751e-01
       278 2.3526486e+00 3.2205482e-01 1.0649532e-01 2.1197365e-01
       279 2.3513966e+00 3.2208604e-01 1.0664892e-01 2.1675225e-01
       280 2.3524742e+00 3.2102950e-01 1.0585435e-01 2.1044358e-01
       281 2.3539330e+00 3.2240147e-01 1.0658502e-01 2.0793538e-01
       282 2.3545652e+00 3.2036386e-01 1.0521072e-01 2.0459011e-01
       283 2.3488123e+00 3.2766131e-01 1.1055691e-01 2.1073005e-01
       284 2.3538528e+00 3.2306664e-01 1.0702262e-01 2.0022478e-01
       285 2.3536572e+00 3.2254760e-01 1.0670770e-01 1.9959925e-01
       286 2.3535607e+00 3.2211022e-01 1.0643572e-01 2.0037429e-01
       287 2.3529595e+00 3.2178040e-01 1.0628597e-01 1.9610046e-01
       288 2.3502844e+00 3.2694391e-01 1.0992304e-01 2.0071913e-01
       289 2.3546226e+00 3.2042661e-01 1.0524511e-01 1.9641377e-01
       290 2.3526269e+00 3.2315415e-01 1.0720690e-01 1.9442615e-01
       291 2.3541648e+00 3.2216229e-01 1.0640708e-01 1.9169448e-01
       292 2.3534960e+00 3.2057511e-01 1.0545583e-01 1.9007623e-01
       293 2.3519782e+00 3.2424455e-01 1.0798163e-01 1.8952170e-01
       294 2.3556919e+00 3.2134711e-01 1.0572854e-01 1.9024144e-01
       295 2.3531070e+00 3.2374121e-01 1.0753628e-01 1.8952614e-01
       296 2.3518308e+00 3.2647739e-01 1.0945034e-01 1.8950051e-01
       297 2.3520389e+00 3.2448188e-01 1.0812911e-01 1.8560347e-01
       298 2.3533937e+00 3.2307301e-01 1.0707422e-01 1.8587513e-01
       299 2.3555579e+00 3.2359092e-01 1.0718899e-01 1.8830986e-01
       300 2.3533575e+00 3.2305196e-01 1.0706438e-01 1.8326900e-01
       301 2.3537272e+00 3.2285693e-01 1.0690012e-01 1.8416565e-01
       302 2.3540034e+00 3.2250484e-01 1.0664446e-01 1.8205489e-01
       303 2.3533287e+00 3.2424642e-01 1.0784055e-01 1.7869940e-01
       304 2.3537862e+00 3.2327237e-01 1.0716245e-01 1.7554682e-01
       305 2.3577823e+00 3.1812502e-01 1.0346493e-01 1.7546481e-01
       306 2.3560023e+00 3.2040582e-01 1.0509374e-01 1.7290417e-01
       307 2.3545044e+00 3.2328636e-01 1.0709797e-01 1.6999243e-01
       308 2.3578566e+00 3.1765500e-01 1.0315903e-01 1.7547084e-01
       309 2.3546262e+00 3.2125454e-01 1.0577601e-01 1.7153463e-01
       310 2.3551336e+00 3.2168667e-01 1.0600263e-01 1.7099812e-01
       311 2.3536172e+00 3.2443677e-01 1.0793409e-01 1.6775311e-01
       312 2.3562821e+00 3.1972708e-01 1.0463173e-01 1.6761323e-01
       313 2.3561289e+00 3.1882791e-01 1.0407262e-01 1.6271285e-01
       314 2.3560262e+00 3.1882443e-01 1.0408052e-01 1.6540179e-01
       315 2.3541556e+00 3.2261674e-01 1.0670104e-01 1.6478805e-01
       316 2.3551475e+00 3.2099287e-01 1.0555535e-01 1.6413750e-01
       317 2.3587203e+00 3.1779139e-01 1.0316443e-01 1.6398953e-01
       318 2.3572176e+00 3.2066276e-01 1.0514003e-01 1.5940607e-01
       319 2.3566921e+00 3.2085332e-01 1.0531313e-01 1.6385999e-01
       320 2.3554014e+00 3.2167092e-01 1.0596569e-01 1.6368017e-01
       321 2.3566261e+00 3.1800342e-01 1.0349888e-01 1.5736864e-01
       322 2.3547352e+00 3.2345735e-01 1.0718514e-01 1.6421304e-01
       323 2.3549653e+00 3.2080185e-01 1.0545108e-01 1.5796156e-01
       324 2.3542018e+00 3.2283277e-01 1.0683575e-01 1.5695581e-01
       325 2.3541843e+00 3.2108176e-01 1.0571004e-01 1.6092609e-01
       326 2.3552079e+00 3.2035021e-01 1.0513713e-01 1.5553598e-01
       327 2.3560498e+00 3.2390755e-01 1.0734528e-01 1.5486367e-01
       328 2.3558895e+00 3.2143930e-01 1.0576822e-01 1.5665203e-01
       329 2.3577886e+00 3.1905174e-01 1.0405481e-01 1.5608532e-01
       330 2.3545024e+00 3.2354824e-01 1.0726756e-01 1.5820516e-01
       331 2.3573292e+00 3.2006870e-01 1.0474866e-01 1.5511989e-01
       332 2.3553209e+00 3.2162351e-01 1.0594323e-01 1.5182708e-01
       333 2.3554234e+00 3.2177397e-01 1.0602980e-01 1.5362160e-01
       334 2.3572620e+00 3.2067302e-01 1.0514234e-01 1.5172508e-01
       335 2.3582402e+00 3.2093218e-01 1.0521552e-01 1.5036525e-01
       336 2.3562397e+00 3.2103964e-01 1.0547694e-01 1.5024036e-01
       337 2.3560381e+00 3.2168609e-01 1.0591227e-01 1.4692664e-01
       338 2.3560409e+00 3.2168721e-01 1.0591271e-01 1.4458475e-01
       339 2.3580986e+00 3.1651485e-01 1.0241306e-01 1.4492219e-01
       340 2.3604306e+00 3.1788676e-01 1.0306853e-01 1.4815292e-01
       341 2.3576795e+00 3.1827892e-01 1.0357266e-01 1.4255166e-01
       342 2.3591911e+00 3.1883239e-01 1.0378348e-01 1.4552269e-01
       343 2.3578096e+00 3.1896495e-01 1.0399744e-01 1.4184646e-01
       344 2.3581760e+00 3.2069265e-01 1.0506788e-01 1.4337660e-01
       345 2.3572668e+00 3.1962479e-01 1.0447069e-01 1.4232627e-01
       346 2.3579277e+00 3.1903262e-01 1.0402940e-01 1.3950886e-01
       347 2.3611748e+00 3.1542216e-01 1.0144138e-01 1.5002990e-01
       348 2.3591190e+00 3.1742509e-01 1.0289475e-01 1.4258620e-01
       349 2.3563569e+00 3.2035091e-01 1.0502370e-01 1.4307457e-01
       350 2.3583020e+00 3.2143302e-01 1.0553143e-01 1.3783684e-01
       351 2.3547749e+00 3.2143571e-01 1.0587738e-01 1.4447644e-01
       352 2.3584037e+00 3.1884822e-01 1.0386687e-01 1.4074245e-01
       353 2.3559080e+00 3.2155828e-01 1.0584290e-01 1.4184727e-01
       354 2.3576522e+00 3.2102413e-01 1.0533028e-01 1.3802715e-01
       355 2.3561343e+00 3.2179059e-01 1.0597004e-01 1.4049592e-01
       356 2.3548997e+00 3.2253768e-01 1.0657441e-01 1.4181133e-01
       357 2.3597981e+00 3.1891003e-01 1.0377734e-01 1.3606528e-01
       358 2.3579591e+00 3.2029568e-01 1.0483394e-01 1.3536286e-01
       359 2.3545455e+00 3.2440221e-01 1.0781651e-01 1.4292882e-01
       360 2.3578423e+00 3.1967607e-01 1.0444848e-01 1.3516550e-01
       361 2.3589932e+00 3.1842492e-01 1.0354213e-01 1.3434168e-01
       362 2.3573544e+00 3.2116173e-01 1.0544713e-01 1.3421496e-01
       363 2.3589988e+00 3.1930949e-01 1.0410572e-01 1.3318490e-01
       364 2.3581471e+00 3.1975776e-01 1.0447185e-01 1.3514930e-01
       365 2.3565072e+00 3.1939393e-01 1.0439677e-01 1.3658779e-01
       366 2.3575486e+00 3.2207486e-01 1.0601590e-01 1.3605257e-01
       367 2.3572027e+00 3.2179881e-01 1.0587134e-01 1.3401038e-01
       368 2.3567614e+00 3.2220816e-01 1.0617763e-01 1.3340214e-01
       369 2.3576476e+00 3.2115925e-01 1.0541749e-01 1.3192743e-01
       370 2.3584881e+00 3.2114517e-01 1.0532898e-01 1.3184864e-01
       371 2.3619445e+00 3.1652771e-01 1.0207265e-01 1.3272429e-01
       372 2.3597297e+00 3.1744280e-01 1.0284991e-01 1.2684077e-01
       373 2.3578119e+00 3.2125098e-01 1.0546077e-01 1.3208231e-01
       374 2.3582699e+00 3.1926305e-01 1.0414415e-01 1.3353765e-01
       375 2.3610179e+00 3.1687322e-01 1.0237277e-01 1.2946557e-01
       376 2.3607773e+00 3.1679322e-01 1.0234346e-01 1.3039271e-01
       377 2.3563199e+00 3.2022475e-01 1.0494652e-01 1.3366108e-01
       378 2.3564020e+00 3.2112953e-01 1.0551875e-01 1.3247965e-01
       379 2.3577366e+00 3.2069863e-01 1.0511336e-01 1.3174615e-01
       380 2.3583160e+00 3.2044833e-01 1.0489805e-01 1.3059574e-01
       381 2.3568464e+00 3.2242896e-01 1.0631172e-01 1.2799856e-01
       382 2.3591491e+00 3.2046216e-01 1.0482927e-01 1.2655891e-01
       383 2.3585035e+00 3.2011312e-01 1.0466573e-01 1.2815976e-01
       384 2.3584151e+00 3.2030399e-01 1.0479625e-01 1.2717240e-01
       385 2.3614028e+00 3.1757373e-01 1.0278324e-01 1.2730274e-01
       386 2.3583985e+00 3.2143097e-01 1.0552104e-01 1.2806523e-01
       387 2.3591337e+00 3.2086159e-01 1.0508686e-01 1.2670303e-01
       388 2.3596246e+00 3.1934423e-01 1.0407031e-01 1.2399056e-01
       389 2.3573555e+00 3.2301730e-01 1.0664235e-01 1.2840564e-01
       390 2.3587985e+00 3.2110773e-01 1.0527596e-01 1.2354198e-01
       391 2.3601003e+00 3.1923805e-01 1.0395924e-01 1.2620997e-01
       392 2.3602001e+00 3.1785435e-01 1.0306868e-01 1.2331936e-01
       393 2.3592264e+00 3.1950289e-01 1.0420823e-01 1.2525181e-01
       394 2.3596422e+00 3.1764810e-01 1.0298828e-01 1.2243253e-01
       395 2.3576317e+00 3.1877776e-01 1.0389500e-01 1.2611762e-01
       396 2.3593215e+00 3.2054370e-01 1.0486564e-01 1.2421725e-01
       397 2.3608535e+00 3.1956068e-01 1.0409776e-01 1.2395740e-01
       398 2.3589771e+00 3.2057251e-01 1.0491592e-01 1.2462892e-01
       399 2.3599613e+00 3.2085001e-01 1.0500364e-01 1.2440365e-01
       400 2.3587088e+00 3.2206797e-01 1.0590191e-01 1.2520102e-01
       401 2.3594272e+00 3.1877500e-01 1.0372516e-01 1.2246944e-01
       402 2.3590569e+00 3.2001673e-01 1.0455251e-01 1.2053705e-01
       403 2.3589037e+00 3.2005647e-01 1.0459214e-01 1.2238868e-01
       404 2.3596958e+00 3.1910074e-01 1.0390835e-01 1.2371596e-01
       405 2.3595026e+00 3.1943973e-01 1.0414248e-01 1.2080133e-01
       406 2.3582583e+00 3.2222033e-01 1.0604229e-01 1.2202675e-01
       407 2.3583093e+00 3.2184843e-01 1.0579796e-01 1.2102771e-01
       408 2.3625101e+00 3.1602302e-01 1.0170465e-01 1.2584419e-01
       409 2.3605531e+00 3.1754619e-01 1.0284113e-01 1.2046341e-01
       410 2.3593646e+00 3.1941207e-01 1.0413748e-01 1.1937743e-01
       411 2.3573626e+00 3.2139682e-01 1.0559740e-01 1.2478518e-01
       412 2.3585857e+00 3.2147222e-01 1.0553002e-01 1.2269571e-01
       413 2.3610310e+00 3.1947451e-01 1.0402694e-01 1.1965159e-01
       414 2.3589117e+00 3.1830728e-01 1.0347478e-01 1.2240070e-01
       415 2.3588708e+00 3.2141140e-01 1.0546435e-01 1.2090705e-01
       416 2.3601505e+00 3.1870098e-01 1.0361208e-01 1.1960235e-01
       417 2.3634481e+00 3.1371223e-01 1.0016999e-01 1.2114886e-01
       418 2.3567140e+00 3.2312501e-01 1.0677392e-01 1.2409584e-01
       419 2.3579008e+00 3.2064146e-01 1.0506109e-01 1.2190796e-01
       420 2.3592713e+00 3.1984097e-01 1.0442024e-01 1.1998696e-01
       421 2.3624407e+00 3.1568703e-01 1.0149834e-01 1.2325072e-01
       422 2.3574517e+00 3.2341755e-01 1.0689186e-01 1.2184504e-01
       423 2.3609166e+00 3.1731194e-01 1.0265998e-01 1.2137704e-01
       424 2.3612061e+00 3.1687278e-01 1.0235584e-01 1.1624464e-01
       425 2.3592119e+00 3.1930290e-01 1.0408181e-01 1.2077644e-01
       426 2.3575407e+00 3.2220192e-01 1.0609851e-01 1.2079694e-01
       427 2.3617542e+00 3.1690293e-01 1.0232688e-01 1.1625194e-01
       428 2.3596071e+00 3.1856283e-01 1.0357344e-01 1.1887714e-01
       429 2.3627660e+00 3.1588732e-01 1.0159704e-01 1.1827643e-01
       430 2.3612324e+00 3.1826573e-01 1.0323824e-01 1.1976419e-01
       431 2.3579366e+00 3.2011867e-01 1.0472271e-01 1.2291226e-01
       432 2.3616139e+00 3.1614225e-01 1.0185758e-01 1.2064000e-01
       433 2.3617435e+00 3.1702655e-01 1.0240617e-01 1.1703327e-01
       434 2.3625488e+00 3.1594154e-01 1.0164984e-01 1.2069444e-01
       435 2.3616045e+00 3.1647795e-01 1.0207077e-01 1.1391119e-01
       436 2.3574301e+00 3.1914357e-01 1.0414763e-01 1.2415378e-01
       437 2.3607640e+00 3.1855629e-01 1.0346481e-01 1.1580371e-01
       438 2.3612745e+00 3.1741852e-01 1.0269597e-01 1.1814613e-01
       439 2.3600639e+00 3.1795298e-01 1.0314370e-01 1.1407278e-01
       440 2.3603636e+00 3.1823352e-01 1.0329513e-01 1.1834655e-01
       441 2.3587857e+00 3.1999528e-01 1.0456395e-01 1.1705089e-01
       442 2.3592576e+00 3.2039935e-01 1.0477900e-01 1.1799175e-01
       443 2.3600448e+00 3.1788982e-01 1.0310527e-01 1.1705939e-01
       444 2.3617207e+00 3.1757835e-01 1.0275834e-01 1.1706325e-01
       445 2.3574418e+00 3.2134541e-01 1.0555676e-01 1.2240838e-01
       446 2.3594635e+00 3.1994168e-01 1.0446700e-01 1.1644547e-01
       447 2.3609509e+00 3.1862008e-01 1.0348883e-01 1.1653405e-01
       448 2.3607200e+00 3.1857487e-01 1.0348057e-01 1.1596019e-01
       449 2.3598370e+00 3.1879483e-01 1.0370034e-01 1.1642591e-01
       450 2.3613444e+00 3.1835380e-01 1.0328444e-01 1.1607200e-01
       451 2.3588368e+00 3.2055272e-01 1.0491627e-01 1.1722446e-01
       452 2.3601506e+00 3.2047372e-01 1.0474516e-01 1.1836515e-01
       453 2.3600337e+00 3.1827009e-01 1.0334819e-01 1.1849005e-01
       454 2.3630375e+00 3.1597206e-01 1.0162754e-01 1.1717592e-01
       455 2.3625229e+00 3.1715900e-01 1.0242283e-01 1.1507253e-01
       456 2.3630889e+00 3.1701181e-01 1.0228134e-01 1.1474011e-01
       457 2.3594407e+00 3.2034329e-01 1.0472624e-01 1.1584467e-01
       458 2.3592341e+00 3.1983290e-01 1.0441850e-01 1.1501378e-01
       459 2.3600609e+00 3.2038748e-01 1.0469801e-01 1.1750587e-01
       460 2.3592453e+00 3.1827369e-01 1.0342253e-01 1.1767770e-01
       461 2.3615774e+00 3.1628418e-01 1.0195054e-01 1.1328959e-01
       462 2.3589390e+00 3.2153738e-01 1.0553901e-01 1.1542861e-01
       463 2.3592596e+00 3.1924522e-01 1.0404058e-01 1.1686929e-01
       464 2.3601547e+00 3.1929287e-01 1.0398933e-01 1.1443814e-01
       465 2.3626153e+00 3.1618433e-01 1.0179762e-01 1.1596774e-01
       466 2.3619224e+00 3.1878099e-01 1.0350610e-01 1.1608352e-01
       467 2.3626887e+00 3.1674461e-01 1.0214598e-01 1.1506259e-01
       468 2.3591659e+00 3.2133002e-01 1.0538470e-01 1.1706018e-01
       469 2.3596841e+00 3.2106283e-01 1.0516547e-01 1.1516867e-01
       470 2.3594638e+00 3.1884445e-01 1.0376609e-01 1.1564344e-01
       471 2.3625042e+00 3.1679075e-01 1.0219098e-01 1.1498723e-01
       472 2.3608118e+00 3.1760873e-01 1.0285774e-01 1.1325844e-01
       473 2.3613094e+00 3.1836955e-01 1.0329755e-01 1.1449902e-01
       474 2.3592203e+00 3.2166307e-01 1.0559383e-01 1.1691343e-01
       475 2.3600813e+00 3.1935184e-01 1.0403362e-01 1.1458745e-01
       476 2.3617943e+00 3.1814075e-01 1.0310946e-01 1.1348043e-01
       477 2.3608428e+00 3.1754174e-01 1.0281244e-01 1.1382566e-01
       478 2.3608580e+00 3.1775125e-01 1.0294419e-01 1.1433055e-01
       479 2.3608117e+00 3.1935363e-01 1.0396919e-01 1.1347867e-01
       480 2.3607427e+00 3.1700124e-01 1.0247838e-01 1.1501151e-01
       481 2.3619449e+00 3.1789756e-01 1.0294169e-01 1.1344459e-01
       482 2.3609840e+00 3.1642023e-01 1.0208890e-01 1.1338145e-01
       483 2.3621916e+00 3.1631883e-01 1.0191908e-01 1.1226331e-01
       484 2.3613388e+00 3.1880679e-01 1.0357356e-01 1.1176917e-01
       485 2.3650436e+00 3.1148998e-01 9.8649514e-02 1.1332021e-01
       486 2.3601682e+00 3.1991448e-01 1.0438544e-01 1.1564856e-01
       487 2.3589217e+00 3.2007627e-01 1.0460315e-01 1.1553948e-01
       488 2.3620681e+00 3.1680531e-01 1.0223775e-01 1.1078759e-01
       489 2.3598379e+00 3.1980316e-01 1.0434418e-01 1.1538833e-01
       490 2.3596556e+00 3.2034823e-01 1.0470973e-01 1.1545445e-01
       491 2.3616766e+00 3.1816500e-01 1.0313515e-01 1.1345091e-01
       492 2.3610046e+00 3.1660914e-01 1.0220666e-01 1.1305902e-01
       493 2.3618403e+00 3.1667812e-01 1.0217694e-01 1.1229675e-01
       494 2.3604409e+00 3.1939150e-01 1.0402654e-01 1.1178082e-01
       495 2.3621120e+00 3.1590896e-01 1.0166682e-01 1.1039518e-01
       496 2.3610498e+00 3.1798522e-01 1.0307591e-01 1.1207393e-01
       497 2.3595709e+00 3.2067837e-01 1.0492910e-01 1.1392250e-01
       498 2.3612995e+00 3.1672549e-01 1.0225429e-01 1.1292995e-01
       499 2.3624372e+00 3.1648945e-01 1.0200592e-01 1.1075766e-01
       500 2.3587064e+00 3.1928394e-01 1.0411659e-01 1.1663994e-01
       501 2.3627689e+00 3.1615402e-01 1.0176536e-01 1.1150058e-01
       502 2.3586564e+00 3.2084563e-01 1.0512094e-01 1.1714288e-01
       503 2.3614149e+00 3.1919069e-01 1.0381180e-01 1.1186400e-01
       504 2.3617009e+00 3.1653784e-01 1.0210027e-01 1.1136683e-01
       505 2.3600438e+00 3.1813070e-01 1.0325857e-01 1.1174771e-01
       506 2.3604918e+00 3.1830462e-01 1.0332887e-01 1.1240363e-01
       507 2.3630249e+00 3.1640458e-01 1.0190212e-01 1.1074519e-01
       508 2.3623491e+00 3.1611742e-01 1.0177813e-01 1.1232743e-01
       509 2.3608659e+00 3.1873524e-01 1.0356979e-01 1.1344799e-01
       510 2.3616171e+00 3.1816824e-01 1.0314241e-01 1.1195891e-01
       511 2.3608167e+00 3.1970138e-01 1.0419098e-01 1.1240972e-01
       512 2.3623139e+00 3.1698337e-01 1.0232939e-01 1.1159419e-01
       513 2.3628833e+00 3.1518974e-01 1.0114684e-01 1.0955967e-01
       514 2.3614404e+00 3.1607221e-01 1.0182851e-01 1.0965290e-01
       515 2.3629337e+00 3.1456258e-01 1.0074761e-01 1.1063093e-01
       516 2.3593359e+00 3.1934796e-01 1.0409917e-01 1.1362121e-01
       517 2.3590046e+00 3.2104382e-01 1.0521577e-01 1.1382701e-01
       518 2.3614293e+00 3.1803671e-01 1.0307518e-01 1.1189607e-01
       519 2.3611732e+00 3.1795640e-01 1.0304666e-01 1.1079407e-01
       520 2.3644710e+00 3.1434401e-01 1.0048214e-01 1.1106254e-01
       521 2.3608250e+00 3.1820367e-01 1.0323484e-01 1.1084349e-01
       522 2.3610187e+00 3.1690661e-01 1.0239386e-01 1.1288998e-01
       523 2.3624421e+00 3.1579131e-01 1.0156408e-01 1.0912998e-01
       524 2.3609743e+00 3.1923967e-01 1.0388197e-01 1.1159600e-01
       525 2.3581992e+00 3.2267744e-01 1.0634265e-01 1.1585378e-01
       526 2.3593502e+00 3.1891192e-01 1.0381955e-01 1.1354334e-01
       527 2.3614232e+00 3.1723231e-01 1.0256471e-01 1.1121030e-01
       528 2.3623681e+00 3.1619823e-01 1.0182760e-01 1.1039633e-01
       529 2.3615247e+00 3.1767967e-01 1.0283985e-01 1.1097050e-01
       530 2.3627726e+00 3.1671695e-01 1.0212130e-01 1.1051315e-01
       531 2.3619522e+00 3.1616816e-01 1.0184450e-01 1.1195399e-01
       532 2.3614522e+00 3.1799133e-01 1.0304431e-01 1.1136325e-01
       533 2.3621882e+00 3.1601713e-01 1.0172859e-01 1.0964173e-01
       534 2.3622742e+00 3.1698110e-01 1.0233137e-01 1.1099559e-01
       535 2.3613877e+00 3.1621386e-01 1.0192270e-01 1.0981412e-01
       536 2.3625883e+00 3.1912570e-01 1.0366861e-01 1.1172281e-01
       537 2.3637644e+00 3.1467703e-01 1.0074987e-01 1.0931091e-01
       538 2.3627197e+00 3.1484588e-01 1.0094412e-01 1.0839847e-01
       539 2.3652937e+00 3.1443603e-01 1.0047344e-01 1.1381875e-01
       540 2.3627452e+00 3.1464943e-01 1.0081828e-01 1.0903513e-01
       541 2.3592437e+00 3.1845442e-01 1.0353775e-01 1.1506359e-01
       542 2.3640375e+00 3.1232835e-01 9.9254603e-02 1.0957323e-01
       543 2.3618546e+00 3.1574700e-01 1.0158684e-01 1.0890277e-01
       544 2.3611029e+00 3.1921558e-01 1.0385519e-01 1.1042284e-01
       545 2.3615002e+00 3.1786885e-01 1.0296222e-01 1.0992169e-01
       546 2.3625858e+00 3.1609342e-01 1.0174267e-01 1.1005204e-01
       547 2.3635756e+00 3.1447625e-01 1.0063929e-01 1.0775014e-01
       548 2.3638949e+00 3.1519881e-01 1.0106769e-01 1.1049446e-01
       549 2.3605298e+00 3.1815871e-01 1.0323260e-01 1.1097690e-01
       550 2.3600979e+00 3.1727268e-01 1.0270848e-01 1.1236663e-01
       551 2.3617614e+00 3.1743907e-01 1.0266634e-01 1.0796218e-01
       552 2.3624811e+00 3.1708449e-01 1.0237915e-01 1.0943553e-01
       553 2.3608981e+00 3.1801730e-01 1.0310977e-01 1.1218076e-01
       554 2.3612128e+00 3.1801583e-01 1.0308096e-01 1.1027975e-01
       555 2.3600379e+00 3.1979224e-01 1.0431904e-01 1.1225621e-01
       556 2.3624010e+00 3.1724218e-01 1.0248606e-01 1.0964528e-01
       557 2.3600280e+00 3.1934177e-01 1.0403202e-01 1.1202150e-01
       558 2.3605753e+00 3.1957831e-01 1.0413385e-01 1.1044246e-01
       559 2.3642560e+00 3.1410473e-01 1.0034938e-01 1.0947458e-01
       560 2.3603414e+00 3.1944787e-01 1.0407149e-01 1.1134351e-01
       561 2.3599738e+00 3.1999098e-01 1.0445200e-01 1.0945329e-01
       562 2.3614489e+00 3.1912527e-01 1.0376705e-01 1.1030035e-01
       563 2.3613534e+00 3.1500489e-01 1.0116259e-01 1.0877305e-01
       564 2.3604240e+00 3.1901872e-01 1.0379006e-01 1.1110452e-01
       565 2.3610217e+00 3.1722965e-01 1.0259845e-01 1.0969390e-01
       566 2.3617096e+00 3.1743667e-01 1.0266934e-01 1.0992963e-01
       567 2.3605967e+00 3.1681863e-01 1.0237569e-01 1.1036114e-01
       568 2.3598407e+00 3.1975027e-01 1.0431010e-01 1.1074162e-01
       569 2.3624325e+00 3.1690936e-01 1.0227229e-01 1.0892186e-01
       570 2.3640791e+00 3.1476050e-01 1.0077634e-01 1.1054473e-01
       571 2.3615350e+00 3.1607084e-01 1.0181934e-01 1.0925876e-01
       572 2.3630427e+00 3.1513450e-01 1.0109852e-01 1.0764351e-01
       573 2.3627859e+00 3.1600347e-01 1.0166874e-01 1.0819812e-01
       574 2.3619955e+00 3.1354925e-01 1.0019157e-01 1.0849835e-01
       575 2.3612096e+00 3.1467395e-01 1.0096687e-01 1.0938466e-01
       576 2.3620007e+00 3.1735505e-01 1.0259222e-01 1.0935112e-01
       577 2.3609405e+00 3.1720049e-01 1.0258715e-01 1.0962373e-01
       578 2.3624504e+00 3.1664834e-01 1.0210539e-01 1.0941998e-01
       579 2.3612062e+00 3.1707509e-01 1.0248409e-01 1.1045843e-01
       580 2.3627483e+00 3.1478146e-01 1.0090112e-01 1.0721935e-01
       581 2.3616271e+00 3.1568965e-01 1.0157046e-01 1.0843942e-01
       582 2.3626804e+00 3.1517285e-01 1.0115346e-01 1.0737130e-01
       583 2.3627205e+00 3.1703554e-01 1.0232765e-01 1.0845617e-01
       584 2.3635028e+00 3.1530798e-01 1.0116917e-01 1.0799848e-01
       585 2.3620196e+00 3.1515920e-01 1.0120167e-01 1.0859845e-01
       586 2.3624660e+00 3.1352314e-01 1.0013463e-01 1.0711212e-01
       587 2.3605703e+00 3.1710011e-01 1.0255649e-01 1.0924658e-01
       588 2.3634514e+00 3.1543736e-01 1.0125508e-01 1.0965232e-01
       589 2.3639501e+00 3.1474124e-01 1.0077488e-01 1.0725468e-01
       590 2.3609792e+00 3.1692519e-01 1.0240915e-01 1.0777166e-01
       591 2.3640347e+00 3.1445468e-01 1.0058758e-01 1.0783396e-01
       592 2.3632179e+00 3.1405358e-01 1.0040362e-01 1.0870051e-01
       593 2.3618895e+00 3.1664664e-01 1.0215273e-01 1.0856226e-01
       594 2.3632088e+00 3.1439275e-01 1.0061754e-01 1.0799358e-01
       595 2.3616101e+00 3.1646511e-01 1.0206216e-01 1.0750422e-01
       596 2.3629683e+00 3.1327878e-01 9.9938648e-02 1.0852608e-01
       597 2.3601801e+00 3.1941177e-01 1.0406297e-01 1.1038043e-01
       598 2.3608990e+00 3.1767272e-01 1.0289064e-01 1.0808516e-01
       599 2.3602338e+00 3.1897797e-01 1.0378119e-01 1.1137219e-01
       600 2.3640403e+00 3.1367634e-01 1.0009822e-01 1.0703805e-01
       601 2.3617486e+00 3.1589824e-01 1.0169159e-01 1.0912568e-01
       602 2.3593086e+00 3.1967481e-01 1.0431055e-01 1.1216431e-01
       603 2.3611723e+00 3.1603911e-01 1.0183119e-01 1.0869296e-01
       604 2.3655872e+00 3.1100711e-01 9.8305429e-02 1.0761078e-01
       605 2.3615469e+00 3.1617418e-01 1.0188363e-01 1.0788397e-01
       606 2.3592601e+00 3.1782650e-01 1.0313671e-01 1.1329611e-01
       607 2.3613614e+00 3.1645002e-01 1.0207442e-01 1.0833568e-01
       608 2.3625544e+00 3.1628897e-01 1.0186901e-01 1.0837729e-01
       609 2.3626896e+00 3.1556114e-01 1.0139759e-01 1.0764310e-01
       610 2.3638655e+00 3.1369831e-01 1.0012646e-01 1.0818331e-01
       611 2.3653812e+00 3.1267650e-01 9.9363012e-02 1.0851138e-01
       612 2.3629925e+00 3.1560759e-01 1.0140116e-01 1.0846674e-01
       613 2.3622225e+00 3.1544832e-01 1.0136646e-01 1.0672931e-01
       614 2.3614189e+00 3.1786472e-01 1.0296673e-01 1.0912893e-01
       615 2.3634754e+00 3.1305148e-01 9.9753572e-02 1.0585805e-01
       616 2.3626422e+00 3.1496988e-01 1.0102882e-01 1.0513602e-01
       617 2.3614665e+00 3.1658089e-01 1.0214803e-01 1.0897023e-01
       618 2.3607292e+00 3.1793564e-01 1.0307288e-01 1.0857247e-01
       619 2.3606997e+00 3.2070502e-01 1.0484414e-01 1.0863397e-01
       620 2.3635099e+00 3.1531148e-01 1.0117078e-01 1.0739232e-01
       621 2.3631646e+00 3.1698094e-01 1.0225538e-01 1.0813825e-01
       622 2.3595122e+00 3.1886019e-01 1.0377168e-01 1.1332978e-01
       623 2.3605149e+00 3.1813087e-01 1.0321622e-01 1.0869239e-01
       624 2.3619385e+00 3.1660147e-01 1.0211987e-01 1.0604047e-01
       625 2.3657276e+00 3.1109100e-01 9.8346473e-02 1.0658512e-01
       626 2.3625745e+00 3.1661323e-01 1.0207253e-01 1.0617080e-01
       627 2.3630240e+00 3.1599966e-01 1.0164613e-01 1.0768463e-01
       628 2.3625398e+00 3.1580386e-01 1.0156363e-01 1.0713709e-01
       629 2.3632812e+00 3.1349431e-01 1.0004732e-01 1.0681224e-01
       630 2.3631396e+00 3.1481978e-01 1.0089206e-01 1.0663376e-01
       631 2.3619902e+00 3.1459878e-01 1.0085129e-01 1.0567636e-01
       632 2.3639902e+00 3.1173647e-01 9.8889143e-02 1.0467833e-01
       633 2.3617330e+00 3.1647565e-01 1.0205809e-01 1.0776817e-01
       634 2.3606229e+00 3.1537097e-01 1.0145815e-01 1.0919720e-01
       635 2.3624172e+00 3.1569605e-01 1.0150606e-01 1.0735376e-01
       636 2.3619982e+00 3.1633243e-01 1.0194441e-01 1.0577438e-01
       637 2.3618209e+00 3.1720312e-01 1.0251142e-01 1.0715244e-01
       638 2.3636204e+00 3.1252082e-01 9.9409496e-02 1.0430884e-01
       639 2.3621534e+00 3.1504015e-01 1.0111507e-01 1.0660297e-01
       640 2.3643539e+00 3.1393627e-01 1.0023555e-01 1.0662412e-01
       641 2.3624211e+00 3.1557277e-01 1.0142790e-01 1.0646656e-01
       642 2.3611951e+00 3.1769379e-01 1.0287780e-01 1.0829434e-01
       643 2.3642646e+00 3.1245690e-01 9.9316210e-02 1.0468176e-01
       644 2.3627024e+00 3.1474478e-01 1.0088194e-01 1.0424557e-01
       645 2.3635530e+00 3.1294449e-01 9.9680113e-02 1.0584450e-01
       646 2.3641824e+00 3.1468544e-01 1.0072058e-01 1.0712719e-01
       647 2.3620241e+00 3.1566338e-01 1.0151933e-01 1.0610850e-01
       648 2.3637215e+00 3.1334619e-01 9.9917634e-02 1.0573967e-01
       649 2.3604171e+00 3.1765631e-01 1.0292328e-01 1.0967574e-01
       650 2.3593468e+00 3.1660820e-01 1.0235580e-01 1.1223859e-01
       651 2.3608109e+00 3.1776090e-01 1.0295451e-01 1.1049479e-01
       652 2.3630637e+00 3.1374287e-01 1.0022157e-01 1.0527370e-01
       653 2.3616120e+00 3.1581133e-01 1.0164863e-01 1.0713563e-01
       654 2.3644125e+00 3.1305662e-01 9.9679217e-02 1.0649559e-01
       655 2.3630162e+00 3.1337459e-01 9.9994633e-02 1.0522305e-01
       656 2.3606948e+00 3.1729777e-01 1.0267075e-01 1.0755798e-01
       657 2.3637719e+00 3.1336800e-01 9.9927112e-02 1.0555190e-01
       658 2.3627852e+00 3.1552549e-01 1.0136694e-01 1.0500300e-01
       659 2.3650118e+00 3.1251041e-01 9.9288828e-02 1.0479345e-01
       660 2.3628786e+00 3.1568830e-01 1.0146177e-01 1.0526881e-01
       661 2.3607637e+00 3.1498266e-01 1.0120080e-01 1.0781237e-01
       662 2.3617156e+00 3.1561362e-01 1.0151473e-01 1.0816812e-01
       663 2.3626476e+00 3.1479617e-01 1.0091897e-01 1.0429632e-01
       664 2.3612539e+00 3.1695499e-01 1.0240373e-01 1.0738372e-01
       665 2.3623035e+00 3.1398787e-01 1.0044021e-01 1.0495107e-01
       666 2.3609681e+00 3.1489443e-01 1.0112705e-01 1.0703173e-01
       667 2.3639326e+00 3.1302108e-01 9.9696473e-02 1.0341043e-01
       668 2.3631901e+00 3.1391320e-01 1.0031781e-01 1.0588409e-01
       669 2.3639829e+00 3.1426148e-01 1.0047039e-01 1.0845259e-01
       670 2.3641797e+00 3.1372353e-01 1.0011633e-01 1.0509125e-01
       671 2.3630968e+00 3.1461483e-01 1.0076668e-01 1.0476829e-01
       672 2.3633213e+00 3.1428640e-01 1.0054121e-01 1.0549889e-01
       673 2.3624474e+00 3.1586191e-01 1.0160822e-01 1.0544667e-01
       674 2.3641768e+00 3.1290882e-01 9.9606050e-02 1.0642020e-01
       675 2.3631750e+00 3.1350257e-01 1.0006145e-01 1.0390446e-01
       676 2.3604469e+00 3.1967707e-01 1.0420850e-01 1.0834898e-01
       677 2.3641834e+00 3.1149406e-01 9.8722120e-02 1.0250153e-01
       678 2.3615025e+00 3.1510774e-01 1.0121431e-01 1.0708412e-01
       679 2.3628851e+00 3.1467583e-01 1.0082299e-01 1.0397292e-01
       680 2.3648072e+00 3.1278867e-01 9.9479372e-02 1.0577107e-01
       681 2.3639203e+00 3.1424704e-01 1.0046650e-01 1.0638659e-01
       682 2.3640471e+00 3.1272482e-01 9.9501620e-02 1.0536371e-01
       683 2.3615231e+00 3.1508538e-01 1.0119840e-01 1.0652447e-01
       684 2.3609947e+00 3.1608887e-01 1.0187836e-01 1.0726369e-01
       685 2.3618336e+00 3.1714754e-01 1.0247506e-01 1.0590773e-01
       686 2.3629881e+00 3.1231536e-01 9.9334267e-02 1.0552967e-01
       687 2.3625688e+00 3.1422179e-01 1.0056441e-01 1.0513281e-01
       688 2.3645867e+00 3.1141458e-01 9.8639585e-02 1.0444795e-01
       689 2.3654527e+00 3.1037123e-01 9.7921017e-02 1.0451009e-01
       690 2.3624830e+00 3.1429597e-01 1.0061837e-01 1.0465892e-01
       691 2.3629718e+00 3.1225905e-01 9.9300476e-02 1.0529109e-01
       692 2.3629483e+00 3.1460227e-01 1.0077134e-01 1.0489950e-01
       693 2.3596490e+00 3.1727251e-01 1.0274919e-01 1.0963067e-01
       694 2.3630870e+00 3.1422066e-01 1.0051964e-01 1.0317900e-01
       695 2.3643978e+00 3.1165820e-01 9.8806805e-02 1.0185629e-01
       696 2.3634212e+00 3.1391411e-01 1.0029895e-01 1.0516233e-01
       697 2.3630643e+00 3.1416000e-01 1.0048344e-01 1.0339913e-01
       698 2.3642904e+00 3.1383784e-01 1.0017897e-01 1.0557261e-01
       699 2.3628079e+00 3.1329509e-01 9.9962487e-02 1.0382725e-01
       700 2.3639168e+00 3.1250846e-01 9.9377125e-02 1.0353170e-01
       701 2.3622852e+00 3.1423542e-01 1.0059731e-01 1.0341970e-01
       702 2.3615609e+00 3.1425450e-01 1.0067219e-01 1.0500661e-01
       703 2.3619236e+00 3.1529595e-01 1.0129621e-01 1.0585707e-01
       704 2.3627881e+00 3.1551996e-01 1.0136321e-01 1.0506834e-01
       705 2.3623431e+00 3.1467424e-01 1.0086830e-01 1.0430555e-01
       706 2.3624913e+00 3.1445003e-01 1.0071453e-01 1.0518399e-01
       707 2.3620180e+00 3.1494330e-01 1.0106577e-01 1.0554203e-01
       708 2.3623196e+00 3.1444841e-01 1.0072825e-01 1.0379295e-01
       709 2.3637578e+00 3.1380632e-01 1.0020318e-01 1.0403162e-01
       710 2.3648890e+00 3.1362427e-01 9.9996179e-02 1.0660143e-01
       711 2.3629159e+00 3.1273340e-01 9.9601682e-02 1.0283445e-01
       712 2.3633431e+00 3.1267028e-01 9.9526142e-02 1.0297318e-01
       713 2.3626213e+00 3.1576898e-01 1.0153463e-01 1.0435216e-01
       714 2.3631355e+00 3.1385483e-01 1.0028577e-01 1.0392155e-01
       715 2.3640282e+00 3.1288181e-01 9.9601396e-02 1.0285396e-01
       716 2.3625758e+00 3.1474298e-01 1.0089161e-01 1.0541302e-01
       717 2.3656004e+00 3.0895773e-01 9.7033828e-02 1.0354402e-01
       718 2.3626481e+00 3.1342429e-01 1.0005708e-01 1.0355534e-01
       719 2.3637853e+00 3.1063110e-01 9.8218174e-02 1.0222065e-01
       720 2.3629900e+00 3.1193093e-01 9.9094125e-02 1.0323188e-01
       721 2.3615233e+00 3.1503503e-01 1.0116666e-01 1.0599666e-01
       722 2.3610693e+00 3.1493167e-01 1.0114154e-01 1.0591537e-01
       723 2.3641407e+00 3.1203509e-01 9.9062981e-02 1.0320330e-01
       724 2.3623053e+00 3.1478271e-01 1.0093983e-01 1.0478652e-01
       725 2.3614107e+00 3.1560013e-01 1.0153292e-01 1.0628016e-01
       726 2.3628906e+00 3.1295357e-01 9.9741590e-02 1.0314657e-01
       727 2.3620587e+00 3.1466346e-01 1.0088606e-01 1.0529166e-01
       728 2.3627637e+00 3.1291618e-01 9.9728972e-02 1.0254950e-01
       729 2.3641024e+00 3.1425452e-01 1.0045615e-01 1.0592906e-01
       730 2.3652780e+00 3.1025120e-01 9.7860486e-02 1.0188504e-01
       731 2.3624111e+00 3.1393086e-01 1.0039517e-01 1.0292332e-01
       732 2.3634095e+00 3.1176310e-01 9.8954098e-02 1.0177217e-01
       733 2.3647275e+00 3.1280137e-01 9.9493788e-02 1.0378515e-01
       734 2.3611810e+00 3.1417259e-01 1.0065412e-01 1.0605649e-01
       735 2.3619923e+00 3.1696186e-01 1.0234353e-01 1.0375831e-01
       736 2.3627871e+00 3.1388524e-01 1.0033439e-01 1.0498498e-01
       737 2.3622977e+00 3.1435001e-01 1.0066826e-01 1.0395484e-01
       738 2.3641639e+00 3.1210255e-01 9.9103182e-02 1.0336877e-01
       739 2.3636552e+00 3.1454762e-01 1.0067753e-01 1.0504079e-01
       740 2.3605337e+00 3.1750148e-01 1.0281447e-01 1.0848434e-01
       741 2.3628139e+00 3.1365603e-01 1.0018827e-01 1.0309442e-01
       742 2.3625536e+00 3.1377498e-01 1.0028510e-01 1.0499087e-01
       743 2.3651713e+00 3.1122246e-01 9.8472661e-02 1.0319189e-01
       744 2.3625783e+00 3.1254606e-01 9.9513298e-02 1.0239819e-01
       745 2.3624712e+00 3.1390790e-01 1.0037559e-01 1.0378544e-01
       746 2.3629316e+00 3.1428221e-01 1.0057147e-01 1.0268365e-01
       747 2.3627602e+00 3.1305147e-01 9.9813961e-02 1.0251333e-01
       748 2.3616188e+00 3.1432641e-01 1.0071232e-01 1.0436447e-01
       749 2.3641403e+00 3.1391867e-01 1.0024205e-01 1.0337240e-01
       750 2.3629052e+00 3.1354625e-01 1.0011166e-01 1.0291401e-01
       751 2.3627319e+00 3.1484022e-01 1.0093951e-01 1.0441144e-01
       752 2.3644488e+00 3.1297967e-01 9.9628068e-02 1.0453812e-01
       753 2.3636711e+00 3.1087608e-01 9.8379935e-02 1.0238287e-01
       754 2.3647418e+00 3.0993420e-01 9.7707134e-02 1.0070216e-01
       755 2.3607684e+00 3.1640174e-01 1.0209637e-01 1.0586118e-01
       756 2.3631771e+00 3.1387389e-01 1.0029423e-01 1.0429978e-01
       757 2.3659954e+00 3.0944729e-01 9.7305341e-02 1.0291414e-01
       758 2.3647008e+00 3.1131939e-01 9.8571014e-02 1.0260191e-01
       759 2.3627734e+00 3.1368149e-01 1.0020769e-01 1.0250661e-01
       760 2.3652782e+00 3.1045247e-01 9.7985399e-02 1.0269957e-01
       761 2.3624345e+00 3.1244187e-01 9.9460494e-02 1.0314087e-01
       762 2.3652533e+00 3.0963891e-01 9.7482910e-02 1.0195517e-01
       763 2.3637648e+00 3.1149361e-01 9.8756468e-02 1.0161382e-01
       764 2.3623570e+00 3.1384216e-01 1.0034414e-01 1.0305052e-01
       765 2.3597521e+00 3.1610364e-01 1.0199944e-01 1.0992262e-01
       766 2.3637896e+00 3.1371888e-01 1.0014568e-01 1.0273849e-01
       767 2.3657527e+00 3.0897219e-01 9.7030684e-02 1.0131411e-01
       768 2.3654833e+00 3.0987811e-01 9.7612716e-02 1.0360798e-01
       769 2.3617000e+00 3.1376488e-01 1.0035253e-01 1.0628864e-01
       770 2.3643662e+00 3.1104243e-01 9.8425953e-02 1.0190071e-01
       771 2.3628998e+00 3.1274544e-01 9.9610580e-02 1.0338679e-01
       772 2.3617650e+00 3.1378613e-01 1.0036021e-01 1.0261975e-01
       773 2.3644016e+00 3.1189229e-01 9.8952463e-02 1.0156131e-01
       774 2.3594750e+00 3.1566051e-01 1.0174483e-01 1.1207915e-01
       775 2.3643170e+00 3.1234661e-01 9.9243005e-02 1.0134979e-01
       776 2.3630867e+00 3.1344445e-01 1.0003246e-01 1.0312460e-01
       777 2.3642567e+00 3.1220836e-01 9.9161605e-02 1.0209339e-01
       778 2.3620854e+00 3.1410683e-01 1.0053375e-01 1.0475934e-01
       779 2.3629969e+00 3.1404779e-01 1.0041865e-01 1.0306506e-01
       780 2.3648386e+00 3.1064319e-01 9.8139268e-02 1.0021371e-01
       781 2.3631110e+00 3.1259268e-01 9.9497168e-02 1.0071023e-01
       782 2.3644288e+00 3.0999144e-01 9.7768127e-02 1.0180340e-01
       783 2.3639517e+00 3.1155847e-01 9.8781380e-02 1.0172861e-01
       784 2.3628510e+00 3.1307956e-01 9.9823827e-02 1.0183021e-01
       785 2.3619875e+00 3.1391699e-01 1.0042301e-01 1.0418951e-01
       786 2.3651091e+00 3.1126602e-01 9.8504776e-02 1.0311598e-01
       787 2.3638983e+00 3.1370351e-01 1.0012702e-01 1.0275252e-01
       788 2.3628817e+00 3.1245244e-01 9.9428927e-02 9.9999415e-02
       789 2.3648759e+00 3.1148428e-01 9.8659506e-02 1.0109363e-01
       790 2.3621121e+00 3.1290121e-01 9.9775506e-02 1.0274460e-01
       791 2.3636703e+00 3.1312859e-01 9.9785581e-02 1.0306932e-01
       792 2.3630538e+00 3.1087814e-01 9.8433041e-02 1.0192217e-01
       793 2.3629682e+00 3.1348338e-01 1.0006690e-01 1.0154036e-01
       794 2.3623730e+00 3.1299119e-01 9.9809345e-02 1.0256670e-01
       795 2.3628044e+00 3.1112694e-01 9.8608949e-02 1.0257529e-01
       796 2.3643256e+00 3.0961844e-01 9.7545467e-02 1.0013608e-01
       797 2.3627931e+00 3.1505856e-01 1.0107183e-01 1.0331974e-01
       798 2.3625264e+00 3.1316801e-01 9.9906901e-02 1.0342195e-01
       799 2.3613532e+00 3.1499674e-01 1.0115747e-01 1.0519686e-01
       800 2.3610972e+00 3.1600796e-01 1.0181814e-01 1.0543535e-01
       801 2.3645344e+00 3.1072871e-01 9.8217138e-02 9.9810040e-02
       802 2.3637951e+00 3.1215954e-01 9.9169263e-02 1.0192524e-01
       803 2.3643723e+00 3.1199149e-01 9.9016747e-02 1.0253942e-01
       804 2.3628907e+00 3.1405667e-01 1.0043323e-01 1.0343010e-01
       805 2.3634357e+00 3.1348507e-01 1.0002856e-01 1.0189699e-01
       806 2.3619981e+00 3.1341094e-01 1.0010463e-01 1.0286447e-01
       807 2.3647559e+00 3.1018824e-01 9.7863525e-02 1.0129627e-01
       808 2.3651858e+00 3.1171947e-01 9.8781103e-02 1.0308342e-01
       809 2.3647595e+00 3.0983795e-01 9.7646042e-02 1.0113726e-01
       810 2.3635949e+00 3.1233995e-01 9.9298605e-02 1.0092479e-01
       811 2.3609847e+00 3.1539123e-01 1.0143871e-01 1.0599013e-01
       812 2.3656935e+00 3.0779918e-01 9.6311896e-02 1.0039527e-01
       813 2.3607102e+00 3.1641602e-01 1.0211060e-01 1.0700104e-01
       814 2.3618526e+00 3.1333122e-01 1.0006730e-01 1.0347461e-01
       815 2.3649427e+00 3.1204812e-01 9.9005686e-02 1.0364242e-01
       816 2.3626566e+00 3.1385693e-01 1.0032774e-01 1.0298404e-01
       817 2.3637663e+00 3.1211432e-01 9.9143431e-02 1.0171196e-01
       818 2.3654861e+00 3.1216299e-01 9.9033784e-02 1.0467126e-01
       819 2.3615565e+00 3.1561742e-01 1.0153104e-01 1.0434264e-01
       820 2.3628033e+00 3.1211664e-01 9.9225864e-02 1.0241895e-01
       821 2.3637566e+00 3.1242522e-01 9.9338402e-02 1.0084752e-01
       822 2.3608684e+00 3.1513439e-01 1.0128709e-01 1.0770906e-01
       823 2.3639784e+00 3.1187674e-01 9.8977592e-02 1.0223309e-01
       824 2.3645207e+00 3.0976865e-01 9.7622538e-02 1.0049524e-01
       825 2.3636516e+00 3.1196082e-01 9.9057182e-02 1.0021234e-01
       826 2.3617746e+00 3.1492155e-01 1.0107322e-01 1.0463788e-01
       827 2.3640045e+00 3.1048136e-01 9.8107004e-02 1.0138362e-01
       828 2.3635750e+00 3.1188405e-01 9.9015680e-02 1.0218969e-01
       829 2.3659816e+00 3.0856230e-01 9.6759497e-02 1.0175850e-01
       830 2.3638731e+00 3.1204341e-01 9.9090303e-02 1.0021301e-01
       831 2.3603055e+00 3.1473735e-01 1.0108739e-01 1.0920588e-01
       832 2.3642507e+00 3.1137163e-01 9.8640326e-02 1.0140617e-01
       833 2.3647620e+00 3.1017010e-01 9.7851779e-02 9.9977583e-02
       834 2.3635242e+00 3.1276546e-01 9.9570491e-02 1.0125010e-01
       835 2.3625017e+00 3.1195472e-01 9.9150559e-02 1.0088751e-01
       836 2.3632411e+00 3.1114268e-01 9.8581786e-02 1.0019392e-01
       837 2.3636104e+00 3.1226330e-01 9.9249429e-02 1.0177200e-01
       838 2.3658834e+00 3.1049328e-01 9.7962618e-02 1.0347055e-01
       839 2.3625279e+00 3.1357585e-01 1.0016238e-01 1.0379613e-01
       840 2.3638651e+00 3.1254853e-01 9.9406451e-02 9.9989415e-02
       841 2.3627627e+00 3.1465391e-01 1.0081960e-01 1.0320685e-01
       842 2.3621838e+00 3.1477246e-01 1.0094385e-01 1.0533656e-01
       843 2.3615841e+00 3.1408838e-01 1.0056578e-01 1.0413709e-01
       844 2.3654649e+00 3.1029117e-01 9.7870348e-02 1.0209139e-01
       845 2.3632086e+00 3.1232046e-01 9.9318827e-02 1.0127548e-01
       846 2.3672116e+00 3.0660888e-01 9.5462505e-02 1.0344878e-01
       847 2.3637353e+00 3.1115279e-01 9.8546713e-02 9.9617896e-02
       848 2.3643355e+00 3.1120902e-01 9.8532136e-02 9.9427404e-02
       849 2.3657157e+00 3.0911246e-01 9.7120315e-02 1.0126352e-01
       850 2.3644343e+00 3.1131072e-01 9.8587350e-02 1.0042959e-01
       851 2.3631212e+00 3.1242698e-01 9.9392745e-02 1.0225061e-01
       852 2.3632909e+00 3.1213582e-01 9.9196599e-02 1.0075932e-01
       853 2.3638385e+00 3.1149128e-01 9.8748894e-02 1.0003423e-01
       854 2.3657708e+00 3.0998837e-01 9.7658228e-02 1.0214990e-01
       855 2.3616117e+00 3.1338735e-01 1.0012348e-01 1.0389280e-01
       856 2.3641447e+00 3.1000711e-01 9.7801161e-02 9.8853218e-02
       857 2.3634608e+00 3.1105988e-01 9.8511818e-02 9.7231123e-02
       858 2.3623215e+00 3.1344852e-01 1.0010026e-01 1.0289094e-01
       859 2.3637710e+00 3.1116494e-01 9.8551306e-02 1.0139634e-01
       860 2.3631091e+00 3.1285163e-01 9.9659292e-02 1.0001623e-01
       861 2.3634766e+00 3.1211820e-01 9.9170020e-02 1.0163575e-01
       862 2.3638543e+00 3.1135254e-01 9.8661172e-02 9.9501924e-02
       863 2.3625996e+00 3.1175175e-01 9.9015593e-02 1.0140801e-01
       864 2.3632442e+00 3.1269344e-01 9.9548940e-02 1.0232459e-01
       865 2.3633940e+00 3.1255943e-01 9.9452563e-02 1.0094935e-01
       866 2.3636390e+00 3.1116554e-01 9.8562669e-02 9.8862972e-02
       867 2.3613124e+00 3.1368892e-01 1.0033885e-01 1.0423011e-01
       868 2.3636284e+00 3.1175679e-01 9.8931857e-02 1.0100474e-01
       869 2.3627371e+00 3.1276723e-01 9.9638042e-02 1.0097595e-01
       870 2.3629466e+00 3.1342424e-01 1.0003165e-01 1.0247532e-01
       871 2.3638154e+00 3.1072078e-01 9.8271398e-02 9.9616632e-02
       872 2.3626065e+00 3.1371150e-01 1.0024075e-01 1.0261381e-01
       873 2.3648656e+00 3.0985814e-01 9.7649960e-02 9.8658108e-02
       874 2.3650816e+00 3.1049877e-01 9.8029937e-02 1.0097976e-01
       875 2.3628118e+00 3.1256077e-01 9.9502577e-02 1.0174739e-01
       876 2.3615762e+00 3.1425351e-01 1.0067022e-01 1.0304075e-01
       877 2.3608857e+00 3.1332378e-01 1.0014766e-01 1.0513310e-01
       878 2.3650643e+00 3.0866660e-01 9.6896917e-02 9.9334435e-02
       879 2.3654662e+00 3.0939523e-01 9.7315040e-02 1.0224231e-01
       880 2.3641540e+00 3.1077364e-01 9.8276250e-02 9.9517911e-02
       881 2.3662555e+00 3.0757562e-01 9.6130082e-02 9.7655268e-02
       882 2.3643662e+00 3.1191410e-01 9.8968968e-02 1.0096906e-01
       883 2.3633417e+00 3.1033764e-01 9.8073007e-02 1.0001275e-01
       884 2.3642143e+00 3.0993144e-01 9.7748521e-02 9.7927075e-02
       885 2.3634847e+00 3.1319081e-01 9.9840051e-02 1.0115662e-01
       886 2.3629659e+00 3.1482895e-01 1.0091253e-01 1.0095845e-01
       887 2.3659917e+00 3.0930537e-01 9.7217818e-02 1.0089043e-01
       888 2.3660627e+00 3.0842681e-01 9.6669517e-02 1.0007625e-01
       889 2.3640691e+00 3.0911669e-01 9.7256118e-02 9.8018764e-02
       890 2.3616363e+00 3.1341647e-01 1.0013958e-01 1.0455918e-01
       891 2.3636622e+00 3.1109718e-01 9.8518195e-02 9.8129736e-02
       892 2.3642345e+00 3.0994546e-01 9.7755558e-02 9.8305926e-02
       893 2.3657213e+00 3.0868964e-01 9.6858648e-02 9.9618887e-02
       894 2.3624717e+00 3.1297634e-01 9.9791578e-02 1.0088592e-01
       895 2.3634460e+00 3.1088033e-01 9.8401391e-02 9.9224343e-02
       896 2.3664581e+00 3.0980913e-01 9.7493219e-02 1.0299316e-01
       897 2.3616402e+00 3.1147648e-01 9.8926960e-02 1.0452231e-01
       898 2.3632396e+00 3.1126834e-01 9.8660120e-02 1.0067679e-01
       899 2.3627464e+00 3.1276840e-01 9.9637985e-02 1.0145214e-01
       900 2.3622964e+00 3.1220280e-01 9.9323035e-02 1.0201248e-01
       901 2.3652072e+00 3.1030728e-01 9.7900961e-02 9.9501847e-02
       902 2.3622620e+00 3.1257129e-01 9.9556218e-02 1.0102301e-01
       903 2.3643389e+00 3.1113900e-01 9.8488276e-02 9.9093264e-02
       904 2.3646702e+00 3.0987042e-01 9.7673423e-02 9.7488157e-02
       905 2.3635047e+00 3.1274914e-01 9.9561919e-02 9.9842407e-02
       906 2.3648301e+00 3.0913514e-01 9.7205296e-02 9.8861230e-02
       907 2.3660729e+00 3.0678312e-01 9.5657507e-02 9.8277948e-02
       908 2.3629466e+00 3.1259044e-01 9.9509681e-02 9.9472500e-02
       909 2.3653194e+00 3.0957676e-01 9.7439129e-02 9.9339800e-02
       910 2.3662028e+00 3.0749952e-01 9.6087397e-02 9.9817883e-02
       911 2.3657182e+00 3.0903767e-01 9.7073889e-02 9.9391613e-02
       912 2.3632747e+00 3.0925679e-01 9.7408950e-02 9.9136074e-02
       913 2.3632393e+00 3.1202001e-01 9.9128654e-02 1.0127291e-01
       914 2.3626946e+00 3.1003090e-01 9.7937487e-02 9.9824271e-02
       915 2.3641640e+00 3.0959807e-01 9.7546134e-02 9.9744015e-02
       916 2.3619977e+00 3.1157148e-01 9.8955029e-02 1.0104507e-01
       917 2.3634623e+00 3.1235875e-01 9.9321433e-02 9.9106633e-02
       918 2.3618425e+00 3.1231268e-01 9.9430933e-02 1.0271715e-01
       919 2.3638389e+00 3.1276244e-01 9.9542389e-02 9.9592056e-02
       920 2.3605735e+00 3.1566348e-01 1.0164715e-01 1.0590088e-01
       921 2.3643016e+00 3.1021732e-01 9.7918647e-02 9.8493528e-02
       922 2.3665703e+00 3.0720896e-01 9.5880154e-02 9.9095381e-02
       923 2.3621192e+00 3.1336031e-01 1.0006241e-01 1.0323044e-01
       924 2.3624963e+00 3.1317409e-01 9.9913285e-02 1.0120813e-01
       925 2.3642062e+00 3.0786650e-01 9.6473483e-02 9.7057597e-02
       926 2.3648284e+00 3.0850331e-01 9.6815195e-02 9.7886852e-02
       927 2.3652756e+00 3.1086171e-01 9.8239878e-02 1.0040654e-01
       928 2.3628607e+00 3.1200547e-01 9.9151603e-02 1.0175536e-01
       929 2.3649154e+00 3.0751382e-01 9.6198609e-02 9.7046680e-02
       930 2.3616261e+00 3.1407238e-01 1.0055205e-01 1.0349404e-01
       931 2.3664196e+00 3.0740653e-01 9.6013298e-02 9.8749375e-02
       932 2.3658776e+00 3.0831046e-01 9.6612338e-02 9.9871434e-02
       933 2.3643616e+00 3.0804286e-01 9.6569345e-02 9.6751418e-02
       934 2.3661449e+00 3.0844602e-01 9.6674921e-02 1.0047737e-01
       935 2.3621356e+00 3.1369008e-01 1.0026778e-01 1.0227683e-01
       936 2.3619884e+00 3.1195762e-01 9.9196608e-02 1.0219833e-01
       937 2.3634382e+00 3.0975142e-01 9.7701403e-02 9.8991020e-02
       938 2.3660508e+00 3.0888564e-01 9.6953698e-02 1.0256588e-01
       939 2.3628524e+00 3.1207541e-01 9.9195951e-02 1.0182271e-01
       940 2.3644709e+00 3.1011029e-01 9.7838385e-02 9.7789266e-02
       941 2.3652688e+00 3.0861146e-01 9.6846452e-02 9.7269669e-02
       942 2.3638002e+00 3.0937085e-01 9.7435584e-02 9.7572673e-02
       943 2.3641355e+00 3.0874271e-01 9.7019577e-02 9.7313687e-02
       944 2.3617405e+00 3.1105083e-01 9.8653229e-02 1.0174094e-01
       945 2.3644093e+00 3.0874308e-01 9.6997324e-02 9.8736660e-02
       946 2.3660940e+00 3.0656437e-01 9.5521683e-02 9.7691883e-02
       947 2.3620278e+00 3.1235280e-01 9.9439909e-02 1.0176336e-01
       948 2.3663639e+00 3.0577849e-01 9.5019341e-02 9.8374697e-02
       949 2.3625787e+00 3.1188340e-01 9.9099484e-02 9.8965608e-02
       950 2.3633812e+00 3.1297055e-01 9.9710802e-02 1.0097098e-01
       951 2.3649393e+00 3.1169158e-01 9.8783569e-02 1.0090327e-01
       952 2.3651342e+00 3.0856319e-01 9.6827463e-02 9.6165907e-02
       953 2.3629740e+00 3.1339468e-01 1.0001080e-01 1.0029103e-01
       954 2.3617800e+00 3.1391566e-01 1.0044021e-01 1.0147298e-01
       955 2.3634121e+00 3.1173691e-01 9.8937547e-02 1.0076525e-01
       956 2.3650453e+00 3.0713525e-01 9.5955436e-02 9.5391591e-02
       957 2.3640589e+00 3.1060140e-01 9.8177063e-02 9.8916295e-02
       958 2.3646647e+00 3.0955256e-01 9.7476976e-02 9.9164032e-02
       959 2.3636347e+00 3.0867416e-01 9.7018774e-02 9.7668465e-02
       960 2.3663479e+00 3.0875749e-01 9.6851291e-02 1.0006132e-01
       961 2.3621653e+00 3.1252617e-01 9.9536354e-02 1.0119132e-01
       962 2.3651742e+00 3.0743137e-01 9.6127053e-02 9.6597081e-02
       963 2.3646131e+00 3.0876303e-01 9.6992999e-02 9.7264501e-02
       964 2.3641713e+00 3.0868312e-01 9.6979839e-02 9.6579757e-02
       965 2.3650797e+00 3.0902471e-01 9.7116873e-02 1.0037448e-01
       966 2.3636649e+00 3.1065204e-01 9.8241210e-02 9.8469526e-02
       967 2.3638667e+00 3.0904542e-01 9.7228811e-02 9.7865135e-02
       968 2.3659640e+00 3.0862043e-01 9.6796758e-02 1.0029770e-01
       969 2.3632191e+00 3.1070083e-01 9.8308873e-02 9.8808534e-02
       970 2.3638068e+00 3.1002094e-01 9.7837693e-02 9.8579575e-02
       971 2.3641082e+00 3.0914815e-01 9.7272346e-02 9.6955028e-02
       972 2.3653070e+00 3.0789212e-01 9.6399912e-02 9.8718734e-02
       973 2.3620844e+00 3.1074497e-01 9.8433177e-02 1.0231731e-01
       974 2.3621395e+00 3.1098245e-01 9.8576058e-02 1.0081812e-01
       975 2.3660551e+00 3.0823141e-01 9.6549628e-02 9.9333705e-02
       976 2.3632145e+00 3.1208004e-01 9.9168211e-02 9.8710636e-02
       977 2.3667582e+00 3.0759139e-01 9.6100746e-02 9.9844230e-02
       978 2.3613830e+00 3.1282103e-01 9.9788896e-02 1.0422482e-01
       979 2.3626610e+00 3.1238446e-01 9.9405239e-02 1.0152923e-01
       980 2.3652508e+00 3.0573897e-01 9.5083170e-02 9.5630591e-02
       981 2.3660604e+00 3.0600048e-01 9.5178900e-02 9.7046779e-02
       982 2.3678099e+00 3.0792730e-01 9.6227462e-02 1.0404173e-01
       983 2.3629016e+00 3.1005753e-01 9.7936390e-02 9.9339714e-02
       984 2.3651551e+00 3.0863893e-01 9.6872530e-02 9.8146409e-02
       985 2.3655878e+00 3.0737912e-01 9.6061877e-02 9.7687100e-02
       986 2.3625591e+00 3.1330274e-01 9.9988507e-02 1.0026790e-01
       987 2.3641602e+00 3.0949018e-01 9.7479656e-02 9.7752496e-02
       988 2.3641823e+00 3.0737366e-01 9.6172229e-02 9.5854607e-02
       989 2.3623088e+00 3.1366622e-01 1.0023787e-01 1.0037901e-01
       990 2.3652845e+00 3.0801189e-01 9.6475484e-02 9.6574340e-02
       991 2.3664156e+00 3.0547642e-01 9.4830675e-02 9.6453886e-02
       992 2.3625063e+00 3.1148392e-01 9.8856658e-02 9.9589058e-02
       993 2.3610407e+00 3.1278096e-01 9.9794039e-02 1.0479042e-01
       994 2.3623417e+00 3.1145086e-01 9.8850188e-02 9.9753827e-02
       995 2.3634332e+00 3.1086899e-01 9.8395406e-02 9.7872759e-02
       996 2.3603956e+00 3.1275861e-01 9.9837629e-02 1.0707395e-01
       997 2.3641391e+00 3.0925881e-01 9.7338233e-02 9.6208085e-02
       998 2.3654938e+00 3.0762312e-01 9.6219414e-02 9.6858794e-02
       999 2.3623847e+00 3.1121641e-01 9.8700506e-02 9.9262007e-02

Final Weights:         0.1994899341         0.6024366400        -0.5435579916        -0.2514207439 