# Cycles, Average Predicted Temperature, Stddev Predicted Temperature, Mean Squared Error, || MSE Gradient ||
         0    0.14662    0.04423    4.85326   12.72649
         1    0.18913    0.05862    4.66930   15.69400
         2    0.25424    0.08299    4.39570   19.81503
         3    0.36800    0.12776    3.94143   26.14699
         4    0.58783    0.22266    3.15195   33.63503
         5    1.02162    0.42202    1.94054   36.07527
         6    1.74576    0.76829    0.95439   11.45036
         7    2.04193    0.91067    0.92372    8.46425
         8    1.82998    0.80467    0.91707    6.81877
         9    2.00164    0.88111    0.89715    5.37289
        10    1.86708    0.81750    0.90073    4.89822
        11    1.98865    0.87250    0.89124    4.55799
        12    1.89196    0.82453    0.88890    3.79143
        13    1.95984    0.85410    0.88109    3.09571
        14    1.92738    0.82829    0.86399    2.80687
        15    1.95832    0.83406    0.84843    2.68749
        16    1.94118    0.82865    0.85312    2.66527
        17    1.94742    0.82999    0.85031    2.66339
        18    1.94789    0.82426    0.84044    2.68618
        19    1.95869    0.82485    0.83286    2.70380
        20    1.95620    0.81739    0.82256    2.67194
        21    1.95735    0.81882    0.82401    2.70576
        22    1.96230    0.81167    0.80849    2.69958
        23    1.96387    0.80734    0.80028    2.73088
        24    1.97020    0.80955    0.79900    2.74661
        25    1.96676    0.79824    0.78344    2.75312
        26    1.97792    0.79991    0.77770    2.76091
        27    1.97211    0.79391    0.77248    2.76513
        28    1.99208    0.79058    0.75255    2.80554
        29    1.96857    0.78673    0.76381    2.86828
        30    1.99603    0.78975    0.74843    2.88358
        31    1.98026    0.77525    0.73712    2.85261
        32    2.00170    0.78823    0.74205    2.97882
        33    1.97410    0.76388    0.72421    3.10811
        34    2.01351    0.77712    0.71659    3.00475
        35    1.99444    0.76227    0.70689    2.83412
        36    2.00132    0.75969    0.69814    2.81351
        37    2.01625    0.76350    0.69377    2.91098
        38    1.99699    0.74900    0.68505    2.93382
        39    2.01953    0.75800    0.68324    2.88516
        40    2.00886    0.74671    0.67340    2.82289
        41    2.02548    0.74375    0.65794    2.82291
        42    2.01830    0.73829    0.65456    2.80497
        43    2.02783    0.74046    0.65154    2.81940
        44    2.02230    0.72868    0.63782    2.81678
        45    2.03767    0.72917    0.62873    2.78030
        46    2.02716    0.72664    0.63171    2.78858
        47    2.03897    0.71881    0.61293    2.73448
        48    2.04446    0.71807    0.60848    2.71383
        49    2.03912    0.71713    0.61042    2.75127
        50    2.04567    0.70902    0.59483    2.72348
        51    2.04520    0.70779    0.59338    2.71722
        52    2.05898    0.70080    0.57535    2.66498
        53    2.05635    0.69882    0.57410    2.67701
        54    2.06223    0.69423    0.56430    2.62680
        55    2.06092    0.68976    0.55886    2.69667
        56    2.06406    0.68815    0.55485    2.67346
        57    2.06791    0.68063    0.54237    2.63141
        58    2.07499    0.68111    0.53910    2.62162
        59    2.07039    0.67512    0.53351    2.57994
        60    2.08057    0.67212    0.52391    2.47182
        61    2.08157    0.66756    0.51726    2.44755
        62    2.08754    0.66436    0.50984    2.37518
        63    2.09037    0.66193    0.50513    2.31492
        64    2.09536    0.66030    0.50042    2.25615
        65    2.09736    0.65667    0.49463    2.17689
        66    2.09416    0.66027    0.50100    2.16385
        67    2.09827    0.65503    0.49203    2.06775
        68    2.10550    0.65408    0.48720    1.99245
        69    2.10286    0.65058    0.48393    1.93804
        70    2.11560    0.64730    0.47356    1.88576
        71    2.11002    0.64866    0.47796    3.14693
        72    2.10784    0.63956    0.46728    2.96724
        73    2.12387    0.63350    0.45209    2.72349
        74    2.11303    0.63110    0.45405    2.64181
        75    2.13036    0.62536    0.43896    2.42062
        76    2.12787    0.62293    0.43702    2.32749
        77    2.13514    0.62317    0.43415    2.24431
        78    2.13601    0.61557    0.42438    2.11974
        79    2.14194    0.61124    0.41656    2.03279
        80    2.14008    0.61122    0.41732    1.97874
        81    2.14974    0.61213    0.41448    1.95695
        82    2.14032    0.60517    0.40986    1.87883
        83    2.15481    0.60286    0.40122    1.82337
        84    2.14866    0.60172    0.40228    1.74731
        85    2.15035    0.59967    0.39914    1.71210
        86    2.15708    0.59298    0.38853    1.63233
        87    2.15211    0.59959    0.39834    1.65302
        88    2.15721    0.59136    0.38656    1.60244
        89    2.15792    0.59693    0.39290    1.61221
        90    2.15387    0.58833    0.38429    1.58644
        91    2.16524    0.59018    0.38215    1.54424
        92    2.15503    0.58751    0.38286    1.54086
        93    2.16716    0.58156    0.37135    1.46242
        94    2.16928    0.58411    0.37355    1.47881
        95    2.16133    0.57930    0.37088    1.45424
        96    2.16734    0.57860    0.36784    1.42721
        97    2.16973    0.57858    0.36696    1.41340
        98    2.16341    0.57702    0.36747    1.41312
        99    2.17127    0.57929    0.36723    1.39990
       100    2.16921    0.57539    0.36346    1.37163
       101    2.17207    0.57617    0.36334    1.35970
       102    2.17035    0.57127    0.35833    1.33919
       103    2.17244    0.57204    0.35847    1.33098
       104    2.17153    0.57265    0.35949    1.32123
       105    2.16963    0.57016    0.35733    1.32971
       106    2.17851    0.56948    0.35344    1.30741
       107    2.17278    0.56442    0.34969    1.29681
       108    2.18344    0.56650    0.34839    1.30810
       109    2.17273    0.56156    0.34649    1.28541
       110    2.17660    0.56094    0.34444    1.25141
       111    2.18054    0.56164    0.34388    1.25140
       112    2.17879    0.55785    0.34023    1.23422
       113    2.18167    0.56363    0.34575    1.24904
       114    2.18053    0.56043    0.34253    1.23459
       115    2.18605    0.55773    0.33767    1.22364
       116    2.17783    0.55489    0.33727    1.22558
       117    2.18516    0.55392    0.33374    1.19611
       118    2.18594    0.55462    0.33425    1.19387
       119    2.17985    0.55532    0.33706    1.20710
       120    2.18422    0.55206    0.33198    1.17794
       121    2.18343    0.55189    0.33206    1.17707
       122    2.19313    0.54610    0.32258    1.15981
       123    2.18589    0.54782    0.32677    1.16671
       124    2.18821    0.54637    0.32443    1.14178
       125    2.18679    0.54820    0.32689    1.15479
       126    2.18841    0.54823    0.32640    1.14190
       127    2.19125    0.54515    0.32213    1.13671
       128    2.18634    0.54224    0.32055    1.14454
       129    2.19152    0.54450    0.32134    1.13079
       130    2.18733    0.53982    0.31760    1.13502
       131    2.19592    0.54501    0.32052    1.15083
       132    2.19364    0.54002    0.31581    1.09328
       133    2.19241    0.53567    0.31152    1.08780
       134    2.19057    0.53986    0.31661    1.10310
       135    2.19604    0.53911    0.31410    1.09708
       136    2.19294    0.53828    0.31416    1.08526
       137    2.19650    0.53352    0.30795    1.06058
       138    2.19687    0.52984    0.30393    1.05204
       139    2.19848    0.53440    0.30830    1.06796
       140    2.19389    0.53468    0.31000    1.06639
       141    2.19475    0.53264    0.30756    1.06234
       142    2.20148    0.53063    0.30339    1.05048
       143    2.19959    0.53059    0.30390    1.04586
       144    2.19267    0.53107    0.30653    1.07018
       145    2.20293    0.52814    0.30032    1.03619
       146    2.20070    0.52952    0.30244    1.03460
       147    2.19413    0.52642    0.30116    1.07310
       148    2.20608    0.52413    0.29519    1.02489
       149    2.20154    0.52263    0.29494    1.02237
       150    2.20445    0.52363    0.29513    1.01927
       151    2.20270    0.52167    0.29360    1.01002
       152    2.20368    0.52039    0.29198    0.99646
       153    2.20397    0.52167    0.29323    1.00348
       154    2.20215    0.52042    0.29246    1.00319
       155    2.19939    0.52023    0.29308    1.02130
       156    2.20901    0.51868    0.28868    1.00151
       157    2.20609    0.51872    0.28954    0.98880
       158    2.20476    0.51718    0.28834    0.97975
       159    2.20893    0.51771    0.28769    0.98472
       160    2.20344    0.51558    0.28707    0.98031
       161    2.21058    0.51446    0.28388    0.97085
       162    2.20378    0.51356    0.28488    0.98013
       163    2.20689    0.51230    0.28270    0.96359
       164    2.21045    0.51545    0.28494    0.96911
       165    2.21217    0.51130    0.28021    0.95412
       166    2.20814    0.51166    0.28169    0.95330
       167    2.21198    0.50808    0.27697    0.92875
       168    2.20691    0.50915    0.27948    0.94763
       169    2.21307    0.50772    0.27631    0.92646
       170    2.20920    0.50747    0.27712    0.93602
       171    2.21214    0.50817    0.27702    0.92627
       172    2.21387    0.50615    0.27450    0.92358
       173    2.20788    0.50672    0.27673    0.94119
       174    2.21787    0.50428    0.27154    0.92955
       175    2.21002    0.50734    0.27676    0.92713
       176    2.21542    0.50604    0.27397    0.91791
       177    2.21301    0.50099    0.26953    0.90249
       178    2.20898    0.50282    0.27248    0.93775
       179    2.21695    0.50045    0.26793    0.89659
       180    2.21539    0.50296    0.27087    0.89748
       181    2.21699    0.49707    0.26455    0.88766
       182    2.21766    0.49892    0.26622    0.88992
       183    2.21240    0.49951    0.26822    0.89651
       184    2.21774    0.50228    0.26956    0.89916
       185    2.21375    0.49712    0.26547    0.88658
       186    2.22029    0.49564    0.26227    0.86367
       187    2.22038    0.49725    0.26385    0.87712
       188    2.21795    0.49371    0.26097    0.86517
       189    2.21945    0.49285    0.25973    0.85239
       190    2.21639    0.49527    0.26293    0.86917
       191    2.22098    0.49297    0.25946    0.85213
       192    2.21883    0.49230    0.25935    0.85276
       193    2.21881    0.49405    0.26109    0.86284
       194    2.21860    0.49141    0.25854    0.85002
       195    2.22054    0.49108    0.25771    0.84096
       196    2.22053    0.49127    0.25790    0.84186
       197    2.22543    0.49021    0.25562    0.85233
       198    2.21945    0.49190    0.25879    0.84274
       199    2.22076    0.48702    0.25368    0.83488
       200    2.21754    0.48935    0.25679    0.85179
       201    2.22836    0.48735    0.25210    0.85661
       202    2.22829    0.48331    0.24820    0.82234
       203    2.21945    0.48420    0.25128    0.84411
       204    2.22478    0.48732    0.25296    0.82581
       205    2.21925    0.48521    0.25231    0.84131
       206    2.22820    0.48339    0.24830    0.81915
       207    2.22588    0.48214    0.24766    0.79675
       208    2.22846    0.48014    0.24511    0.79060
       209    2.22219    0.48300    0.24941    0.80804
       210    2.22422    0.48474    0.25059    0.80927
       211    2.22194    0.48188    0.24840    0.81670
       212    2.22745    0.48256    0.24769    0.81212
       213    2.22690    0.48096    0.24628    0.79375
       214    2.22650    0.47978    0.24524    0.78697
       215    2.22575    0.48087    0.24648    0.79168
       216    2.23049    0.47781    0.24239    0.79187
       217    2.22542    0.47616    0.24205    0.79077
       218    2.23168    0.47666    0.24101    0.78374
       219    2.22582    0.47724    0.24298    0.78341
       220    2.23322    0.47553    0.23957    0.79149
       221    2.22375    0.47574    0.24206    0.80827
       222    2.22412    0.47670    0.24288    0.80010
       223    2.23055    0.47349    0.23827    0.76747
       224    2.23265    0.47557    0.23975    0.77898
       225    2.23214    0.47308    0.23750    0.76422
       226    2.22799    0.47253    0.23797    0.77311
       227    2.23237    0.47574    0.23998    0.78094
       228    2.22732    0.47054    0.23626    0.77775
       229    2.23133    0.47163    0.23633    0.75475
       230    2.23367    0.46911    0.23341    0.75037
       231    2.23195    0.46583    0.23074    0.74173
       232    2.23213    0.47079    0.23534    0.74855
       233    2.22963    0.46955    0.23477    0.75869
       234    2.23588    0.46849    0.23232    0.75821
       235    2.23578    0.46640    0.23039    0.73722
       236    2.23104    0.46846    0.23341    0.74842
       237    2.23262    0.46544    0.23022    0.73607
       238    2.23337    0.46661    0.23114    0.73518
       239    2.23230    0.46752    0.23224    0.73860
       240    2.23590    0.46443    0.22853    0.72077
       241    2.23359    0.46505    0.22963    0.73254
       242    2.23759    0.46505    0.22872    0.73441
       243    2.23077    0.46345    0.22881    0.75191
       244    2.23601    0.46363    0.22777    0.73247
       245    2.23435    0.46402    0.22850    0.72442
       246    2.24120    0.45923    0.22255    0.71906
       247    2.23269    0.46457    0.22940    0.73145
       248    2.23306    0.46202    0.22694    0.72814
       249    2.23957    0.46034    0.22393    0.72559
       250    2.23234    0.46152    0.22665    0.73941
       251    2.23890    0.46087    0.22456    0.73000
       252    2.23598    0.46030    0.22469    0.72140
       253    2.23597    0.46039    0.22478    0.71897
       254    2.23420    0.46035    0.22515    0.73347
       255    2.23598    0.46129    0.22561    0.72403
       256    2.24007    0.45977    0.22329    0.72794
       257    2.23713    0.45485    0.21944    0.71092
       258    2.23776    0.45544    0.21984    0.70534
       259    2.23965    0.45977    0.22339    0.72550
       260    2.24248    0.45514    0.21854    0.71167
       261    2.23485    0.45489    0.22000    0.72707
       262    2.24037    0.45364    0.21763    0.69538
       263    2.23755    0.45474    0.21925    0.70407
       264    2.24328    0.45329    0.21669    0.70808
       265    2.23374    0.45299    0.21853    0.75363
       266    2.24531    0.45392    0.21684    0.73745
       267    2.23761    0.45240    0.21712    0.70469
       268    2.23776    0.45172    0.21646    0.70277
       269    2.24412    0.45273    0.21600    0.71156
       270    2.23905    0.45084    0.21538    0.68948
       271    2.24459    0.45275    0.21593    0.71352
       272    2.23841    0.45075    0.21545    0.69900
       273    2.24010    0.44678    0.21151    0.68828
       274    2.24416    0.44980    0.21335    0.68861
       275    2.24311    0.44922    0.21305    0.67993
       276    2.24415    0.44715    0.21097    0.67927
       277    2.24063    0.44549    0.21025    0.68137
       278    2.24301    0.45044    0.21417    0.68911
       279    2.24409    0.44579    0.20978    0.67202
       280    2.23962    0.44701    0.21182    0.68810
       281    2.24345    0.44652    0.21056    0.66460
       282    2.24921    0.44380    0.20695    0.68755
       283    2.24221    0.44134    0.20623    0.67307
       284    2.23961    0.44448    0.20957    0.69727
       285    2.25038    0.44268    0.20573    0.69596
       286    2.24364    0.44413    0.20840    0.66341
       287    2.24467    0.44420    0.20824    0.66327
       288    2.24548    0.44362    0.20755    0.65799
       289    2.24468    0.44195    0.20624    0.66247
       290    2.24789    0.44143    0.20512    0.66617
       291    2.24110    0.44244    0.20744    0.67714
       292    2.24642    0.43967    0.20387    0.64675
       293    2.25130    0.43833    0.20172    0.66830
       294    2.24397    0.43930    0.20405    0.65762
       295    2.24573    0.43804    0.20259    0.64693
       296    2.24177    0.44002    0.20515    0.67945
       297    2.25154    0.43754    0.20098    0.66676
       298    2.24648    0.43872    0.20302    0.64608
       299    2.24829    0.43824    0.20224    0.65108
       300    2.24567    0.43642    0.20118    0.65280
       301    2.24942    0.43710    0.20101    0.65148
       302    2.24666    0.43653    0.20107    0.64213
       303    2.24684    0.43566    0.20028    0.64306
       304    2.25256    0.43612    0.19953    0.66804
       305    2.24621    0.43395    0.19892    0.64911
       306    2.24864    0.43425    0.19868    0.63436
       307    2.25242    0.43432    0.19800    0.65351
       308    2.24776    0.43372    0.19840    0.65020
       309    2.24817    0.43356    0.19818    0.64352
       310    2.25135    0.43323    0.19726    0.64411
       311    2.24762    0.43171    0.19669    0.64515
       312    2.24778    0.43248    0.19732    0.65225
       313    2.25064    0.42988    0.19451    0.63194
       314    2.25088    0.43125    0.19564    0.63197
       315    2.25008    0.43236    0.19676    0.63793
       316    2.24884    0.42751    0.19283    0.63929
       317    2.25002    0.43342    0.19769    0.63962
       318    2.25222    0.42892    0.19338    0.63567
       319    2.25045    0.42986    0.19453    0.63454
       320    2.25090    0.43126    0.19564    0.64683
       321    2.25068    0.42729    0.19228    0.63328
       322    2.25382    0.42733    0.19170    0.62804
       323    2.25032    0.42692    0.19203    0.63096
       324    2.24856    0.42748    0.19286    0.65213
       325    2.25386    0.42704    0.19145    0.63071
       326    2.25137    0.42421    0.18952    0.62662
       327    2.25321    0.42793    0.19233    0.64106
       328    2.25473    0.42350    0.18828    0.62161
       329    2.25103    0.42272    0.18833    0.62770
       330    2.25952    0.42302    0.18698    0.66327
       331    2.24769    0.42294    0.18918    0.66950
       332    2.25588    0.42424    0.18869    0.63085
       333    2.25050    0.42390    0.18943    0.63303
       334    2.25550    0.42383    0.18841    0.62810
       335    2.25160    0.42094    0.18671    0.63117
       336    2.25499    0.42059    0.18577    0.61535
       337    2.25623    0.42083    0.18574    0.61721
       338    2.25417    0.42072    0.18604    0.61738
       339    2.25496    0.41786    0.18349    0.61106
       340    2.25433    0.42018    0.18555    0.61365
       341    2.25704    0.41792    0.18315    0.60628
       342    2.25450    0.41951    0.18496    0.61762
       343    2.25385    0.41735    0.18327    0.62191
       344    2.25788    0.41721    0.18240    0.61665
       345    2.25661    0.41852    0.18373    0.61734
       346    2.25701    0.41610    0.18163    0.59891
       347    2.25259    0.42052    0.18617    0.63058
       348    2.25597    0.41807    0.18348    0.61803
       349    2.25661    0.41479    0.18062    0.60440
       350    2.25796    0.41694    0.18216    0.61405
       351    2.25214    0.41739    0.18363    0.63862
       352    2.26027    0.41574    0.18074    0.62945
       353    2.25191    0.41477    0.18150    0.65093
       354    2.25837    0.41514    0.18059    0.61431
       355    2.25911    0.41597    0.18114    0.62131
       356    2.25198    0.41346    0.18040    0.65926
       357    2.26113    0.41377    0.17896    0.63259
       358    2.25802    0.41390    0.17962    0.61664
       359    2.25846    0.41240    0.17831    0.61147
       360    2.26030    0.41022    0.17618    0.61236
       361    2.25564    0.41017    0.17699    0.62569
       362    2.25768    0.41249    0.17852    0.61340
       363    2.26306    0.41026    0.17573    0.64029
       364    2.25230    0.40987    0.17738    0.68698
       365    2.26269    0.41099    0.17639    0.64934
       366    2.25679    0.41194    0.17823    0.62763
       367    2.25674    0.41000    0.17664    0.62346
       368    2.26022    0.40924    0.17539    0.61881
       369    2.26252    0.40562    0.17204    0.60981
       370    2.26023    0.40874    0.17498    0.61805
       371    2.25993    0.40757    0.17408    0.61889
       372    2.25604    0.40687    0.17422    0.64955
       373    2.26366    0.40467    0.17108    0.61753
       374    2.25850    0.40704    0.17391    0.62605
       375    2.26158    0.40560    0.17219    0.61350
       376    2.25800    0.40726    0.17418    0.63681
       377    2.26007    0.40451    0.17157    0.61808
       378    2.26247    0.40409    0.17081    0.61497
       379    2.26175    0.40396    0.17083    0.61169
       380    2.26211    0.40320    0.17015    0.61979
       381    2.26037    0.40248    0.16988    0.61817
       382    2.26067    0.40504    0.17190    0.62453
       383    2.26102    0.40309    0.17026    0.61827
       384    2.26250    0.40173    0.16890    0.60665
       385    2.26370    0.40284    0.16958    0.62711
       386    2.26037    0.39610    0.16478    0.62678
       387    2.26465    0.40187    0.16865    0.63601
       388    2.25941    0.40208    0.16973    0.63054
       389    2.26137    0.39918    0.16705    0.62390
       390    2.26312    0.40046    0.16777    0.62658
       391    2.26663    0.39972    0.16659    0.63839
       392    2.25885    0.39874    0.16716    0.64211
       393    2.26533    0.40184    0.16851    0.64607
       394    2.26027    0.39941    0.16743    0.63629
       395    2.26492    0.39725    0.16491    0.61902
       396    2.26492    0.39596    0.16389    0.61108
       397    2.26305    0.39505    0.16349    0.61926
       398    2.26550    0.39555    0.16346    0.62304
       399    2.26083    0.39388    0.16295    0.65135
       400    2.27170    0.39303    0.16048    0.66713
       401    2.26235    0.39529    0.16379    0.62892
       402    2.26264    0.39493    0.16346    0.63062
       403    2.26539    0.39343    0.16181    0.61899
       404    2.26436    0.39205    0.16090    0.62058
       405    2.26728    0.39495    0.16269    0.64283
       406    2.26285    0.39126    0.16054    0.63792
       407    2.27130    0.39264    0.16023    0.67674
       408    2.26646    0.38987    0.15884    0.61196
       409    2.26138    0.39138    0.16089    0.66017
       410    2.26378    0.39250    0.16135    0.64943
       411    2.26908    0.39254    0.16050    0.65978
       412    2.26508    0.39058    0.15963    0.63655
       413    2.26589    0.38829    0.15771    0.62894
       414    2.26996    0.38697    0.15602    0.62444
       415    2.26651    0.38653    0.15624    0.62826
       416    2.26792    0.38740    0.15668    0.63460
       417    2.26586    0.38745    0.15706    0.64020
       418    2.26507    0.38605    0.15611    0.63750
       419    2.27346    0.38488    0.15387    0.66421
       420    2.26394    0.38578    0.15609    0.66654
       421    2.26546    0.38640    0.15632    0.65452
       422    2.27307    0.38393    0.15319    0.66184
       423    2.26630    0.38315    0.15368    0.65420
       424    2.27131    0.38290    0.15268    0.65125
       425    2.26928    0.38333    0.15333    0.64159
       426    2.27041    0.38216    0.15225    0.64684
       427    2.27152    0.38121    0.15135    0.64508
       428    2.26608    0.38167    0.15258    0.66730
       429    2.27102    0.38134    0.15153    0.64845
       430    2.26845    0.38157    0.15211    0.64816
       431    2.26755    0.38104    0.15185    0.67391
       432    2.27075    0.37795    0.14900    0.64934
       433    2.27252    0.37923    0.14969    0.66389
       434    2.27115    0.38045    0.15083    0.66399
       435    2.26744    0.37779    0.14940    0.67562
       436    2.27166    0.37858    0.14934    0.66221
       437    2.27314    0.37607    0.14721    0.65849
       438    2.27123    0.37597    0.14743    0.66350
       439    2.26858    0.37626    0.14807    0.67415
       440    2.27362    0.37604    0.14711    0.67361
       441    2.27064    0.37346    0.14564    0.67401
       442    2.27165    0.37559    0.14708    0.67925
       443    2.27253    0.37496    0.14647    0.67613
       444    2.27100    0.37398    0.14597    0.72012
       445    2.27737    0.37150    0.14317    0.73132
       446    2.26916    0.37007    0.14335    0.73037
       447    2.27413    0.37118    0.14340    0.71197
       448    2.27107    0.37082    0.14361    0.73362
       449    2.27580    0.37056    0.14270    0.73223
       450    2.27617    0.36987    0.14214    0.73539
       451    2.27068    0.36767    0.14134    0.73535
       452    2.27419    0.36684    0.14020    0.71885
       453    2.27374    0.36845    0.14144    0.73081
       454    2.27304    0.36693    0.14043    0.72351
       455    2.27530    0.36695    0.14011    0.73382
       456    2.27603    0.36499    0.13857    0.72800
       457    2.27346    0.36532    0.13920    0.74211
       458    2.27866    0.36456    0.13788    0.74906
       459    2.27315    0.36388    0.13819    0.74589
       460    2.27783    0.35946    0.13430    0.71853
       461    2.27734    0.36083    0.13536    0.73135
       462    2.27638    0.36075    0.13544    0.79623
       463    2.27884    0.36000    0.13455    0.79168
       464    2.27731    0.35775    0.13315    0.78411
       465    2.27583    0.35808    0.13360    0.79265
       466    2.28142    0.35786    0.13266    0.80413
       467    2.27524    0.35754    0.13330    0.80967
       468    2.27799    0.35636    0.13206    0.80056
       469    2.27744    0.35624    0.13205    0.80732
       470    2.27846    0.35377    0.13015    0.80237
       471    2.28194    0.35452    0.13021    0.81609
       472    2.27645    0.35368    0.13038    0.82701
       473    2.28355    0.35119    0.12764    0.81473
       474    2.27583    0.35097    0.12856    0.84446
       475    2.28114    0.35022    0.12728    0.81910
       476    2.28358    0.35099    0.12750    0.84319
       477    2.27640    0.34601    0.12502    0.85602
       478    2.28382    0.34931    0.12629    0.83871
       479    2.28065    0.34467    0.12350    0.82028
       480    2.28453    0.34380    0.12238    0.81968
       481    2.28451    0.34211    0.12122    0.81199
       482    2.28136    0.34496    0.12359    0.84545
       483    2.28267    0.34209    0.12145    0.83045
       484    2.28009    0.34001    0.12038    0.84924
       485    2.28582    0.34341    0.12194    0.86249
       486    2.28366    0.33894    0.11917    0.83064
       487    2.28405    0.33736    0.11805    0.82566
       488    2.28401    0.33894    0.11913    0.84435
       489    2.28777    0.33728    0.11753    0.85619
       490    2.28278    0.33570    0.11710    0.85193
       491    2.28640    0.33555    0.11654    0.84790
       492    2.28666    0.33332    0.11501    0.83748
       493    2.28669    0.33155    0.11383    0.84875
       494    2.28361    0.33238    0.11477    0.88335
       495    2.28965    0.33124    0.11326    0.87260
       496    2.28710    0.33052    0.11310    0.86508
       497    2.28558    0.32851    0.11197    0.86726
       498    2.28718    0.32631    0.11032    0.86240
       499    2.29158    0.32745    0.11054    0.88416
       500    2.28420    0.32602    0.11051    0.89077
       501    2.29141    0.32539    0.10922    0.86770
       502    2.28981    0.32263    0.10762    0.85456
       503    2.29076    0.32299    0.10774    0.85824
       504    2.29039    0.32055    0.10621    0.86345
       505    2.29022    0.32009    0.10594    0.86950
       506    2.28856    0.31802    0.10481    0.87310
       507    2.29264    0.31784    0.10422    0.86518
       508    2.28815    0.31638    0.10382    0.88316
       509    2.29654    0.31673    0.10309    0.89517
       510    2.29330    0.31320    0.10122    0.85367
       511    2.29148    0.31281    0.10118    0.85978
       512    2.29290    0.31341    0.10140    0.87742
       513    2.29470    0.30983    0.09896    0.85878
       514    2.29325    0.30980    0.09910    0.86725
       515    2.29450    0.30699    0.09723    0.85171
       516    2.29450    0.30691    0.09718    0.85871
       517    2.29624    0.30716    0.09715    0.86526
       518    2.29446    0.30427    0.09558    0.86307
       519    2.29728    0.30510    0.09578    0.87421
       520    2.29391    0.30360    0.09523    0.87448
       521    2.29607    0.30194    0.09399    0.86753
       522    2.29918    0.30086    0.09302    0.86771
       523    2.29822    0.29970    0.09242    0.85944
       524    2.29482    0.29775    0.09161    0.86570
       525    2.29804    0.29666    0.09062    0.85080
       526    2.29729    0.29744    0.09116    0.86115
       527    2.29826    0.29472    0.08945    0.85039
       528    2.30089    0.29431    0.08895    0.86038
       529    2.29797    0.29242    0.08814    0.85152
       530    2.29834    0.29224    0.08799    0.85140
       531    2.30256    0.29045    0.08654    0.84709
       532    2.29779    0.29039    0.08697    0.86909
       533    2.30258    0.28831    0.08530    0.85256
       534    2.30106    0.28676    0.08454    0.84318
       535    2.30306    0.28531    0.08353    0.84125
       536    2.30284    0.28449    0.08308    0.83795
       537    2.30152    0.28251    0.08208    0.83381
       538    2.30101    0.28306    0.08245    0.84235
       539    2.30462    0.28115    0.08103    0.83474
       540    2.30211    0.27888    0.07999    0.88788
       541    2.30348    0.27708    0.07886    0.96560
       542    2.30540    0.27462    0.07733    0.95202
       543    2.30519    0.27421    0.07713    0.95344
       544    2.30577    0.27409    0.07701    0.95645
       545    2.30469    0.27172    0.07581    0.95025
       546    2.30840    0.26953    0.07431    0.94102
       547    2.30651    0.26842    0.07387    0.93978
       548    2.30718    0.26471    0.07184    0.91650
       549    2.30635    0.26588    0.07253    0.93223
       550    2.30921    0.26347    0.07102    0.92037
       551    2.30720    0.26255    0.07069    0.91986
       552    2.30995    0.26021    0.06925    0.90713
       553    2.30972    0.25905    0.06866    0.90042
       554    2.30793    0.25818    0.06836    0.90434
       555    2.31298    0.25540    0.06654    0.89603
       556    2.30919    0.25322    0.06572    0.88461
       557    2.31106    0.25344    0.06568    0.88557
       558    2.31174    0.25212    0.06496    0.87963
       559    2.31147    0.25063    0.06424    0.87485
       560    2.31173    0.24807    0.06294    0.86042
       561    2.31310    0.24738    0.06250    0.86117
       562    2.31197    0.24574    0.06177    0.85625
       563    2.31145    0.24401    0.06097    0.85420
       564    2.31558    0.24278    0.06007    0.85573
       565    2.31364    0.24204    0.05984    0.85781
       566    2.31483    0.24155    0.05953    0.85830
       567    2.31395    0.23905    0.05839    0.84572
       568    2.31422    0.23657    0.05719    0.83454
       569    2.31754    0.23617    0.05678    0.83282
       570    2.31324    0.23557    0.05679    0.84022
       571    2.31766    0.23253    0.05506    0.81549
       572    2.31557    0.23199    0.05495    0.81582
       573    2.31681    0.23086    0.05435    0.81076
       574    2.31861    0.22898    0.05337    0.79832
       575    2.31765    0.22636    0.05223    0.78541
       576    2.31583    0.22554    0.05198    0.79141
       577    2.31969    0.22506    0.05152    0.78648
       578    2.31694    0.22394    0.05119    0.78258
       579    2.31957    0.22158    0.04997    0.76769
       580    2.31715    0.22227    0.05043    0.77997
       581    2.32244    0.21934    0.04882    0.76577
       582    2.31893    0.21857    0.04869    0.75704
       583    2.31899    0.21595    0.04755    0.74493
       584    2.32019    0.21556    0.04731    0.74372
       585    2.32011    0.21474    0.04696    0.74291
       586    2.31948    0.21367    0.04654    0.74125
       587    2.32210    0.21255    0.04591    0.73388
       588    2.32316    0.21150    0.04541    0.73290
       589    2.32054    0.20949    0.04471    0.72086
       590    2.32062    0.20718    0.04374    0.70992
       591    2.32281    0.20782    0.04389    0.71162
       592    2.32356    0.20691    0.04347    0.71370
       593    2.32100    0.20465    0.04268    0.70358
       594    2.32246    0.20444    0.04251    0.70051
       595    2.32491    0.20246    0.04158    0.69093
       596    2.32124    0.20171    0.04147    0.69473
       597    2.32428    0.20027    0.04073    0.68179
       598    2.32402    0.19957    0.04046    0.67729
       599    2.32390    0.19806    0.03987    0.67030
       600    2.32511    0.19698    0.03938    0.66703
       601    2.32538    0.19613    0.03903    0.66259
       602    2.32385    0.19397    0.03827    0.65379
       603    2.32610    0.19394    0.03815    0.65455
       604    2.32343    0.19190    0.03749    0.65104
       605    2.32852    0.19161    0.03714    0.65648
       606    2.32353    0.19053    0.03696    0.64847
       607    2.32496    0.19048    0.03687    0.64250
       608    2.32783    0.18889    0.03614    0.63982
       609    2.32637    0.18649    0.03530    0.62050
       610    2.32522    0.18510    0.03483    0.61807
       611    2.32782    0.18580    0.03498    0.62077
       612    2.32820    0.18476    0.03458    0.61591
       613    2.32600    0.18407    0.03442    0.61626
       614    2.32653    0.18322    0.03408    0.61174
       615    2.32845    0.18101    0.03319    0.59773
       616    2.32644    0.18087    0.03323    0.60507
       617    2.32749    0.18054    0.03306    0.60074
       618    2.32957    0.17902    0.03243    0.59566
       619    2.32714    0.17713    0.03186    0.58569
       620    2.32904    0.17694    0.03171    0.58033
       621    2.32876    0.17588    0.03135    0.57663
       622    2.33038    0.17341    0.03042    0.58286
       623    2.32838    0.17359    0.03057    0.58939
       624    2.32886    0.17248    0.03016    0.58260
       625    2.33136    0.17202    0.02991    0.58550
       626    2.32988    0.16979    0.02920    0.56669
       627    2.32886    0.16872    0.02888    0.56628
       628    2.33004    0.16849    0.02875    0.56188
       629    2.33035    0.16829    0.02868    0.56256
       630    2.33084    0.16715    0.02827    0.55736
       631    2.32969    0.16707    0.02829    0.55990
       632    2.33157    0.16606    0.02789    0.55537
       633    2.33048    0.16442    0.02738    0.54578
       634    2.33036    0.16398    0.02724    0.54412
       635    2.33266    0.16302    0.02685    0.54119
       636    2.33059    0.16231    0.02669    0.53764
       637    2.33201    0.16190    0.02651    0.53645
       638    2.33091    0.16087    0.02621    0.53426
       639    2.33060    0.15975    0.02587    0.53239
       640    2.33381    0.15861    0.02539    0.52663
       641    2.33209    0.15808    0.02528    0.51805
       642    2.33077    0.15633    0.02478    0.51518
       643    2.33477    0.15577    0.02447    0.51806
       644    2.33244    0.15497    0.02429    0.50590
       645    2.33168    0.15341    0.02384    0.50062
       646    2.33433    0.15376    0.02386    0.50224
       647    2.33254    0.15272    0.02360    0.49526
       648    2.33306    0.15193    0.02334    0.49107
       649    2.33188    0.15150    0.02325    0.49646
       650    2.33490    0.15065    0.02290    0.49041
       651    2.33511    0.14986    0.02266    0.48775
       652    2.33242    0.14881    0.02242    0.48396
       653    2.33320    0.14818    0.02221    0.47768
       654    2.33464    0.14743    0.02195    0.47468
       655    2.33484    0.14635    0.02162    0.46752
       656    2.33383    0.14617    0.02160    0.46831
       657    2.33483    0.14616    0.02157    0.47069
       658    2.33284    0.14449    0.02115    0.46932
       659    2.33526    0.14417    0.02098    0.46100
       660    2.33372    0.14346    0.02082    0.46160
       661    2.33871    0.14228    0.02035    0.48535
       662    2.33178    0.14118    0.02024    0.47539
       663    2.33542    0.14127    0.02015    0.44699
       664    2.33606    0.14082    0.02000    0.44685
       665    2.33367    0.13874    0.01949    0.44416
       666    2.33578    0.13835    0.01932    0.43323
       667    2.33706    0.13911    0.01950    0.44396
       668    2.33452    0.13739    0.01909    0.43586
       669    2.33610    0.13744    0.01906    0.43395
       670    2.33463    0.13739    0.01909    0.43523
       671    2.33635    0.13549    0.01852    0.42331
       672    2.33622    0.13518    0.01844    0.42172
       673    2.33618    0.13535    0.01849    0.42532
       674    2.33768    0.13375    0.01802    0.42027
       675    2.33451    0.13335    0.01800    0.42609
       676    2.33759    0.13185    0.01752    0.40812
       677    2.33684    0.13123    0.01737    0.40433
       678    2.33705    0.13035    0.01714    0.40163
       679    2.33643    0.13070    0.01725    0.40503
       680    2.33628    0.13038    0.01717    0.40507
       681    2.33707    0.12948    0.01691    0.39898
       682    2.33893    0.12913    0.01678    0.40851
       683    2.33576    0.12789    0.01653    0.39745
       684    2.33635    0.12733    0.01638    0.39367
       685    2.33784    0.12718    0.01630    0.38964
       686    2.33844    0.12721    0.01630    0.39312
       687    2.33672    0.12562    0.01594    0.38529
       688    2.33787    0.12556    0.01589    0.38360
       689    2.33749    0.12442    0.01562    0.37989
       690    2.33888    0.12321    0.01529    0.37194
       691    2.33754    0.12318    0.01531    0.37005
       692    2.33883    0.12286    0.01520    0.37198
       693    2.33782    0.12207    0.01503    0.36752
       694    2.33706    0.12144    0.01489    0.36375
       695    2.33856    0.12145    0.01486    0.36040
       696    2.33819    0.12045    0.01463    0.35531
       697    2.33911    0.11971    0.01443    0.35263
       698    2.33811    0.11910    0.01431    0.34863
       699    2.33929    0.11911    0.01428    0.35099
       700    2.33764    0.11849    0.01417    0.35128
       701    2.33925    0.11802    0.01403    0.34656
       702    2.34016    0.11789    0.01398    0.34997
       703    2.33778    0.11742    0.01392    0.34564
       704    2.33919    0.11632    0.01363    0.33822
       705    2.33863    0.11561    0.01348    0.33667
       706    2.33754    0.11536    0.01344    0.34285
       707    2.34156    0.11532    0.01336    0.35642
       708    2.33726    0.11465    0.01329    0.34596
       709    2.34112    0.11460    0.01320    0.34324
       710    2.33825    0.11389    0.01309    0.33254
       711    2.33922    0.11383    0.01306    0.32931
       712    2.34005    0.11287    0.01282    0.32455
       713    2.33980    0.11279    0.01281    0.32446
       714    2.33788    0.11155    0.01257    0.33307
       715    2.34217    0.11181    0.01255    0.34269
       716    2.33871    0.11132    0.01250    0.32031
       717    2.33983    0.11063    0.01233    0.31346
       718    2.34003    0.11050    0.01229    0.31483
       719    2.34012    0.10977    0.01213    0.31356
       720    2.33891    0.10935    0.01206    0.31456
       721    2.34085    0.10886    0.01192    0.31060
       722    2.34088    0.10826    0.01179    0.30570
       723    2.33899    0.10825    0.01182    0.31288
       724    2.34028    0.10747    0.01163    0.30229
       725    2.34137    0.10725    0.01156    0.30544
       726    2.33949    0.10677    0.01149    0.30141
       727    2.34020    0.10667    0.01146    0.29945
       728    2.34074    0.10621    0.01135    0.29747
       729    2.34096    0.10514    0.01112    0.29399
       730    2.34035    0.10521    0.01115    0.29470
       731    2.34068    0.10494    0.01108    0.29211
       732    2.34038    0.10425    0.01094    0.29002
       733    2.34087    0.10433    0.01095    0.29148
       734    2.34058    0.10395    0.01088    0.28755
       735    2.34069    0.10295    0.01067    0.28447
       736    2.34207    0.10356    0.01078    0.29463
       737    2.34020    0.10267    0.01062    0.28610
       738    2.34014    0.10234    0.01056    0.28498
       739    2.34207    0.10169    0.01039    0.28379
       740    2.34065    0.10123    0.01032    0.28069
       741    2.34037    0.10070    0.01022    0.27796
       742    2.34190    0.10046    0.01014    0.27592
       743    2.34241    0.09950    0.00995    0.27484
       744    2.34078    0.09881    0.00983    0.26961
       745    2.34106    0.09926    0.00992    0.26874
       746    2.34081    0.09854    0.00978    0.26806
       747    2.34281    0.09889    0.00982    0.27369
       748    2.34132    0.09840    0.00974    0.26454
       749    2.34173    0.09813    0.00969    0.26335
       750    2.34138    0.09768    0.00960    0.26277
       751    2.34209    0.09731    0.00952    0.26151
       752    2.34067    0.09614    0.00932    0.26310
       753    2.34251    0.09666    0.00939    0.26186
       754    2.34137    0.09636    0.00935    0.25831
       755    2.34229    0.09606    0.00927    0.25577
       756    2.34314    0.09534    0.00913    0.25810
       757    2.34062    0.09469    0.00904    0.26153
       758    2.34194    0.09482    0.00904    0.25163
       759    2.34358    0.09552    0.00916    0.26659
       760    2.33961    0.09404    0.00894    0.27759
       761    2.34484    0.09420    0.00889    0.28322
       762    2.34090    0.09342    0.00880    0.25379
       763    2.34157    0.09276    0.00866    0.24591
       764    2.34258    0.09363    0.00881    0.24752
       765    2.34257    0.09277    0.00865    0.24559
       766    2.34187    0.09234    0.00858    0.24190
       767    2.34208    0.09191    0.00850    0.24043
       768    2.34358    0.09165    0.00843    0.24146
       769    2.34172    0.09110    0.00835    0.23955
       770    2.34424    0.09109    0.00832    0.25000
       771    2.34090    0.09079    0.00831    0.25029
       772    2.34382    0.09108    0.00832    0.24678
       773    2.34284    0.08974    0.00809    0.23446
       774    2.34144    0.09016    0.00819    0.24216
       775    2.34281    0.08977    0.00810    0.23393
       776    2.34283    0.08922    0.00800    0.22915
       777    2.34244    0.08895    0.00796    0.23049
       778    2.34463    0.08925    0.00799    0.24324
       779    2.34169    0.08852    0.00789    0.23507
       780    2.34237    0.08842    0.00786    0.22852
       781    2.34423    0.08802    0.00777    0.23206
       782    2.34197    0.08752    0.00771    0.22863
       783    2.34359    0.08687    0.00758    0.22055
       784    2.34248    0.08818    0.00782    0.22555
       785    2.34218    0.08631    0.00750    0.22186
       786    2.34641    0.08693    0.00756    0.27395
       787    2.34119    0.08640    0.00753    0.23836
       788    2.34186    0.08602    0.00745    0.22729
       789    2.34476    0.08571    0.00737    0.22578
       790    2.34347    0.08562    0.00736    0.21663
       791    2.34360    0.08495    0.00725    0.21182
       792    2.34272    0.08461    0.00720    0.21525
       793    2.34447    0.08495    0.00724    0.21932
       794    2.34113    0.08409    0.00714    0.23735
       795    2.34485    0.08407    0.00709    0.21985
       796    2.34284    0.08331    0.00698    0.20894
       797    2.34372    0.08348    0.00700    0.20629
       798    2.34342    0.08371    0.00704    0.20516
       799    2.34464    0.08359    0.00701    0.21004
       800    2.34249    0.08262    0.00687    0.20882
       801    2.34514    0.08255    0.00683    0.20957
       802    2.34279    0.08263    0.00687    0.20562
       803    2.34418    0.08193    0.00674    0.19822
       804    2.34412    0.08192    0.00674    0.19981
       805    2.34202    0.08164    0.00672    0.21515
       806    2.34441    0.08151    0.00667    0.19995
       807    2.34492    0.08156    0.00667    0.20168
       808    2.34305    0.08075    0.00656    0.19830
       809    2.34340    0.08080    0.00656    0.19356
       810    2.34474    0.08048    0.00650    0.19627
       811    2.34440    0.08003    0.00643    0.19019
       812    2.34364    0.08014    0.00645    0.19091
       813    2.34369    0.07980    0.00640    0.18960
       814    2.34475    0.07935    0.00632    0.19013
       815    2.34365    0.07910    0.00629    0.18763
       816    2.34508    0.07948    0.00633    0.19529
       817    2.34313    0.07864    0.00622    0.19102
       818    2.34435    0.07863    0.00621    0.18443
       819    2.34308    0.07861    0.00622    0.19155
       820    2.34567    0.07836    0.00615    0.19598
       821    2.34444    0.07822    0.00614    0.17827
       822    2.34365    0.07724    0.00600    0.18130
       823    2.34458    0.07738    0.00601    0.17834
       824    2.34437    0.07741    0.00602    0.17688
       825    2.34428    0.07721    0.00599    0.17665
       826    2.34402    0.07715    0.00598    0.17834
       827    2.34474    0.07632    0.00584    0.17541
       828    2.34471    0.07666    0.00590    0.17579
       829    2.34403    0.07623    0.00584    0.17512
       830    2.34396    0.07618    0.00583    0.17387
       831    2.34602    0.07621    0.00582    0.18983
       832    2.34352    0.07605    0.00582    0.18031
       833    2.34377    0.07524    0.00569    0.17458
       834    2.34623    0.07572    0.00574    0.18990
       835    2.34435    0.07510    0.00566    0.16846
       836    2.34450    0.07572    0.00576    0.16919
       837    2.34395    0.07481    0.00562    0.17005
       838    2.34418    0.07467    0.00560    0.16612
       839    2.34497    0.07458    0.00558    0.16737
       840    2.34560    0.07540    0.00570    0.17437
       841    2.34348    0.07485    0.00563    0.17634
       842    2.34544    0.07442    0.00555    0.16915
       843    2.34466    0.07363    0.00544    0.16066
       844    2.34532    0.07368    0.00544    0.16319
       845    2.34387    0.07319    0.00538    0.16639
       846    2.34522    0.07381    0.00546    0.16477
       847    2.34511    0.07332    0.00539    0.15857
       848    2.34570    0.07276    0.00531    0.15963
       849    2.34419    0.07257    0.00529    0.16143
       850    2.34475    0.07292    0.00534    0.15827
       851    2.34576    0.07273    0.00530    0.16243
       852    2.34472    0.07251    0.00528    0.15674
       853    2.34365    0.07199    0.00521    0.16907
       854    2.34725    0.07206    0.00520    0.18705
       855    2.34282    0.07146    0.00515    0.18859
       856    2.34657    0.07223    0.00522    0.17099
       857    2.34465    0.07150    0.00513    0.15213
       858    2.34510    0.07103    0.00506    0.15192
       859    2.34618    0.07159    0.00513    0.16001
       860    2.34378    0.07124    0.00510    0.16302
       861    2.34564    0.07049    0.00498    0.14844
       862    2.34447    0.07027    0.00496    0.15282
       863    2.34616    0.07053    0.00498    0.15419
       864    2.34555    0.07052    0.00499    0.14814
       865    2.34407    0.07037    0.00498    0.15552
       866    2.34594    0.07051    0.00498    0.14839
       867    2.34385    0.06989    0.00491    0.16082
       868    2.34745    0.06985    0.00488    0.17659
       869    2.34446    0.06994    0.00491    0.14902
       870    2.34531    0.06888    0.00476    0.14237
       871    2.34523    0.06927    0.00481    0.14161
       872    2.34538    0.06955    0.00485    0.14011
       873    2.34541    0.06882    0.00475    0.13907
       874    2.34572    0.06899    0.00477    0.13994
       875    2.34536    0.06830    0.00468    0.13761
       876    2.34516    0.06863    0.00473    0.13749
       877    2.34534    0.06846    0.00470    0.13595
       878    2.34739    0.06847    0.00469    0.16194
       879    2.34426    0.06836    0.00470    0.14840
       880    2.34596    0.06770    0.00459    0.13548
       881    2.34404    0.06775    0.00462    0.15382
       882    2.34673    0.06834    0.00468    0.14629
       883    2.34541    0.06700    0.00450    0.13369
       884    2.34630    0.06785    0.00461    0.13543
       885    2.34508    0.06709    0.00452    0.13379
       886    2.34548    0.06749    0.00457    0.13252
       887    2.34452    0.06702    0.00451    0.14307
       888    2.34746    0.06771    0.00459    0.16026
       889    2.34511    0.06634    0.00442    0.13176
       890    2.34598    0.06704    0.00450    0.13001
       891    2.34489    0.06645    0.00443    0.13525
       892    2.34569    0.06674    0.00447    0.12779
       893    2.34635    0.06692    0.00449    0.13158
       894    2.34628    0.06638    0.00442    0.12820
       895    2.34398    0.06576    0.00435    0.15403
       896    2.34707    0.06581    0.00434    0.13889
       897    2.34571    0.06580    0.00434    0.12514
       898    2.34564    0.06634    0.00441    0.12614
       899    2.34534    0.06567    0.00433    0.12556
       900    2.34585    0.06549    0.00430    0.12311
       901    2.34649    0.06572    0.00433    0.12655
       902    2.34549    0.06539    0.00429    0.12314
       903    2.34613    0.06518    0.00426    0.12110
       904    2.34538    0.06493    0.00423    0.12370
       905    2.34744    0.06549    0.00429    0.14332
       906    2.34519    0.06488    0.00423    0.12588
       907    2.34528    0.06488    0.00422    0.12311
       908    2.34589    0.06476    0.00420    0.11767
       909    2.34671    0.06491    0.00422    0.12412
       910    2.34548    0.06489    0.00422    0.12104
       911    2.34594    0.06407    0.00412    0.11802
       912    2.34579    0.06422    0.00414    0.11693
       913    2.34705    0.06429    0.00414    0.12764
       914    2.34510    0.06390    0.00410    0.12415
       915    2.34677    0.06442    0.00416    0.12058
       916    2.34574    0.06354    0.00405    0.11524
       917    2.34604    0.06358    0.00405    0.11412
       918    2.34642    0.06338    0.00402    0.11280
       919    2.34711    0.06405    0.00411    0.12324
       920    2.34473    0.06307    0.00400    0.13096
       921    2.34578    0.06380    0.00408    0.11409
       922    2.34634    0.06356    0.00405    0.11153
       923    2.34638    0.06328    0.00401    0.11116
       924    2.34582    0.06349    0.00404    0.11329
       925    2.34690    0.06317    0.00400    0.11596
       926    2.34493    0.06314    0.00400    0.12564
       927    2.34736    0.06298    0.00397    0.12311
       928    2.34569    0.06277    0.00395    0.11185
       929    2.34561    0.06289    0.00397    0.11242
       930    2.34643    0.06297    0.00397    0.10905
       931    2.34641    0.06252    0.00392    0.10911
       932    2.34731    0.06223    0.00388    0.11993
       933    2.34618    0.06184    0.00383    0.10590
       934    2.34472    0.06196    0.00386    0.13081
       935    2.34744    0.06226    0.00388    0.11774
       936    2.34642    0.06273    0.00394    0.10560
       937    2.34613    0.06173    0.00382    0.10419
       938    2.34697    0.06259    0.00392    0.11033
       939    2.34511    0.06212    0.00388    0.12021
       940    2.34719    0.06148    0.00378    0.10877
       941    2.34559    0.06122    0.00376    0.10848
       942    2.34730    0.06163    0.00380    0.11104
       943    2.34606    0.06186    0.00384    0.10283
       944    2.34577    0.06201    0.00386    0.10618
       945    2.34703    0.06139    0.00377    0.10540
       946    2.34615    0.06085    0.00371    0.09991
       947    2.34779    0.06116    0.00374    0.11926
       948    2.34401    0.06067    0.00371    0.15670
       949    2.34850    0.06108    0.00373    0.14073
       950    2.34573    0.06062    0.00369    0.10494
       951    2.34635    0.06088    0.00371    0.09762
       952    2.34739    0.06044    0.00366    0.10519
       953    2.34591    0.06082    0.00371    0.10243
       954    2.34630    0.06046    0.00366    0.09676
       955    2.34727    0.06042    0.00365    0.10168
       956    2.34546    0.06047    0.00367    0.10923
       957    2.34706    0.06017    0.00362    0.09648
       958    2.34701    0.06020    0.00363    0.09784
       959    2.34712    0.06063    0.00368    0.09852
       960    2.34573    0.05968    0.00357    0.10216
       961    2.34638    0.05963    0.00356    0.09341
       962    2.34685    0.05981    0.00358    0.09256
       963    2.34741    0.06021    0.00363    0.10226
       964    2.34482    0.06015    0.00364    0.12777
       965    2.34788    0.05949    0.00354    0.10992
       966    2.34594    0.06006    0.00362    0.09749
       967    2.34759    0.05984    0.00358    0.10277
       968    2.34546    0.05978    0.00359    0.10767
       969    2.34631    0.05961    0.00356    0.09256
       970    2.34737    0.05920    0.00351    0.09444
       971    2.34808    0.05887    0.00347    0.11180
       972    2.34485    0.05903    0.00350    0.12786
       973    2.34696    0.05905    0.00349    0.08968
       974    2.34735    0.05971    0.00357    0.09413
       975    2.34689    0.05876    0.00346    0.08793
       976    2.34608    0.05877    0.00346    0.09346
       977    2.34608    0.05901    0.00349    0.09394
       978    2.34788    0.05873    0.00345    0.10415
       979    2.34620    0.05917    0.00351    0.09104
       980    2.34849    0.05898    0.00348    0.12202
       981    2.34457    0.05819    0.00341    0.13902
       982    2.34694    0.05887    0.00347    0.08610
       983    2.34767    0.05843    0.00342    0.09447
       984    2.34682    0.05845    0.00342    0.08442
       985    2.34605    0.05843    0.00342    0.09295
       986    2.34726    0.05798    0.00337    0.08493
       987    2.34679    0.05796    0.00336    0.08246
       988    2.34714    0.05858    0.00344    0.08425
       989    2.34690    0.05825    0.00340    0.08280
       990    2.34639    0.05832    0.00341    0.08489
       991    2.34647    0.05752    0.00332    0.08328
       992    2.34743    0.05816    0.00339    0.08740
       993    2.34787    0.05838    0.00341    0.09599
       994    2.34590    0.05795    0.00337    0.09469
       995    2.34662    0.05777    0.00334    0.08298
       996    2.34602    0.05794    0.00337    0.09181
       997    2.34793    0.05783    0.00335    0.09477
       998    2.34694    0.05795    0.00336    0.08119
       999    2.34804    0.05812    0.00338    0.09736

Final Weights:        -0.7886754472         0.2163580134         0.2247049417         0.3695002554 