# Cycles, Average Predicted Temperature, Stddev Predicted Temperature, Mean Squared Error, || MSE Gradient ||
         0    0.00037    0.00039    4.79089    0.06479
         1    0.00037    0.00039    4.79089    0.06478
         2    0.00038    0.00040    4.79088    0.06508
         3    0.00038    0.00040    4.79089    0.06499
         4    0.00038    0.00040    4.79088    0.06530
         5    0.00038    0.00040    4.79089    0.06482
         6    0.00038    0.00040    4.79088    0.06509
         7    0.00038    0.00040    4.79088    0.06519
         8    0.00038    0.00040    4.79085    0.06616
         9    0.00038    0.00040    4.79086    0.06591
        10    0.00038    0.00040    4.79087    0.06555
        11    0.00038    0.00040    4.79085    0.06612
        12    0.00038    0.00040    4.79087    0.06553
        13    0.00039    0.00040    4.79085    0.06638
        14    0.00039    0.00041    4.79085    0.06631
        15    0.00039    0.00041    4.79084    0.06645
        16    0.00039    0.00040    4.79084    0.06660
        17    0.00039    0.00041    4.79084    0.06664
        18    0.00039    0.00041    4.79083    0.06683
        19    0.00039    0.00041    4.79082    0.06739
        20    0.00039    0.00041    4.79081    0.06747
        21    0.00039    0.00041    4.79080    0.06781
        22    0.00039    0.00042    4.79080    0.06784
        23    0.00039    0.00041    4.79082    0.06721
        24    0.00040    0.00042    4.79080    0.06801
        25    0.00040    0.00042    4.79079    0.06810
        26    0.00040    0.00042    4.79078    0.06847
        27    0.00040    0.00042    4.79079    0.06800
        28    0.00040    0.00042    4.79079    0.06822
        29    0.00040    0.00042    4.79077    0.06891
        30    0.00040    0.00042    4.79077    0.06885
        31    0.00040    0.00042    4.79077    0.06888
        32    0.00040    0.00043    4.79076    0.06905
        33    0.00041    0.00042    4.79075    0.06945
        34    0.00041    0.00043    4.79074    0.07000
        35    0.00041    0.00043    4.79076    0.06926
        36    0.00041    0.00043    4.79075    0.06969
        37    0.00041    0.00043    4.79075    0.06947
        38    0.00041    0.00043    4.79073    0.07042
        39    0.00041    0.00043    4.79073    0.07021
        40    0.00041    0.00043    4.79074    0.06985
        41    0.00041    0.00043    4.79072    0.07046
        42    0.00042    0.00044    4.79071    0.07096
        43    0.00041    0.00043    4.79072    0.07062
        44    0.00042    0.00044    4.79070    0.07129
        45    0.00042    0.00044    4.79069    0.07147
        46    0.00042    0.00044    4.79070    0.07120
        47    0.00042    0.00044    4.79068    0.07203
        48    0.00042    0.00044    4.79068    0.07172
        49    0.00042    0.00045    4.79067    0.07215
        50    0.00042    0.00044    4.79068    0.07185
        51    0.00043    0.00045    4.79067    0.07220
        52    0.00043    0.00045    4.79066    0.07263
        53    0.00043    0.00045    4.79066    0.07274
        54    0.00043    0.00045    4.79066    0.07245
        55    0.00043    0.00045    4.79065    0.07274
        56    0.00043    0.00045    4.79064    0.07318
        57    0.00043    0.00045    4.79063    0.07341
        58    0.00043    0.00045    4.79064    0.07322
        59    0.00044    0.00046    4.79060    0.07482
        60    0.00044    0.00046    4.79061    0.07419
        61    0.00044    0.00046    4.79062    0.07398
        62    0.00044    0.00046    4.79060    0.07443
        63    0.00044    0.00046    4.79059    0.07481
        64    0.00044    0.00046    4.79059    0.07474
        65    0.00045    0.00046    4.79058    0.07516
        66    0.00045    0.00046    4.79058    0.07523
        67    0.00044    0.00046    4.79059    0.07468
        68    0.00045    0.00047    4.79058    0.07524
        69    0.00045    0.00047    4.79057    0.07569
        70    0.00045    0.00047    4.79055    0.07599
        71    0.00045    0.00047    4.79056    0.07577
        72    0.00045    0.00047    4.79057    0.07528
        73    0.00046    0.00048    4.79053    0.07683
        74    0.00045    0.00048    4.79054    0.07625
        75    0.00045    0.00047    4.79054    0.07617
        76    0.00046    0.00048    4.79052    0.07696
        77    0.00046    0.00048    4.79052    0.07711
        78    0.00046    0.00048    4.79050    0.07766
        79    0.00046    0.00048    4.79050    0.07756
        80    0.00047    0.00048    4.79049    0.07802
        81    0.00046    0.00048    4.79051    0.07744
        82    0.00047    0.00049    4.79049    0.07806
        83    0.00047    0.00049    4.79047    0.07886
        84    0.00047    0.00049    4.79047    0.07857
        85    0.00047    0.00049    4.79049    0.07776
        86    0.00048    0.00050    4.79045    0.07915
        87    0.00047    0.00049    4.79047    0.07845
        88    0.00047    0.00049    4.79045    0.07910
        89    0.00048    0.00049    4.79045    0.07933
        90    0.00048    0.00050    4.79044    0.07961
        91    0.00048    0.00050    4.79044    0.07950
        92    0.00048    0.00050    4.79042    0.08043
        93    0.00048    0.00050    4.79043    0.07996
        94    0.00048    0.00050    4.79041    0.08061
        95    0.00049    0.00051    4.79039    0.08131
        96    0.00049    0.00050    4.79041    0.08065
        97    0.00049    0.00051    4.79038    0.08144
        98    0.00049    0.00051    4.79037    0.08192
        99    0.00049    0.00051    4.79038    0.08155
       100    0.00049    0.00051    4.79038    0.08135
       101    0.00049    0.00051    4.79037    0.08177
       102    0.00050    0.00052    4.79035    0.08229
       103    0.00050    0.00052    4.79035    0.08264
       104    0.00049    0.00052    4.79037    0.08181
       105    0.00050    0.00052    4.79035    0.08243
       106    0.00051    0.00052    4.79032    0.08368
       107    0.00050    0.00052    4.79034    0.08264
       108    0.00050    0.00052    4.79034    0.08292
       109    0.00051    0.00053    4.79032    0.08361
       110    0.00051    0.00053    4.79030    0.08418
       111    0.00051    0.00053    4.79031    0.08367
       112    0.00051    0.00053    4.79031    0.08383
       113    0.00051    0.00053    4.79030    0.08416
       114    0.00051    0.00053    4.79029    0.08448
       115    0.00051    0.00053    4.79029    0.08449
       116    0.00052    0.00053    4.79027    0.08487
       117    0.00052    0.00054    4.79025    0.08571
       118    0.00052    0.00054    4.79025    0.08556
       119    0.00052    0.00054    4.79025    0.08586
       120    0.00052    0.00054    4.79025    0.08549
       121    0.00053    0.00055    4.79022    0.08670
       122    0.00052    0.00055    4.79024    0.08602
       123    0.00053    0.00055    4.79022    0.08669
       124    0.00053    0.00055    4.79020    0.08742
       125    0.00053    0.00055    4.79021    0.08680
       126    0.00054    0.00055    4.79019    0.08775
       127    0.00053    0.00055    4.79020    0.08719
       128    0.00054    0.00056    4.79016    0.08873
       129    0.00054    0.00056    4.79017    0.08820
       130    0.00054    0.00056    4.79018    0.08793
       131    0.00054    0.00056    4.79017    0.08821
       132    0.00054    0.00056    4.79015    0.08897
       133    0.00055    0.00056    4.79014    0.08923
       134    0.00055    0.00056    4.79012    0.08981
       135    0.00055    0.00057    4.79010    0.09049
       136    0.00055    0.00057    4.79013    0.08964
       137    0.00055    0.00057    4.79011    0.09007
       138    0.00056    0.00058    4.79007    0.09145
       139    0.00056    0.00058    4.79008    0.09115
       140    0.00056    0.00057    4.79008    0.09101
       141    0.00056    0.00058    4.79007    0.09146
       142    0.00057    0.00058    4.79005    0.09197
       143    0.00056    0.00058    4.79007    0.09134
       144    0.00057    0.00058    4.79005    0.09197
       145    0.00057    0.00059    4.79003    0.09276
       146    0.00057    0.00059    4.79003    0.09281
       147    0.00057    0.00059    4.79003    0.09233
       148    0.00058    0.00059    4.79001    0.09240
       149    0.00057    0.00059    4.79002    0.09155
       150    0.00058    0.00059    4.79000    0.09195
       151    0.00058    0.00060    4.78999    0.09206
       152    0.00059    0.00060    4.78996    0.09331
       153    0.00059    0.00060    4.78997    0.09295
       154    0.00059    0.00060    4.78997    0.09303
       155    0.00059    0.00061    4.78995    0.09366
       156    0.00059    0.00061    4.78993    0.09424
       157    0.00059    0.00061    4.78993    0.09434
       158    0.00059    0.00061    4.78994    0.09396
       159    0.00060    0.00061    4.78992    0.09451
       160    0.00059    0.00061    4.78993    0.09433
       161    0.00060    0.00061    4.78991    0.09508
       162    0.00060    0.00062    4.78989    0.09573
       163    0.00061    0.00062    4.78988    0.09608
       164    0.00061    0.00062    4.78987    0.09625
       165    0.00061    0.00063    4.78985    0.09711
       166    0.00061    0.00063    4.78985    0.09687
       167    0.00061    0.00062    4.78986    0.09665
       168    0.00062    0.00063    4.78984    0.09743
       169    0.00062    0.00063    4.78984    0.09739
       170    0.00062    0.00063    4.78982    0.09808
       171    0.00062    0.00063    4.78981    0.09843
       172    0.00062    0.00063    4.78982    0.09788
       173    0.00063    0.00064    4.78977    0.09950
       174    0.00063    0.00064    4.78978    0.09940
       175    0.00063    0.00064    4.78978    0.09936
       176    0.00063    0.00064    4.78975    0.10011
       177    0.00064    0.00065    4.78973    0.10107
       178    0.00064    0.00065    4.78973    0.10096
       179    0.00065    0.00065    4.78971    0.10169
       180    0.00064    0.00065    4.78971    0.10147
       181    0.00065    0.00066    4.78970    0.10162
       182    0.00065    0.00066    4.78970    0.10174
       183    0.00065    0.00066    4.78971    0.10158
       184    0.00065    0.00066    4.78967    0.10278
       185    0.00066    0.00067    4.78966    0.10323
       186    0.00066    0.00067    4.78965    0.10334
       187    0.00066    0.00067    4.78965    0.10342
       188    0.00066    0.00067    4.78965    0.10357
       189    0.00066    0.00067    4.78963    0.10400
       190    0.00066    0.00067    4.78963    0.10398
       191    0.00067    0.00068    4.78959    0.10530
       192    0.00067    0.00068    4.78959    0.10555
       193    0.00068    0.00068    4.78957    0.10604
       194    0.00068    0.00069    4.78957    0.10619
       195    0.00068    0.00069    4.78956    0.10643
       196    0.00068    0.00069    4.78955    0.10686
       197    0.00069    0.00069    4.78951    0.10808
       198    0.00069    0.00070    4.78951    0.10783
       199    0.00069    0.00070    4.78950    0.10835
       200    0.00069    0.00070    4.78949    0.10871
       201    0.00070    0.00070    4.78949    0.10886
       202    0.00069    0.00070    4.78949    0.10867
       203    0.00070    0.00071    4.78947    0.10946
       204    0.00070    0.00071    4.78945    0.10985
       205    0.00071    0.00071    4.78944    0.11038
       206    0.00071    0.00072    4.78942    0.11101
       207    0.00071    0.00072    4.78942    0.11104
       208    0.00072    0.00072    4.78940    0.11195
       209    0.00072    0.00073    4.78937    0.11290
       210    0.00072    0.00072    4.78939    0.11220
       211    0.00073    0.00072    4.78935    0.11351
       212    0.00072    0.00073    4.78936    0.11297
       213    0.00073    0.00074    4.78934    0.11391
       214    0.00073    0.00073    4.78936    0.11323
       215    0.00074    0.00074    4.78929    0.11536
       216    0.00074    0.00074    4.78929    0.11535
       217    0.00074    0.00074    4.78928    0.11560
       218    0.00074    0.00075    4.78927    0.11600
       219    0.00076    0.00075    4.78923    0.11759
       220    0.00075    0.00075    4.78925    0.11692
       221    0.00075    0.00075    4.78923    0.11732
       222    0.00076    0.00076    4.78922    0.11759
       223    0.00076    0.00076    4.78922    0.11782
       224    0.00076    0.00077    4.78920    0.11851
       225    0.00078    0.00078    4.78914    0.12032
       226    0.00077    0.00077    4.78916    0.11972
       227    0.00077    0.00077    4.78917    0.11953
       228    0.00078    0.00077    4.78912    0.12141
       229    0.00078    0.00078    4.78910    0.12178
       230    0.00079    0.00078    4.78908    0.12260
       231    0.00079    0.00079    4.78909    0.12207
       232    0.00079    0.00078    4.78909    0.12183
       233    0.00079    0.00079    4.78906    0.12304
       234    0.00080    0.00080    4.78903    0.12387
       235    0.00080    0.00079    4.78902    0.12437
       236    0.00080    0.00080    4.78901    0.12469
       237    0.00081    0.00080    4.78900    0.12502
       238    0.00081    0.00081    4.78897    0.12591
       239    0.00080    0.00080    4.78902    0.12448
       240    0.00082    0.00082    4.78895    0.12654
       241    0.00082    0.00081    4.78894    0.12707
       242    0.00083    0.00082    4.78891    0.12801
       243    0.00083    0.00082    4.78891    0.12796
       244    0.00083    0.00082    4.78891    0.12796
       245    0.00084    0.00083    4.78888    0.12908
       246    0.00084    0.00083    4.78886    0.12960
       247    0.00085    0.00084    4.78883    0.13042
       248    0.00084    0.00083    4.78884    0.13025
       249    0.00085    0.00084    4.78882    0.13104
       250    0.00085    0.00085    4.78880    0.13161
       251    0.00086    0.00085    4.78877    0.13250
       252    0.00086    0.00085    4.78877    0.13256
       253    0.00086    0.00086    4.78876    0.13329
       254    0.00087    0.00086    4.78871    0.13475
       255    0.00088    0.00087    4.78868    0.13549
       256    0.00088    0.00086    4.78867    0.13612
       257    0.00089    0.00087    4.78866    0.13649
       258    0.00089    0.00088    4.78863    0.13725
       259    0.00090    0.00089    4.78857    0.13906
       260    0.00090    0.00089    4.78860    0.13805
       261    0.00090    0.00088    4.78860    0.13812
       262    0.00091    0.00089    4.78855    0.14014
       263    0.00092    0.00090    4.78852    0.14092
       264    0.00091    0.00090    4.78854    0.14052
       265    0.00092    0.00090    4.78851    0.14144
       266    0.00093    0.00091    4.78848    0.14226
       267    0.00093    0.00091    4.78847    0.14280
       268    0.00093    0.00092    4.78846    0.14270
       269    0.00094    0.00092    4.78840    0.14468
       270    0.00094    0.00092    4.78842    0.14413
       271    0.00095    0.00093    4.78838    0.14562
       272    0.00095    0.00093    4.78835    0.14637
       273    0.00096    0.00094    4.78834    0.14672
       274    0.00097    0.00095    4.78828    0.14859
       275    0.00097    0.00094    4.78829    0.14824
       276    0.00098    0.00095    4.78827    0.14928
       277    0.00098    0.00096    4.78824    0.15024
       278    0.00099    0.00097    4.78818    0.15211
       279    0.00099    0.00096    4.78818    0.15228
       280    0.00099    0.00096    4.78820    0.15164
       281    0.00100    0.00097    4.78816    0.15290
       282    0.00100    0.00098    4.78815    0.15333
       283    0.00101    0.00098    4.78810    0.15478
       284    0.00102    0.00099    4.78805    0.15628
       285    0.00103    0.00100    4.78803    0.15712
       286    0.00102    0.00099    4.78806    0.15636
       287    0.00103    0.00100    4.78801    0.15829
       288    0.00105    0.00101    4.78795    0.15966
       289    0.00104    0.00101    4.78798    0.15884
       290    0.00105    0.00101    4.78793    0.16051
       291    0.00106    0.00103    4.78789    0.16151
       292    0.00106    0.00103    4.78788    0.16247
       293    0.00107    0.00103    4.78783    0.16378
       294    0.00107    0.00105    4.78783    0.16393
       295    0.00108    0.00104    4.78781    0.16478
       296    0.00109    0.00105    4.78777    0.16599
       297    0.00110    0.00106    4.78772    0.16734
       298    0.00110    0.00106    4.78772    0.16754
       299    0.00111    0.00107    4.78768    0.16893
       300    0.00112    0.00107    4.78765    0.16979
       301    0.00112    0.00108    4.78764    0.17036
       302    0.00112    0.00108    4.78764    0.17027
       303    0.00113    0.00109    4.78757    0.17250
       304    0.00115    0.00109    4.78749    0.17515
       305    0.00115    0.00110    4.78750    0.17496
       306    0.00116    0.00110    4.78748    0.17546
       307    0.00116    0.00111    4.78744    0.17682
       308    0.00116    0.00111    4.78745    0.17662
       309    0.00118    0.00112    4.78737    0.17903
       310    0.00118    0.00113    4.78735    0.17980
       311    0.00118    0.00113    4.78735    0.18050
       312    0.00119    0.00115    4.78730    0.18138
       313    0.00120    0.00115    4.78726    0.18303
       314    0.00121    0.00116    4.78724    0.18352
       315    0.00122    0.00115    4.78719    0.18529
       316    0.00122    0.00116    4.78721    0.18457
       317    0.00123    0.00118    4.78714    0.18676
       318    0.00125    0.00119    4.78707    0.18930
       319    0.00125    0.00118    4.78708    0.18938
       320    0.00126    0.00119    4.78700    0.19149
       321    0.00126    0.00120    4.78700    0.19165
       322    0.00127    0.00120    4.78697    0.19281
       323    0.00129    0.00122    4.78690    0.19474
       324    0.00130    0.00123    4.78682    0.19720
       325    0.00130    0.00122    4.78685    0.19669
       326    0.00131    0.00123    4.78680    0.19835
       327    0.00132    0.00124    4.78677    0.19940
       328    0.00132    0.00124    4.78676    0.20006
       329    0.00134    0.00126    4.78666    0.20342
       330    0.00134    0.00126    4.78666    0.20346
       331    0.00135    0.00127    4.78662    0.20494
       332    0.00136    0.00128    4.78657    0.20646
       333    0.00138    0.00128    4.78650    0.20843
       334    0.00138    0.00129    4.78650    0.20850
       335    0.00140    0.00131    4.78641    0.21159
       336    0.00141    0.00131    4.78635    0.21401
       337    0.00141    0.00131    4.78637    0.21292
       338    0.00143    0.00133    4.78626    0.21675
       339    0.00143    0.00133    4.78628    0.21604
       340    0.00143    0.00133    4.78628    0.21634
       341    0.00147    0.00136    4.78611    0.22176
       342    0.00147    0.00136    4.78610    0.22199
       343    0.00149    0.00137    4.78602    0.22491
       344    0.00151    0.00139    4.78594    0.22748
       345    0.00151    0.00140    4.78592    0.22824
       346    0.00151    0.00139    4.78593    0.22845
       347    0.00152    0.00140    4.78589    0.22980
       348    0.00155    0.00142    4.78576    0.23383
       349    0.00155    0.00142    4.78575    0.23378
       350    0.00156    0.00143    4.78570    0.23591
       351    0.00157    0.00145    4.78564    0.23819
       352    0.00160    0.00146    4.78553    0.24141
       353    0.00162    0.00148    4.78543    0.24460
       354    0.00161    0.00147    4.78548    0.24353
       355    0.00163    0.00148    4.78541    0.24631
       356    0.00165    0.00150    4.78531    0.24912
       357    0.00166    0.00151    4.78528    0.25058
       358    0.00167    0.00152    4.78521    0.25299
       359    0.00168    0.00151    4.78517    0.25460
       360    0.00171    0.00155    4.78506    0.25776
       361    0.00172    0.00155    4.78503    0.25918
       362    0.00174    0.00157    4.78492    0.26303
       363    0.00176    0.00158    4.78485    0.26563
       364    0.00176    0.00159    4.78483    0.26635
       365    0.00179    0.00161    4.78469    0.27068
       366    0.00181    0.00161    4.78462    0.27319
       367    0.00181    0.00162    4.78461    0.27400
       368    0.00184    0.00164    4.78446    0.27888
       369    0.00184    0.00165    4.78447    0.27943
       370    0.00187    0.00167    4.78435    0.28285
       371    0.00191    0.00169    4.78419    0.28743
       372    0.00190    0.00169    4.78421    0.28741
       373    0.00194    0.00171    4.78404    0.29380
       374    0.00196    0.00173    4.78397    0.29561
       375    0.00196    0.00173    4.78395    0.29721
       376    0.00200    0.00176    4.78379    0.30180
       377    0.00201    0.00177    4.78373    0.30422
       378    0.00202    0.00178    4.78370    0.30622
       379    0.00206    0.00181    4.78353    0.31086
       380    0.00207    0.00181    4.78347    0.31384
       381    0.00210    0.00183    4.78334    0.31906
       382    0.00211    0.00184    4.78332    0.32017
       383    0.00216    0.00187    4.78310    0.32704
       384    0.00218    0.00189    4.78299    0.33139
       385    0.00219    0.00189    4.78297    0.33291
       386    0.00222    0.00194    4.78281    0.33766
       387    0.00223    0.00193    4.78278    0.33986
       388    0.00227    0.00196    4.78259    0.34638
       389    0.00230    0.00197    4.78246    0.35044
       390    0.00232    0.00200    4.78238    0.35296
       391    0.00237    0.00203    4.78215    0.36055
       392    0.00238    0.00202    4.78213    0.36272
       393    0.00242    0.00206    4.78195    0.36908
       394    0.00246    0.00208    4.78177    0.37504
       395    0.00248    0.00209    4.78171    0.37833
       396    0.00251    0.00211    4.78155    0.38301
       397    0.00253    0.00213    4.78146    0.38732
       398    0.00258    0.00216    4.78124    0.39439
       399    0.00262    0.00217    4.78109    0.40013
       400    0.00264    0.00220    4.78099    0.40514
       401    0.00270    0.00225    4.78072    0.41446
       402    0.00273    0.00228    4.78060    0.41827
       403    0.00277    0.00230    4.78042    0.42477
       404    0.00280    0.00232    4.78028    0.43059
       405    0.00285    0.00236    4.78005    0.43869
       406    0.00290    0.00238    4.77984    0.44715
       407    0.00295    0.00241    4.77964    0.45502
       408    0.00301    0.00246    4.77936    0.46348
       409    0.00305    0.00246    4.77920    0.47032
       410    0.00310    0.00251    4.77897    0.47828
       411    0.00314    0.00253    4.77878    0.48722
       412    0.00320    0.00259    4.77852    0.49581
       413    0.00324    0.00259    4.77835    0.50379
       414    0.00333    0.00264    4.77798    0.51612
       415    0.00339    0.00271    4.77769    0.52645
       416    0.00347    0.00273    4.77736    0.53903
       417    0.00352    0.00276    4.77713    0.54860
       418    0.00357    0.00279    4.77690    0.55807
       419    0.00367    0.00286    4.77648    0.57066
       420    0.00375    0.00290    4.77613    0.58441
       421    0.00381    0.00293    4.77588    0.59596
       422    0.00388    0.00299    4.77557    0.61002
       423    0.00399    0.00305    4.77511    0.62534
       424    0.00407    0.00310    4.77474    0.64048
       425    0.00415    0.00316    4.77437    0.65394
       426    0.00428    0.00322    4.77384    0.67380
       427    0.00437    0.00327    4.77344    0.69048
       428    0.00449    0.00334    4.77292    0.70927
       429    0.00461    0.00343    4.77239    0.73187
       430    0.00474    0.00351    4.77182    0.75465
       431    0.00488    0.00357    4.77121    0.77825
       432    0.00502    0.00364    4.77058    0.80272
       433    0.00514    0.00373    4.77005    0.82341
       434    0.00532    0.00382    4.76929    0.85463
       435    0.00547    0.00391    4.76862    0.88363
       436    0.00562    0.00400    4.76798    0.90760
       437    0.00582    0.00411    4.76711    0.94211
       438    0.00604    0.00422    4.76615    0.98193
       439    0.00628    0.00437    4.76511    1.01967
       440    0.00652    0.00451    4.76407    1.06080
       441    0.00679    0.00463    4.76287    1.10677
       442    0.00710    0.00481    4.76154    1.15914
       443    0.00740    0.00497    4.76019    1.21303
       444    0.00771    0.00516    4.75886    1.26557
       445    0.00810    0.00539    4.75716    1.32965
       446    0.00855    0.00564    4.75520    1.39973
       447    0.00897    0.00586    4.75337    1.47260
       448    0.00950    0.00619    4.75106    1.56308
       449    0.01006    0.00655    4.74864    1.65830
       450    0.01075    0.00694    4.74562    1.77581
       451    0.01154    0.00737    4.74221    1.89825
       452    0.01232    0.00790    4.73880    2.02364
       453    0.01330    0.00849    4.73456    2.17805
       454    0.01435    0.00916    4.72998    2.33992
       455    0.01576    0.01005    4.72389    2.55211
       456    0.01739    0.01106    4.71681    2.79276
       457    0.01924    0.01232    4.70881    3.05978
       458    0.02150    0.01382    4.69907    3.37078
       459    0.02432    0.01572    4.68689    3.76062
       460    0.02778    0.01819    4.67200    4.22458
       461    0.03219    0.02138    4.65308    4.78827
       462    0.03803    0.02557    4.62811    5.51344
       463    0.04570    0.03130    4.59552    6.43845
       464    0.05643    0.03943    4.55020    7.65700
       465    0.07197    0.05156    4.48526    9.32246
       466    0.09561    0.07012    4.38798   11.63517
       467    0.13395    0.10110    4.23419   15.00606
       468    0.20304    0.15694    3.96941   20.28967
       469    0.34171    0.27179    3.48704   27.43904
       470    0.65172    0.52895    2.64359   31.97123
       471    1.28397    1.05258    1.92732    1.78483
       472    1.32753    1.08972    1.92994    2.41542
       473    1.27150    1.03975    1.92322    3.01305
       474    1.34606    1.10273    1.92689    3.89393
       475    1.24468    1.02062    1.93377    4.96035
       476    1.37596    1.12688    1.93120    6.65437
       477    1.20281    0.98416    1.94150    8.41561
       478    1.42349    1.16642    1.94682   11.39238
       479    1.13729    0.92552    1.96307   13.57495
       480    1.48761    1.21925    1.97879   18.13178
       481    1.03302    0.84133    2.04455   19.73481
       482    1.53348    1.25875    2.01441   23.38169
       483    0.95922    0.77806    2.11820   23.56663
       484    1.54188    1.26225    2.01227   24.01113
       485    0.94904    0.77028    2.13128   23.94214
       486    1.54080    1.25971    2.00728   23.71618
       487    0.95365    0.77284    2.12384   23.78678
       488    1.53959    1.26068    2.01128   23.76043
       489    0.95371    0.77202    2.12241   23.77478
       490    1.53931    1.26014    2.01027   23.70278
       491    0.95520    0.77338    2.12084   23.67932
       492    1.54178    1.25909    2.00445   23.67131
       493    0.95595    0.77170    2.11640   23.76100
       494    1.54192    1.25966    2.00570   23.71281
       495    0.95787    0.77155    2.11144   23.73941
       496    1.54220    1.25801    2.00119   24.14473
       497    0.95007    0.76308    2.11771   24.11867
       498    1.54387    1.25713    1.99680   24.16534
       499    0.94980    0.76166    2.11620   24.17894
       500    1.54717    1.25624    1.99032   24.27755
       501    0.94993    0.75965    2.11282   24.27465
       502    1.54849    1.25349    1.98174   24.13353
       503    0.95376    0.76068    2.10490   24.17033
       504    1.54850    1.25376    1.98240   24.25662
       505    0.95474    0.75802    2.09846   24.29906
       506    1.55586    1.25407    1.97380   24.61107
       507    0.94817    0.75238    2.10620   24.55889
       508    1.55448    1.25101    1.96787   24.39130
       509    0.95409    0.75335    2.09300   24.51118
       510    1.55816    1.25227    1.96636   24.74898
       511    0.95347    0.74827    2.08691   24.77191
       512    1.56612    1.25261    1.95726   25.09489
       513    0.94980    0.74171    2.08620   25.11032
       514    1.57040    1.25225    1.95103   25.28469
       515    0.94818    0.73694    2.08317   25.34521
       516    1.57281    1.25001    1.94245   25.27023
       517    0.95397    0.73768    2.06992   25.29656
       518    1.57613    1.24963    1.93742   25.43640
       519    0.95173    0.73456    2.07086   25.40451
       520    1.57806    1.24770    1.93024   25.39837
       521    0.95520    0.73350    2.06075   25.44350
       522    1.58301    1.24601    1.91999   25.47991
       523    0.95744    0.73213    2.05320   25.47918
       524    1.59004    1.24356    1.90541   25.63127
       525    0.95699    0.72800    2.04831   25.71443
       526    1.59721    1.24517    1.90090   26.08890
       527    0.95465    0.71987    2.04228   26.09065
       528    1.59887    1.24207    1.89120   25.94299
       529    0.95916    0.72113    2.03300   25.93495
       530    1.60219    1.23894    1.87955   25.89060
       531    0.96616    0.72054    2.01497   25.96978
       532    1.61378    1.23860    1.86522   26.35987
       533    0.96310    0.71279    2.01135   26.34423
       534    1.61745    1.23687    1.85672   26.43749
       535    0.96439    0.70913    2.00299   26.48104
       536    1.62503    1.23576    1.84538   26.74877
       537    0.96461    0.70472    1.99621   26.72728
       538    1.62954    1.23255    1.83238   26.69425
       539    0.96799    0.70226    1.98450   26.75625
       540    1.63705    1.23139    1.82119   26.95058
       541    0.96591    0.69724    1.98255   26.95539
       542    1.64356    1.22645    1.80189   26.86785
       543    0.97272    0.69680    1.96531   26.96815
       544    1.65683    1.22454    1.78290   27.37417
       545    0.97220    0.68821    1.95469   27.35652
       546    1.66505    1.22136    1.76645   27.51430
       547    0.97291    0.68407    1.94729   27.54325
       548    1.67039    1.22089    1.75973   27.73312
       549    0.97699    0.67837    1.92959   27.74479
       550    1.67284    1.21722    1.74822   27.61540
       551    0.98356    0.67793    1.91312   27.69232
       552    1.68578    1.21399    1.72720   28.03502
       553    0.98324    0.67170    1.90549   27.91707
       554    1.69314    1.20466    1.69728   27.59628
       555    0.99532    0.67380    1.87932   27.77019
       556    1.70293    1.20626    1.69150   28.25029
       557    0.99510    0.66437    1.86722   28.16244
       558    1.70614    1.19881    1.67048   27.82136
       559    1.00542    0.66703    1.84621   27.97159
       560    1.72306    1.20110    1.65992   28.88764
       561    0.99729    0.65101    1.84442   28.74786
       562    1.72495    1.18936    1.63008   27.98943
       563    1.01895    0.66030    1.80545   28.00416
       564    1.73643    1.18460    1.60827   28.17606
       565    1.01978    0.65427    1.79559   28.20764
       566    1.74576    1.17946    1.58774   28.23607
       567    1.03084    0.65153    1.76625   28.19623
       568    1.75071    1.17207    1.56600   27.90375
       569    1.04665    0.65267    1.73136   27.98202
       570    1.76543    1.16646    1.54020   28.18712
       571    1.04903    0.64677    1.71826   28.18947
       572    1.77532    1.16074    1.51860   28.15029
       573    1.05897    0.64277    1.69055   28.17015
       574    1.78554    1.15516    1.49733   28.17343
       575    1.06848    0.64043    1.66613   28.12840
       576    1.79579    1.14636    1.46889   27.97657
       577    1.08202    0.63957    1.63486   27.96302
       578    1.80638    1.13736    1.44013   27.78082
       579    1.09409    0.63818    1.60652   27.66031
       580    1.81601    1.12469    1.40418   27.24423
       581    1.12091    0.63967    1.55039   27.15565
       582    1.82346    1.11483    1.37661   26.79452
       583    1.13600    0.64159    1.52085   26.83711
       584    1.83576    1.10589    1.34790   26.67475
       585    1.15346    0.64067    1.48320   26.50137
       586    1.84294    1.09172    1.31173   25.85436
       587    1.17634    0.64672    1.44410   25.73681
       588    1.84953    1.07660    1.27443   24.91183
       589    1.21176    0.65340    1.38230   24.82242
       590    1.85986    1.06493    1.24252   24.37193
       591    1.23193    0.65904    1.35067   24.08387
       592    1.86000    1.04469    1.19974   22.71274
       593    1.27876    0.67159    1.27990   22.41251
       594    1.86244    1.03010    1.16787   21.60212
       595    1.30983    0.67642    1.23081   21.43932
       596    1.87434    1.01308    1.12545   20.74560
       597    1.34227    0.68215    1.18260   20.37380
       598    1.87041    0.99531    1.09226   18.98181
       599    1.38264    0.69599    1.13491   18.70022
       600    1.87757    0.98023    1.05795   17.88058
       601    1.42085    0.70263    1.08403   17.33738
       602    1.87147    0.95489    1.01275   15.55385
       603    1.47421    0.71946    1.02881   15.10984
       604    1.86913    0.93970    0.98546   14.32652
       605    1.50786    0.72563    0.99075   13.74507
       606    1.86840    0.92166    0.95236   12.78331
       607    1.54754    0.73264    0.94847   12.23138
       608    1.86193    0.90162    0.92001   11.06228
       609    1.58527    0.74202    0.91532   10.49444
       610    1.85262    0.88318    0.89328    9.48528
       611    1.62660    0.75407    0.88512    8.65837
       612    1.83981    0.86103    0.86343    7.49496
       613    1.66902    0.76263    0.85218    6.76454
       614    1.83065    0.83733    0.82967    5.80630
       615    1.70428    0.76588    0.82170    5.38452
       616    1.82297    0.82601    0.81641    4.89355
       617    1.73453    0.77071    0.80070    4.28189
       618    1.81399    0.80642    0.79108    3.71411
       619    1.76528    0.77131    0.77462    3.42905
       620    1.81255    0.79576    0.77509    3.27032
       621    1.78044    0.77443    0.76681    3.04374
       622    1.81395    0.78089    0.75058    2.88229
       623    1.79615    0.77290    0.75185    4.83125
       624    1.80059    0.75851    0.72635    4.59851
       625    1.81698    0.75154    0.70334    4.39425
       626    1.82064    0.74169    0.68592    4.17148
       627    1.83758    0.73906    0.66984    3.93877
       628    1.84504    0.73175    0.65389    3.70142
       629    1.85365    0.72568    0.63919    3.47416
       630    1.85876    0.72167    0.62999    3.23962
       631    1.86244    0.71549    0.61869    3.07489
       632    1.86939    0.71421    0.61237    2.89525
       633    1.87068    0.71207    0.60849    2.77563
       634    1.87639    0.70818    0.59936    2.62123
       635    1.88160    0.70177    0.58710    2.47917
       636    1.88512    0.69972    0.58206    2.41321
       637    1.88619    0.69686    0.57742    2.32409
       638    1.89272    0.69499    0.57091    2.27741
       639    1.89183    0.69240    0.56784    2.22198
       640    1.89795    0.68820    0.55844    2.14977
       641    1.90095    0.68726    0.55540    2.10720
       642    1.89833    0.68351    0.55178    2.07859
       643    1.90323    0.68422    0.54993    2.04825
       644    1.90377    0.68077    0.54490    2.00053
       645    1.90920    0.67945    0.54004    1.98228
       646    1.90787    0.67503    0.53480    1.94569
       647    1.91168    0.67642    0.53455    1.89398
       648    1.91221    0.67339    0.53018    1.87905
       649    1.91526    0.67230    0.52702    1.83664
       650    1.91784    0.66756    0.51926    1.81564
       651    1.91982    0.66949    0.52077    1.80661
       652    1.91829    0.66643    0.51751    1.78899
       653    1.92313    0.66433    0.51212    1.76306
       654    1.91934    0.66506    0.51512    1.76488
       655    1.92811    0.66315    0.50793    1.72068
       656    1.92542    0.65932    0.50427    1.69302
       657    1.92951    0.65871    0.50132    1.68185
       658    1.92707    0.65642    0.49960    1.67848
       659    1.93873    0.65454    0.49115    1.64870
       660    1.92897    0.65176    0.49251    1.65843
       661    1.93550    0.65234    0.48991    1.62361
       662    1.94200    0.65004    0.48365    1.59431
       663    1.93500    0.64914    0.48599    1.58967
       664    1.93691    0.64836    0.48402    1.58041
       665    1.94626    0.64677    0.47732    1.56444
       666    1.94184    0.64222    0.47363    1.53734
       667    1.94570    0.64365    0.47357    1.52323
       668    1.94107    0.64250    0.47437    1.53040
       669    1.94759    0.64278    0.47154    1.50666
       670    1.94944    0.63942    0.46633    1.48273
       671    1.94361    0.63733    0.46650    1.50034
       672    1.95095    0.63806    0.46388    1.47838
       673    1.95111    0.63569    0.46078    1.45571
       674    1.95185    0.63602    0.46085    1.44737
       675    1.95475    0.63080    0.45286    1.42259
       676    1.95558    0.63098    0.45271    1.42128
       677    1.95305    0.63213    0.45534    1.41603
       678    1.95599    0.63175    0.45349    1.40153
       679    1.95760    0.62897    0.44923    1.39605
       680    1.95918    0.62888    0.44839    1.39088
       681    1.95777    0.62605    0.44549    1.37882
       682    1.96597    0.62606    0.44178    1.37139
       683    1.95650    0.62260    0.44177    1.38373
       684    1.96665    0.62136    0.43561    1.34496
       685    1.96366    0.62231    0.43813    1.33285
       686    1.96131    0.61953    0.43574    1.33775
       687    1.96776    0.62148    0.43527    1.33713
       688    1.96462    0.61934    0.43401    1.31975
       689    1.96778    0.61884    0.43198    1.30724
       690    1.97208    0.61646    0.42716    1.28296
       691    1.96662    0.61287    0.42514    1.30175
       692    1.96978    0.61511    0.42650    1.28583
       693    1.96990    0.61082    0.42118    1.27991
       694    1.97585    0.61222    0.42032    1.27493
       695    1.97026    0.61021    0.42028    1.27267
       696    1.97445    0.61223    0.42093    1.25871
       697    1.97122    0.61246    0.42262    1.26663
       698    1.97446    0.61293    0.42178    1.26270
       699    1.97564    0.60609    0.41294    1.23600
       700    1.97479    0.60708    0.41451    1.23815
       701    1.97968    0.60693    0.41225    1.23571
       702    1.97843    0.60326    0.40834    1.20379
       703    1.97883    0.60318    0.40808    1.20251
       704    1.97645    0.60385    0.40990    1.22043
       705    1.98397    0.60067    0.40292    1.20090
       706    1.97803    0.60020    0.40482    1.21396
       707    1.98370    0.59998    0.40220    1.20879
       708    1.98144    0.60008    0.40325    1.19835
       709    1.98336    0.59847    0.40053    1.18728
       710    1.98325    0.59708    0.39891    1.17725
       711    1.98429    0.59590    0.39708    1.17569
       712    1.98389    0.59494    0.39611    1.17574
       713    1.98648    0.59663    0.39705    1.17215
       714    1.98421    0.59537    0.39648    1.18056
       715    1.98807    0.59140    0.39020    1.14470
       716    1.98741    0.59245    0.39171    1.15665
       717    1.98612    0.59077    0.39024    1.15337
       718    1.99166    0.58927    0.38625    1.14283
       719    1.99015    0.58957    0.38721    1.13592
       720    1.99033    0.58888    0.38632    1.13793
       721    1.99181    0.58811    0.38483    1.12480
       722    1.98881    0.58552    0.38298    1.13635
       723    1.99423    0.58645    0.38193    1.12435
       724    1.99468    0.58265    0.37731    1.09564
       725    1.99388    0.58344    0.37855    1.11734
       726    1.99272    0.58278    0.37823    1.11466
       727    1.99608    0.58474    0.37922    1.11974
       728    1.99190    0.58018    0.37552    1.11498
       729    2.00241    0.58278    0.37452    1.13202
       730    1.99165    0.57640    0.37125    1.13321
       731    2.00101    0.57846    0.37003    1.09599
       732    1.99455    0.57700    0.37081    1.10516
       733    1.99972    0.57753    0.36944    1.08720
       734    1.99819    0.57477    0.36683    1.07751
       735    1.99966    0.57675    0.36856    1.07831
       736    1.99943    0.57560    0.36733    1.06997
       737    1.99792    0.57384    0.36588    1.07645
       738    2.00603    0.57234    0.36112    1.07859
       739    1.99929    0.57138    0.36254    1.07250
       740    2.00064    0.57292    0.36378    1.07103
       741    2.00303    0.57058    0.36021    1.05510
       742    2.00547    0.56889    0.35739    1.04660
       743    2.00267    0.56857    0.35806    1.04450
       744    2.00359    0.56858    0.35773    1.04578
       745    2.00750    0.56718    0.35470    1.04298
       746    2.00126    0.56667    0.35643    1.05707
       747    2.00590    0.56747    0.35562    1.04787
       748    2.00902    0.56687    0.35380    1.05365
       749    2.00667    0.56233    0.34953    1.03518
       750    2.00468    0.56097    0.34873    1.03943
       751    2.00882    0.56306    0.34956    1.02846
       752    2.00952    0.55986    0.34573    1.01920
       753    2.01006    0.56045    0.34619    1.01437
       754    2.01145    0.55858    0.34360    1.01458
       755    2.00942    0.55814    0.34383    1.01426
       756    2.01100    0.55992    0.34527    1.02237
       757    2.00959    0.55774    0.34333    1.01456
       758    2.01348    0.55839    0.34267    1.02810
       759    2.00996    0.55576    0.34099    1.01859
       760    2.01335    0.55533    0.33931    0.99900
       761    2.01288    0.55308    0.33697    0.99280
       762    2.01503    0.55368    0.33690    0.99963
       763    2.01345    0.55237    0.33600    0.98937
       764    2.01432    0.55232    0.33564    0.99341
       765    2.01231    0.55078    0.33464    1.00353
       766    2.01764    0.55137    0.33344    0.99664
       767    2.01518    0.55176    0.33472    0.99218
       768    2.01508    0.54925    0.33199    0.98104
       769    2.01670    0.54955    0.33176    0.98175
       770    2.01785    0.55115    0.33312    1.00297
       771    2.01311    0.54647    0.32963    1.00632
       772    2.01999    0.54693    0.32775    0.99286
       773    2.01940    0.54562    0.32652    0.98036
       774    2.01755    0.54606    0.32764    0.98493
       775    2.02146    0.54428    0.32437    0.97874
       776    2.01582    0.54184    0.32364    0.98839
       777    2.02450    0.54465    0.32377    1.01238
       778    2.01523    0.54078    0.32270    1.00747
       779    2.02589    0.54259    0.32107    1.00045
       780    2.01588    0.54000    0.32163    1.00424
       781    2.02617    0.54078    0.31902    0.99246
       782    2.01739    0.53864    0.31965    0.99422
       783    2.02339    0.54011    0.31921    0.97950
       784    2.02193    0.53876    0.31824    0.97724
       785    2.02467    0.53924    0.31785    0.96290
       786    2.02081    0.53613    0.31578    0.97248
       787    2.02701    0.53750    0.31520    0.97854
       788    2.01919    0.53212    0.31205    0.99712
       789    2.03070    0.53364    0.30989    0.97974
       790    2.02207    0.53404    0.31313    0.98011
       791    2.02853    0.53407    0.31104    0.96975
       792    2.02521    0.53268    0.31064    0.95629
       793    2.02653    0.52975    0.30710    0.94762
       794    2.02623    0.53155    0.30910    0.95728
       795    2.02961    0.52972    0.30607    0.94116
       796    2.02648    0.52879    0.30609    0.95987
       797    2.02805    0.52856    0.30534    0.96001
       798    2.02851    0.52673    0.30326    0.95488
       799    2.03053    0.52725    0.30316    0.96660
       800    2.02479    0.52509    0.30275    0.98914
       801    2.03294    0.52714    0.30229    0.98844
       802    2.02729    0.52363    0.30040    0.96751
       803    2.03142    0.52280    0.29822    0.95713
       804    2.03203    0.52402    0.29929    0.96816
       805    2.02954    0.52306    0.29908    0.97970
       806    2.03153    0.52231    0.29766    0.96242
       807    2.03472    0.52211    0.29646    0.98374
       808    2.02981    0.52003    0.29583    0.97878
       809    2.03365    0.52016    0.29476    0.97206
       810    2.03358    0.51881    0.29338    0.96807
       811    2.03124    0.51700    0.29223    0.96924
       812    2.03765    0.51782    0.29110    0.99029
       813    2.03265    0.51547    0.29022    0.96852
       814    2.03622    0.51552    0.28915    0.96373
       815    2.03372    0.51655    0.29099    0.98934
       816    2.03339    0.51186    0.28627    0.96507
       817    2.03918    0.51348    0.28616    0.98203
       818    2.03287    0.51180    0.28637    0.98738
       819    2.03447    0.51162    0.28569    0.97569
       820    2.04010    0.51172    0.28409    0.99326
       821    2.03778    0.51028    0.28331    0.97332
       822    2.03588    0.50764    0.28120    0.97595
       823    2.03878    0.50917    0.28188    0.98245
       824    2.03737    0.50656    0.27965    0.96404
       825    2.04212    0.50554    0.27720    0.97076
       826    2.03672    0.50295    0.27620    0.97442
       827    2.04287    0.50535    0.27679    0.98987
       828    2.03558    0.50417    0.27778    1.00396
       829    2.04266    0.50285    0.27433    0.98184
       830    2.03838    0.50198    0.27472    0.98476
       831    2.04325    0.50333    0.27464    1.00621
       832    2.03897    0.49937    0.27193    0.99428
       833    2.04377    0.50124    0.27239    1.00481
       834    2.04301    0.49875    0.27012    0.98379
       835    2.04123    0.49725    0.26915    0.99274
       836    2.04649    0.49770    0.26806    1.00121
       837    2.04186    0.49524    0.26697    0.99912
       838    2.04382    0.49501    0.26617    0.98736
       839    2.04770    0.49288    0.26295    0.98541
       840    2.04398    0.49238    0.26353    1.00724
       841    2.04673    0.49294    0.26329    1.00632
       842    2.04662    0.49166    0.26205    1.01081
       843    2.04685    0.48966    0.26002    1.00850
       844    2.04817    0.48969    0.25968    1.00914
       845    2.04387    0.48839    0.25964    1.02875
       846    2.05029    0.48850    0.25793    1.02304
       847    2.04489    0.48713    0.25812    1.01418
       848    2.05113    0.48778    0.25698    1.01328
       849    2.04753    0.48479    0.25509    0.99511
       850    2.04812    0.48380    0.25397    1.00150
       851    2.05012    0.48431    0.25389    1.00267
       852    2.04818    0.48373    0.25387    1.02131
       853    2.05054    0.48170    0.25126    1.03572
       854    2.05211    0.48109    0.25023    1.04767
       855    2.04940    0.47889    0.24888    1.05718
       856    2.05033    0.47881    0.24854    1.05877
       857    2.05300    0.47998    0.24893    1.08713
       858    2.05045    0.47689    0.24667    1.08413
       859    2.05307    0.47759    0.24661    1.09670
       860    2.05462    0.47460    0.24335    1.08961
       861    2.04968    0.47247    0.24269    1.11725
       862    2.05531    0.47320    0.24184    1.10403
       863    2.05644    0.47143    0.23987    1.11005
       864    2.05500    0.46679    0.23590    1.10129
       865    2.05660    0.46791    0.23652    1.11776
       866    2.05720    0.46649    0.23503    1.12092
       867    2.05825    0.46709    0.23532    1.15073
       868    2.05482    0.46455    0.23386    1.16374
       869    2.06261    0.46469    0.23196    1.17591
       870    2.05578    0.46094    0.23026    1.17061
       871    2.06252    0.46206    0.22954    1.17645
       872    2.05737    0.45856    0.22765    1.16724
       873    2.06142    0.45874    0.22677    1.15763
       874    2.05970    0.45725    0.22584    1.16950
       875    2.06232    0.45615    0.22416    1.17928
       876    2.06098    0.45430    0.22282    1.18476
       877    2.06521    0.45340    0.22094    1.18780
       878    2.06010    0.45105    0.22011    1.20817
       879    2.06688    0.45104    0.21840    1.21342
       880    2.06393    0.44838    0.21674    1.20180
       881    2.06594    0.44813    0.21602    1.22224
       882    2.06541    0.44617    0.21439    1.22473
       883    2.06834    0.44484    0.21249    1.24052
       884    2.06653    0.44290    0.21120    1.24687
       885    2.06920    0.44116    0.20902    1.23700
       886    2.06800    0.44062    0.20883    1.26720
       887    2.07009    0.43884    0.20677    1.25614
       888    2.06975    0.43692    0.20516    1.25917
       889    2.07317    0.43544    0.20306    1.26061
       890    2.07190    0.43323    0.20145    1.26464
       891    2.07195    0.43155    0.19998    1.27798
       892    2.07506    0.43123    0.19899    1.29146
       893    2.07354    0.42828    0.19679    1.27553
       894    2.07642    0.42644    0.19456    1.27709
       895    2.07513    0.42419    0.19295    1.28114
       896    2.07838    0.42401    0.19206    1.29543
       897    2.07798    0.42080    0.18944    1.27740
       898    2.07810    0.41965    0.18845    1.29088
       899    2.07912    0.41781    0.18668    1.30642
       900    2.08261    0.41633    0.18469    1.31877
       901    2.07881    0.41391    0.18350    1.31959
       902    2.08259    0.41369    0.18251    1.33472
       903    2.08255    0.41128    0.18052    1.33711
       904    2.08448    0.40811    0.17752    1.48447
       905    2.08645    0.40636    0.17568    1.49155
       906    2.08511    0.40373    0.17383    1.49534
       907    2.08789    0.40135    0.17135    1.49158
       908    2.08847    0.39868    0.16909    1.51496
       909    2.09109    0.39724    0.16742    1.53056
       910    2.08924    0.39348    0.16481    1.52850
       911    2.09439    0.39133    0.16213    1.51648
       912    2.09250    0.38781    0.15974    1.52258
       913    2.09716    0.38490    0.15662    1.51127
       914    2.09372    0.38232    0.15528    1.52397
       915    2.09813    0.38058    0.15313    1.51949
       916    2.09724    0.37727    0.15079    1.54000
       917    2.10171    0.37438    0.14781    1.55061
       918    2.10002    0.37118    0.14573    1.55155
       919    2.10204    0.36927    0.14395    1.55537
       920    2.10546    0.36586    0.14087    1.53578
       921    2.10424    0.36251    0.13863    1.52769
       922    2.10458    0.35972    0.13656    1.53116
       923    2.10832    0.35694    0.13395    1.52082
       924    2.10913    0.35411    0.13180    1.51420
       925    2.10989    0.35100    0.12949    1.51614
       926    2.11001    0.34779    0.12723    1.50060
       927    2.11374    0.34539    0.12498    1.49017
       928    2.11200    0.34129    0.12244    1.47733
       929    2.11615    0.33994    0.12090    1.47420
       930    2.11406    0.33627    0.11872    1.46496
       931    2.11836    0.33336    0.11615    1.44793
       932    2.11623    0.32985    0.11412    1.44128
       933    2.12193    0.32788    0.11203    1.43406
       934    2.11716    0.32372    0.10998    1.44121
       935    2.12365    0.32173    0.10781    1.42041
       936    2.12184    0.31846    0.10595    1.40647
       937    2.12262    0.31574    0.10412    1.39915
       938    2.12532    0.31308    0.10210    1.38824
       939    2.12554    0.31060    0.10052    1.37903
       940    2.12721    0.30700    0.09809    1.36131
       941    2.12569    0.30429    0.09662    1.36153
       942    2.13099    0.30223    0.09473    1.34803
       943    2.12833    0.29827    0.09267    1.55085
       944    2.13358    0.29558    0.09046    1.53512
       945    2.13077    0.29055    0.08783    1.50853
       946    2.13467    0.28802    0.08593    1.48970
       947    2.13536    0.28390    0.08350    1.48554
       948    2.13469    0.27995    0.08134    1.46895
       949    2.13875    0.27715    0.07936    1.45001
       950    2.13710    0.27233    0.07688    1.42563
       951    2.14114    0.26985    0.07513    1.41288
       952    2.14020    0.26600    0.07316    1.40069
       953    2.14270    0.26297    0.07132    1.38216
       954    2.14198    0.25926    0.06944    1.36342
       955    2.14569    0.25608    0.06747    1.34200
       956    2.14319    0.25232    0.06578    1.32604
       957    2.14786    0.24961    0.06401    1.30738
       958    2.14583    0.24563    0.06221    1.28298
       959    2.14836    0.24268    0.06056    1.26090
       960    2.14866    0.23930    0.05891    1.23078
       961    2.14873    0.23664    0.05764    1.22116
       962    2.15201    0.23393    0.05611    1.20304
       963    2.15024    0.23078    0.05478    1.18477
       964    2.15285    0.22776    0.05319    1.16376
       965    2.15179    0.22489    0.05198    1.15182
       966    2.15529    0.22249    0.05065    1.13880
       967    2.15297    0.21909    0.04931    1.12005
       968    2.15536    0.21673    0.04812    1.10316
       969    2.15579    0.21363    0.04675    1.08440
       970    2.15678    0.21141    0.04574    1.07069
       971    2.15679    0.20872    0.04461    1.05305
       972    2.15883    0.20595    0.04334    1.03521
       973    2.15703    0.20384    0.04258    1.02887
       974    2.16001    0.20128    0.04136    1.00903
       975    2.15951    0.19832    0.04021    0.99000
       976    2.16018    0.19598    0.03925    0.97656
       977    2.16121    0.19346    0.03821    0.96085
       978    2.16176    0.19154    0.03744    0.94983
       979    2.16225    0.18982    0.03676    0.93995
       980    2.16100    0.18736    0.03590    0.93061
       981    2.16436    0.18546    0.03501    0.91692
       982    2.16280    0.18260    0.03404    0.89851
       983    2.16466    0.18046    0.03317    0.88291
       984    2.16320    0.17843    0.03251    0.87784
       985    2.16679    0.17682    0.03177    0.86710
       986    2.16396    0.17411    0.03095    0.85072
       987    2.16775    0.17233    0.03016    0.83853
       988    2.16495    0.17062    0.02970    0.82795
       989    2.16680    0.16866    0.02895    0.81254
       990    2.16733    0.16630    0.02813    0.79854
       991    2.16813    0.16537    0.02779    0.79305
       992    2.16770    0.16298    0.02702    0.77762
       993    2.16840    0.16131    0.02645    0.76864
       994    2.16853    0.15906    0.02573    0.75553
       995    2.16957    0.15763    0.02523    0.74710
       996    2.16920    0.15596    0.02472    0.73810
       997    2.16904    0.15443    0.02425    0.73115
       998    2.17158    0.15238    0.02353    0.71970
       999    2.17000    0.15043    0.02300    0.70683

Final Weights:        -0.7648529373         0.2764259560         0.1082505569         0.4635699337 