# Cycles, Average Predicted Temperature, Stddev Predicted Temperature, Mean Squared Error, || MSE Gradient ||
         0 6.7844857e-04 3.3121321e-03 4.3554633e+00 2.2166676e-01
         1 7.1107780e-04 3.4321106e-03 4.3553279e+00 2.3227170e-01
         2 6.8037012e-04 3.3433885e-03 4.3554555e+00 2.1570038e-01
         3 7.3206536e-04 3.5326984e-03 4.3552410e+00 2.2804379e-01
         4 7.3745626e-04 3.5747118e-03 4.3552188e+00 2.2533258e-01
         5 7.3433640e-04 3.6478578e-03 4.3552323e+00 2.2078298e-01
         6 7.3893199e-04 3.6025043e-03 4.3552128e+00 2.1747595e-01
         7 7.9021585e-04 3.8315229e-03 4.3550005e+00 2.2959647e-01
         8 7.8629314e-04 3.8321395e-03 4.3550169e+00 2.2568508e-01
         9 7.9579781e-04 3.8465559e-03 4.3549773e+00 2.2349629e-01
        10 8.3033829e-04 4.0022800e-03 4.3548344e+00 2.3008633e-01
        11 8.2119431e-04 3.9395277e-03 4.3548720e+00 2.2360343e-01
        12 8.4299753e-04 4.0839507e-03 4.3547822e+00 2.2759989e-01
        13 8.5459023e-04 4.1045299e-03 4.3547340e+00 2.2806210e-01
        14 8.8063093e-04 4.2079465e-03 4.3546261e+00 2.3123963e-01
        15 8.7345447e-04 4.1951205e-03 4.3546560e+00 2.2649533e-01
        16 9.0540310e-04 4.3268340e-03 4.3545238e+00 2.2962208e-01
        17 9.1315343e-04 4.3648404e-03 4.3544918e+00 2.3088684e-01
        18 8.9384096e-04 4.3244667e-03 4.3545720e+00 2.2083009e-01
        19 9.2936919e-04 4.4547908e-03 4.3544249e+00 2.2741672e-01
        20 9.6262439e-04 4.5698001e-03 4.3542871e+00 2.3184601e-01
        21 9.2111698e-04 4.4788705e-03 4.3544595e+00 2.2026129e-01
        22 9.5071062e-04 4.6045813e-03 4.3543372e+00 2.2424435e-01
        23 9.7665742e-04 4.6623976e-03 4.3542294e+00 2.2784713e-01
        24 1.0131637e-03 4.8054357e-03 4.3540784e+00 2.3420467e-01
        25 1.0255856e-03 4.8600710e-03 4.3540271e+00 2.3325132e-01
        26 1.0232026e-03 4.8871080e-03 4.3540373e+00 2.3055668e-01
        27 1.0361298e-03 4.9354551e-03 4.3539838e+00 2.2999376e-01
        28 1.0241908e-03 4.8582678e-03 4.3540329e+00 2.2505640e-01
        29 1.0659782e-03 5.0661383e-03 4.3538606e+00 2.2710895e-01
        30 1.0720319e-03 5.0982420e-03 4.3538356e+00 2.2844073e-01
        31 1.0356337e-03 4.9552925e-03 4.3539861e+00 2.2104685e-01
        32 1.1158892e-03 5.3170508e-03 4.3536549e+00 2.3365034e-01
        33 1.1022659e-03 5.2449831e-03 4.3537110e+00 2.2824476e-01
        34 1.1559881e-03 5.4481934e-03 4.3534890e+00 2.3547586e-01
        35 1.1161299e-03 5.2747701e-03 4.3536535e+00 2.2592558e-01
        36 1.1426212e-03 5.4160520e-03 4.3535444e+00 2.2909776e-01
        37 1.1801786e-03 5.5882963e-03 4.3533896e+00 2.3693509e-01
        38 1.1539061e-03 5.4837713e-03 4.3534981e+00 2.2966363e-01
        39 1.2066579e-03 5.6490469e-03 4.3532798e+00 2.3855660e-01
        40 1.1812240e-03 5.6680477e-03 4.3533861e+00 2.3011540e-01
        41 1.2047358e-03 5.7325618e-03 4.3532887e+00 2.3080973e-01
        42 1.2132767e-03 5.7252427e-03 4.3532530e+00 2.3158962e-01
        43 1.2080883e-03 5.7213485e-03 4.3532746e+00 2.2905723e-01
        44 1.2661164e-03 5.9197352e-03 4.3530348e+00 2.3789528e-01
        45 1.2645076e-03 5.9165434e-03 4.3530415e+00 2.3451082e-01
        46 1.2772365e-03 5.9365222e-03 4.3529886e+00 2.3352487e-01
        47 1.3054516e-03 6.1139863e-03 4.3528730e+00 2.3621525e-01
        48 1.3174874e-03 6.2486473e-03 4.3528244e+00 2.3539145e-01
        49 1.3270827e-03 6.2332383e-03 4.3527842e+00 2.3433156e-01
        50 1.3167158e-03 6.2199652e-03 4.3528273e+00 2.3183181e-01
        51 1.3329601e-03 6.2690351e-03 4.3527601e+00 2.3128933e-01
        52 1.3198257e-03 6.2358117e-03 4.3528145e+00 2.2626365e-01
        53 1.3834183e-03 6.5427959e-03 4.3525531e+00 2.3595632e-01
        54 1.3729782e-03 6.4425240e-03 4.3525954e+00 2.3265651e-01
        55 1.3890354e-03 6.5015077e-03 4.3525291e+00 2.3381946e-01
        56 1.3688047e-03 6.4762592e-03 4.3526132e+00 2.2689326e-01
        57 1.3809565e-03 6.4914532e-03 4.3525627e+00 2.2737004e-01
        58 1.4404939e-03 6.7931181e-03 4.3523183e+00 2.3348962e-01
        59 1.4377130e-03 6.6799926e-03 4.3523284e+00 2.3268857e-01
        60 1.4314889e-03 6.7041895e-03 4.3523547e+00 2.2970520e-01
        61 1.4512826e-03 6.7614336e-03 4.3522728e+00 2.3007995e-01
        62 1.4618602e-03 6.8542917e-03 4.3522300e+00 2.3014701e-01
        63 1.5116352e-03 7.0778411e-03 4.3520254e+00 2.3501469e-01
        64 1.4781796e-03 6.9537971e-03 4.3521633e+00 2.2896034e-01
        65 1.5094815e-03 7.0306023e-03 4.3520337e+00 2.3107878e-01
        66 1.5259274e-03 7.1491031e-03 4.3519668e+00 2.3195207e-01
        67 1.5763659e-03 7.3434155e-03 4.3517592e+00 2.3727601e-01
        68 1.6335172e-03 7.4379271e-03 4.3515221e+00 2.6170645e-01
        69 1.5456135e-03 7.1934106e-03 4.3518853e+00 2.6546257e-01
        70 1.6008241e-03 7.4471875e-03 4.3516587e+00 2.7108086e-01
        71 1.6224104e-03 7.5193139e-03 4.3515697e+00 2.7393850e-01
        72 1.6404693e-03 7.6200109e-03 4.3514959e+00 2.7455867e-01
        73 1.6297362e-03 7.6144763e-03 4.3515406e+00 2.6598208e-01
        74 1.7651861e-03 8.0297874e-03 4.3509820e+00 2.8415045e-01
        75 1.6597800e-03 7.7527485e-03 4.3514173e+00 2.6434863e-01
        76 1.7007822e-03 7.8754487e-03 4.3512482e+00 2.6597477e-01
        77 1.7119345e-03 7.8724245e-03 4.3512016e+00 2.6923530e-01
        78 1.7125156e-03 7.9060121e-03 4.3511997e+00 2.6686709e-01
        79 1.7261351e-03 8.0015559e-03 4.3511444e+00 2.6855034e-01
        80 1.7699854e-03 8.0725019e-03 4.3509626e+00 2.6978216e-01
        81 1.8121979e-03 8.2042125e-03 4.3507887e+00 2.7170248e-01
        82 1.8472194e-03 8.3984822e-03 4.3506458e+00 2.7250623e-01
        83 1.8308576e-03 8.3678611e-03 4.3507136e+00 2.6833034e-01
        84 1.8704597e-03 8.3973607e-03 4.3505488e+00 2.7412351e-01
        85 1.8244248e-03 8.3070352e-03 4.3507394e+00 2.6411110e-01
        86 1.8831372e-03 8.6062413e-03 4.3504995e+00 2.7073721e-01
        87 1.8668255e-03 8.5233899e-03 4.3505661e+00 2.6715454e-01
        88 1.9090940e-03 8.7148782e-03 4.3503931e+00 2.7295950e-01
        89 1.9219258e-03 8.7058761e-03 4.3503394e+00 2.6598125e-01
        90 2.0037298e-03 8.9912516e-03 4.3500032e+00 2.7825501e-01
        91 1.9690916e-03 8.9477608e-03 4.3501470e+00 2.7071177e-01
        92 1.9731427e-03 8.9361385e-03 4.3501298e+00 2.6825028e-01
        93 1.9703524e-03 8.9111111e-03 4.3501410e+00 2.6658161e-01
        94 2.0285603e-03 9.0952229e-03 4.3499016e+00 2.6965536e-01
        95 2.0298266e-03 9.0701572e-03 4.3498958e+00 2.6681729e-01
        96 2.0500065e-03 9.2799063e-03 4.3498155e+00 2.6826353e-01
        97 2.0755552e-03 9.2386103e-03 4.3497082e+00 2.7112140e-01
        98 2.0882106e-03 9.4035482e-03 4.3496584e+00 2.7253212e-01
        99 2.0711749e-03 9.3266308e-03 4.3497281e+00 2.6599280e-01
       100 2.1674526e-03 9.6801827e-03 4.3493332e+00 2.7523468e-01
       101 2.0967243e-03 9.4709481e-03 4.3496242e+00 2.6666928e-01
       102 2.1616799e-03 9.6945376e-03 4.3493576e+00 2.6935438e-01
       103 2.1912934e-03 9.7502546e-03 4.3492351e+00 2.7278871e-01
       104 2.2266172e-03 9.9624817e-03 4.3490920e+00 2.7377598e-01
       105 2.2618512e-03 1.0037681e-02 4.3489465e+00 2.7638505e-01
       106 2.1748657e-03 9.8076210e-03 4.3493048e+00 2.6176141e-01
       107 2.2803077e-03 1.0128002e-02 4.3488714e+00 2.7408981e-01
       108 2.2920399e-03 1.0097432e-02 4.3488218e+00 2.7240522e-01
       109 2.2468895e-03 1.0082803e-02 4.3490098e+00 2.6630113e-01
       110 2.3259238e-03 1.0225720e-02 4.3486831e+00 2.7418679e-01
       111 2.3181293e-03 1.0329825e-02 4.3487178e+00 2.6911230e-01
       112 2.2749178e-03 1.0214897e-02 4.3488956e+00 2.6330009e-01
       113 2.4325903e-03 1.0754214e-02 4.3482493e+00 2.7830550e-01
       114 2.3925602e-03 1.0655126e-02 4.3484142e+00 2.7030728e-01
       115 2.3791374e-03 1.0654729e-02 4.3484701e+00 2.6721664e-01
       116 2.4116914e-03 1.0720283e-02 4.3483358e+00 2.6777429e-01
       117 2.4569582e-03 1.0797566e-02 4.3481486e+00 2.7326290e-01
       118 2.4120779e-03 1.0579195e-02 4.3483312e+00 2.7000749e-01
       119 2.5431358e-03 1.1103154e-02 4.3477960e+00 2.7903023e-01
       120 2.5579014e-03 1.1268164e-02 4.3477381e+00 2.7707624e-01
       121 2.5250152e-03 1.1125768e-02 4.3478720e+00 2.7348249e-01
       122 2.5750966e-03 1.1242471e-02 4.3476658e+00 2.7855162e-01
       123 2.4720482e-03 1.1001392e-02 4.3480902e+00 2.6395764e-01
       124 2.5859391e-03 1.1414830e-02 4.3476245e+00 2.7163154e-01
       125 2.5193136e-03 1.1150444e-02 4.3478964e+00 2.6399498e-01
       126 2.6383989e-03 1.1569182e-02 4.3474093e+00 2.7495106e-01
       127 2.6572218e-03 1.1694092e-02 4.3473337e+00 2.7369177e-01
       128 2.6985737e-03 1.1693775e-02 4.3471612e+00 2.7787163e-01
       129 2.5894586e-03 1.1479852e-02 4.3476113e+00 2.6472147e-01
       130 2.6599794e-03 1.1605978e-02 4.3473201e+00 2.7069186e-01
       131 2.6830881e-03 1.1852941e-02 4.3472296e+00 2.7009160e-01
       132 2.7013433e-03 1.1911594e-02 4.3471548e+00 2.7147912e-01
       133 2.7373206e-03 1.2100945e-02 4.3470094e+00 2.7042571e-01
       134 2.7526986e-03 1.2144299e-02 4.3469463e+00 2.7096728e-01
       135 2.7051598e-03 1.1824316e-02 4.3471368e+00 2.6660122e-01
       136 2.7274095e-03 1.1931386e-02 4.3470466e+00 2.6790594e-01
       137 2.7714684e-03 1.2165128e-02 4.3468685e+00 2.6913409e-01
       138 2.9194983e-03 1.2664101e-02 4.3462637e+00 2.7888203e-01
       139 2.7744757e-03 1.2179803e-02 4.3468563e+00 2.6430860e-01
       140 2.8083800e-03 1.2222233e-02 4.3467160e+00 2.6901183e-01
       141 2.9161587e-03 1.2660977e-02 4.3462775e+00 2.7588864e-01
       142 2.8872179e-03 1.2624720e-02 4.3463973e+00 2.7169017e-01
       143 2.9301573e-03 1.2807277e-02 4.3462229e+00 2.8793395e-01
       144 2.9062048e-03 1.2622178e-02 4.3463181e+00 6.3595401e-01
       145 3.0824931e-03 1.2897918e-02 4.3455901e+00 6.4548859e-01
       146 3.1132753e-03 1.3040428e-02 4.3454654e+00 6.2930457e-01
       147 3.2609016e-03 1.3442402e-02 4.3448607e+00 6.3871838e-01
       148 3.3509895e-03 1.3464487e-02 4.3444857e+00 6.4568585e-01
       149 3.3995494e-03 1.3503369e-02 4.3442843e+00 6.2949255e-01
       150 3.4500187e-03 1.3594812e-02 4.3440764e+00 6.2186341e-01
       151 3.5935463e-03 1.4029381e-02 4.3434902e+00 6.2422372e-01
       152 3.6636399e-03 1.4110693e-02 4.3432003e+00 6.3063604e-01
       153 3.9530442e-03 1.4804803e-02 4.3420142e+00 6.4021652e-01
       154 3.9250972e-03 1.4917301e-02 4.3421340e+00 6.2942163e-01
       155 4.0642452e-03 1.5067913e-02 4.3415587e+00 6.3134516e-01
       156 4.0434348e-03 1.4953304e-02 4.3416420e+00 6.1458608e-01
       157 4.2730367e-03 1.5653902e-02 4.3407067e+00 6.2787848e-01
       158 4.3682007e-03 1.5776945e-02 4.3403140e+00 6.3305671e-01
       159 4.3828495e-03 1.5685803e-02 4.3402501e+00 6.2247159e-01
       160 4.5433484e-03 1.6153640e-02 4.3395963e+00 6.2485378e-01
       161 4.6936846e-03 1.6216864e-02 4.3389720e+00 6.3427388e-01
       162 4.6357672e-03 1.6221258e-02 4.3392135e+00 6.2453753e-01
       163 4.8393516e-03 1.6788501e-02 4.3383841e+00 6.2656085e-01
       164 4.8612267e-03 1.6818345e-02 4.3382940e+00 6.2297275e-01
       165 4.9779434e-03 1.7116427e-02 4.3378179e+00 6.1576541e-01
       166 4.9847915e-03 1.7357865e-02 4.3377977e+00 6.1118353e-01
       167 5.0927764e-03 1.7369091e-02 4.3373483e+00 6.1591983e-01
       168 5.2941639e-03 1.8142570e-02 4.3365370e+00 8.8671693e-01
       169 5.4758647e-03 1.8309594e-02 4.3357864e+00 9.2281966e-01
       170 5.6215224e-03 1.8490592e-02 4.3351865e+00 9.1889966e-01
       171 5.7955021e-03 1.9074751e-02 4.3344840e+00 9.0121918e-01
       172 6.0587410e-03 1.9414530e-02 4.3334011e+00 9.2726581e-01
       173 6.3495539e-03 1.9771780e-02 4.3322045e+00 9.3446679e-01
       174 6.3566654e-03 1.9755912e-02 4.3321743e+00 9.7713100e-01
       175 6.6513703e-03 2.0372703e-02 4.3309724e+00 9.7268657e-01
       176 6.9685359e-03 2.1108468e-02 4.3296830e+00 9.6885959e-01
       177 7.3607856e-03 2.1855028e-02 4.3280829e+00 9.9059460e-01
       178 7.4240507e-03 2.1811048e-02 4.3278178e+00 9.7956517e-01
       179 7.6840104e-03 2.2449483e-02 4.3267645e+00 9.6280620e-01
       180 7.9064070e-03 2.2810948e-02 4.3258558e+00 9.7072799e-01
       181 7.9595826e-03 2.2810947e-02 4.3256346e+00 9.5617479e-01
       182 8.2468282e-03 2.3510258e-02 4.3244723e+00 9.4934591e-01
       183 8.6708668e-03 2.4503902e-02 4.3227567e+00 9.5344664e-01
       184 8.5938896e-03 2.4611454e-02 4.3230821e+00 9.4108024e-01
       185 8.9917532e-03 2.5094843e-02 4.3214519e+00 9.5103442e-01
       186 9.4033009e-03 2.6138032e-02 4.3197946e+00 9.6461733e-01
       187 9.5305964e-03 2.6529042e-02 4.3192861e+00 9.5236712e-01
       188 9.6822716e-03 2.6772486e-02 4.3186687e+00 9.4864387e-01
       189 1.0063655e-02 2.7573962e-02 4.3171274e+00 9.4924104e-01
       190 9.8881503e-03 2.7113067e-02 4.3178315e+00 9.2154896e-01
       191 1.0359040e-02 2.8373187e-02 4.3159448e+00 9.2910583e-01
       192 1.0519466e-02 2.8757243e-02 4.3153003e+00 9.2405194e-01
       193 1.0918401e-02 2.9522059e-02 4.3136877e+00 9.3966807e-01
       194 1.1789979e-02 2.9321413e-02 4.3100566e+00 8.2887390e+00
       195 2.8731748e-02 3.6248018e-02 4.2404603e+00 8.4079790e+00
       196 4.6279540e-02 4.8436600e-02 4.1695415e+00 8.4880369e+00
       197 6.4938923e-02 6.2618824e-02 4.0952832e+00 8.9889044e+00
       198 8.5108716e-02 7.7971458e-02 4.0162531e+00 9.0747472e+00
       199 1.0745016e-01 9.4542417e-02 3.9301316e+00 9.5246553e+00
       200 1.3155579e-01 1.1127195e-01 3.8386879e+00 9.6417372e+00
       201 1.5677320e-01 1.2773035e-01 3.7446022e+00 9.8916820e+00
       202 1.8372937e-01 1.4380085e-01 3.6455943e+00 1.0025193e+01
       203 2.1159570e-01 1.5993217e-01 3.5451599e+00 1.0205113e+01
       204 2.4138346e-01 1.7563635e-01 3.4395501e+00 1.0353620e+01
       205 2.7225007e-01 1.9092306e-01 3.3321303e+00 1.0461411e+01
       206 3.0449391e-01 2.0530528e-01 3.2217976e+00 1.0568561e+01
       207 3.3846406e-01 2.2018272e-01 3.1081336e+00 1.0647280e+01
       208 3.7244398e-01 2.3396069e-01 2.9966710e+00 1.0744850e+01
       209 4.0848687e-01 2.4723386e-01 2.8807150e+00 1.0796279e+01
       210 4.4559007e-01 2.5983180e-01 2.7638750e+00 1.0844481e+01
       211 4.8421923e-01 2.7191418e-01 2.6449291e+00 1.0868538e+01
       212 5.2340844e-01 2.8371588e-01 2.5273479e+00 1.0883921e+01
       213 5.6359841e-01 2.9459830e-01 2.4095229e+00 1.0876018e+01
       214 6.0467489e-01 3.0522663e-01 2.2923799e+00 1.0850218e+01
       215 6.4736156e-01 3.1469728e-01 2.1734666e+00 1.0803897e+01
       216 6.9054411e-01 3.2371801e-01 2.0566996e+00 1.0744841e+01
       217 7.3469815e-01 3.3242315e-01 1.9409852e+00 1.0653006e+01
       218 7.7824816e-01 3.3989604e-01 1.8300638e+00 1.0547901e+01
       219 8.2382070e-01 3.4697757e-01 1.7176592e+00 1.0428765e+01
       220 8.6876303e-01 3.5358540e-01 1.6107093e+00 1.0271999e+01
       221 9.1511075e-01 3.5897423e-01 1.5037119e+00 1.0111932e+01
       222 9.6093619e-01 3.6431801e-01 1.4022127e+00 9.9344541e+00
       223 1.0050858e+00 3.6933225e-01 1.3083526e+00 9.7280123e+00
       224 1.0511963e+00 3.7285776e-01 1.2132602e+00 9.5044807e+00
       225 1.0966909e+00 3.7634508e-01 1.1236364e+00 9.2697301e+00
       226 1.1413503e+00 3.7857134e-01 1.0388003e+00 9.0140132e+00
       227 1.1846887e+00 3.8189271e-01 9.6118206e-01 8.7549080e+00
       228 1.2289427e+00 3.8382956e-01 8.8470419e-01 8.4706979e+00
       229 1.2722454e+00 3.8511905e-01 8.1320215e-01 8.1817032e+00
       230 1.3141802e+00 3.8639572e-01 7.4755796e-01 7.8886943e+00
       231 1.3562629e+00 3.8681951e-01 6.8455720e-01 7.5902402e+00
       232 1.3948430e+00 3.8679779e-01 6.2959479e-01 7.2920364e+00
       233 1.4338319e+00 3.8730107e-01 5.7748092e-01 6.9859996e+00
       234 1.4720963e+00 3.8634683e-01 5.2817088e-01 6.6746987e+00
       235 1.5069034e+00 3.8529996e-01 4.8572329e-01 6.3792575e+00
       236 1.5424387e+00 3.8533176e-01 4.4573648e-01 6.0770244e+00
       237 1.5742924e+00 3.8450340e-01 4.1137943e-01 5.7901756e+00
       238 1.6061736e+00 3.8344436e-01 3.7884954e-01 5.4990620e+00
       239 1.6381812e+00 3.8162387e-01 3.4765946e-01 5.2077043e+00
       240 1.6652913e+00 3.7960765e-01 3.2248922e-01 4.9537198e+00
       241 1.6950745e+00 3.7901722e-01 2.9776993e-01 4.6653215e+00
       242 1.7199874e+00 3.7704324e-01 2.7733779e-01 4.4187472e+00
       243 1.7462665e+00 3.7423814e-01 2.5659723e-01 4.1640759e+00
       244 1.7694128e+00 3.7351469e-01 2.4078846e-01 3.9309750e+00
       245 1.7903572e+00 3.7099533e-01 2.2602085e-01 3.7169694e+00
       246 1.8120017e+00 3.7101494e-01 2.1363435e-01 3.4920104e+00
       247 1.8332512e+00 3.6725520e-01 1.9959538e-01 3.2864056e+00
       248 1.8498501e+00 3.6613172e-01 1.9060147e-01 3.1061167e+00
       249 1.8678461e+00 3.6405612e-01 1.8085084e-01 2.9223088e+00
       250 1.8834298e+00 3.6202586e-01 1.7276883e-01 2.7573796e+00
       251 1.9006704e+00 3.5887280e-01 1.6375122e-01 2.5856730e+00
       252 1.9141153e+00 3.5745842e-01 1.5789098e-01 2.4397440e+00
       253 1.9261427e+00 3.5711521e-01 1.5361604e-01 2.3110155e+00
       254 1.9395982e+00 3.5467038e-01 1.4771057e-01 2.1767963e+00
       255 1.9500229e+00 3.5242860e-01 1.4314726e-01 2.0701971e+00
       256 1.9607164e+00 3.5076239e-01 1.3914653e-01 1.9597550e+00
       257 1.9706445e+00 3.4813612e-01 1.3488916e-01 1.8599771e+00
       258 1.9796798e+00 3.4728878e-01 1.3226717e-01 1.7703069e+00
       259 1.9881076e+00 3.4518820e-01 1.2906368e-01 1.6887871e+00
       260 1.9953122e+00 3.4255058e-01 1.2586727e-01 1.6147333e+00
       261 2.0040814e+00 3.4023708e-01 1.2274506e-01 1.5409464e+00
       262 2.0124207e+00 3.3871182e-01 1.2038523e-01 1.4684041e+00
       263 2.0156766e+00 3.3844626e-01 1.1972611e-01 1.4258743e+00
       264 2.0229078e+00 3.3378742e-01 1.1560566e-01 1.3713773e+00
       265 2.0267547e+00 3.3479954e-01 1.1579903e-01 1.3285018e+00
       266 2.0325868e+00 3.3145626e-01 1.1289527e-01 1.2888470e+00
       267 2.0366128e+00 3.3018159e-01 1.1162473e-01 1.2452917e+00
       268 2.0425929e+00 3.2801075e-01 1.0962124e-01 1.2049505e+00
       269 2.0474610e+00 3.2551082e-01 1.0757249e-01 1.1672159e+00
       270 2.0494458e+00 3.2514833e-01 1.0718104e-01 1.1505769e+00
       271 2.0514892e+00 3.2440538e-01 1.0654649e-01 1.1259383e+00
       272 2.0565511e+00 3.2117936e-01 1.0412335e-01 1.0947660e+00
       273 2.0581232e+00 3.2042249e-01 1.0354243e-01 1.0804312e+00
       274 2.0612094e+00 3.1882678e-01 1.0234965e-01 1.0567984e+00
       275 2.0630282e+00 3.1569244e-01 1.0026797e-01 1.0406209e+00
       276 2.0640877e+00 3.1644310e-01 1.0069144e-01 1.0309527e+00
       277 2.0670546e+00 3.1439684e-01 9.9269566e-02 1.0134543e+00
       278 2.0708281e+00 3.1187962e-01 9.7551891e-02 9.9614264e-01
       279 2.0723101e+00 3.1040939e-01 9.6589321e-02 9.8340499e-01
       280 2.0736705e+00 3.0875400e-01 9.5524473e-02 9.7021465e-01
       281 2.0748064e+00 3.0863325e-01 9.5419452e-02 9.6032130e-01
       282 2.0755534e+00 3.0656374e-01 9.4127668e-02 9.4507775e-01
       283 2.0765364e+00 3.0451574e-01 9.2853360e-02 9.3691952e-01
       284 2.0766233e+00 3.0385142e-01 9.2447286e-02 9.2764618e-01
       285 2.0790341e+00 3.0170491e-01 9.1100097e-02 9.1864043e-01
       286 2.0784308e+00 3.0242187e-01 9.1543993e-02 9.1153067e-01
       287 2.0787443e+00 3.0021945e-01 9.0211040e-02 8.9943299e-01
       288 2.0808219e+00 2.9819247e-01 8.8965376e-02 8.9299743e-01
       289 2.0814443e+00 2.9705663e-01 8.8281160e-02 8.8331999e-01
       290 2.0802251e+00 2.9652070e-01 8.7979663e-02 8.7383926e-01
       291 2.0818333e+00 2.9548357e-01 8.7344379e-02 8.6922555e-01
       292 2.0810678e+00 2.9573372e-01 8.7501767e-02 8.6164877e-01
       293 2.0819934e+00 2.9327721e-01 8.6043528e-02 8.5133944e-01
       294 2.0829705e+00 2.9003507e-01 8.4142245e-02 8.4282996e-01
       295 2.0839813e+00 2.8968937e-01 8.3933392e-02 8.3334841e-01
       296 2.0847931e+00 2.8860598e-01 8.3301578e-02 8.2735293e-01
       297 2.0852557e+00 2.8613097e-01 8.1876668e-02 8.1635850e-01
       298 2.0845625e+00 2.8630425e-01 8.1979658e-02 8.1430696e-01
       299 2.0837872e+00 2.8709676e-01 8.2439473e-02 8.0696573e-01
       300 2.0846325e+00 2.8590017e-01 8.1748018e-02 8.0148434e-01
       301 2.0844587e+00 2.8304634e-01 8.0125420e-02 7.8935779e-01
       302 2.0866604e+00 2.8102793e-01 7.8977680e-02 7.8700026e-01
       303 2.0867696e+00 2.8111471e-01 7.9026254e-02 7.8157461e-01
       304 2.0846655e+00 2.8053420e-01 7.8708349e-02 7.7331176e-01
       305 2.0865903e+00 2.7778047e-01 7.7163114e-02 7.6136358e-01
       306 2.0864071e+00 2.7712235e-01 7.6798343e-02 7.5839797e-01
       307 2.0860102e+00 2.7639602e-01 7.6397452e-02 7.5406074e-01
       308 2.0874218e+00 2.7446771e-01 7.5332575e-02 7.4766294e-01
       309 2.0858357e+00 2.7408632e-01 7.5126606e-02 7.3788565e-01
       310 2.0854538e+00 2.7505645e-01 7.5660875e-02 7.3305401e-01
       311 2.0884574e+00 2.7076470e-01 7.3314175e-02 7.3101642e-01
       312 2.0875721e+00 2.7052744e-01 7.3185101e-02 7.2358550e-01
       313 2.0859109e+00 2.7053695e-01 7.3193269e-02 7.1297543e-01
       314 2.0862254e+00 2.6839804e-01 7.2039538e-02 7.0413257e-01
       315 2.0866735e+00 2.6891471e-01 7.2316075e-02 7.0323944e-01
       316 2.0866645e+00 2.6642733e-01 7.0984492e-02 6.9594106e-01
       317 2.0856704e+00 2.6715370e-01 7.1375023e-02 6.9011614e-01
       318 2.0840276e+00 2.6729485e-01 7.1459664e-02 6.8156188e-01
       319 2.0854586e+00 2.6489801e-01 7.0175758e-02 6.7493898e-01
       320 2.0838191e+00 2.6549646e-01 7.0503049e-02 6.7209188e-01
       321 2.0852642e+00 2.6398630e-01 6.9694459e-02 6.6495810e-01
       322 2.0860031e+00 2.6114792e-01 6.8200950e-02 6.5444711e-01
       323 2.0865622e+00 2.6103855e-01 6.8142310e-02 6.5462144e-01
       324 2.0856209e+00 2.6140008e-01 6.8334120e-02 6.4370523e-01
       325 2.0843467e+00 2.6116840e-01 6.8219848e-02 6.4178807e-01
       326 2.0865087e+00 2.5698575e-01 6.6042980e-02 6.3366861e-01
       327 2.0856983e+00 2.5837644e-01 6.6762196e-02 6.3367689e-01
       328 2.0853728e+00 2.5602090e-01 6.5551890e-02 6.2446826e-01
       329 2.0852868e+00 2.5668063e-01 6.5890531e-02 6.2075343e-01
       330 2.0850760e+00 2.5624458e-01 6.5667915e-02 6.1009245e-01
       331 2.0860452e+00 2.5377200e-01 6.4402802e-02 6.0945726e-01
       332 2.0832510e+00 2.5523807e-01 6.5165827e-02 6.0044595e-01
       333 2.0854731e+00 2.5181789e-01 6.3416992e-02 5.9519465e-01
       334 2.0844704e+00 2.5469346e-01 6.4878869e-02 5.9485122e-01
       335 2.0858650e+00 2.5219039e-01 6.3603183e-02 5.8931190e-01
       336 2.0848828e+00 2.5082289e-01 6.2919784e-02 5.8187614e-01
       337 2.0828409e+00 2.5134522e-01 6.3197554e-02 5.7246092e-01
       338 2.0837071e+00 2.5060199e-01 6.2816908e-02 5.6960865e-01
       339 2.0852281e+00 2.4950278e-01 6.2257506e-02 5.6832706e-01
       340 2.0833868e+00 2.4978934e-01 6.2412894e-02 5.6108500e-01
       341 2.0840659e+00 2.4795306e-01 6.1493567e-02 5.5808998e-01
       342 2.0837756e+00 2.4692767e-01 6.0988287e-02 5.4942419e-01
       343 2.0827561e+00 2.4848899e-01 6.1770734e-02 5.4351339e-01
       344 2.0810736e+00 2.4903170e-01 6.2060043e-02 5.3983567e-01
       345 2.0833165e+00 2.4693214e-01 6.0994264e-02 5.3355232e-01
       346 2.0826496e+00 2.4640934e-01 6.0742574e-02 5.2408107e-01
       347 2.0817300e+00 2.4577705e-01 6.0441409e-02 5.2802075e-01
       348 2.0827715e+00 2.4329483e-01 5.9216178e-02 5.2034295e-01
       349 2.0824008e+00 2.4418940e-01 5.9656023e-02 5.1843759e-01
       350 2.0820120e+00 2.4363198e-01 5.9388336e-02 5.0912706e-01
       351 2.0832904e+00 2.4270534e-01 5.8924893e-02 5.0977909e-01
       352 2.0818366e+00 2.4249790e-01 5.8839032e-02 4.9938433e-01
       353 2.0820616e+00 2.4151026e-01 5.8358442e-02 4.9754826e-01
       354 2.0820065e+00 2.4037720e-01 5.7813056e-02 4.8991261e-01
       355 2.0813735e+00 2.4102051e-01 5.8130286e-02 4.8760112e-01
       356 2.0806900e+00 2.4110972e-01 5.8182345e-02 4.8428091e-01
       357 2.0819486e+00 2.3868884e-01 5.7004873e-02 4.7794408e-01
       358 2.0806862e+00 2.3993600e-01 5.7617784e-02 4.7401740e-01
       359 2.0803744e+00 2.3910580e-01 5.7224527e-02 4.6908971e-01
       360 2.0802594e+00 2.3969446e-01 5.7508064e-02 4.6558819e-01
       361 2.0822699e+00 2.3615216e-01 5.5796791e-02 4.5944161e-01
       362 2.0802529e+00 2.3700739e-01 5.6227229e-02 4.5908117e-01
       363 2.0783928e+00 2.4004493e-01 5.7707276e-02 4.4943405e-01
       364 2.0793443e+00 2.3778482e-01 5.6610613e-02 4.4682683e-01
       365 2.0788946e+00 2.3760894e-01 5.6534675e-02 4.4020729e-01
       366 2.0783187e+00 2.3716555e-01 5.6334583e-02 4.4117583e-01
       367 2.0809834e+00 2.3548329e-01 5.5496828e-02 4.3600619e-01
       368 2.0774787e+00 2.3789663e-01 5.6698274e-02 4.3189403e-01
       369 2.0797597e+00 2.3410507e-01 5.4867446e-02 4.2831950e-01
       370 2.0799023e+00 2.3363854e-01 5.4647000e-02 4.1979033e-01
       371 2.0798748e+00 2.3445197e-01 5.5028187e-02 4.1773531e-01
       372 2.0793158e+00 2.3391845e-01 5.4787310e-02 4.1737888e-01
       373 2.0789147e+00 2.3435151e-01 5.4996944e-02 4.1317417e-01
       374 2.0786614e+00 2.3256283e-01 5.4166273e-02 4.0840063e-01
       375 2.0785655e+00 2.3234426e-01 5.4066390e-02 4.0176198e-01
       376 2.0787291e+00 2.3201437e-01 5.3910259e-02 3.9875277e-01
       377 2.0782257e+00 2.3203912e-01 5.3930979e-02 3.9564603e-01
       378 2.0776305e+00 2.3174140e-01 5.3804479e-02 3.8898301e-01
       379 2.0782354e+00 2.3165612e-01 5.3753202e-02 3.8487678e-01
       380 2.0794743e+00 2.2916867e-01 5.2585130e-02 3.8425501e-01
       381 2.0783577e+00 2.2975097e-01 5.2871867e-02 3.7702889e-01
       382 2.0778794e+00 2.2969953e-01 5.2857351e-02 3.7967702e-01
       383 2.0784016e+00 2.2849174e-01 5.2294017e-02 3.7337318e-01
       384 2.0789037e+00 2.2776241e-01 5.1952223e-02 3.7133085e-01
       385 2.0803751e+00 2.2612219e-01 5.1184176e-02 3.6959595e-01
       386 2.0770759e+00 2.2941767e-01 5.2744287e-02 3.6643882e-01
       387 2.0767299e+00 2.3044171e-01 5.3222639e-02 3.6377989e-01
       388 2.0783619e+00 2.2645554e-01 5.1368391e-02 3.5626898e-01
       389 2.0767793e+00 2.2820366e-01 5.2195094e-02 3.5387722e-01
       390 2.0775546e+00 2.2661452e-01 5.1456066e-02 3.4947333e-01
       391 2.0764159e+00 2.2706711e-01 5.1685690e-02 3.4574557e-01
       392 2.0769537e+00 2.2721577e-01 5.1741429e-02 3.4409391e-01
       393 2.0750162e+00 2.2864304e-01 5.2437265e-02 3.4307606e-01
       394 2.0758442e+00 2.2673490e-01 5.1548106e-02 3.3523928e-01
       395 2.0773591e+00 2.2499979e-01 5.0730819e-02 3.3257355e-01
       396 2.0764646e+00 2.2683020e-01 5.1577062e-02 3.2906645e-01
       397 2.0749427e+00 2.2839518e-01 5.2325848e-02 3.2750780e-01
       398 2.0752917e+00 2.2766009e-01 5.1981855e-02 3.2712591e-01
       399 2.0774481e+00 2.2219634e-01 4.9475304e-02 3.2444384e-01
       400 2.0760723e+00 2.2454231e-01 5.0553305e-02 3.1831851e-01
       401 2.0755439e+00 2.2455805e-01 5.0572887e-02 3.1354694e-01
       402 2.0757614e+00 2.2528047e-01 5.0892642e-02 3.1339971e-01
       403 2.0757639e+00 2.2476816e-01 5.0662017e-02 3.1087036e-01
       404 2.0751047e+00 2.2305067e-01 4.9908997e-02 3.0735710e-01
       405 2.0751680e+00 2.2518922e-01 5.0865995e-02 3.0872082e-01
       406 2.0755150e+00 2.2318064e-01 4.9956865e-02 3.0126183e-01
       407 2.0755562e+00 2.2463993e-01 5.0609370e-02 2.9969484e-01
       408 2.0750075e+00 2.2350654e-01 5.0115019e-02 2.9831734e-01
       409 2.0765000e+00 2.2066800e-01 4.8818698e-02 2.9612766e-01
       410 2.0753190e+00 2.2285340e-01 4.9815701e-02 2.9144683e-01
       411 2.0751201e+00 2.2248780e-01 4.9657831e-02 2.8951031e-01
       412 2.0749689e+00 2.2190908e-01 4.9404463e-02 2.8876883e-01
       413 2.0739656e+00 2.2320896e-01 5.0009515e-02 2.8302087e-01
       414 2.0735602e+00 2.2387986e-01 5.0320726e-02 2.8083258e-01
       415 2.0742477e+00 2.2162859e-01 4.9298865e-02 2.7999811e-01
       416 2.0750006e+00 2.2071259e-01 4.8874067e-02 2.7706658e-01
       417 2.0750123e+00 2.2138683e-01 4.9171854e-02 2.7446784e-01
       418 2.0736417e+00 2.2199177e-01 4.9476591e-02 2.7063807e-01
       419 2.0725403e+00 2.2347622e-01 5.0169936e-02 2.7078282e-01
       420 2.0738581e+00 2.2131167e-01 4.9169084e-02 2.6596047e-01
       421 2.0729555e+00 2.2234241e-01 4.9652090e-02 2.6456194e-01
       422 2.0734058e+00 2.2167453e-01 4.9342511e-02 2.6038531e-01
       423 2.0746103e+00 2.1859335e-01 4.7953100e-02 2.5494043e-01
       424 2.0740525e+00 2.1908227e-01 4.8181946e-02 2.5586248e-01
       425 2.0732664e+00 2.2151131e-01 4.9274166e-02 2.6034854e-01
       426 2.0733258e+00 2.1955371e-01 4.8409028e-02 2.5091144e-01
       427 2.0727398e+00 2.2090364e-01 4.9020747e-02 2.5273914e-01
       428 2.0739989e+00 2.2073845e-01 4.8911829e-02 2.4728440e-01
       429 2.0729627e+00 2.1982673e-01 4.8539520e-02 2.4120394e-01
       430 2.0730305e+00 2.1924113e-01 4.8280415e-02 2.4455050e-01
       431 2.0720387e+00 2.2155326e-01 4.9329575e-02 2.4210312e-01
       432 2.0719051e+00 2.2040765e-01 4.8827452e-02 2.4256586e-01
       433 2.0706318e+00 2.2159604e-01 4.9394439e-02 2.4068614e-01
       434 2.0734032e+00 2.1704163e-01 4.7310057e-02 2.3501842e-01
       435 2.0716153e+00 2.1943319e-01 4.8408052e-02 2.3322137e-01
       436 2.0728439e+00 2.1807818e-01 4.7777328e-02 2.2964531e-01
       437 2.0723913e+00 2.1962171e-01 4.8466538e-02 2.3335507e-01
       438 2.0726543e+00 2.1926938e-01 4.8303948e-02 2.2982196e-01
       439 2.0708488e+00 2.1964404e-01 4.8525801e-02 2.2417588e-01
       440 2.0720655e+00 2.1817348e-01 4.7842559e-02 2.2171524e-01
       441 2.0731473e+00 2.1796923e-01 4.7720927e-02 2.2349224e-01
       442 2.0720049e+00 2.1764733e-01 4.7615145e-02 2.1500790e-01
       443 2.0723323e+00 2.1821700e-01 4.7853308e-02 2.1870702e-01
       444 2.0723957e+00 2.1605845e-01 4.6913962e-02 2.1567180e-01
       445 2.0719581e+00 2.1716006e-01 4.7404742e-02 2.1351683e-01
       446 2.0717668e+00 2.1892934e-01 4.8182347e-02 2.1535600e-01
       447 2.0699254e+00 2.1926237e-01 4.8390166e-02 2.1330600e-01
       448 2.0712752e+00 2.1903026e-01 4.8242407e-02 2.1109405e-01
       449 2.0721739e+00 2.1597635e-01 4.6885306e-02 2.0996230e-01
       450 2.0710604e+00 2.1769201e-01 4.7665039e-02 2.0429135e-01
       451 2.0722321e+00 2.1557395e-01 4.6709855e-02 2.0661232e-01
       452 2.0716487e+00 2.1810422e-01 4.7825509e-02 2.0468908e-01
       453 2.0704516e+00 2.1860106e-01 4.8082226e-02 2.0508245e-01
       454 2.0715958e+00 2.1581500e-01 4.6833868e-02 1.9358437e-01
       455 2.0694570e+00 2.1870582e-01 4.8163238e-02 1.9886993e-01
       456 2.0727117e+00 2.1549473e-01 4.6661149e-02 1.9569437e-01
       457 2.0722530e+00 2.1435677e-01 4.6185906e-02 1.9564566e-01
       458 2.0715130e+00 2.1504808e-01 4.6506097e-02 1.9026580e-01
       459 2.0694768e+00 2.1630667e-01 4.7118858e-02 1.9463190e-01
       460 2.0732017e+00 2.1392678e-01 4.5973435e-02 1.9362186e-01
       461 2.0696772e+00 2.1677665e-01 4.7315154e-02 1.8605675e-01
       462 2.0704401e+00 2.1498098e-01 4.6513019e-02 1.8567033e-01
       463 2.0704339e+00 2.1529208e-01 4.6647092e-02 1.8771518e-01
       464 2.0703679e+00 2.1534075e-01 4.6670326e-02 1.8416261e-01
       465 2.0700319e+00 2.1622888e-01 4.7065341e-02 1.8400748e-01
       466 2.0704728e+00 2.1620097e-01 4.7037932e-02 1.8307712e-01
       467 2.0701029e+00 2.1620746e-01 4.7053586e-02 1.8136288e-01
       468 2.0703775e+00 2.1681864e-01 4.7308679e-02 1.8155205e-01
       469 2.0673710e+00 2.1916137e-01 4.8442961e-02 1.7927129e-01
       470 2.0701395e+00 2.1595170e-01 4.6941771e-02 1.7498297e-01
       471 2.0689103e+00 2.1637045e-01 4.7167368e-02 1.7185136e-01
       472 2.0706884e+00 2.1446439e-01 4.6282687e-02 1.7187920e-01
       473 2.0693000e+00 2.1516999e-01 4.6634867e-02 1.7392716e-01
       474 2.0708106e+00 2.1494305e-01 4.6484095e-02 1.7255634e-01
       475 2.0690570e+00 2.1707897e-01 4.7469000e-02 1.7259198e-01
       476 2.0718819e+00 2.1259972e-01 4.5447287e-02 1.7216562e-01
       477 2.0704876e+00 2.1476388e-01 4.6418088e-02 1.6700232e-01
       478 2.0678359e+00 2.1724861e-01 4.7589576e-02 1.6916727e-01
       479 2.0701094e+00 2.1394702e-01 4.6081015e-02 1.6482110e-01
       480 2.0693010e+00 2.1562976e-01 4.6832899e-02 1.6537704e-01
       481 2.0689732e+00 2.1546022e-01 4.6771948e-02 1.6484005e-01
       482 2.0692431e+00 2.1514352e-01 4.6625567e-02 1.6339274e-01
       483 2.0679418e+00 2.1613509e-01 4.7102810e-02 1.6578057e-01
       484 2.0683595e+00 2.1554418e-01 4.6831436e-02 1.6136592e-01
       485 2.0693415e+00 2.1406940e-01 4.6160928e-02 1.6169780e-01
       486 2.0688839e+00 2.1379721e-01 4.6061434e-02 1.6092763e-01
       487 2.0684725e+00 2.1422520e-01 4.6260234e-02 1.5800394e-01
       488 2.0697331e+00 2.1395131e-01 4.6096193e-02 1.5506017e-01
       489 2.0696727e+00 2.1318947e-01 4.5772953e-02 1.5270230e-01
       490 2.0703984e+00 2.1268098e-01 4.5530835e-02 1.5427572e-01
       491 2.0685733e+00 2.1260400e-01 4.5564397e-02 1.5201519e-01
       492 2.0691075e+00 2.1350546e-01 4.5928424e-02 1.5347128e-01
       493 2.0674390e+00 2.1545652e-01 4.6830015e-02 1.5438565e-01
       494 2.0683074e+00 2.1356777e-01 4.5985344e-02 1.5312428e-01
       495 2.0686815e+00 2.1360447e-01 4.5986691e-02 1.4793492e-01
       496 2.0691682e+00 2.1190908e-01 4.5247052e-02 1.4837946e-01
       497 2.0683528e+00 2.1403206e-01 4.6182123e-02 1.4520593e-01
       498 2.0683884e+00 2.1280804e-01 4.5658290e-02 1.4668293e-01
       499 2.0689506e+00 2.1308142e-01 4.5753377e-02 1.4509118e-01
       500 2.0700213e+00 2.1278235e-01 4.5587115e-02 1.4991075e-01
       501 2.0684796e+00 2.1406307e-01 4.6190520e-02 1.4977465e-01
       502 2.0692170e+00 2.1224322e-01 4.5386979e-02 1.4453929e-01
       503 2.0670865e+00 2.1428205e-01 4.6339674e-02 1.4874791e-01
       504 2.0688410e+00 2.1143922e-01 4.5060339e-02 1.4397017e-01
       505 2.0673867e+00 2.1463171e-01 4.6477392e-02 1.4091222e-01
       506 2.0686171e+00 2.1248472e-01 4.5512025e-02 1.3942142e-01
       507 2.0674990e+00 2.1397701e-01 4.6192245e-02 1.3998848e-01
       508 2.0688138e+00 2.1351637e-01 4.5944061e-02 1.3794541e-01
       509 2.0695978e+00 2.1116519e-01 4.4916635e-02 1.4004933e-01
       510 2.0704249e+00 2.0922989e-01 4.4073872e-02 1.3595130e-01
       511 2.0674138e+00 2.1332392e-01 4.5916615e-02 1.3880129e-01
       512 2.0681303e+00 2.1258802e-01 4.5574704e-02 1.3499146e-01
       513 2.0682387e+00 2.1334139e-01 4.5891368e-02 1.3443282e-01
       514 2.0680727e+00 2.1195497e-01 4.5308198e-02 1.3354251e-01
       515 2.0683952e+00 2.1115491e-01 4.4957163e-02 1.3416410e-01
       516 2.0676569e+00 2.1202777e-01 4.5355519e-02 1.3600883e-01
       517 2.0689186e+00 2.1242680e-01 4.5476031e-02 1.3303499e-01
       518 2.0668914e+00 2.1332448e-01 4.5938273e-02 1.3252501e-01
       519 2.0690566e+00 2.1110250e-01 4.4910000e-02 1.3014937e-01
       520 2.0675154e+00 2.1097222e-01 4.4914699e-02 1.2946713e-01
       521 2.0682029e+00 2.1109391e-01 4.4938848e-02 1.3220839e-01
       522 2.0667993e+00 2.1322155e-01 4.5898202e-02 1.3127563e-01
       523 2.0661321e+00 2.1434282e-01 4.6405884e-02 1.3031912e-01
       524 2.0689317e+00 2.1015916e-01 4.4517263e-02 1.3061425e-01
       525 2.0665106e+00 2.1287674e-01 4.5763400e-02 1.2832834e-01
       526 2.0681472e+00 2.1024197e-01 4.4582063e-02 1.2702526e-01
       527 2.0679036e+00 2.1193190e-01 4.5305069e-02 1.2536786e-01
       528 2.0674122e+00 2.1203560e-01 4.5368685e-02 1.2674201e-01
       529 2.0671844e+00 2.1193958e-01 4.5337247e-02 1.2648147e-01
       530 2.0673934e+00 2.1103404e-01 4.4945715e-02 1.2529300e-01
       531 2.0672147e+00 2.1138358e-01 4.5100642e-02 1.2600887e-01
       532 2.0690165e+00 2.1039492e-01 4.4613248e-02 1.2555682e-01
       533 2.0684077e+00 2.1090143e-01 4.4849698e-02 1.2502441e-01
       534 2.0672379e+00 2.1138106e-01 4.5098625e-02 1.2293775e-01
       535 2.0655154e+00 2.1404587e-01 4.6305597e-02 1.2619221e-01
       536 2.0686869e+00 2.0997363e-01 4.4448541e-02 1.2384887e-01
       537 2.0658267e+00 2.1319160e-01 4.5926933e-02 1.2394457e-01
       538 2.0681706e+00 2.1081041e-01 4.4820492e-02 1.2227424e-01
       539 2.0673480e+00 2.1212337e-01 4.5408513e-02 1.1994396e-01
       540 2.0659196e+00 2.1412575e-01 4.6322067e-02 1.2332439e-01
       541 2.0676079e+00 2.1153242e-01 4.5147670e-02 1.1867932e-01
       542 2.0671205e+00 2.1166074e-01 4.5221750e-02 1.2151434e-01
       543 2.0665348e+00 2.1262360e-01 4.5654668e-02 1.2057674e-01
       544 2.0673318e+00 2.1167148e-01 4.5217663e-02 1.1839594e-01
       545 2.0677638e+00 2.1019294e-01 4.4576552e-02 1.1632265e-01
       546 2.0673253e+00 2.1043766e-01 4.4697124e-02 1.1583457e-01
       547 2.0665616e+00 2.0985517e-01 4.4483934e-02 1.1893932e-01
       548 2.0676688e+00 2.0909208e-01 4.4118763e-02 1.1921288e-01
       549 2.0666155e+00 2.1077077e-01 4.4866786e-02 1.1498368e-01
       550 2.0671708e+00 2.1004716e-01 4.4539228e-02 1.2018475e-01
       551 2.0669085e+00 2.1156971e-01 4.5191974e-02 1.1860170e-01
       552 2.0666661e+00 2.1078007e-01 4.4868581e-02 1.1615943e-01
       553 2.0664520e+00 2.1180851e-01 4.5312222e-02 1.1721435e-01
       554 2.0661672e+00 2.1089449e-01 4.4938019e-02 1.1497433e-01
       555 2.0669862e+00 2.1065925e-01 4.4804333e-02 1.1394991e-01
       556 2.0674440e+00 2.1028607e-01 4.4628535e-02 1.1308998e-01
       557 2.0658134e+00 2.1210487e-01 4.5465335e-02 1.1641388e-01
       558 2.0662117e+00 2.1060056e-01 4.4812221e-02 1.1307445e-01
       559 2.0679926e+00 2.0897344e-01 4.4056333e-02 1.1218149e-01
       560 2.0662034e+00 2.1086632e-01 4.4924581e-02 1.1413373e-01
       561 2.0678167e+00 2.1079823e-01 4.4829272e-02 1.1439853e-01
       562 2.0664329e+00 2.0945998e-01 4.4323669e-02 1.1272031e-01
       563 2.0666487e+00 2.1086343e-01 4.4904463e-02 1.1300271e-01
       564 2.0659111e+00 2.1012078e-01 4.4623343e-02 1.1277793e-01
       565 2.0665333e+00 2.1000609e-01 4.4548495e-02 1.0974637e-01
       566 2.0673861e+00 2.0972520e-01 4.4395307e-02 1.0810580e-01
       567 2.0666683e+00 2.1042051e-01 4.4717042e-02 1.1077567e-01
       568 2.0671041e+00 2.0912619e-01 4.4155917e-02 1.1041244e-01
       569 2.0656215e+00 2.1129058e-01 4.5128985e-02 1.1166039e-01
       570 2.0637783e+00 2.1347802e-01 4.6142744e-02 1.1410000e-01
       571 2.0652001e+00 2.1133992e-01 4.5168582e-02 1.1125183e-01
       572 2.0660123e+00 2.1105408e-01 4.5012036e-02 1.1100893e-01
       573 2.0676449e+00 2.0833148e-01 4.3802231e-02 1.1006458e-01
       574 2.0676108e+00 2.0836010e-01 4.3815522e-02 1.0846930e-01
       575 2.0667620e+00 2.0969244e-01 4.4407246e-02 1.0679518e-01
       576 2.0662803e+00 2.1029814e-01 4.4681990e-02 1.0723366e-01
       577 2.0664479e+00 2.0893500e-01 4.4103386e-02 1.0618569e-01
       578 2.0663461e+00 2.1076881e-01 4.4877371e-02 1.0875937e-01
       579 2.0667276e+00 2.0952363e-01 4.4337921e-02 1.0686254e-01
       580 2.0668965e+00 2.0917824e-01 4.4186265e-02 1.0527627e-01
       581 2.0649911e+00 2.1200528e-01 4.5459688e-02 1.0612178e-01
       582 2.0659630e+00 2.1143473e-01 4.5174995e-02 1.0813992e-01
       583 2.0671678e+00 2.0831409e-01 4.3814297e-02 1.0901297e-01
       584 2.0653749e+00 2.1066195e-01 4.4874662e-02 1.0587329e-01
       585 2.0669583e+00 2.0948076e-01 4.4310355e-02 1.0548426e-01
       586 2.0652176e+00 2.1112069e-01 4.5075179e-02 1.0713269e-01
       587 2.0661236e+00 2.1155471e-01 4.5218800e-02 1.0504993e-01
       588 2.0649855e+00 2.1156416e-01 4.5273095e-02 1.0481895e-01
       589 2.0675764e+00 2.0781743e-01 4.3591052e-02 1.0299581e-01
       590 2.0645238e+00 2.1300986e-01 4.5908045e-02 1.0706689e-01
       591 2.0654900e+00 2.1063143e-01 4.4856686e-02 1.0473790e-01
       592 2.0641106e+00 2.1146181e-01 4.5270223e-02 1.0597423e-01
       593 2.0654963e+00 2.1135215e-01 4.5160537e-02 1.0863236e-01
       594 2.0658313e+00 2.1030033e-01 4.4702304e-02 1.0915761e-01
       595 2.0665710e+00 2.0958075e-01 4.4368438e-02 1.0361390e-01
       596 2.0650596e+00 2.0980849e-01 4.4529949e-02 1.0484577e-01
       597 2.0655385e+00 2.0986911e-01 4.4533982e-02 1.0701677e-01
       598 2.0667739e+00 2.0985090e-01 4.4473232e-02 1.0459607e-01
       599 2.0665771e+00 2.0801150e-01 4.3712874e-02 1.0317157e-01
       600 2.0659921e+00 2.0934003e-01 4.4292332e-02 1.0402077e-01
       601 2.0638319e+00 2.1097597e-01 4.5078183e-02 1.0759219e-01
       602 2.0656199e+00 2.1005579e-01 4.4608782e-02 1.0257484e-01
       603 2.0666603e+00 2.0832923e-01 4.3841654e-02 1.0351222e-01
       604 2.0669028e+00 2.0841131e-01 4.3865739e-02 1.0464312e-01
       605 2.0659050e+00 2.1015595e-01 4.4638390e-02 1.0295246e-01
       606 2.0653683e+00 2.1127579e-01 4.5133954e-02 1.0340964e-01
       607 2.0668441e+00 2.0965983e-01 4.4390152e-02 1.0457466e-01
       608 2.0661793e+00 2.0848525e-01 4.3927112e-02 1.0184880e-01
       609 2.0663256e+00 2.0924016e-01 4.4236196e-02 1.0067999e-01
       610 2.0652145e+00 2.1141832e-01 4.5201080e-02 1.0088997e-01
       611 2.0656464e+00 2.1019734e-01 4.4667101e-02 1.0274378e-01
       612 2.0662584e+00 2.0903666e-01 4.4153944e-02 1.0361829e-01
       613 2.0661700e+00 2.0805260e-01 4.3747298e-02 1.0401205e-01
       614 2.0653984e+00 2.0844855e-01 4.3945954e-02 1.0042468e-01
       615 2.0657214e+00 2.0968927e-01 4.4450473e-02 1.0138980e-01
       616 2.0657810e+00 2.0854084e-01 4.3967556e-02 9.9524876e-02
       617 2.0665970e+00 2.0857349e-01 4.3946152e-02 1.0046480e-01
       618 2.0667908e+00 2.0719249e-01 4.3363857e-02 1.0001621e-01
       619 2.0669643e+00 2.0754843e-01 4.3504271e-02 1.0307202e-01
       620 2.0651054e+00 2.1027099e-01 4.4722169e-02 1.0147848e-01
       621 2.0659816e+00 2.0815648e-01 4.3798663e-02 1.0331312e-01
       622 2.0659332e+00 2.0780702e-01 4.3655400e-02 1.0280096e-01
       623 2.0669664e+00 2.0787035e-01 4.3637914e-02 1.0095153e-01
       624 2.0652618e+00 2.0899892e-01 4.4181800e-02 9.9859584e-02
       625 2.0661529e+00 2.0918241e-01 4.4219427e-02 1.0006488e-01
       626 2.0666944e+00 2.0699351e-01 4.3285468e-02 9.7171684e-02
       627 2.0668293e+00 2.0761792e-01 4.3538725e-02 9.4269985e-02
       628 2.0642716e+00 2.0900290e-01 4.4228787e-02 1.0187881e-01
       629 2.0666817e+00 2.0847875e-01 4.3903082e-02 9.6762072e-02
       630 2.0649229e+00 2.1082148e-01 4.4962242e-02 9.8553216e-02
       631 2.0658628e+00 2.0807077e-01 4.3768150e-02 9.7943516e-02
       632 2.0654787e+00 2.0845530e-01 4.3945202e-02 1.0223857e-01
       633 2.0654660e+00 2.0914449e-01 4.4233570e-02 9.9099565e-02
       634 2.0641616e+00 2.1039938e-01 4.4819625e-02 1.0120839e-01
       635 2.0651228e+00 2.1008149e-01 4.4641728e-02 1.0051138e-01
       636 2.0670147e+00 2.0716594e-01 4.3343562e-02 9.8058361e-02
       637 2.0645447e+00 2.0955981e-01 4.4449189e-02 1.0291749e-01
       638 2.0652219e+00 2.0725215e-01 4.3456496e-02 9.8768639e-02
       639 2.0656403e+00 2.0913951e-01 4.4223782e-02 9.6346902e-02
       640 2.0652161e+00 2.0941943e-01 4.4359802e-02 9.9923572e-02
       641 2.0675520e+00 2.0609052e-01 4.2877251e-02 9.7840006e-02
       642 2.0659623e+00 2.0773248e-01 4.3623160e-02 1.0072633e-01
       643 2.0649293e+00 2.0784909e-01 4.3717497e-02 9.7632225e-02
       644 2.0637254e+00 2.1063364e-01 4.4938940e-02 9.9153198e-02
       645 2.0666835e+00 2.0719018e-01 4.3367387e-02 9.6435023e-02
       646 2.0667642e+00 2.0805880e-01 4.3724702e-02 9.8563651e-02
       647 2.0649093e+00 2.0868883e-01 4.4068193e-02 9.6368629e-02
       648 2.0637527e+00 2.1076193e-01 4.4991695e-02 1.0226503e-01
       649 2.0657058e+00 2.0787601e-01 4.3694007e-02 9.6757090e-02
       650 2.0647624e+00 2.0910933e-01 4.4250574e-02 9.9418149e-02
       651 2.0641944e+00 2.0952910e-01 4.4452635e-02 1.0118291e-01
       652 2.0660075e+00 2.0703146e-01 4.3330443e-02 9.9359026e-02
       653 2.0668854e+00 2.0747164e-01 4.3475671e-02 9.8270602e-02
       654 2.0653103e+00 2.0878380e-01 4.4089758e-02 9.7702463e-02
       655 2.0658805e+00 2.0655364e-01 4.3138339e-02 9.6599006e-02
       656 2.0662452e+00 2.0710612e-01 4.3351134e-02 9.8762201e-02
       657 2.0661259e+00 2.0735864e-01 4.3460911e-02 9.3880906e-02
       658 2.0643045e+00 2.0992033e-01 4.4611579e-02 9.6935754e-02
       659 2.0648213e+00 2.0961981e-01 4.4461638e-02 9.5162084e-02
       660 2.0662057e+00 2.0633153e-01 4.3032578e-02 9.6111860e-02
       661 2.0652268e+00 2.0811955e-01 4.3816566e-02 9.9156094e-02
       662 2.0648898e+00 2.0890470e-01 4.4159223e-02 9.5476448e-02
       663 2.0649883e+00 2.0767537e-01 4.3642634e-02 9.8085733e-02
       664 2.0651700e+00 2.0813150e-01 4.3824095e-02 9.6001179e-02
       665 2.0648878e+00 2.0975387e-01 4.4514824e-02 9.5744009e-02
       666 2.0642249e+00 2.0994449e-01 4.4625450e-02 1.0000645e-01
       667 2.0664664e+00 2.0485413e-01 4.2413980e-02 9.6419032e-02
       668 2.0642876e+00 2.0895611e-01 4.4208480e-02 9.9554867e-02
       669 2.0652404e+00 2.0755373e-01 4.3580763e-02 9.5954486e-02
       670 2.0657791e+00 2.0801479e-01 4.3748510e-02 9.9082783e-02
       671 2.0654236e+00 2.0749156e-01 4.3546781e-02 9.7771241e-02
       672 2.0659697e+00 2.0705426e-01 4.3341520e-02 9.4694869e-02
       673 2.0651556e+00 2.0725734e-01 4.3461625e-02 9.7187485e-02
       674 2.0646844e+00 2.0853162e-01 4.4012881e-02 9.5987150e-02
       675 2.0657462e+00 2.0754055e-01 4.3552877e-02 9.6463506e-02
       676 2.0667724e+00 2.0722266e-01 4.3377126e-02 9.8024405e-02
       677 2.0661169e+00 2.0728577e-01 4.3431084e-02 9.4193988e-02
       678 2.0655642e+00 2.0796059e-01 4.3735414e-02 9.3627440e-02
       679 2.0646482e+00 2.0825465e-01 4.3899105e-02 9.5236385e-02
       680 2.0655580e+00 2.0720556e-01 4.3422224e-02 9.3607234e-02
       681 2.0650381e+00 2.0858747e-01 4.4020051e-02 9.6902983e-02
       682 2.0656356e+00 2.0701777e-01 4.3341013e-02 9.3918020e-02
       683 2.0641414e+00 2.0941850e-01 4.4408785e-02 9.7650780e-02
       684 2.0657141e+00 2.0789868e-01 4.3703066e-02 9.4624263e-02
       685 2.0656774e+00 2.0646081e-01 4.3108882e-02 9.3837711e-02
       686 2.0651748e+00 2.0748017e-01 4.3553175e-02 9.4691564e-02
       687 2.0641755e+00 2.1064894e-01 4.4924053e-02 9.7235144e-02
       688 2.0658237e+00 2.0757762e-01 4.3564877e-02 9.5703710e-02
       689 2.0665087e+00 2.0663819e-01 4.3146319e-02 9.2723655e-02
       690 2.0637823e+00 2.0971699e-01 4.4550907e-02 9.5706103e-02
       691 2.0655006e+00 2.0712531e-01 4.3391511e-02 9.4921456e-02
       692 2.0654873e+00 2.0653970e-01 4.3149854e-02 9.3144149e-02
       693 2.0643686e+00 2.0867141e-01 4.4085805e-02 9.5482064e-02
       694 2.0654019e+00 2.0751970e-01 4.3559427e-02 9.4671365e-02
       695 2.0660892e+00 2.0692268e-01 4.3281884e-02 9.2441473e-02
       696 2.0646557e+00 2.0868870e-01 4.4079731e-02 9.3219981e-02
       697 2.0658088e+00 2.0694609e-01 4.3303746e-02 9.6808062e-02
       698 2.0652436e+00 2.0594112e-01 4.2913816e-02 9.4076222e-02
       699 2.0654292e+00 2.0682939e-01 4.3272183e-02 9.3989937e-02
       700 2.0638233e+00 2.0870645e-01 4.4126119e-02 9.4657899e-02
       701 2.0659832e+00 2.0769635e-01 4.3607246e-02 9.6220223e-02
       702 2.0635464e+00 2.0850766e-01 4.4056454e-02 9.5173955e-02
       703 2.0653124e+00 2.0706723e-01 4.3375829e-02 9.3006505e-02
       704 2.0641290e+00 2.0693804e-01 4.3376615e-02 9.9292717e-02
       705 2.0647469e+00 2.0877493e-01 4.4111548e-02 9.4025794e-02
       706 2.0669229e+00 2.0584368e-01 4.2801255e-02 9.6645525e-02
       707 2.0653319e+00 2.0773828e-01 4.3653311e-02 9.4494428e-02
       708 2.0660313e+00 2.0638713e-01 4.3063036e-02 9.3270307e-02
       709 2.0641246e+00 2.0835636e-01 4.3965840e-02 9.5584034e-02
       710 2.0654826e+00 2.0712596e-01 4.3392578e-02 9.3163758e-02
       711 2.0645372e+00 2.0852792e-01 4.4018117e-02 9.3620997e-02
       712 2.0652366e+00 2.0746997e-01 4.3546170e-02 9.3420903e-02
       713 2.0659957e+00 2.0552768e-01 4.2710560e-02 8.9487966e-02
       714 2.0655458e+00 2.0630351e-01 4.3049756e-02 9.2914903e-02
       715 2.0671257e+00 2.0520786e-01 4.2531535e-02 9.2961064e-02
       716 2.0659655e+00 2.0717911e-01 4.3393424e-02 9.1296985e-02
       717 2.0642828e+00 2.0834258e-01 4.3952676e-02 9.6023306e-02
       718 2.0662612e+00 2.0641639e-01 4.3065229e-02 9.5881857e-02
       719 2.0655311e+00 2.0723048e-01 4.3433738e-02 9.2718716e-02
       720 2.0655169e+00 2.0637056e-01 4.3078707e-02 8.9114446e-02
       721 2.0636622e+00 2.0857051e-01 4.4077099e-02 9.4425715e-02
       722 2.0659143e+00 2.0686574e-01 4.3265897e-02 9.1839213e-02
       723 2.0632689e+00 2.0995588e-01 4.4675935e-02 9.5270973e-02
       724 2.0658064e+00 2.0665002e-01 4.3181395e-02 9.3445974e-02
       725 2.0644074e+00 2.0698817e-01 4.3384346e-02 9.1705185e-02
       726 2.0662461e+00 2.0559121e-01 4.2725892e-02 9.0326960e-02
       727 2.0658517e+00 2.0550484e-01 4.2707427e-02 9.1877634e-02
       728 2.0665567e+00 2.0502242e-01 4.2479140e-02 8.9973339e-02
       729 2.0643315e+00 2.1017852e-01 4.4718783e-02 9.2625222e-02
       730 2.0640510e+00 2.0827713e-01 4.3936297e-02 9.4005966e-02
       731 2.0651535e+00 2.0686856e-01 4.3300715e-02 9.1975999e-02
       732 2.0643898e+00 2.0734473e-01 4.3532900e-02 9.3651122e-02
       733 2.0652942e+00 2.0653592e-01 4.3156890e-02 9.4181271e-02
       734 2.0657673e+00 2.0610941e-01 4.2959964e-02 9.4735726e-02
       735 2.0647176e+00 2.0832893e-01 4.3926861e-02 9.2508029e-02
       736 2.0654696e+00 2.0652994e-01 4.3146609e-02 8.9925741e-02
       737 2.0653053e+00 2.0587473e-01 4.2883710e-02 9.3870139e-02
       738 2.0663676e+00 2.0524310e-01 4.2577691e-02 9.1088972e-02
       739 2.0659152e+00 2.0596957e-01 4.2895889e-02 9.0696037e-02
       740 2.0647730e+00 2.0627541e-01 4.3072925e-02 9.1009639e-02
       741 2.0658518e+00 2.0576261e-01 4.2813435e-02 9.4355517e-02
       742 2.0643706e+00 2.0806032e-01 4.3831048e-02 9.1346925e-02
       743 2.0659665e+00 2.0597762e-01 4.2896976e-02 9.0499528e-02
       744 2.0666726e+00 2.0640503e-01 4.3043105e-02 9.0911281e-02
       745 2.0640754e+00 2.0695742e-01 4.3387160e-02 9.3624261e-02
       746 2.0652414e+00 2.0724601e-01 4.3453077e-02 9.0247342e-02
       747 2.0657030e+00 2.0656448e-01 4.3150574e-02 9.1805842e-02
       748 2.0650509e+00 2.0721219e-01 4.3447634e-02 9.3390174e-02
       749 2.0651833e+00 2.0635168e-01 4.3085789e-02 9.1489450e-02
       750 2.0665603e+00 2.0553823e-01 4.2690759e-02 8.8969789e-02
       751 2.0658973e+00 2.0514219e-01 4.2556516e-02 8.8815839e-02
       752 2.0667238e+00 2.0404496e-01 4.2072271e-02 9.1613761e-02
       753 2.0659236e+00 2.0599156e-01 4.2904579e-02 9.0373127e-02
       754 2.0639660e+00 2.0796035e-01 4.3808460e-02 9.2784459e-02
       755 2.0651608e+00 2.0743631e-01 4.3535610e-02 9.1314267e-02
       756 2.0666929e+00 2.0373108e-01 4.1945572e-02 8.9870513e-02
       757 2.0649212e+00 2.0689365e-01 4.3321604e-02 9.5018234e-02
       758 2.0663262e+00 2.0425294e-01 4.2173988e-02 8.7540464e-02
       759 2.0646414e+00 2.0809573e-01 4.3833250e-02 8.9980155e-02
       760 2.0666944e+00 2.0463833e-01 4.2316004e-02 9.1214234e-02
       761 2.0655418e+00 2.0428005e-01 4.2219130e-02 8.8558092e-02
       762 2.0661222e+00 2.0611220e-01 4.2945706e-02 8.8614483e-02
       763 2.0653357e+00 2.0634313e-01 4.3075437e-02 8.8568570e-02
       764 2.0657768e+00 2.0588794e-01 4.2868306e-02 9.1385481e-02
       765 2.0662082e+00 2.0437175e-01 4.2227585e-02 8.9586971e-02
       766 2.0643162e+00 2.0667117e-01 4.3257460e-02 9.0700690e-02
       767 2.0647713e+00 2.0692033e-01 4.3339483e-02 8.9006367e-02
       768 2.0649252e+00 2.0531738e-01 4.2671663e-02 9.3258588e-02
       769 2.0658240e+00 2.0404865e-01 4.2112245e-02 8.8093083e-02
       770 2.0652859e+00 2.0536192e-01 4.2673690e-02 8.8862873e-02
       771 2.0645788e+00 2.0679385e-01 4.3295999e-02 8.7802779e-02
       772 2.0638153e+00 2.0725312e-01 4.3521972e-02 9.1723559e-02
       773 2.0658242e+00 2.0530829e-01 4.2627882e-02 8.7895550e-02
       774 2.0656260e+00 2.0568657e-01 4.2792043e-02 8.8855697e-02
       775 2.0658074e+00 2.0490858e-01 4.2464648e-02 8.6017878e-02
       776 2.0646765e+00 2.0657493e-01 4.3201005e-02 9.2419717e-02
       777 2.0657457e+00 2.0509586e-01 4.2544132e-02 8.6438472e-02
       778 2.0650875e+00 2.0605445e-01 4.2967525e-02 8.9690905e-02
       779 2.0646941e+00 2.0804527e-01 4.3809829e-02 8.8741379e-02
       780 2.0639223e+00 2.0738516e-01 4.3571631e-02 9.2520686e-02
       781 2.0656147e+00 2.0415908e-01 4.2166508e-02 8.9992918e-02
       782 2.0652216e+00 2.0672028e-01 4.3236333e-02 8.9410852e-02
       783 2.0642719e+00 2.0831585e-01 4.3942050e-02 9.0003929e-02
       784 2.0632760e+00 2.0865950e-01 4.4132905e-02 9.1467795e-02
       785 2.0655179e+00 2.0525369e-01 4.2618932e-02 8.9143140e-02
       786 2.0655058e+00 2.0570730e-01 4.2805880e-02 9.1573307e-02
       787 2.0659021e+00 2.0453751e-01 4.2308585e-02 9.0413265e-02
       788 2.0668817e+00 2.0322369e-01 4.1731212e-02 8.8999956e-02
       789 2.0658368e+00 2.0512709e-01 4.2552961e-02 8.8107511e-02
       790 2.0655230e+00 2.0557984e-01 4.2752698e-02 8.8363819e-02
       791 2.0660935e+00 2.0432613e-01 4.2213868e-02 8.9398644e-02
       792 2.0651140e+00 2.0595484e-01 4.2925290e-02 9.0994932e-02
       793 2.0660594e+00 2.0405999e-01 4.2106659e-02 8.7839697e-02
       794 2.0652142e+00 2.0624977e-01 4.3042353e-02 8.8966003e-02
       795 2.0656586e+00 2.0575432e-01 4.2818487e-02 8.8927498e-02
       796 2.0661669e+00 2.0348469e-01 4.1867566e-02 8.7030185e-02
       797 2.0644184e+00 2.0612692e-01 4.3028037e-02 8.8928700e-02
       798 2.0642100e+00 2.0717783e-01 4.3472114e-02 9.2743715e-02
       799 2.0650161e+00 2.0478246e-01 4.2448174e-02 8.9482834e-02
       800 2.0653719e+00 2.0559777e-01 4.2766778e-02 9.0069307e-02
       801 2.0656264e+00 2.0439963e-01 4.2264273e-02 8.7232495e-02
       802 2.0652610e+00 2.0627216e-01 4.3049489e-02 8.8379846e-02
       803 2.0654373e+00 2.0538948e-01 4.2678266e-02 8.9964814e-02
       804 2.0660332e+00 2.0394054e-01 4.2059052e-02 8.5164477e-02
       805 2.0643124e+00 2.0701548e-01 4.3400077e-02 8.8228576e-02
       806 2.0664706e+00 2.0549877e-01 4.2678333e-02 8.8377007e-02
       807 2.0654808e+00 2.0463333e-01 4.2366294e-02 8.8952815e-02
       808 2.0652350e+00 2.0395477e-01 4.2100002e-02 9.0881452e-02
       809 2.0664261e+00 2.0344858e-01 4.1841802e-02 8.6247247e-02
       810 2.0667308e+00 2.0286651e-01 4.1592455e-02 8.5084378e-02
       811 2.0645817e+00 2.0621987e-01 4.3058804e-02 8.9926820e-02
       812 2.0674971e+00 2.0293456e-01 4.1588593e-02 9.1405237e-02
       813 2.0660135e+00 2.0406810e-01 4.2111949e-02 8.8176993e-02
       814 2.0661778e+00 2.0369199e-01 4.1951504e-02 8.8267592e-02
       815 2.0652900e+00 2.0534879e-01 4.2668117e-02 8.9956303e-02
       816 2.0663913e+00 2.0371476e-01 4.1951657e-02 8.9941764e-02
       817 2.0651714e+00 2.0446415e-01 4.2310898e-02 8.7690505e-02
       818 2.0658161e+00 2.0339773e-01 4.1847375e-02 8.5628186e-02
       819 2.0647964e+00 2.0558587e-01 4.2787858e-02 8.8464183e-02
       820 2.0645652e+00 2.0548471e-01 4.2756898e-02 8.8662145e-02
       821 2.0652376e+00 2.0447457e-01 4.2312191e-02 8.4201510e-02
       822 2.0654800e+00 2.0551715e-01 4.2728829e-02 8.8088860e-02
       823 2.0657450e+00 2.0372649e-01 4.1984332e-02 8.6663829e-02
       824 2.0645020e+00 2.0544019e-01 4.2741526e-02 8.9064115e-02
       825 2.0670966e+00 2.0219593e-01 4.1305657e-02 8.7256083e-02
       826 2.0646218e+00 2.0553278e-01 4.2774045e-02 8.9102229e-02
       827 2.0645191e+00 2.0545604e-01 4.2747248e-02 8.9397893e-02
       828 2.0666520e+00 2.0321109e-01 4.1735685e-02 8.9336315e-02
       829 2.0654642e+00 2.0479408e-01 4.2432847e-02 8.6227853e-02
       830 2.0641051e+00 2.0601192e-01 4.2995298e-02 8.9435334e-02
       831 2.0637401e+00 2.0872082e-01 4.4136084e-02 8.9859323e-02
       832 2.0653712e+00 2.0393219e-01 4.2084705e-02 8.8895973e-02
       833 2.0652823e+00 2.0582892e-01 4.2865878e-02 8.8115891e-02
       834 2.0651122e+00 2.0551176e-01 4.2743058e-02 8.6507638e-02
       835 2.0653238e+00 2.0400253e-01 4.2115513e-02 8.8053813e-02
       836 2.0651202e+00 2.0548296e-01 4.2730863e-02 8.7323850e-02
       837 2.0655422e+00 2.0515874e-01 4.2578884e-02 9.0846293e-02
       838 2.0660083e+00 2.0387698e-01 4.2034207e-02 8.6660738e-02
       839 2.0648952e+00 2.0466992e-01 4.2407580e-02 8.6363089e-02
       840 2.0663109e+00 2.0376757e-01 4.1976601e-02 8.7554010e-02
       841 2.0655728e+00 2.0459204e-01 4.2345327e-02 8.5062133e-02
       842 2.0650763e+00 2.0571182e-01 4.2826946e-02 9.0543037e-02
       843 2.0663901e+00 2.0358747e-01 4.1899865e-02 8.4686854e-02
       844 2.0659486e+00 2.0404306e-01 4.2104545e-02 8.6126503e-02
       845 2.0657826e+00 2.0370803e-01 4.1975169e-02 8.3388361e-02
       846 2.0654615e+00 2.0380335e-01 4.2028154e-02 8.9048195e-02
       847 2.0653846e+00 2.0498832e-01 4.2515984e-02 8.7697174e-02
       848 2.0656907e+00 2.0427945e-01 4.2212326e-02 8.5274902e-02
       849 2.0660586e+00 2.0287658e-01 4.1625116e-02 8.4791391e-02
       850 2.0647094e+00 2.0467683e-01 4.2418898e-02 8.6536611e-02
       851 2.0656577e+00 2.0342553e-01 4.1865630e-02 8.6621667e-02
       852 2.0651092e+00 2.0557408e-01 4.2768811e-02 8.5012587e-02
       853 2.0658395e+00 2.0363490e-01 4.1942889e-02 8.1540701e-02
       854 2.0646357e+00 2.0626193e-01 4.3073664e-02 8.5347345e-02
       855 2.0648108e+00 2.0429474e-01 4.2257994e-02 8.6787657e-02
       856 2.0648120e+00 2.0520574e-01 4.2630992e-02 8.5634202e-02
       857 2.0662595e+00 2.0395805e-01 4.2056462e-02 8.7928119e-02
       858 2.0657870e+00 2.0298779e-01 4.1682054e-02 8.6846794e-02
       859 2.0666479e+00 2.0386509e-01 4.2002081e-02 8.6464475e-02
       860 2.0656715e+00 2.0428750e-01 4.2216457e-02 8.3890014e-02
       861 2.0644245e+00 2.0511341e-01 4.2610962e-02 8.4986438e-02
       862 2.0661416e+00 2.0300767e-01 4.1674747e-02 8.7332679e-02
       863 2.0649501e+00 2.0573678e-01 4.2842930e-02 8.6999148e-02
       864 2.0649669e+00 2.0684423e-01 4.3299082e-02 8.7976921e-02
       865 2.0656091e+00 2.0383689e-01 4.2035301e-02 8.5938039e-02
       866 2.0631408e+00 2.0653151e-01 4.3255991e-02 8.8382353e-02
       867 2.0672495e+00 2.0332650e-01 4.1757865e-02 8.3992523e-02
       868 2.0666579e+00 2.0256632e-01 4.1473801e-02 8.4649564e-02
       869 2.0658952e+00 2.0399913e-01 4.2088935e-02 8.6157482e-02
       870 2.0642380e+00 2.0656169e-01 4.3215876e-02 8.6511046e-02
       871 2.0652480e+00 2.0323714e-01 4.1807205e-02 8.4731710e-02
       872 2.0643599e+00 2.0584454e-01 4.2914424e-02 8.8486647e-02
       873 2.0651428e+00 2.0374574e-01 4.2018923e-02 8.9728029e-02
       874 2.0654425e+00 2.0476751e-01 4.2422926e-02 8.4340029e-02
       875 2.0652907e+00 2.0522384e-01 4.2616785e-02 8.7915897e-02
       876 2.0654412e+00 2.0325578e-01 4.1806166e-02 8.3431124e-02
       877 2.0681115e+00 1.9933421e-01 4.0115901e-02 8.3122237e-02
       878 2.0660591e+00 2.0244867e-01 4.1451651e-02 8.4377963e-02
       879 2.0668858e+00 2.0305892e-01 4.1664094e-02 8.4199142e-02
       880 2.0654589e+00 2.0420164e-01 4.2190776e-02 8.3986001e-02
       881 2.0652781e+00 2.0367380e-01 4.1983541e-02 8.5294536e-02
       882 2.0669847e+00 2.0272413e-01 4.1524147e-02 8.4173582e-02
       883 2.0648289e+00 2.0523668e-01 4.2642919e-02 8.5073959e-02
       884 2.0659656e+00 2.0358733e-01 4.1918037e-02 8.2831823e-02
       885 2.0655358e+00 2.0348112e-01 4.1893626e-02 8.4467966e-02
       886 2.0651333e+00 2.0482788e-01 4.2461483e-02 8.6363013e-02
       887 2.0655530e+00 2.0348202e-01 4.1893234e-02 8.4873819e-02
       888 2.0661680e+00 2.0295480e-01 4.1652150e-02 8.2081218e-02
       889 2.0657904e+00 2.0191649e-01 4.1248135e-02 8.4450818e-02
       890 2.0653541e+00 2.0554871e-01 4.2747400e-02 8.5136958e-02
       891 2.0652291e+00 2.0323476e-01 4.1807086e-02 8.6817810e-02
       892 2.0645384e+00 2.0560061e-01 4.2805777e-02 8.5466449e-02
       893 2.0654837e+00 2.0420945e-01 4.2192867e-02 8.6299390e-02
       894 2.0654556e+00 2.0408072e-01 4.2141553e-02 8.2812023e-02
       895 2.0659176e+00 2.0401393e-01 4.2094005e-02 8.4404111e-02
       896 2.0654618e+00 2.0366225e-01 4.1970647e-02 8.5429507e-02
       897 2.0651823e+00 2.0409539e-01 4.2159748e-02 8.8844882e-02
       898 2.0659893e+00 2.0270007e-01 4.1556528e-02 8.3800880e-02
       899 2.0661547e+00 2.0157969e-01 4.1096440e-02 8.1153502e-02
       900 2.0672092e+00 2.0082462e-01 4.0748375e-02 8.3496612e-02
       901 2.0658763e+00 2.0290201e-01 4.1643342e-02 8.6950087e-02
       902 2.0661063e+00 2.0295863e-01 4.1656354e-02 8.1875218e-02
       903 2.0644096e+00 2.0437488e-01 4.2309231e-02 8.4617411e-02
       904 2.0662012e+00 2.0379927e-01 4.1994215e-02 8.2906916e-02
       905 2.0657094e+00 2.0214054e-01 4.1342212e-02 8.3099182e-02
       906 2.0648736e+00 2.0448329e-01 4.2332206e-02 8.3334829e-02
       907 2.0661658e+00 2.0313909e-01 4.1727084e-02 8.2911048e-02
       908 2.0653913e+00 2.0357601e-01 4.1938661e-02 8.3843938e-02
       909 2.0646356e+00 2.0511283e-01 4.2600959e-02 8.2022369e-02
       910 2.0660694e+00 2.0256677e-01 4.1499039e-02 8.3890498e-02
       911 2.0654643e+00 2.0448339e-01 4.2305684e-02 8.3645270e-02
       912 2.0672746e+00 2.0124522e-01 4.0914817e-02 8.2423887e-02
       913 2.0653676e+00 2.0230493e-01 4.1423811e-02 7.9793825e-02
       914 2.0660831e+00 2.0247441e-01 4.1461039e-02 8.3985860e-02
       915 2.0656069e+00 2.0350406e-01 4.1899819e-02 8.5017654e-02
       916 2.0668204e+00 2.0218388e-01 4.1312216e-02 8.6138036e-02
       917 2.0666109e+00 2.0126958e-01 4.0952109e-02 8.2583488e-02
       918 2.0642264e+00 2.0606001e-01 4.3009415e-02 8.4954842e-02
       919 2.0652090e+00 2.0461387e-01 4.2370454e-02 8.3737349e-02
       920 2.0657624e+00 2.0379275e-01 4.2010572e-02 8.3712028e-02
       921 2.0644152e+00 2.0544163e-01 4.2746138e-02 8.5769294e-02
       922 2.0653029e+00 2.0334399e-01 4.1848195e-02 8.3616206e-02
       923 2.0660578e+00 2.0184589e-01 4.1208007e-02 8.1889323e-02
       924 2.0645898e+00 2.0474350e-01 4.2451696e-02 8.5701677e-02
       925 2.0663203e+00 2.0225355e-01 4.1361477e-02 8.5015740e-02
       926 2.0654698e+00 2.0293088e-01 4.1672924e-02 8.3878134e-02
       927 2.0665984e+00 2.0238828e-01 4.1404205e-02 8.4750354e-02
       928 2.0657953e+00 2.0471662e-01 4.2386544e-02 8.5278425e-02
       929 2.0660395e+00 2.0371198e-01 4.1965605e-02 8.4156807e-02
       930 2.0675758e+00 2.0054668e-01 4.0621964e-02 8.4426251e-02
       931 2.0656413e+00 2.0353085e-01 4.1909209e-02 8.4181174e-02
       932 2.0636561e+00 2.0628656e-01 4.3129874e-02 8.5270000e-02
       933 2.0649402e+00 2.0284562e-01 4.1662106e-02 8.4326646e-02
       934 2.0672597e+00 2.0113229e-01 4.0869980e-02 8.1561941e-02
       935 2.0638352e+00 2.0519887e-01 4.2673744e-02 8.4974245e-02
       936 2.0635177e+00 2.0577139e-01 4.2924257e-02 8.4002358e-02
       937 2.0661554e+00 2.0387772e-01 4.2028161e-02 8.2469209e-02
       938 2.0656127e+00 2.0454316e-01 4.2323568e-02 8.2075335e-02
       939 2.0660337e+00 2.0334227e-01 4.1815363e-02 8.3297715e-02
       940 2.0658341e+00 2.0379783e-01 4.2009508e-02 8.3870219e-02
       941 2.0648608e+00 2.0440173e-01 4.2299433e-02 8.5347451e-02
       942 2.0676253e+00 2.0122870e-01 4.0893996e-02 8.5216801e-02
       943 2.0657463e+00 2.0403463e-01 4.2109925e-02 8.3928199e-02
       944 2.0662163e+00 2.0220323e-01 4.1345570e-02 8.3298379e-02
       945 2.0665859e+00 2.0263859e-01 4.1506116e-02 8.2153204e-02
       946 2.0652217e+00 2.0364730e-01 4.1975274e-02 8.2685922e-02
       947 2.0660332e+00 2.0321554e-01 4.1763863e-02 8.3049155e-02
       948 2.0658241e+00 2.0224894e-01 4.1381025e-02 8.2979921e-02
       949 2.0658371e+00 2.0362803e-01 4.1940201e-02 8.2728308e-02
       950 2.0665905e+00 2.0213754e-01 4.1303106e-02 8.1767588e-02
       951 2.0670001e+00 2.0087943e-01 4.0778986e-02 8.2887522e-02
       952 2.0662096e+00 2.0229309e-01 4.1382206e-02 8.1690135e-02
       953 2.0654897e+00 2.0365332e-01 4.1965773e-02 8.2046219e-02
       954 2.0661351e+00 2.0238758e-01 4.1423645e-02 8.1686306e-02
       955 2.0653590e+00 2.0341095e-01 4.1872923e-02 8.5340358e-02
       956 2.0664190e+00 2.0171065e-01 4.1137963e-02 8.2025629e-02
       957 2.0661621e+00 2.0183147e-01 4.1197696e-02 8.1383344e-02
       958 2.0647591e+00 2.0407755e-01 4.2171666e-02 8.1582673e-02
       959 2.0669339e+00 2.0161049e-01 4.1075969e-02 7.9168234e-02
       960 2.0662320e+00 2.0269265e-01 4.1543063e-02 7.9732649e-02
       961 2.0659033e+00 2.0150065e-01 4.1075451e-02 8.0894691e-02
       962 2.0649982e+00 2.0373504e-01 4.2021092e-02 8.3243039e-02
       963 2.0668523e+00 2.0189070e-01 4.1192421e-02 8.0629529e-02
       964 2.0654513e+00 2.0346341e-01 4.1890163e-02 8.2922880e-02
       965 2.0650755e+00 2.0360665e-01 4.1965297e-02 8.1799620e-02
       966 2.0648668e+00 2.0390735e-01 4.2097306e-02 8.3865098e-02
       967 2.0640066e+00 2.0469783e-01 4.2460236e-02 8.3935140e-02
       968 2.0661306e+00 2.0265593e-01 4.1532530e-02 8.0557832e-02
       969 2.0659974e+00 2.0258734e-01 4.1510488e-02 8.1220806e-02
       970 2.0652104e+00 2.0223748e-01 4.1403557e-02 8.1809874e-02
       971 2.0648896e+00 2.0313833e-01 4.1783239e-02 8.0570460e-02
       972 2.0654642e+00 2.0336305e-01 4.1848762e-02 8.1665464e-02
       973 2.0663008e+00 2.0235745e-01 4.1404344e-02 8.0350129e-02
       974 2.0659582e+00 2.0296262e-01 4.1664380e-02 8.1043175e-02
       975 2.0662056e+00 2.0201831e-01 4.1271279e-02 7.9938606e-02
       976 2.0653108e+00 2.0138794e-01 4.1056163e-02 8.2597147e-02
       977 2.0669554e+00 2.0079691e-01 4.0747685e-02 8.3940963e-02
       978 2.0665540e+00 2.0219982e-01 4.1329829e-02 8.1604225e-02
       979 2.0654056e+00 2.0393460e-01 4.2084157e-02 8.0735661e-02
       980 2.0677254e+00 1.9879839e-01 3.9917811e-02 8.0023324e-02
       981 2.0658128e+00 2.0261209e-01 4.1528544e-02 8.0496248e-02
       982 2.0659730e+00 2.0225764e-01 4.1378066e-02 7.9582278e-02
       983 2.0663925e+00 2.0103435e-01 4.0866713e-02 8.2571439e-02
       984 2.0650249e+00 2.0165097e-01 4.1175031e-02 8.0986957e-02
       985 2.0654845e+00 2.0228893e-01 4.1412142e-02 8.6753346e-02
       986 2.0681508e+00 1.9909455e-01 4.0018876e-02 8.0661111e-02
       987 2.0658732e+00 2.0035165e-01 4.0615032e-02 8.2377527e-02
       988 2.0650522e+00 2.0379305e-01 4.2042291e-02 8.1916195e-02
       989 2.0652003e+00 2.0234395e-01 4.1447085e-02 8.2231434e-02
       990 2.0659575e+00 2.0286504e-01 4.1624808e-02 8.1166202e-02
       991 2.0654435e+00 2.0239371e-01 4.1456363e-02 7.7665893e-02
       992 2.0656229e+00 2.0278623e-01 4.1607469e-02 7.9940729e-02
       993 2.0654234e+00 2.0278801e-01 4.1617021e-02 8.0401405e-02
       994 2.0659171e+00 2.0262399e-01 4.1528823e-02 8.2674760e-02
       995 2.0642156e+00 2.0439043e-01 4.2324643e-02 8.5282461e-02
       996 2.0661417e+00 2.0102204e-01 4.0872486e-02 7.8352943e-02
       997 2.0656117e+00 2.0215290e-01 4.1351500e-02 8.1331596e-02
       998 2.0668657e+00 2.0113335e-01 4.0886631e-02 8.1125472e-02
       999 2.0662369e+00 2.0285731e-01 4.1609629e-02 7.9336377e-02

Final Weights:         0.4889597344         0.2494238293        -0.2501294423        -0.4857057823 