# Cycles, Average Predicted Temperature, Stddev Predicted Temperature, Mean Squared Error, || MSE Gradient ||
         0    0.00827    0.00327    4.66958    1.17211
         1    0.00857    0.00333    4.66825    1.20795
         2    0.00892    0.00337    4.66675    1.24537
         3    0.00931    0.00347    4.66507    1.28274
         4    0.00968    0.00354    4.66349    1.32175
         5    0.01008    0.00362    4.66174    1.36469
         6    0.01052    0.00373    4.65984    1.40397
         7    0.01099    0.00381    4.65783    1.44654
         8    0.01148    0.00394    4.65571    1.49329
         9    0.01200    0.00406    4.65345    1.53825
        10    0.01255    0.00421    4.65109    1.59263
        11    0.01315    0.00433    4.64852    1.64226
        12    0.01378    0.00452    4.64580    1.69642
        13    0.01447    0.00468    4.64280    1.75219
        14    0.01520    0.00491    4.63967    1.80876
        15    0.01596    0.00511    4.63641    1.86873
        16    0.01680    0.00539    4.63280    1.93164
        17    0.01768    0.00564    4.62899    2.00103
        18    0.01862    0.00593    4.62496    2.06859
        19    0.01965    0.00626    4.62052    2.14355
        20    0.02074    0.00662    4.61586    2.22268
        21    0.02191    0.00701    4.61083    2.30276
        22    0.02313    0.00743    4.60560    2.38697
        23    0.02452    0.00792    4.59965    2.47947
        24    0.02598    0.00846    4.59339    2.57621
        25    0.02754    0.00901    4.58671    2.67174
        26    0.02927    0.00962    4.57933    2.77990
        27    0.03112    0.01032    4.57143    2.89164
        28    0.03315    0.01108    4.56279    3.01308
        29    0.03527    0.01193    4.55372    3.13869
        30    0.03762    0.01282    4.54373    3.27061
        31    0.04017    0.01384    4.53288    3.41086
        32    0.04304    0.01494    4.52070    3.56834
        33    0.04615    0.01617    4.50753    3.73015
        34    0.04947    0.01752    4.49349    3.90085
        35    0.05317    0.01906    4.47790    4.08452
        36    0.05722    0.02069    4.46081    4.27837
        37    0.06170    0.02256    4.44201    4.48565
        38    0.06657    0.02462    4.42161    4.70250
        39    0.07207    0.02685    4.39860    4.94068
        40    0.07804    0.02945    4.37377    5.19355
        41    0.08460    0.03233    4.34652    5.45585
        42    0.09210    0.03550    4.31553    5.74794
        43    0.10032    0.03908    4.28172    6.05250
        44    0.10959    0.04319    4.24380    6.38747
        45    0.11987    0.04768    4.20196    6.73739
        46    0.13129    0.05280    4.15581    7.10491
        47    0.14442    0.05866    4.10314    7.51510
        48    0.15895    0.06504    4.04528    7.93168
        49    0.17519    0.07254    3.98129    8.37728
        50    0.19399    0.08105    3.90797    8.86598
        51    0.21478    0.09065    3.82790    9.35842
        52    0.23858    0.10171    3.73756    9.88766
        53    0.26541    0.11396    3.63736   10.42619
        54    0.29608    0.12809    3.52494   10.98728
        55    0.33036    0.14418    3.40207   11.54154
        56    0.36933    0.16199    3.26573   12.09508
        57    0.41352    0.18261    3.11570   12.63408
        58    0.46324    0.20565    2.95253   13.13391
        59    0.51874    0.23126    2.77744   13.56766
        60    0.58053    0.25992    2.59138   13.90682
        61    0.64813    0.29112    2.39835   14.12526
        62    0.72371    0.32543    2.19530   14.21321
        63    0.80440    0.36110    1.99304   14.12136
        64    0.88972    0.39870    1.79599   13.83031
        65    0.97809    0.43787    1.61045   13.33419
        66    1.07070    0.47649    1.43371   12.65909
        67    1.16029    0.51191    1.27992   11.84469
        68    1.24994    0.54649    1.14367   10.90541
        69    1.33297    0.57672    1.03186    9.94025
        70    1.41290    0.60297    0.93553    8.96416
        71    1.48222    0.62382    0.86107    8.09040
        72    1.54375    0.64061    0.80155    7.33440
        73    1.60018    0.65166    0.74842    6.67828
        74    1.65104    0.65931    0.70316    6.12012
        75    1.69103    0.66188    0.66672    5.72790
        76    1.72530    0.66371    0.63755    5.42367
        77    1.75402    0.66081    0.60904    5.19116
        78    1.77969    0.65566    0.58159    4.98339
        79    1.80079    0.64923    0.55722    4.82126
        80    1.82031    0.64260    0.53465    4.67946
        81    1.83701    0.63517    0.51378    4.55802
        82    1.85307    0.62623    0.49209    4.42613
        83    1.86595    0.61682    0.47241    4.31804
        84    1.87789    0.60739    0.45377    4.21071
        85    1.88749    0.59812    0.43710    4.12343
        86    1.89696    0.58875    0.42074    4.03206
        87    1.90643    0.57855    0.40376    3.92937
        88    1.91759    0.57031    0.38855    3.84439
        89    1.92578    0.56091    0.37386    3.75347
        90    1.93067    0.55057    0.36001    3.66958
        91    1.93933    0.54251    0.34716    3.59220
        92    1.94576    0.53279    0.33378    3.50882
        93    1.95300    0.52440    0.32173    3.43520
        94    1.96058    0.51572    0.30948    3.35133
        95    1.96412    0.50711    0.29921    3.28384
        96    1.97252    0.49972    0.28840    3.21145
        97    1.97894    0.49291    0.27915    3.15905
        98    1.98360    0.48358    0.26829    3.07514
        99    1.98933    0.47603    0.25896    3.01363
       100    1.99260    0.46844    0.25062    2.95157
       101    1.99926    0.46015    0.24061    2.87227
       102    2.00167    0.45281    0.23310    2.82206
       103    2.00712    0.44551    0.22474    2.75830
       104    2.01111    0.43930    0.21798    2.70460
       105    2.01467    0.43297    0.21134    2.66186
       106    2.02058    0.42641    0.20391    2.60368
       107    2.02298    0.41901    0.19695    2.54177
       108    2.02810    0.41317    0.19061    2.49328
       109    2.03038    0.40681    0.18476    2.44707
       110    2.03484    0.40092    0.17878    2.39789
       111    2.03833    0.39400    0.17236    2.34692
       112    2.04144    0.38801    0.16687    2.29589
       113    2.04423    0.38328    0.16252    2.25571
       114    2.04652    0.37665    0.15691    2.20912
       115    2.04861    0.37212    0.15301    2.17611
       116    2.05433    0.36656    0.14756    2.12471
       117    2.05495    0.36121    0.14352    2.09309
       118    2.05898    0.35504    0.13819    2.04623
       119    2.06071    0.35011    0.13435    2.00175
       120    2.06409    0.34558    0.13047    1.96600
       121    2.06496    0.34038    0.12672    1.92546
       122    2.06791    0.33678    0.12368    1.89850
       123    2.06988    0.33102    0.11944    1.85863
       124    2.07293    0.32695    0.11616    1.82744
       125    2.07524    0.32224    0.11267    1.78903
       126    2.07791    0.31785    0.10936    1.75651
       127    2.07864    0.31348    0.10647    1.72267
       128    2.08021    0.30963    0.10379    1.69624
       129    2.08320    0.30560    0.10079    1.66327
       130    2.08431    0.30180    0.09829    1.63401
       131    2.08536    0.29709    0.09529    1.60206
       132    2.08766    0.29391    0.09303    1.57557
       133    2.08900    0.28943    0.09020    1.54399
       134    2.09142    0.28638    0.08806    1.51936
       135    2.09343    0.28333    0.08602    1.49428
       136    2.09370    0.27915    0.08362    1.46697
       137    2.09513    0.27629    0.08182    1.44582
       138    2.09772    0.27214    0.07917    1.41855
       139    2.09874    0.26928    0.07747    1.39129
       140    2.10073    0.26609    0.07549    1.37222
       141    2.09976    0.26220    0.07357    1.34300
       142    2.10430    0.25948    0.07154    1.32587
       143    2.10317    0.25715    0.07049    1.30300
       144    2.10497    0.25320    0.06824    1.27727
       145    2.10623    0.25077    0.06685    1.25643
       146    2.10653    0.24785    0.06536    1.23008
       147    2.10747    0.24528    0.06397    1.21401
       148    2.11056    0.24234    0.06216    1.19339
       149    2.11096    0.23962    0.06081    1.17284
       150    2.11173    0.23680    0.05937    1.15274
       151    2.11265    0.23476    0.05831    1.13669
       152    2.11458    0.23167    0.05665    1.11895
       153    2.11629    0.22958    0.05551    1.10085
       154    2.11522    0.22693    0.05441    1.07902
       155    2.11614    0.22433    0.05314    1.06281
       156    2.11758    0.22203    0.05196    1.04508
       157    2.11837    0.22022    0.05108    1.02902
       158    2.11940    0.21768    0.04986    1.01226
       159    2.11966    0.21631    0.04924    0.99964
       160    2.12036    0.21401    0.04818    0.98244
       161    2.12274    0.21140    0.04685    0.96735
       162    2.12271    0.20946    0.04603    0.94940
       163    2.12267    0.20765    0.04528    0.93629
       164    2.12321    0.20561    0.04439    0.91982
       165    2.12443    0.20389    0.04358    0.90607
       166    2.12540    0.20121    0.04240    0.88950
       167    2.12587    0.19952    0.04169    0.87622
       168    2.12604    0.19851    0.04127    0.86775
       169    2.12839    0.19643    0.04025    0.85258
       170    2.12732    0.19522    0.03986    0.84047
       171    2.12867    0.19326    0.03899    0.82636
       172    2.12899    0.19194    0.03846    0.81486
       173    2.12943    0.19015    0.03774    0.79975
       174    2.13142    0.18817    0.03683    0.78922
       175    2.13169    0.18628    0.03611    0.77388
       176    2.13176    0.18560    0.03585    0.76923
       177    2.13198    0.18415    0.03530    0.75481
       178    2.13269    0.18221    0.03453    0.74240
       179    2.13313    0.18072    0.03396    0.72815
       180    2.13318    0.17979    0.03362    0.72174
       181    2.13372    0.17778    0.03286    0.70850
       182    2.13412    0.17722    0.03264    0.69755
       183    2.13471    0.17568    0.03205    0.68682
       184    2.13609    0.17443    0.03152    0.67902
       185    2.13448    0.17362    0.03135    0.66987
       186    2.13511    0.17241    0.03089    0.65812
       187    2.13741    0.17141    0.03039    0.65115
       188    2.13678    0.17038    0.03008    0.64096
       189    2.13851    0.16836    0.02929    0.62963
       190    2.13790    0.16754    0.02905    0.61978
       191    2.13875    0.16681    0.02875    0.61279
       192    2.13884    0.16543    0.02829    0.60255
       193    2.13958    0.16424    0.02785    0.59277
       194    2.13975    0.16373    0.02767    0.58568
       195    2.14088    0.16201    0.02705    0.57640
       196    2.14131    0.16047    0.02653    0.56692
       197    2.14039    0.16039    0.02655    0.56021
       198    2.14083    0.15958    0.02627    0.55124
       199    2.14185    0.15840    0.02584    0.54516
       200    2.14241    0.15770    0.02559    0.53891
       201    2.14141    0.15727    0.02551    0.52650
       202    2.14233    0.15628    0.02514    0.52410
       203    2.14191    0.15471    0.02468    0.51146
       204    2.14235    0.15491    0.02472    0.50742
       205    2.14273    0.15428    0.02450    0.49957
       206    2.14399    0.15272    0.02396    0.49139
       207    2.14459    0.15228    0.02379    0.48814
       208    2.14404    0.15167    0.02364    0.48058
       209    2.14433    0.15093    0.02340    0.47314
       210    2.14574    0.14938    0.02287    0.46701
       211    2.14632    0.14839    0.02254    0.46208
       212    2.14580    0.14810    0.02248    0.45297
       213    2.14447    0.14844    0.02265    0.44760
       214    2.14490    0.14885    0.02275    0.44377
       215    2.14535    0.14728    0.02226    0.43765
       216    2.14641    0.14598    0.02183    0.42737
       217    2.14619    0.14603    0.02185    0.42330
       218    2.14656    0.14516    0.02158    0.41633
       219    2.14761    0.14428    0.02128    0.41283
       220    2.14667    0.14449    0.02138    0.40620
       221    2.14828    0.14300    0.02089    0.40109
       222    2.14752    0.14223    0.02070    0.39650
       223    2.14814    0.14208    0.02063    0.39109
       224    2.14787    0.14216    0.02066    0.38432
       225    2.14767    0.14159    0.02051    0.38123
       226    2.14861    0.14111    0.02033    0.37610
       227    2.14776    0.14078    0.02028    0.37145
       228    2.14873    0.14007    0.02004    0.36444
       229    2.14956    0.13951    0.01985    0.35931
       230    2.14886    0.13937    0.01984    0.35518
       231    2.14824    0.13948    0.01989    0.35081
       232    2.14979    0.13849    0.01956    0.34554
       233    2.15002    0.13814    0.01945    0.34221
       234    2.15021    0.13751    0.01927    0.33914
       235    2.15012    0.13699    0.01913    0.33151
       236    2.15102    0.13643    0.01894    0.33138
       237    2.15074    0.13625    0.01890    0.32426
       238    2.15000    0.13617    0.01891    0.32037
       239    2.15076    0.13532    0.01865    0.31512
       240    2.14927    0.13627    0.01897    0.31500
       241    2.15122    0.13505    0.01856    0.30504
       242    2.15160    0.13416    0.01831    0.30199
       243    2.15153    0.13476    0.01847    0.30047
       244    2.15105    0.13360    0.01818    0.29570
       245    2.15122    0.13412    0.01831    0.29281
       246    2.15306    0.13302    0.01795    0.29122
       247    2.15244    0.13288    0.01794    0.28448
       248    2.15249    0.13287    0.01793    0.27994
       249    2.15234    0.13205    0.01772    0.27635
       250    2.15318    0.13169    0.01760    0.27521
       251    2.15297    0.13184    0.01764    0.27203
       252    2.15274    0.13110    0.01746    0.26749
       253    2.15284    0.13127    0.01750    0.26382
       254    2.15280    0.13105    0.01744    0.26170
       255    2.15313    0.13144    0.01753    0.25741
       256    2.15262    0.13097    0.01743    0.25430
       257    2.15329    0.13089    0.01738    0.25075
       258    2.15290    0.13001    0.01717    0.24841
       259    2.15311    0.13118    0.01747    0.24952
       260    2.15346    0.13016    0.01719    0.24318
       261    2.15407    0.12900    0.01687    0.23855
       262    2.15266    0.13014    0.01721    0.23660
       263    2.15480    0.12871    0.01677    0.23489
       264    2.15421    0.12891    0.01684    0.22850
       265    2.15330    0.12937    0.01699    0.22815
       266    2.15303    0.12911    0.01693    0.22791
       267    2.15401    0.12860    0.01677    0.22217
       268    2.15566    0.12867    0.01674    0.21964
       269    2.15588    0.12722    0.01636    0.21785
       270    2.15396    0.12868    0.01679    0.21434
       271    2.15558    0.12821    0.01662    0.21364
       272    2.15444    0.12767    0.01652    0.20831
       273    2.15519    0.12750    0.01645    0.20865
       274    2.15588    0.12668    0.01623    0.20486
       275    2.15522    0.12654    0.01621    0.20140
       276    2.15509    0.12679    0.01627    0.19750
       277    2.15512    0.12671    0.01625    0.19789
       278    2.15460    0.12635    0.01618    0.19349
       279    2.15424    0.12740    0.01645    0.19399
       280    2.15505    0.12661    0.01623    0.19090
       281    2.15583    0.12633    0.01614    0.18660
       282    2.15575    0.12670    0.01623    0.18683
       283    2.15710    0.12476    0.01571    0.18377
       284    2.15596    0.12593    0.01603    0.18102
       285    2.15549    0.12582    0.01602    0.17980
       286    2.15598    0.12628    0.01612    0.17916
       287    2.15544    0.12542    0.01592    0.17773
       288    2.15565    0.12569    0.01598    0.17314
       289    2.15511    0.12558    0.01597    0.17265
       290    2.15636    0.12611    0.01607    0.16736
       291    2.15701    0.12445    0.01564    0.16552
       292    2.15637    0.12531    0.01587    0.16576
       293    2.15729    0.12517    0.01581    0.16361
       294    2.15649    0.12485    0.01575    0.16298
       295    2.15629    0.12483    0.01575    0.16032
       296    2.15628    0.12526    0.01586    0.15889
       297    2.15694    0.12517    0.01582    0.15847
       298    2.15729    0.12421    0.01557    0.15457
       299    2.15723    0.12442    0.01562    0.15179
       300    2.15653    0.12456    0.01567    0.15421
       301    2.15727    0.12434    0.01560    0.14877
       302    2.15772    0.12309    0.01528    0.14858
       303    2.15678    0.12472    0.01571    0.14967
       304    2.15798    0.12393    0.01549    0.14498
       305    2.15673    0.12399    0.01553    0.14489
       306    2.15698    0.12402    0.01553    0.14514
       307    2.15675    0.12395    0.01552    0.14126
       308    2.15827    0.12295    0.01524    0.13801
       309    2.15701    0.12352    0.01541    0.14008
       310    2.15832    0.12242    0.01510    0.13690
       311    2.15777    0.12317    0.01530    0.13553
       312    2.15723    0.12281    0.01523    0.13288
       313    2.15827    0.12329    0.01532    0.13201
       314    2.15783    0.12296    0.01525    0.12790
       315    2.15762    0.12248    0.01513    0.12929
       316    2.15785    0.12308    0.01528    0.12820
       317    2.15742    0.12416    0.01555    0.12815
       318    2.15867    0.12254    0.01513    0.12500
       319    2.15689    0.12345    0.01539    0.12606
       320    2.15822    0.12275    0.01519    0.12075
       321    2.15802    0.12340    0.01535    0.12163
       322    2.15823    0.12288    0.01522    0.12278
       323    2.15898    0.12205    0.01500    0.12406
       324    2.15813    0.12228    0.01507    0.11752
       325    2.15799    0.12288    0.01523    0.11735
       326    2.15742    0.12303    0.01528    0.12026
       327    2.15880    0.12193    0.01498    0.11616
       328    2.15791    0.12239    0.01511    0.11417
       329    2.15929    0.12242    0.01509    0.11414
       330    2.15845    0.12353    0.01537    0.11373
       331    2.15823    0.12246    0.01512    0.11122
       332    2.15820    0.12248    0.01512    0.10993
       333    2.15842    0.12241    0.01510    0.10980
       334    2.15776    0.12304    0.01527    0.10977
       335    2.15814    0.12306    0.01526    0.10808
       336    2.16004    0.12152    0.01485    0.10807
       337    2.15843    0.12171    0.01493    0.10558
       338    2.15916    0.12211    0.01501    0.10611
       339    2.16037    0.12121    0.01477    0.10632
       340    2.15788    0.12247    0.01513    0.10644
       341    2.15831    0.12153    0.01489    0.10192
       342    2.15818    0.12275    0.01519    0.10212
       343    2.15899    0.12227    0.01506    0.10201
       344    2.15975    0.12206    0.01499    0.09971
       345    2.15899    0.12137    0.01484    0.09679
       346    2.15866    0.12234    0.01508    0.09927
       347    2.15823    0.12201    0.01501    0.09834
       348    2.15981    0.12173    0.01491    0.09884
       349    2.15798    0.12309    0.01528    0.09962
       350    2.16012    0.12050    0.01460    0.09591
       351    2.15858    0.12235    0.01508    0.09738
       352    2.15882    0.12158    0.01489    0.09507
       353    2.15894    0.12137    0.01483    0.09130
       354    2.15959    0.12277    0.01516    0.09346
       355    2.16126    0.12026    0.01453    0.10031
       356    2.15895    0.12143    0.01485    0.09225
       357    2.15906    0.12177    0.01493    0.09083
       358    2.15912    0.12102    0.01475    0.09023
       359    2.15940    0.12118    0.01478    0.08842
       360    2.16065    0.11998    0.01447    0.08909
       361    2.15888    0.12148    0.01486    0.08852
       362    2.16005    0.12075    0.01466    0.08818
       363    2.15970    0.12099    0.01473    0.08665
       364    2.15991    0.12076    0.01467    0.08602
       365    2.15880    0.12205    0.01500    0.08810
       366    2.15997    0.12051    0.01461    0.08482
       367    2.15974    0.12107    0.01475    0.08598
       368    2.15978    0.12182    0.01493    0.08420
       369    2.15873    0.12172    0.01493    0.08659
       370    2.15997    0.12076    0.01467    0.08263
       371    2.16022    0.12109    0.01474    0.08222
       372    2.15967    0.12153    0.01486    0.08139
       373    2.15947    0.12122    0.01479    0.08059
       374    2.15949    0.12097    0.01473    0.08188
       375    2.15979    0.12115    0.01476    0.07954
       376    2.16022    0.12167    0.01488    0.08284
       377    2.16016    0.12020    0.01453    0.08008
       378    2.15939    0.12106    0.01475    0.08026
       379    2.15952    0.12141    0.01483    0.07936
       380    2.16002    0.12123    0.01478    0.07840
       381    2.16028    0.12052    0.01460    0.07750
       382    2.15899    0.12147    0.01486    0.08127
       383    2.16122    0.11965    0.01438    0.07987
       384    2.16047    0.11975    0.01442    0.07489
       385    2.15788    0.12273    0.01519    0.09061
       386    2.15951    0.12087    0.01470    0.07779
       387    2.16185    0.11995    0.01444    0.08625
       388    2.16035    0.12027    0.01454    0.07751
       389    2.15991    0.12090    0.01470    0.07555
       390    2.16027    0.12016    0.01452    0.07329
       391    2.16063    0.11977    0.01442    0.07419
       392    2.16029    0.12111    0.01475    0.07394
       393    2.15962    0.12028    0.01456    0.07523
       394    2.15959    0.12042    0.01459    0.07493
       395    2.16064    0.12071    0.01464    0.07444
       396    2.16053    0.12122    0.01477    0.07430
       397    2.16116    0.12065    0.01462    0.07689
       398    2.16073    0.11981    0.01443    0.07260
       399    2.15937    0.12055    0.01463    0.07627
       400    2.16029    0.11984    0.01444    0.07250
       401    2.15974    0.12053    0.01462    0.07273
       402    2.16055    0.12034    0.01456    0.07226
       403    2.16123    0.11994    0.01445    0.07232
       404    2.16008    0.12034    0.01456    0.07077
       405    2.16130    0.11946    0.01433    0.07024
       406    2.16008    0.12086    0.01469    0.07222
       407    2.16021    0.12005    0.01449    0.06957
       408    2.16092    0.11907    0.01425    0.06786
       409    2.15986    0.12076    0.01467    0.07071
       410    2.16072    0.12038    0.01456    0.06886
       411    2.15960    0.12062    0.01464    0.07238
       412    2.15943    0.12116    0.01477    0.07358
       413    2.16082    0.11960    0.01438    0.06850
       414    2.16092    0.12018    0.01451    0.06793
       415    2.15984    0.12121    0.01478    0.06931
       416    2.16003    0.12021    0.01453    0.06813
       417    2.16101    0.12014    0.01450    0.06830
       418    2.16023    0.12042    0.01458    0.06818
       419    2.16214    0.11951    0.01433    0.07472
       420    2.16051    0.11992    0.01446    0.06688
       421    2.16098    0.12036    0.01455    0.06574
       422    2.16071    0.11967    0.01439    0.06745
       423    2.15959    0.12084    0.01470    0.07189
       424    2.16081    0.11986    0.01444    0.06668
       425    2.16133    0.11993    0.01445    0.06833
       426    2.16041    0.11989    0.01445    0.06573
       427    2.15964    0.11983    0.01445    0.07066
       428    2.16118    0.11940    0.01432    0.06562
       429    2.16123    0.11939    0.01432    0.06632
       430    2.16093    0.11936    0.01432    0.06609
       431    2.16121    0.11938    0.01432    0.06506
       432    2.16105    0.11974    0.01440    0.06527
       433    2.15980    0.12070    0.01466    0.06879
       434    2.16025    0.12032    0.01456    0.06650
       435    2.16069    0.12052    0.01460    0.06411
       436    2.16136    0.11942    0.01432    0.06544
       437    2.16198    0.11881    0.01417    0.06770
       438    2.16030    0.12038    0.01457    0.06533
       439    2.16061    0.11940    0.01433    0.06397
       440    2.16007    0.12007    0.01450    0.06704
       441    2.16073    0.11918    0.01428    0.06342
       442    2.16059    0.11975    0.01441    0.06436
       443    2.15999    0.12061    0.01463    0.06737
       444    2.16064    0.12059    0.01462    0.06490
       445    2.16096    0.12037    0.01456    0.06516
       446    2.16036    0.11989    0.01445    0.06473
       447    2.16126    0.11969    0.01439    0.06347
       448    2.16225    0.11861    0.01412    0.06867
       449    2.16098    0.11968    0.01439    0.06314
       450    2.16196    0.11825    0.01403    0.06484
       451    2.16115    0.11942    0.01433    0.06373
       452    2.16075    0.11914    0.01427    0.06272
       453    2.16082    0.11969    0.01440    0.06297
       454    2.16035    0.11976    0.01442    0.06433
       455    2.16147    0.11912    0.01425    0.06255
       456    2.16111    0.11924    0.01428    0.06319
       457    2.16053    0.12022    0.01453    0.06440
       458    2.16111    0.11919    0.01427    0.06274
       459    2.16049    0.11941    0.01433    0.06390
       460    2.16153    0.11929    0.01429    0.06358
       461    2.16102    0.11888    0.01420    0.06231
       462    2.16093    0.11977    0.01441    0.06277
       463    2.16154    0.11839    0.01407    0.06161
       464    2.16128    0.11855    0.01412    0.06090
       465    2.16142    0.11925    0.01428    0.06185
       466    2.16125    0.11897    0.01422    0.06208
       467    2.16097    0.11930    0.01430    0.06115
       468    2.16054    0.11939    0.01433    0.06301
       469    2.16215    0.11870    0.01414    0.06638
       470    2.16045    0.11957    0.01437    0.06368
       471    2.16078    0.11917    0.01427    0.06258
       472    2.16133    0.11873    0.01416    0.06155
       473    2.16096    0.11921    0.01428    0.06215
       474    2.16148    0.11874    0.01416    0.06133
       475    2.16057    0.11958    0.01437    0.06296
       476    2.16125    0.11886    0.01419    0.06067
       477    2.16115    0.11919    0.01427    0.06195
       478    2.16138    0.11963    0.01437    0.06180
       479    2.16015    0.12018    0.01452    0.06559
       480    2.16249    0.11848    0.01408    0.06642
       481    2.16060    0.11943    0.01434    0.06276
       482    2.16111    0.11902    0.01423    0.06088
       483    2.16096    0.11910    0.01425    0.06172
       484    2.16121    0.11834    0.01407    0.06015
       485    2.16128    0.11911    0.01425    0.06073
       486    2.16085    0.11888    0.01420    0.06103
       487    2.16107    0.11895    0.01422    0.06096
       488    2.15990    0.11998    0.01448    0.06811
       489    2.16156    0.11887    0.01419    0.06046
       490    2.16169    0.11888    0.01419    0.06074
       491    2.16048    0.11950    0.01436    0.06365
       492    2.16167    0.11850    0.01410    0.06067
       493    2.16125    0.11957    0.01436    0.06112
       494    2.16227    0.11861    0.01412    0.06366
       495    2.16247    0.11858    0.01411    0.06553
       496    2.16204    0.11778    0.01392    0.06138
       497    2.16134    0.11839    0.01408    0.06009
       498    2.16111    0.11897    0.01422    0.06020
       499    2.16142    0.11877    0.01417    0.06031
       500    2.16106    0.11795    0.01398    0.05975
       501    2.16196    0.11852    0.01410    0.06198
       502    2.16115    0.11835    0.01407    0.05987
       503    2.16044    0.11937    0.01433    0.06401
       504    2.16139    0.11934    0.01430    0.06075
       505    2.16235    0.11799    0.01397    0.06264
       506    2.16077    0.11884    0.01419    0.06159
       507    2.16177    0.11896    0.01421    0.06090
       508    2.16101    0.11931    0.01430    0.06043
       509    2.16143    0.11813    0.01401    0.05963
       510    2.16158    0.11791    0.01396    0.05995
       511    2.16069    0.11884    0.01420    0.06217
       512    2.16181    0.11792    0.01396    0.05951
       513    2.16023    0.11841    0.01410    0.06647
       514    2.16137    0.11836    0.01407    0.05979
       515    2.16157    0.11838    0.01407    0.05989
       516    2.16094    0.11906    0.01424    0.06127
       517    2.16276    0.11810    0.01399    0.06595
       518    2.16277    0.11791    0.01394    0.06636
       519    2.16160    0.11807    0.01400    0.05899
       520    2.16137    0.11865    0.01414    0.05943
       521    2.16130    0.11840    0.01408    0.05959
       522    2.16082    0.11901    0.01423    0.06141
       523    2.16165    0.11770    0.01391    0.05897
       524    2.16084    0.11824    0.01405    0.06110
       525    2.16182    0.11785    0.01394    0.05883
       526    2.16158    0.11830    0.01405    0.05896
       527    2.16106    0.11849    0.01411    0.06028
       528    2.16044    0.11972    0.01441    0.06418
       529    2.16031    0.11928    0.01431    0.06517
       530    2.16069    0.11866    0.01415    0.06239
       531    2.16210    0.11876    0.01415    0.06152
       532    2.16084    0.11945    0.01434    0.06166
       533    2.16209    0.11777    0.01392    0.06063
       534    2.16137    0.11805    0.01400    0.05935
       535    2.16242    0.11793    0.01395    0.06241
       536    2.16096    0.11894    0.01422    0.06109
       537    2.16212    0.11837    0.01406    0.06104
       538    2.16147    0.11844    0.01409    0.05956
       539    2.16099    0.11824    0.01405    0.06036
       540    2.16189    0.11861    0.01412    0.05982
       541    2.16148    0.11815    0.01402    0.05892
       542    2.16119    0.11821    0.01404    0.05990
       543    2.16162    0.11856    0.01411    0.05955
       544    2.16215    0.11685    0.01370    0.05818
       545    2.16202    0.11743    0.01384    0.05856
       546    2.16138    0.11876    0.01416    0.05956
       547    2.16200    0.11769    0.01390    0.05989
       548    2.16171    0.11801    0.01398    0.05920
       549    2.16130    0.11793    0.01397    0.05881
       550    2.16135    0.11792    0.01397    0.05926
       551    2.16163    0.11723    0.01380    0.05862
       552    2.16122    0.11857    0.01412    0.06024
       553    2.16192    0.11759    0.01388    0.05930
       554    2.16174    0.11795    0.01397    0.05846
       555    2.16094    0.11807    0.01401    0.06069
       556    2.16168    0.11834    0.01406    0.05893
       557    2.16189    0.11809    0.01400    0.05908
       558    2.16150    0.11805    0.01399    0.05918
       559    2.16177    0.11742    0.01384    0.05881
       560    2.16145    0.11793    0.01397    0.05896
       561    2.16097    0.11800    0.01399    0.06068
       562    2.16127    0.11810    0.01401    0.05937
       563    2.16214    0.11748    0.01385    0.05977
       564    2.16142    0.11784    0.01395    0.05926
       565    2.16187    0.11751    0.01386    0.05935
       566    2.16188    0.11722    0.01379    0.05853
       567    2.16115    0.11843    0.01409    0.05989
       568    2.16242    0.11717    0.01377    0.06067
       569    2.16129    0.11839    0.01408    0.05955
       570    2.16124    0.11777    0.01393    0.05933
       571    2.16228    0.11742    0.01383    0.06042
       572    2.16155    0.11761    0.01389    0.05885
       573    2.16133    0.11780    0.01394    0.05896
       574    2.16126    0.11745    0.01386    0.05963
       575    2.16175    0.11700    0.01375    0.05743
       576    2.16191    0.11710    0.01377    0.05833
       577    2.16226    0.11767    0.01389    0.06010
       578    2.16140    0.11755    0.01388    0.05889
       579    2.16093    0.11759    0.01390    0.06123
       580    2.16258    0.11691    0.01371    0.06136
       581    2.16194    0.11756    0.01387    0.05902
       582    2.16215    0.11705    0.01375    0.05891
       583    2.16068    0.11883    0.01419    0.06341
       584    2.16130    0.11767    0.01391    0.05902
       585    2.16125    0.11835    0.01407    0.06001
       586    2.16163    0.11727    0.01381    0.05792
       587    2.16192    0.11778    0.01392    0.05935
       588    2.16151    0.11791    0.01396    0.05915
       589    2.16199    0.11810    0.01400    0.06006
       590    2.16106    0.11779    0.01394    0.06065
       591    2.16039    0.11883    0.01420    0.06571
       592    2.16266    0.11725    0.01379    0.06240
       593    2.16225    0.11697    0.01373    0.05855
       594    2.16139    0.11800    0.01398    0.05923
       595    2.16201    0.11708    0.01376    0.05828
       596    2.16215    0.11619    0.01355    0.05815
       597    2.16124    0.11773    0.01392    0.05960
       598    2.16165    0.11750    0.01386    0.05843
       599    2.16169    0.11752    0.01387    0.05848
       600    2.16084    0.11796    0.01398    0.06204
       601    2.16238    0.11719    0.01378    0.06020
       602    2.16169    0.11699    0.01374    0.05845
       603    2.16176    0.11677    0.01369    0.05827
       604    2.16207    0.11683    0.01370    0.05819
       605    2.16091    0.11709    0.01378    0.06143
       606    2.16246    0.11655    0.01363    0.06017
       607    2.16090    0.11738    0.01385    0.06152
       608    2.16177    0.11799    0.01398    0.05912
       609    2.16255    0.11663    0.01365    0.05960
       610    2.16167    0.11687    0.01371    0.05799
       611    2.16133    0.11812    0.01401    0.05942
       612    2.16143    0.11750    0.01387    0.05877
       613    2.16293    0.11644    0.01360    0.06270
       614    2.16080    0.11738    0.01385    0.06248
       615    2.16234    0.11692    0.01372    0.05954
       616    2.16119    0.11705    0.01376    0.05976
       617    2.16228    0.11696    0.01373    0.05949
       618    2.16231    0.11726    0.01380    0.05961
       619    2.16134    0.11720    0.01380    0.05870
       620    2.16195    0.11634    0.01359    0.05729
       621    2.16144    0.11741    0.01385    0.05905
       622    2.16253    0.11656    0.01363    0.05980
       623    2.16229    0.11633    0.01358    0.05815
       624    2.16072    0.11771    0.01393    0.06399
       625    2.16112    0.11734    0.01383    0.06033
       626    2.16175    0.11733    0.01382    0.05852
       627    2.16196    0.11717    0.01378    0.05903
       628    2.16250    0.11654    0.01363    0.06012
       629    2.16167    0.11709    0.01377    0.05831
       630    2.16246    0.11647    0.01361    0.06053
       631    2.16169    0.11695    0.01373    0.05842
       632    2.16102    0.11703    0.01376    0.06088
       633    2.16162    0.11659    0.01365    0.05810
       634    2.16156    0.11721    0.01380    0.05854
       635    2.16022    0.11760    0.01391    0.06792
       636    2.16252    0.11669    0.01366    0.06064
       637    2.16296    0.11680    0.01368    0.06415
       638    2.16112    0.11747    0.01386    0.06042
       639    2.16103    0.11789    0.01396    0.06114
       640    2.16260    0.11662    0.01364    0.06115
       641    2.16175    0.11676    0.01369    0.05823
       642    2.16140    0.11686    0.01372    0.05899
       643    2.16234    0.11686    0.01370    0.05915
       644    2.16134    0.11763    0.01390    0.05922
       645    2.16227    0.11622    0.01355    0.05797
       646    2.16160    0.11664    0.01366    0.05814
       647    2.16174    0.11656    0.01364    0.05761
       648    2.16256    0.11567    0.01342    0.05917
       649    2.16125    0.11729    0.01382    0.05983
       650    2.16171    0.11665    0.01366    0.05827
       651    2.16187    0.11640    0.01360    0.05856
       652    2.16268    0.11560    0.01341    0.05984
       653    2.16169    0.11668    0.01367    0.05776
       654    2.16094    0.11750    0.01387    0.06165
       655    2.16187    0.11663    0.01366    0.05824
       656    2.16206    0.11632    0.01358    0.05789
       657    2.16149    0.11666    0.01367    0.05905
       658    2.16184    0.11603    0.01352    0.05753
       659    2.16277    0.11593    0.01348    0.06106
       660    2.16268    0.11509    0.01329    0.05807
       661    2.16150    0.11626    0.01357    0.05828
       662    2.16164    0.11647    0.01362    0.05816
       663    2.16250    0.11569    0.01343    0.05834
       664    2.16185    0.11634    0.01359    0.05807
       665    2.16068    0.11634    0.01361    0.06362
       666    2.16147    0.11650    0.01363    0.05891
       667    2.16218    0.11584    0.01347    0.05788
       668    2.16214    0.11615    0.01354    0.05800
       669    2.16208    0.11643    0.01361    0.05802
       670    2.16253    0.11595    0.01349    0.05898
       671    2.16220    0.11684    0.01370    0.05894
       672    2.16227    0.11593    0.01349    0.05779
       673    2.16090    0.11683    0.01372    0.06129
       674    2.16206    0.11588    0.01348    0.05796
       675    2.16051    0.11694    0.01375    0.06630
       676    2.16295    0.11599    0.01349    0.06283
       677    2.16165    0.11605    0.01352    0.05799
       678    2.16065    0.11731    0.01384    0.06496
       679    2.16184    0.11632    0.01358    0.05792
       680    2.16253    0.11507    0.01328    0.05814
       681    2.16213    0.11580    0.01346    0.05773
       682    2.16081    0.11707    0.01378    0.06285
       683    2.16260    0.11560    0.01341    0.05947
       684    2.16224    0.11609    0.01352    0.05862
       685    2.16251    0.11562    0.01341    0.05923
       686    2.16254    0.11527    0.01333    0.05819
       687    2.16016    0.11714    0.01380    0.07018
       688    2.16081    0.11709    0.01378    0.06358
       689    2.16231    0.11606    0.01352    0.05842
       690    2.16115    0.11601    0.01352    0.06042
       691    2.16216    0.11588    0.01348    0.05799
       692    2.16243    0.11617    0.01354    0.05955
       693    2.16131    0.11665    0.01367    0.06042
       694    2.16258    0.11641    0.01359    0.06085
       695    2.16182    0.11553    0.01340    0.05737
       696    2.16217    0.11644    0.01361    0.05829
       697    2.16244    0.11510    0.01329    0.05798
       698    2.16171    0.11600    0.01351    0.05781
       699    2.16228    0.11631    0.01358    0.05876
       700    2.16170    0.11575    0.01345    0.05787
       701    2.16195    0.11570    0.01344    0.05764
       702    2.16224    0.11561    0.01341    0.05770
       703    2.16277    0.11535    0.01335    0.05948
       704    2.16119    0.11584    0.01348    0.06027
       705    2.16190    0.11550    0.01339    0.05713
       706    2.16196    0.11581    0.01346    0.05769
       707    2.16198    0.11615    0.01354    0.05806
       708    2.16190    0.11535    0.01336    0.05726
       709    2.16226    0.11578    0.01345    0.05820
       710    2.16130    0.11620    0.01357    0.05953
       711    2.16179    0.11615    0.01354    0.05827
       712    2.16146    0.11576    0.01346    0.05847
       713    2.16109    0.11633    0.01360    0.06172
       714    2.16112    0.11642    0.01362    0.06060
       715    2.16312    0.11486    0.01323    0.06215
       716    2.16186    0.11609    0.01353    0.05751
       717    2.16185    0.11561    0.01342    0.05751
       718    2.16192    0.11565    0.01343    0.05716
       719    2.16200    0.11534    0.01335    0.05686
       720    2.16233    0.11624    0.01356    0.05871
       721    2.16206    0.11536    0.01336    0.05716
       722    2.16179    0.11535    0.01336    0.05762
       723    2.16163    0.11536    0.01337    0.05784
       724    2.16222    0.11544    0.01338    0.05735
       725    2.16177    0.11557    0.01341    0.05794
       726    2.16178    0.11583    0.01347    0.05800
       727    2.16181    0.11580    0.01346    0.05763
       728    2.16222    0.11572    0.01344    0.05842
       729    2.16259    0.11574    0.01344    0.05967
       730    2.16202    0.11503    0.01328    0.05696
       731    2.16200    0.11566    0.01343    0.05782
       732    2.16374    0.11411    0.01305    0.06713
       733    2.16120    0.11569    0.01345    0.06013
       734    2.16210    0.11467    0.01320    0.05662
       735    2.16155    0.11527    0.01335    0.05799
       736    2.16143    0.11538    0.01337    0.05897
       737    2.16221    0.11494    0.01326    0.05726
       738    2.16200    0.11541    0.01337    0.05756
       739    2.16226    0.11491    0.01325    0.05748
       740    2.16262    0.11512    0.01329    0.05912
       741    2.15982    0.11643    0.01364    0.07532
       742    2.16213    0.11522    0.01333    0.05756
       743    2.16146    0.11591    0.01350    0.05911
       744    2.16175    0.11591    0.01349    0.05793
       745    2.16206    0.11543    0.01337    0.05737
       746    2.16289    0.11456    0.01316    0.06009
       747    2.16084    0.11650    0.01364    0.06347
       748    2.16216    0.11629    0.01357    0.05887
       749    2.16180    0.11507    0.01329    0.05762
       750    2.16246    0.11502    0.01327    0.05789
       751    2.16189    0.11561    0.01342    0.05740
       752    2.16155    0.11593    0.01350    0.05822
       753    2.16178    0.11626    0.01357    0.05818
       754    2.16196    0.11522    0.01333    0.05710
       755    2.16253    0.11465    0.01319    0.05788
       756    2.16286    0.11517    0.01330    0.06079
       757    2.16226    0.11506    0.01329    0.05724
       758    2.16269    0.11473    0.01320    0.05823
       759    2.16201    0.11486    0.01325    0.05727
       760    2.16164    0.11536    0.01336    0.05830
       761    2.16289    0.11459    0.01317    0.06006
       762    2.16206    0.11394    0.01303    0.05606
       763    2.16199    0.11450    0.01316    0.05688
       764    2.16173    0.11524    0.01334    0.05772
       765    2.16147    0.11517    0.01332    0.05902
       766    2.16295    0.11400    0.01304    0.05873
       767    2.16189    0.11485    0.01324    0.05700
       768    2.16262    0.11434    0.01312    0.05838
       769    2.16174    0.11425    0.01311    0.05720
       770    2.16230    0.11445    0.01315    0.05687
       771    2.16161    0.11509    0.01330    0.05812
       772    2.16199    0.11456    0.01318    0.05702
       773    2.16128    0.11581    0.01347    0.06012
       774    2.16201    0.11496    0.01327    0.05685
       775    2.16232    0.11404    0.01305    0.05662
       776    2.16126    0.11500    0.01329    0.05996
       777    2.16179    0.11487    0.01325    0.05744
       778    2.16292    0.11448    0.01315    0.05968
       779    2.16123    0.11509    0.01331    0.06020
       780    2.16261    0.11469    0.01320    0.05859
       781    2.16087    0.11544    0.01339    0.06226
       782    2.16211    0.11486    0.01324    0.05735
       783    2.16370    0.11331    0.01287    0.06571
       784    2.16174    0.11468    0.01321    0.05740
       785    2.16098    0.11504    0.01330    0.06197
       786    2.16193    0.11497    0.01327    0.05757
       787    2.16232    0.11476    0.01322    0.05799
       788    2.16153    0.11477    0.01323    0.05832
       789    2.16304    0.11404    0.01304    0.06065
       790    2.16168    0.11466    0.01320    0.05762
       791    2.16309    0.11413    0.01306    0.06078
       792    2.16275    0.11380    0.01299    0.05738
       793    2.16140    0.11475    0.01323    0.05894
       794    2.16091    0.11557    0.01343    0.06287
       795    2.16243    0.11467    0.01319    0.05737
       796    2.16209    0.11453    0.01317    0.05661
       797    2.16237    0.11464    0.01319    0.05778
       798    2.16178    0.11440    0.01314    0.05719
       799    2.16238    0.11420    0.01309    0.05687
       800    2.16177    0.11413    0.01308    0.05726
       801    2.16228    0.11491    0.01325    0.05733
       802    2.16187    0.11421    0.01310    0.05693
       803    2.16222    0.11419    0.01309    0.05657
       804    2.16233    0.11407    0.01306    0.05675
       805    2.16199    0.11437    0.01313    0.05675
       806    2.16283    0.11403    0.01304    0.05906
       807    2.16193    0.11416    0.01308    0.05663
       808    2.16179    0.11450    0.01317    0.05727
       809    2.16192    0.11449    0.01316    0.05670
       810    2.16264    0.11408    0.01306    0.05738
       811    2.16260    0.11434    0.01312    0.05790
       812    2.16139    0.11423    0.01311    0.05892
       813    2.16248    0.11431    0.01311    0.05766
       814    2.16290    0.11374    0.01298    0.05838
       815    2.16204    0.11449    0.01316    0.05718
       816    2.16215    0.11367    0.01297    0.05597
       817    2.16155    0.11474    0.01322    0.05837
       818    2.16170    0.11462    0.01319    0.05739
       819    2.16145    0.11492    0.01327    0.05916
       820    2.16218    0.11445    0.01315    0.05713
       821    2.16109    0.11527    0.01335    0.06151
       822    2.16278    0.11447    0.01314    0.05933
       823    2.16205    0.11485    0.01324    0.05759
       824    2.16138    0.11465    0.01320    0.05965
       825    2.16251    0.11472    0.01320    0.05853
       826    2.16253    0.11286    0.01278    0.05579
       827    2.16324    0.11314    0.01284    0.06012
       828    2.16163    0.11418    0.01309    0.05816
       829    2.16127    0.11459    0.01319    0.06052
       830    2.16174    0.11437    0.01314    0.05776
       831    2.16206    0.11403    0.01305    0.05673
       832    2.16246    0.11407    0.01306    0.05706
       833    2.16240    0.11352    0.01293    0.05638
       834    2.16218    0.11426    0.01310    0.05690
       835    2.16159    0.11455    0.01318    0.05859
       836    2.16138    0.11450    0.01317    0.05982
       837    2.16276    0.11356    0.01294    0.05827
       838    2.16127    0.11433    0.01313    0.06041
       839    2.16301    0.11387    0.01300    0.06052
       840    2.16221    0.11386    0.01301    0.05628
       841    2.16258    0.11405    0.01305    0.05752
       842    2.16307    0.11297    0.01280    0.05911
       843    2.16222    0.11378    0.01300    0.05629
       844    2.16237    0.11367    0.01297    0.05664
       845    2.16146    0.11385    0.01302    0.05872
       846    2.16307    0.11314    0.01284    0.06018
       847    2.16185    0.11326    0.01288    0.05694
       848    2.16227    0.11352    0.01294    0.05640
       849    2.16168    0.11393    0.01304    0.05758
       850    2.16226    0.11342    0.01291    0.05593
       851    2.16239    0.11365    0.01296    0.05648
       852    2.16193    0.11406    0.01306    0.05727
       853    2.16153    0.11374    0.01300    0.05801
       854    2.16276    0.11326    0.01287    0.05808
       855    2.16321    0.11275    0.01275    0.05952
       856    2.16121    0.11414    0.01309    0.06147
       857    2.16197    0.11349    0.01293    0.05659
       858    2.16133    0.11313    0.01286    0.06017
       859    2.16277    0.11355    0.01294    0.05834
       860    2.16159    0.11460    0.01319    0.05865
       861    2.16215    0.11406    0.01306    0.05660
       862    2.16319    0.11265    0.01273    0.05904
       863    2.16182    0.11297    0.01282    0.05659
       864    2.16247    0.11322    0.01286    0.05652
       865    2.16267    0.11270    0.01274    0.05636
       866    2.16218    0.11301    0.01282    0.05575
       867    2.16171    0.11400    0.01305    0.05765
       868    2.16226    0.11304    0.01283    0.05625
       869    2.16272    0.11292    0.01279    0.05723
       870    2.16250    0.11269    0.01274    0.05628
       871    2.16199    0.11275    0.01276    0.05597
       872    2.16217    0.11305    0.01283    0.05639
       873    2.16191    0.11364    0.01297    0.05684
       874    2.16174    0.11384    0.01301    0.05784
       875    2.16215    0.11313    0.01285    0.05620
       876    2.16235    0.11323    0.01287    0.05631
       877    2.16305    0.11259    0.01272    0.05832
       878    2.16260    0.11274    0.01275    0.05647
       879    2.16165    0.11321    0.01287    0.05784
       880    2.16257    0.11262    0.01273    0.05548
       881    2.16143    0.11394    0.01304    0.05929
       882    2.16252    0.11310    0.01284    0.05623
       883    2.16250    0.11267    0.01274    0.05587
       884    2.16206    0.11268    0.01275    0.05564
       885    2.16168    0.11276    0.01277    0.05777
       886    2.16217    0.11341    0.01291    0.05683
       887    2.16377    0.11159    0.01248    0.06387
       888    2.16148    0.11385    0.01302    0.05875
       889    2.16162    0.11371    0.01299    0.05818
       890    2.16168    0.11300    0.01282    0.05773
       891    2.16132    0.11400    0.01306    0.06046
       892    2.16287    0.11271    0.01274    0.05814
       893    2.16319    0.11247    0.01269    0.05922
       894    2.16198    0.11301    0.01282    0.05622
       895    2.16239    0.11299    0.01281    0.05641
       896    2.16043    0.11418    0.01311    0.06928
       897    2.16263    0.11345    0.01291    0.05787
       898    2.16196    0.11357    0.01295    0.05648
       899    2.16302    0.11222    0.01263    0.05828
       900    2.16281    0.11288    0.01278    0.05700
       901    2.16142    0.11318    0.01287    0.05889
       902    2.16266    0.11295    0.01280    0.05662
       903    2.16237    0.11283    0.01278    0.05634
       904    2.16119    0.11357    0.01296    0.06116
       905    2.16230    0.11386    0.01301    0.05731
       906    2.16243    0.11299    0.01281    0.05613
       907    2.16201    0.11282    0.01278    0.05658
       908    2.16271    0.11284    0.01277    0.05748
       909    2.16225    0.11254    0.01271    0.05585
       910    2.16194    0.11373    0.01299    0.05714
       911    2.16270    0.11188    0.01256    0.05584
       912    2.16299    0.11221    0.01263    0.05820
       913    2.16177    0.11305    0.01284    0.05695
       914    2.16310    0.11198    0.01258    0.05832
       915    2.16165    0.11290    0.01280    0.05792
       916    2.16041    0.11382    0.01303    0.06966
       917    2.16126    0.11390    0.01304    0.06035
       918    2.16393    0.11236    0.01265    0.06761
       919    2.16223    0.11290    0.01280    0.05601
       920    2.16272    0.11260    0.01272    0.05683
       921    2.16198    0.11263    0.01274    0.05612
       922    2.16123    0.11405    0.01307    0.06111
       923    2.16199    0.11357    0.01295    0.05712
       924    2.16179    0.11314    0.01286    0.05747
       925    2.16307    0.11197    0.01257    0.05730
       926    2.16191    0.11289    0.01280    0.05685
       927    2.16235    0.11296    0.01281    0.05666
       928    2.16327    0.11233    0.01265    0.06066
       929    2.16156    0.11315    0.01286    0.05873
       930    2.16239    0.11315    0.01285    0.05661
       931    2.16205    0.11316    0.01286    0.05700
       932    2.16333    0.11183    0.01254    0.06018
       933    2.16168    0.11288    0.01280    0.05777
       934    2.16177    0.11291    0.01280    0.05714
       935    2.16332    0.11180    0.01253    0.05963
       936    2.16234    0.11220    0.01263    0.05550
       937    2.16236    0.11260    0.01272    0.05593
       938    2.16253    0.11191    0.01257    0.05545
       939    2.16171    0.11215    0.01263    0.05700
       940    2.16296    0.11191    0.01256    0.05746
       941    2.16186    0.11245    0.01270    0.05728
       942    2.16296    0.11208    0.01260    0.05787
       943    2.16209    0.11181    0.01255    0.05557
       944    2.16129    0.11281    0.01279    0.06094
       945    2.16242    0.11222    0.01264    0.05538
       946    2.16132    0.11377    0.01301    0.06049
       947    2.16110    0.11338    0.01292    0.06195
       948    2.16320    0.11181    0.01254    0.05893
       949    2.16290    0.11245    0.01268    0.05702
       950    2.16304    0.11255    0.01271    0.05873
       951    2.16232    0.11202    0.01260    0.05562
       952    2.16315    0.11178    0.01253    0.05805
       953    2.16203    0.11244    0.01269    0.05658
       954    2.16206    0.11222    0.01264    0.05574
       955    2.16222    0.11264    0.01274    0.05628
       956    2.16284    0.11235    0.01266    0.05690
       957    2.16264    0.11195    0.01258    0.05604
       958    2.16251    0.11227    0.01265    0.05557
       959    2.16194    0.11240    0.01269    0.05602
       960    2.16192    0.11249    0.01271    0.05674
       961    2.16213    0.11209    0.01261    0.05593
       962    2.16130    0.11241    0.01270    0.06047
       963    2.16303    0.11146    0.01246    0.05692
       964    2.16259    0.11202    0.01259    0.05590
       965    2.16212    0.11222    0.01264    0.05616
       966    2.16168    0.11202    0.01261    0.05723
       967    2.16303    0.11150    0.01247    0.05690
       968    2.16118    0.11265    0.01275    0.06131
       969    2.16260    0.11231    0.01266    0.05644
       970    2.16214    0.11229    0.01266    0.05622
       971    2.16230    0.11229    0.01266    0.05603
       972    2.16141    0.11304    0.01284    0.05973
       973    2.16312    0.11167    0.01251    0.05837
       974    2.16269    0.11204    0.01259    0.05602
       975    2.16218    0.11235    0.01267    0.05637
       976    2.16312    0.11177    0.01253    0.05895
       977    2.16247    0.11148    0.01247    0.05535
       978    2.16308    0.11155    0.01248    0.05737
       979    2.16214    0.11163    0.01251    0.05552
       980    2.16242    0.11160    0.01250    0.05557
       981    2.16080    0.11255    0.01274    0.06596
       982    2.16252    0.11182    0.01255    0.05569
       983    2.16237    0.11212    0.01262    0.05598
       984    2.16252    0.11202    0.01259    0.05600
       985    2.16291    0.11142    0.01245    0.05637
       986    2.16329    0.11092    0.01234    0.05828
       987    2.16197    0.11180    0.01255    0.05637
       988    2.16183    0.11216    0.01263    0.05730
       989    2.16164    0.11220    0.01265    0.05854
       990    2.16288    0.11120    0.01241    0.05611
       991    2.16263    0.11153    0.01248    0.05509
       992    2.16305    0.11105    0.01237    0.05638
       993    2.16263    0.11132    0.01244    0.05570
       994    2.16128    0.11197    0.01260    0.06086
       995    2.16203    0.11191    0.01257    0.05640
       996    2.16222    0.11185    0.01256    0.05561
       997    2.16260    0.11142    0.01246    0.05548
       998    2.16211    0.11171    0.01253    0.05563
       999    2.16223    0.11168    0.01252    0.05567

Final Weights:         0.4662525644         0.1935504188        -0.4741375784        -0.1832735895 