# Cycles, Average Predicted Temperature, Stddev Predicted Temperature, Mean Squared Error, || MSE Gradient ||
         0 2.4238672e-01 3.9369842e-02 3.9275549e+00 1.3099886e+01
         1 2.8905140e-01 5.0919925e-02 3.7458512e+00 1.4553082e+01
         2 3.4813445e-01 6.6551030e-02 3.5225563e+00 1.6152089e+01
         3 4.2413545e-01 8.7465470e-02 3.2464485e+00 1.7880820e+01
         4 5.2119988e-01 1.1566785e-01 2.9122317e+00 1.9586163e+01
         5 6.4589528e-01 1.5382714e-01 2.5134512e+00 2.1073077e+01
         6 8.0359132e-01 2.0374910e-01 2.0585110e+00 2.1954932e+01
         7 9.9696226e-01 2.6655030e-01 1.5761839e+00 2.1671541e+01
         8 1.2195427e+00 3.4051183e-01 1.1244842e+00 1.9673138e+01
         9 1.4521721e+00 4.1861000e-01 7.7064646e-01 1.5873937e+01
        10 1.6598418e+00 4.8510907e-01 5.5338149e-01 1.1257395e+01
        11 1.8168007e+00 5.3291794e-01 4.4965123e-01 7.2904634e+00
        12 1.9140277e+00 5.5627569e-01 4.0540255e-01 5.0772418e+00
        13 1.9677366e+00 5.6285898e-01 3.8237952e-01 4.2325906e+00
        14 1.9967390e+00 5.5979393e-01 3.6492667e-01 3.9547958e+00
        15 2.0118378e+00 5.5245458e-01 3.5013471e-01 3.8276244e+00
        16 2.0243455e+00 5.4295017e-01 3.3457764e-01 3.7094501e+00
        17 2.0317035e+00 5.3470173e-01 3.2280761e-01 3.6338884e+00
        18 2.0395368e+00 5.2467723e-01 3.0923972e-01 3.5414591e+00
        19 2.0451235e+00 5.1549087e-01 2.9765670e-01 3.4623658e+00
        20 2.0522937e+00 5.0501594e-01 2.8445606e-01 3.3657228e+00
        21 2.0566377e+00 4.9684194e-01 2.7479567e-01 3.2980376e+00
        22 2.0610625e+00 4.8611349e-01 2.6279033e-01 3.2059023e+00
        23 2.0677881e+00 4.7755791e-01 2.5240179e-01 3.1240837e+00
        24 2.0723557e+00 4.6915055e-01 2.4303810e-01 3.0558499e+00
        25 2.0786450e+00 4.6175538e-01 2.3428848e-01 2.9896939e+00
        26 2.0808713e+00 4.5245505e-01 2.2514463e-01 2.9148724e+00
        27 2.0878617e+00 4.4509545e-01 2.1658963e-01 2.8475852e+00
        28 2.0899314e+00 4.3663543e-01 2.0857175e-01 2.7852345e+00
        29 2.0935785e+00 4.2851969e-01 2.0058719e-01 2.7136201e+00
        30 2.0978990e+00 4.2248573e-01 1.9434567e-01 2.6681357e+00
        31 2.1012405e+00 4.1361674e-01 1.8610004e-01 2.5911434e+00
        32 2.1069367e+00 4.0781323e-01 1.7996904e-01 2.5425472e+00
        33 2.1097571e+00 4.0069144e-01 1.7355979e-01 2.4827544e+00
        34 2.1119924e+00 3.9430447e-01 1.6797732e-01 2.4371641e+00
        35 2.1145790e+00 3.8765292e-01 1.6220436e-01 2.3878436e+00
        36 2.1175901e+00 3.8094723e-01 1.5640168e-01 2.3337798e+00
        37 2.1215741e+00 3.7431290e-01 1.5056061e-01 2.2765376e+00
        38 2.1240308e+00 3.6833260e-01 1.4562311e-01 2.2327046e+00
        39 2.1269421e+00 3.6202780e-01 1.4044588e-01 2.1798344e+00
        40 2.1281740e+00 3.5535607e-01 1.3542258e-01 2.1330133e+00
        41 2.1330370e+00 3.5060400e-01 1.3116139e-01 2.0935702e+00
        42 2.1341478e+00 3.4494794e-01 1.2702689e-01 2.0538018e+00
        43 2.1368276e+00 3.3909190e-01 1.2254779e-01 2.0064224e+00
        44 2.1396275e+00 3.3428821e-01 1.1883389e-01 1.9720753e+00
        45 2.1427399e+00 3.2932216e-01 1.1502408e-01 1.9289579e+00
        46 2.1424716e+00 3.2374037e-01 1.1142239e-01 1.8921151e+00
        47 2.1436819e+00 3.1838232e-01 1.0778648e-01 1.8568000e+00
        48 2.1483900e+00 3.1406850e-01 1.0432593e-01 1.8186009e+00
        49 2.1495559e+00 3.0919690e-01 1.0111516e-01 1.7841264e+00
        50 2.1508948e+00 3.0439385e-01 9.7971013e-02 1.7473332e+00
        51 2.1535522e+00 2.9963075e-01 9.4713575e-02 1.7141463e+00
        52 2.1550074e+00 2.9524032e-01 9.1899496e-02 1.6806703e+00
        53 2.1556556e+00 2.9096133e-01 8.9302381e-02 1.6511800e+00
        54 2.1568866e+00 2.8657697e-01 8.6603976e-02 1.6242508e+00
        55 2.1596035e+00 2.8231859e-01 8.3825186e-02 1.5870030e+00
        56 2.1608113e+00 2.7833710e-01 8.1439320e-02 1.5570632e+00
        57 2.1609626e+00 2.7373199e-01 7.8877947e-02 1.5285956e+00
        58 2.1645414e+00 2.7084928e-01 7.6871100e-02 1.5058028e+00
        59 2.1661078e+00 2.6626243e-01 7.4224256e-02 1.4728724e+00
        60 2.1672595e+00 2.6295100e-01 7.2340243e-02 1.4505057e+00
        61 2.1674395e+00 2.5866918e-01 7.0086430e-02 1.4206773e+00
        62 2.1693908e+00 2.5484189e-01 6.7904926e-02 1.3917688e+00
        63 2.1689600e+00 2.5178261e-01 6.6402087e-02 1.3700060e+00
        64 2.1725763e+00 2.4815536e-01 6.4205120e-02 1.3442490e+00
        65 2.1710758e+00 2.4448660e-01 6.2553710e-02 1.3217774e+00
        66 2.1744841e+00 2.4194536e-01 6.0969769e-02 1.2987974e+00
        67 2.1743480e+00 2.3809784e-01 5.9136243e-02 1.2716017e+00
        68 2.1759509e+00 2.3556177e-01 5.7779039e-02 1.2528842e+00
        69 2.1767089e+00 2.3183732e-01 5.5966266e-02 1.2311184e+00
        70 2.1782319e+00 2.2868383e-01 5.4372889e-02 1.2086926e+00
        71 2.1791302e+00 2.2609381e-01 5.3113944e-02 1.1885360e+00
        72 2.1796888e+00 2.2252179e-01 5.1461889e-02 1.1641565e+00
        73 2.1795775e+00 2.2087474e-01 5.0741427e-02 1.1551587e+00
        74 2.1813200e+00 2.1726108e-01 4.9007067e-02 1.1300177e+00
        75 2.1827056e+00 2.1406103e-01 4.7511003e-02 1.1083118e+00
        76 2.1825563e+00 2.1203048e-01 4.6658099e-02 1.0933985e+00
        77 2.1841778e+00 2.0885327e-01 4.5189730e-02 1.0725820e+00
        78 2.1840742e+00 2.0658483e-01 4.4255561e-02 1.0558221e+00
        79 2.1858393e+00 2.0413325e-01 4.3111520e-02 1.0379744e+00
        80 2.1854307e+00 2.0159569e-01 4.2113153e-02 1.0227522e+00
        81 2.1867380e+00 1.9898574e-01 4.0969037e-02 1.0035838e+00
        82 2.1890930e+00 1.9693515e-01 3.9988144e-02 9.9141811e-01
        83 2.1869156e+00 1.9416089e-01 3.9059028e-02 9.7165611e-01
        84 2.1897206e+00 1.9160049e-01 3.7872264e-02 9.5414654e-01
        85 2.1893554e+00 1.8985966e-01 3.7233235e-02 9.4082698e-01
        86 2.1902914e+00 1.8772626e-01 3.6364082e-02 9.2415344e-01
        87 2.1899856e+00 1.8535824e-01 3.5501202e-02 9.1039948e-01
        88 2.1925466e+00 1.8330026e-01 3.4575858e-02 8.9692729e-01
        89 2.1925722e+00 1.8129284e-01 3.3842368e-02 8.8306257e-01
        90 2.1936399e+00 1.7936759e-01 3.3082460e-02 8.7151943e-01
        91 2.1923538e+00 1.7663082e-01 3.2187413e-02 8.5468871e-01
        92 2.1931273e+00 1.7475207e-01 3.1479202e-02 8.3947341e-01
        93 2.1936640e+00 1.7342080e-01 3.0983049e-02 8.2800576e-01
        94 2.1945129e+00 1.7177483e-01 3.0364422e-02 8.1679262e-01
        95 2.1968831e+00 1.6972004e-01 2.9529500e-02 8.0706603e-01
        96 2.1948623e+00 1.6743060e-01 2.8870487e-02 7.8842256e-01
        97 2.1967388e+00 1.6613815e-01 2.8334282e-02 7.7863559e-01
        98 2.1956662e+00 1.6415051e-01 2.7736990e-02 7.6635861e-01
        99 2.1980529e+00 1.6228058e-01 2.6997986e-02 7.5436677e-01
       100 2.1983064e+00 1.6027324e-01 2.6337517e-02 7.3953281e-01
       101 2.1972142e+00 1.5940382e-01 2.6116471e-02 7.3187042e-01
       102 2.1994595e+00 1.5738385e-01 2.5362215e-02 7.2135642e-01
       103 2.1966607e+00 1.5573407e-01 2.4989726e-02 7.1207301e-01
       104 2.2005909e+00 1.5447291e-01 2.4400615e-02 7.0238954e-01
       105 2.1998394e+00 1.5297284e-01 2.3974878e-02 6.8842871e-01
       106 2.1997470e+00 1.5147976e-01 2.3524742e-02 6.7741980e-01
       107 2.2002814e+00 1.4986715e-01 2.3013363e-02 6.6815452e-01
       108 2.2004175e+00 1.4873550e-01 2.2669067e-02 6.5846582e-01
       109 2.2017707e+00 1.4715727e-01 2.2140626e-02 6.4768204e-01
       110 2.2012036e+00 1.4625891e-01 2.1902338e-02 6.4033842e-01
       111 2.2021093e+00 1.4473472e-01 2.1418694e-02 6.3137474e-01
       112 2.2019144e+00 1.4331618e-01 2.1018578e-02 6.2152894e-01
       113 2.2020854e+00 1.4208939e-01 2.0660989e-02 6.1174148e-01
       114 2.2039162e+00 1.4058501e-01 2.0159575e-02 6.0419148e-01
       115 2.2031674e+00 1.3946035e-01 1.9874959e-02 5.9406688e-01
       116 2.2028955e+00 1.3844247e-01 1.9603382e-02 5.8653793e-01
       117 2.2031764e+00 1.3690865e-01 1.9169378e-02 5.7590742e-01
       118 2.2047303e+00 1.3601450e-01 1.8863659e-02 5.7095368e-01
       119 2.2033182e+00 1.3466382e-01 1.8553913e-02 5.6022447e-01
       120 2.2054635e+00 1.3314442e-01 1.8063723e-02 5.5028642e-01
       121 2.2048581e+00 1.3268223e-01 1.7963427e-02 5.4412937e-01
       122 2.2045448e+00 1.3169244e-01 1.7713723e-02 5.3770173e-01
       123 2.2047913e+00 1.3002141e-01 1.7266960e-02 5.2771320e-01
       124 2.2057848e+00 1.2940148e-01 1.7069347e-02 5.1823627e-01
       125 2.2067459e+00 1.2868901e-01 1.6851759e-02 5.1506217e-01
       126 2.2056440e+00 1.2755976e-01 1.6601192e-02 5.0709847e-01
       127 2.2082672e+00 1.2640442e-01 1.6219396e-02 5.0573800e-01
       128 2.2069112e+00 1.2528338e-01 1.5981213e-02 4.9302920e-01
       129 2.2069410e+00 1.2396796e-01 1.5652336e-02 4.8532031e-01
       130 2.2057608e+00 1.2397041e-01 1.5694133e-02 4.8036996e-01
       131 2.2080951e+00 1.2281100e-01 1.5329235e-02 4.7047575e-01
       132 2.2073160e+00 1.2175755e-01 1.5096677e-02 4.6659054e-01
       133 2.2075564e+00 1.2064811e-01 1.4819873e-02 4.5848671e-01
       134 2.2075131e+00 1.2006410e-01 1.4680705e-02 4.5197978e-01
       135 2.2086402e+00 1.1938577e-01 1.4482829e-02 4.4648398e-01
       136 2.2091158e+00 1.1832774e-01 1.4217128e-02 4.3984946e-01
       137 2.2089041e+00 1.1769768e-01 1.4074678e-02 4.3543516e-01
       138 2.2074519e+00 1.1668322e-01 1.3882285e-02 4.2853148e-01
       139 2.2096599e+00 1.1592481e-01 1.3638549e-02 4.2021241e-01
       140 2.2096887e+00 1.1561337e-01 1.3565625e-02 4.1821345e-01
       141 2.2098462e+00 1.1445462e-01 1.3294613e-02 4.1023642e-01
       142 2.2092223e+00 1.1360002e-01 1.3117522e-02 4.0290178e-01
       143 2.2096245e+00 1.1327366e-01 1.3031915e-02 3.9874612e-01
       144 2.2105121e+00 1.1274853e-01 1.2888842e-02 3.9415025e-01
       145 2.2094299e+00 1.1157182e-01 1.2654817e-02 3.8792626e-01
       146 2.2100032e+00 1.1168920e-01 1.2664872e-02 3.8170366e-01
       147 2.2097016e+00 1.1059638e-01 1.2430371e-02 3.7663494e-01
       148 2.2104933e+00 1.1021979e-01 1.2325514e-02 3.7303877e-01
       149 2.2112654e+00 1.0968608e-01 1.2188192e-02 3.6670859e-01
       150 2.2118409e+00 1.0870528e-01 1.1959895e-02 3.6377357e-01
       151 2.2114563e+00 1.0771120e-01 1.1754109e-02 3.5718059e-01
       152 2.2107928e+00 1.0839231e-01 1.1918123e-02 3.5264568e-01
       153 2.2109946e+00 1.0675705e-01 1.1561089e-02 3.4636427e-01
       154 2.2115319e+00 1.0628918e-01 1.1447936e-02 3.4400758e-01
       155 2.2122726e+00 1.0594296e-01 1.1356829e-02 3.3809066e-01
       156 2.2122961e+00 1.0514364e-01 1.1187562e-02 3.3522271e-01
       157 2.2120451e+00 1.0477932e-01 1.1116921e-02 3.3048404e-01
       158 2.2111750e+00 1.0436893e-01 1.1052304e-02 3.2828955e-01
       159 2.2113155e+00 1.0411180e-01 1.0995168e-02 3.2340025e-01
       160 2.2119106e+00 1.0386047e-01 1.0928393e-02 3.1718704e-01
       161 2.2132335e+00 1.0261026e-01 1.0640550e-02 3.1275675e-01
       162 2.2111325e+00 1.0316878e-01 1.0804303e-02 3.1124856e-01
       163 2.2133670e+00 1.0216273e-01 1.0546105e-02 3.0378682e-01
       164 2.2128643e+00 1.0184295e-01 1.0491613e-02 3.0246203e-01
       165 2.2135743e+00 1.0118524e-01 1.0343052e-02 2.9798831e-01
       166 2.2133800e+00 1.0082193e-01 1.0273672e-02 2.9403966e-01
       167 2.2130303e+00 1.0025729e-01 1.0167546e-02 2.8914061e-01
       168 2.2122962e+00 1.0060086e-01 1.0252907e-02 2.8659075e-01
       169 2.2139492e+00 9.9625142e-02 1.0022238e-02 2.8243709e-01
       170 2.2136978e+00 9.9065241e-02 9.9160090e-03 2.7875621e-01
       171 2.2135034e+00 9.8811281e-02 9.8697220e-03 2.7454738e-01
       172 2.2131587e+00 9.9324073e-02 9.9785433e-03 2.7237333e-01
       173 2.2136945e+00 9.8555816e-02 9.8154021e-03 2.6739042e-01
       174 2.2137027e+00 9.7798074e-02 9.6664517e-03 2.6194897e-01
       175 2.2148614e+00 9.8015733e-02 9.6870112e-03 2.6518201e-01
       176 2.2139425e+00 9.6770191e-02 9.4616712e-03 2.5595831e-01
       177 2.2150132e+00 9.6797603e-02 9.4470119e-03 2.5447628e-01
       178 2.2132311e+00 9.6914734e-02 9.5042008e-03 2.5319733e-01
       179 2.2140727e+00 9.6262983e-02 9.3612142e-03 2.4740158e-01
       180 2.2143539e+00 9.6031796e-02 9.3113647e-03 2.4344937e-01
       181 2.2140494e+00 9.5962894e-02 9.3039829e-03 2.4259350e-01
       182 2.2159062e+00 9.4878906e-02 9.0643437e-03 2.4101990e-01
       183 2.2138567e+00 9.5267074e-02 9.1747174e-03 2.3778154e-01
       184 2.2154569e+00 9.4370704e-02 8.9754637e-03 2.3342702e-01
       185 2.2136660e+00 9.4862810e-02 9.1016841e-03 2.3298175e-01
       186 2.2160151e+00 9.4009814e-02 8.8984752e-03 2.2833450e-01
       187 2.2152755e+00 9.3495952e-02 8.8141883e-03 2.2216227e-01
       188 2.2148147e+00 9.3798109e-02 8.8788491e-03 2.2097876e-01
       189 2.2158473e+00 9.3357330e-02 8.7788617e-03 2.1855143e-01
       190 2.2143104e+00 9.2855724e-02 8.7122684e-03 2.1632398e-01
       191 2.2155967e+00 9.2503368e-02 8.6241943e-03 2.1174537e-01
       192 2.2157083e+00 9.2456608e-02 8.6137255e-03 2.0933652e-01
       193 2.2157255e+00 9.2651101e-02 8.6494507e-03 2.0783308e-01
       194 2.2149065e+00 9.2459664e-02 8.6279130e-03 2.0475025e-01
       195 2.2159641e+00 9.1800818e-02 8.4888159e-03 2.0318888e-01
       196 2.2153369e+00 9.1955075e-02 8.5273871e-03 1.9918748e-01
       197 2.2166996e+00 9.1055251e-02 8.3414976e-03 1.9982207e-01
       198 2.2155673e+00 9.1474871e-02 8.4354566e-03 1.9371267e-01
       199 2.2158628e+00 9.1303832e-02 8.3994147e-03 1.9293589e-01
       200 2.2162454e+00 9.0354483e-02 8.2210290e-03 1.8829753e-01
       201 2.2163972e+00 9.0233329e-02 8.1968792e-03 1.8790955e-01
       202 2.2153632e+00 9.1133765e-02 8.3765706e-03 1.8766187e-01
       203 2.2164642e+00 9.0495618e-02 8.2432952e-03 1.8397157e-01
       204 2.2153290e+00 9.0110883e-02 8.1917564e-03 1.8221115e-01
       205 2.2164907e+00 9.0172518e-02 8.1845327e-03 1.7599397e-01
       206 2.2155184e+00 9.0324459e-02 8.2271197e-03 1.7645889e-01
       207 2.2166321e+00 8.9922147e-02 8.1373946e-03 1.7322360e-01
       208 2.2160126e+00 8.9622340e-02 8.0928324e-03 1.7224335e-01
       209 2.2178121e+00 8.9065724e-02 7.9685776e-03 1.7635164e-01
       210 2.2161012e+00 8.9078438e-02 7.9942648e-03 1.6765939e-01
       211 2.2158547e+00 8.9548689e-02 8.0821212e-03 1.6784989e-01
       212 2.2175244e+00 8.8874030e-02 7.9379964e-03 1.6566902e-01
       213 2.2182016e+00 8.8370942e-02 7.8407838e-03 1.6683808e-01
       214 2.2158225e+00 8.8344091e-02 7.8683446e-03 1.6268019e-01
       215 2.2164961e+00 8.8576993e-02 7.8992545e-03 1.5864626e-01
       216 2.2168771e+00 8.8548657e-02 7.8888132e-03 1.5630348e-01
       217 2.2170860e+00 8.7849808e-02 7.7626886e-03 1.5162525e-01
       218 2.2160348e+00 8.8702391e-02 7.9284367e-03 1.5518134e-01
       219 2.2178716e+00 8.7780275e-02 7.7405418e-03 1.5380520e-01
       220 2.2178549e+00 8.7282966e-02 7.6536793e-03 1.4907678e-01
       221 2.2166810e+00 8.7668962e-02 7.7365497e-03 1.4590183e-01
       222 2.2171698e+00 8.7839598e-02 7.7597761e-03 1.4372255e-01
       223 2.2175942e+00 8.7444284e-02 7.6850346e-03 1.4118178e-01
       224 2.2161988e+00 8.7853834e-02 7.7760996e-03 1.4655446e-01
       225 2.2174050e+00 8.7415239e-02 7.6823407e-03 1.3811390e-01
       226 2.2178696e+00 8.7043280e-02 7.6117211e-03 1.3823902e-01
       227 2.2168398e+00 8.7797566e-02 7.7568791e-03 1.3661111e-01
       228 2.2177697e+00 8.7081186e-02 7.6195164e-03 1.3505632e-01
       229 2.2171165e+00 8.7143698e-02 7.6387149e-03 1.3284368e-01
       230 2.2175938e+00 8.6934895e-02 7.5962124e-03 1.3075991e-01
       231 2.2176700e+00 8.7071724e-02 7.6190820e-03 1.2665935e-01
       232 2.2175395e+00 8.6749199e-02 7.5646374e-03 1.2619328e-01
       233 2.2185762e+00 8.5589871e-02 7.3529310e-03 1.2852025e-01
       234 2.2173591e+00 8.6567208e-02 7.5353875e-03 1.2562206e-01
       235 2.2167457e+00 8.6841588e-02 7.5912470e-03 1.2779268e-01
       236 2.2181455e+00 8.6172830e-02 7.4577477e-03 1.2144904e-01
       237 2.2178781e+00 8.5922026e-02 7.4176821e-03 1.2051640e-01
       238 2.2175938e+00 8.6577478e-02 7.5341972e-03 1.1790500e-01
       239 2.2185491e+00 8.5251568e-02 7.2954192e-03 1.1829239e-01
       240 2.2167699e+00 8.6155257e-02 7.4721733e-03 1.2317995e-01
       241 2.2182341e+00 8.5656093e-02 7.3679633e-03 1.1331890e-01
       242 2.2184653e+00 8.6271234e-02 7.4712020e-03 1.1223266e-01
       243 2.2178715e+00 8.5883163e-02 7.4110834e-03 1.1150636e-01
       244 2.2178462e+00 8.5617234e-02 7.3657780e-03 1.1013562e-01
       245 2.2169336e+00 8.6579801e-02 7.5432320e-03 1.1550430e-01
       246 2.2184686e+00 8.5950201e-02 7.4158776e-03 1.0878883e-01
       247 2.2189032e+00 8.5459433e-02 7.3273089e-03 1.0914613e-01
       248 2.2173105e+00 8.5802515e-02 7.4042064e-03 1.0845050e-01
       249 2.2195281e+00 8.5002921e-02 7.2437596e-03 1.1337533e-01
       250 2.2180577e+00 8.5371858e-02 7.3213472e-03 1.0236413e-01
       251 2.2181799e+00 8.5299763e-02 7.3076530e-03 9.9275692e-02
       252 2.2180112e+00 8.5450303e-02 7.3352836e-03 9.8672565e-02
       253 2.2189710e+00 8.4962669e-02 7.2419904e-03 9.9520909e-02
       254 2.2187768e+00 8.4906017e-02 7.2342800e-03 1.0012959e-01
       255 2.2180320e+00 8.4850074e-02 7.2328236e-03 9.8331273e-02
       256 2.2185795e+00 8.4487858e-02 7.1654687e-03 9.4568463e-02
       257 2.2183425e+00 8.4710032e-02 7.2055910e-03 9.3954696e-02
       258 2.2173427e+00 8.4974186e-02 7.2623305e-03 1.0043816e-01
       259 2.2185330e+00 8.5183021e-02 7.2839050e-03 9.1880094e-02
       260 2.2190011e+00 8.5164044e-02 7.2759590e-03 9.5849054e-02
       261 2.2189538e+00 8.4533517e-02 7.1694166e-03 9.3437436e-02
       262 2.2180594e+00 8.5279692e-02 7.3055992e-03 8.9120932e-02
       263 2.2187551e+00 8.4816969e-02 7.2193855e-03 8.7186807e-02
       264 2.2189842e+00 8.4685437e-02 7.1948305e-03 8.8212094e-02
       265 2.2185802e+00 8.4483971e-02 7.1648047e-03 8.4695793e-02
       266 2.2178281e+00 8.5359617e-02 7.3219475e-03 8.9455493e-02
       267 2.2185388e+00 8.4884301e-02 7.2330419e-03 8.3765288e-02
       268 2.2187063e+00 8.4801378e-02 7.2172361e-03 8.4253963e-02
       269 2.2187584e+00 8.4603899e-02 7.1832532e-03 8.1189744e-02
       270 2.2191108e+00 8.4303914e-02 7.1291535e-03 8.2109708e-02
       271 2.2196545e+00 8.3406753e-02 6.9738850e-03 8.4112094e-02
       272 2.2179370e+00 8.5004866e-02 7.2602205e-03 8.3847439e-02
       273 2.2175982e+00 8.5012119e-02 7.2655424e-03 9.0382440e-02
       274 2.2193481e+00 8.4088923e-02 7.0907803e-03 7.9040411e-02
       275 2.2192379e+00 8.4475703e-02 7.1569714e-03 7.8264924e-02
       276 2.2187797e+00 8.4483976e-02 7.1627615e-03 7.4526433e-02
       277 2.2191233e+00 8.3943258e-02 7.0683574e-03 7.4400277e-02
       278 2.2189100e+00 8.4643915e-02 7.1885205e-03 7.4586932e-02
       279 2.2183020e+00 8.4262647e-02 7.1304391e-03 7.6597158e-02
       280 2.2198053e+00 8.3591481e-02 7.0035065e-03 7.5812193e-02
       281 2.2184328e+00 8.4535668e-02 7.1751033e-03 7.3958135e-02
       282 2.2184608e+00 8.4304406e-02 7.1357569e-03 7.2606346e-02
       283 2.2206454e+00 8.3788505e-02 7.0304755e-03 8.9957586e-02
       284 2.2189043e+00 8.4140430e-02 7.1035951e-03 6.9525513e-02
       285 2.2181371e+00 8.4131713e-02 7.1102321e-03 7.5887448e-02
       286 2.2201144e+00 8.3767422e-02 7.0305762e-03 7.6656831e-02
       287 2.2184967e+00 8.3583546e-02 7.0143515e-03 6.9747096e-02
       288 2.2182612e+00 8.4769587e-02 7.2165793e-03 7.1309634e-02
       289 2.2206597e+00 8.2995004e-02 6.8980423e-03 8.2419934e-02
       290 2.2195189e+00 8.3585042e-02 7.0048006e-03 6.5173212e-02
       291 2.2187297e+00 8.4488406e-02 7.1640148e-03 6.5028425e-02
       292 2.2187743e+00 8.3635496e-02 7.0201703e-03 6.5717838e-02
       293 2.2200212e+00 8.3589891e-02 7.0015612e-03 6.9424010e-02
       294 2.2188164e+00 8.3587729e-02 7.0117605e-03 6.3898313e-02
       295 2.2190847e+00 8.3508405e-02 6.9959032e-03 5.9866127e-02
       296 2.2188914e+00 8.3554467e-02 7.0054587e-03 6.2503784e-02
       297 2.2191008e+00 8.3974754e-02 7.0738568e-03 5.9087559e-02
       298 2.2201195e+00 8.3448073e-02 6.9771389e-03 6.5135205e-02
       299 2.2190202e+00 8.4221138e-02 7.1160624e-03 5.6514010e-02
       300 2.2194412e+00 8.3577130e-02 7.0041497e-03 5.8018208e-02
       301 2.2190438e+00 8.3816056e-02 7.0477676e-03 5.7849774e-02
       302 2.2188979e+00 8.4014799e-02 7.0825328e-03 5.8113566e-02
       303 2.2199652e+00 8.3717580e-02 7.0233512e-03 5.8953284e-02
       304 2.2189326e+00 8.3146641e-02 6.9370715e-03 5.8480828e-02
       305 2.2199828e+00 8.3087273e-02 6.9180784e-03 5.9719454e-02
       306 2.2193744e+00 8.3043581e-02 6.9158365e-03 5.4627408e-02
       307 2.2196196e+00 8.3531304e-02 6.9949681e-03 5.3971864e-02
       308 2.2200588e+00 8.3821183e-02 7.0399992e-03 5.7021093e-02
       309 2.2193217e+00 8.3144846e-02 6.9331349e-03 5.2964020e-02
       310 2.2196323e+00 8.3380304e-02 6.9696586e-03 5.2003490e-02
       311 2.2196808e+00 8.2480047e-02 6.8199389e-03 5.0863195e-02
       312 2.2185438e+00 8.3396926e-02 6.9826914e-03 6.1378456e-02
       313 2.2192477e+00 8.3522917e-02 6.9968161e-03 5.0149590e-02
       314 2.2200189e+00 8.3193175e-02 6.9354136e-03 5.2385441e-02
       315 2.2189605e+00 8.3755809e-02 7.0384716e-03 5.2849192e-02
       316 2.2195170e+00 8.3145770e-02 6.9315772e-03 4.7613978e-02
       317 2.2195544e+00 8.3138452e-02 6.9300414e-03 4.7710851e-02
       318 2.2202760e+00 8.3121270e-02 6.9215758e-03 5.3436670e-02
       319 2.2198361e+00 8.2614298e-02 6.8408476e-03 4.7705880e-02
       320 2.2192878e+00 8.3593295e-02 7.0082135e-03 4.6369458e-02
       321 2.2197259e+00 8.3718716e-02 7.0254348e-03 4.6953771e-02
       322 2.2189061e+00 8.3324115e-02 6.9668738e-03 5.1925774e-02
       323 2.2197620e+00 8.3358749e-02 6.9649998e-03 4.6066141e-02
       324 2.2207957e+00 8.3011472e-02 6.8999400e-03 6.0259568e-02
       325 2.2188418e+00 8.3338693e-02 6.9699373e-03 5.2770650e-02
       326 2.2197675e+00 8.3242383e-02 6.9455687e-03 4.3952470e-02
       327 2.2196778e+00 8.3226137e-02 6.9435953e-03 4.2188612e-02
       328 2.2189564e+00 8.3651661e-02 7.0210766e-03 4.9752722e-02
       329 2.2203371e+00 8.2806288e-02 6.8688844e-03 4.5265396e-02
       330 2.2202210e+00 8.2598626e-02 6.8353537e-03 4.2188913e-02
       331 2.2202003e+00 8.2815537e-02 6.8713825e-03 4.4555368e-02
       332 2.2196445e+00 8.2641489e-02 6.8468971e-03 4.1556640e-02
       333 2.2193741e+00 8.3361563e-02 6.9687529e-03 4.2405354e-02
       334 2.2193964e+00 8.3232594e-02 6.9470705e-03 4.2331926e-02
       335 2.2195392e+00 8.3210848e-02 6.9422134e-03 4.0669473e-02
       336 2.2213347e+00 8.2805273e-02 6.8627990e-03 6.5458862e-02
       337 2.2188773e+00 8.2886028e-02 6.8943429e-03 5.1025946e-02
       338 2.2199171e+00 8.2691340e-02 6.8529470e-03 3.9612663e-02
       339 2.2193588e+00 8.3340286e-02 6.9653419e-03 4.1471457e-02
       340 2.2198649e+00 8.3053549e-02 6.9133898e-03 3.8667202e-02
       341 2.2203079e+00 8.2714286e-02 6.8538593e-03 3.9105280e-02
       342 2.2199391e+00 8.3448496e-02 6.9785708e-03 3.7705254e-02
       343 2.2202857e+00 8.2400035e-02 6.8021271e-03 4.0229382e-02
       344 2.2203416e+00 8.2398875e-02 6.8015462e-03 4.1637735e-02
       345 2.2191171e+00 8.3198276e-02 6.9438973e-03 4.4996549e-02
       346 2.2200405e+00 8.2927853e-02 6.8911751e-03 3.6820018e-02
       347 2.2203761e+00 8.2425110e-02 6.8056327e-03 3.9428566e-02
       348 2.2191299e+00 8.2913029e-02 6.8963953e-03 4.4687138e-02
       349 2.2200684e+00 8.2846055e-02 6.8774059e-03 3.5047693e-02
       350 2.2199489e+00 8.2921765e-02 6.8908622e-03 3.3097689e-02
       351 2.2193439e+00 8.2899958e-02 6.8922740e-03 4.0323119e-02
       352 2.2200867e+00 8.2668771e-02 6.8479264e-03 3.6017252e-02
       353 2.2201444e+00 8.2808124e-02 6.8705604e-03 3.3924900e-02
       354 2.2195207e+00 8.2620210e-02 6.8444253e-03 3.6536109e-02
       355 2.2195897e+00 8.3418995e-02 6.9764692e-03 3.5924438e-02
       356 2.2213187e+00 8.2784816e-02 6.8594905e-03 5.7478312e-02
       357 2.2183942e+00 8.3362559e-02 6.9785568e-03 6.3699306e-02
       358 2.2208247e+00 8.2693360e-02 6.8470538e-03 4.1974852e-02
       359 2.2200411e+00 8.3029190e-02 6.9079880e-03 3.1625468e-02
       360 2.2192999e+00 8.2953335e-02 6.9015215e-03 3.9850263e-02
       361 2.2201620e+00 8.3098276e-02 6.9185704e-03 3.2038874e-02
       362 2.2198005e+00 8.3172830e-02 6.9337281e-03 3.3720511e-02
       363 2.2201142e+00 8.3133263e-02 6.9247362e-03 3.1251104e-02
       364 2.2201344e+00 8.2737950e-02 6.8590168e-03 3.1403176e-02
       365 2.2205790e+00 8.2516055e-02 6.8192847e-03 3.5113439e-02
       366 2.2193869e+00 8.3104130e-02 6.9257863e-03 3.7313149e-02
       367 2.2200732e+00 8.3505463e-02 6.9870637e-03 2.9906194e-02
       368 2.2191133e+00 8.3862519e-02 7.0549021e-03 4.2688193e-02
       369 2.2216701e+00 8.2257959e-02 6.7709150e-03 6.1613857e-02
       370 2.2200705e+00 8.2514069e-02 6.8224927e-03 2.9907844e-02
       371 2.2192228e+00 8.2664257e-02 6.8543444e-03 4.1941006e-02
       372 2.2202982e+00 8.2882851e-02 6.8818408e-03 2.9150810e-02
       373 2.2208450e+00 8.2302306e-02 6.7824108e-03 3.8155928e-02
       374 2.2191470e+00 8.3069922e-02 6.9222774e-03 4.3325689e-02
       375 2.2199084e+00 8.3491390e-02 6.9859692e-03 2.8055854e-02
       376 2.2211886e+00 8.2282408e-02 6.7772225e-03 4.5770460e-02
       377 2.2192407e+00 8.2904511e-02 6.8939595e-03 4.1108374e-02
       378 2.2204642e+00 8.2806846e-02 6.8681123e-03 2.8241682e-02
       379 2.2204390e+00 8.2856682e-02 6.8765368e-03 3.0004375e-02
       380 2.2194288e+00 8.3667819e-02 7.0194253e-03 3.5300698e-02
       381 2.2210347e+00 8.2161837e-02 6.7582231e-03 3.9340665e-02
       382 2.2205003e+00 8.2254754e-02 6.7767430e-03 2.9906390e-02
       383 2.2200270e+00 8.2718411e-02 6.8565832e-03 2.5480040e-02
       384 2.2197291e+00 8.2558735e-02 6.8325297e-03 2.9854651e-02
       385 2.2199494e+00 8.2880157e-02 6.8839595e-03 2.6246958e-02
       386 2.2211652e+00 8.3021408e-02 6.8995049e-03 4.5345544e-02
       387 2.2186155e+00 8.3281302e-02 6.9626713e-03 5.9621901e-02
       388 2.2209210e+00 8.1903176e-02 6.7164279e-03 3.5983913e-02
       389 2.2199670e+00 8.2560489e-02 6.8309385e-03 2.6999189e-02
       390 2.2203187e+00 8.2420027e-02 6.8051913e-03 2.4976847e-02
       391 2.2202696e+00 8.2068586e-02 6.7477276e-03 2.3203632e-02
       392 2.2193895e+00 8.2742429e-02 6.8657763e-03 3.7629964e-02
       393 2.2201859e+00 8.3025004e-02 6.9062248e-03 2.3268663e-02
       394 2.2207506e+00 8.2810424e-02 6.8668751e-03 3.0229422e-02
       395 2.2205522e+00 8.2849355e-02 6.8745742e-03 2.6220949e-02
       396 2.2205138e+00 8.1831878e-02 6.7072660e-03 2.4552211e-02
       397 2.2191727e+00 8.2825174e-02 6.8814360e-03 4.4138051e-02
       398 2.2202833e+00 8.2625553e-02 6.8393604e-03 2.5698817e-02
       399 2.2206641e+00 8.3039381e-02 6.9053830e-03 2.8949847e-02
       400 2.2200737e+00 8.3034157e-02 6.9085686e-03 2.3052532e-02
       401 2.2205137e+00 8.2354544e-02 6.7930816e-03 2.5101623e-02
       402 2.2201780e+00 8.2454056e-02 6.8118020e-03 2.3478553e-02
       403 2.2200138e+00 8.2841243e-02 6.8770189e-03 2.4069890e-02
       404 2.2206792e+00 8.2649174e-02 6.8406355e-03 2.7766188e-02
       405 2.2209779e+00 8.2736447e-02 6.8532928e-03 3.3876482e-02
       406 2.2186857e+00 8.3412998e-02 6.9839003e-03 5.8411772e-02
       407 2.2212157e+00 8.2324032e-02 6.7839332e-03 3.7407483e-02
       408 2.2197881e+00 8.3324186e-02 6.9590286e-03 2.7404652e-02
       409 2.2203772e+00 8.2778255e-02 6.8639658e-03 2.2662847e-02
       410 2.2198843e+00 8.3205594e-02 6.9385164e-03 2.5364723e-02
       411 2.2193156e+00 8.3365858e-02 6.9699907e-03 3.9449004e-02
       412 2.2208415e+00 8.2998076e-02 6.8974428e-03 3.0655779e-02
       413 2.2206822e+00 8.2474002e-02 6.8116917e-03 2.4080703e-02
       414 2.2210179e+00 8.2157512e-02 6.7576059e-03 3.2775743e-02
       415 2.2205960e+00 8.2341040e-02 6.7903227e-03 2.3151302e-02
       416 2.2195321e+00 8.3227482e-02 6.9450426e-03 3.3227758e-02
       417 2.2208018e+00 8.1573384e-02 6.6632158e-03 2.4866363e-02
       418 2.2199461e+00 8.2004578e-02 6.7396156e-03 2.5349759e-02
       419 2.2201204e+00 8.2370703e-02 6.7984841e-03 2.2286618e-02
       420 2.2207561e+00 8.2324937e-02 6.7866706e-03 2.6133507e-02
       421 2.2197590e+00 8.3559264e-02 6.9984934e-03 2.7326552e-02
       422 2.2196968e+00 8.2832205e-02 6.8780239e-03 2.9669941e-02
       423 2.2217013e+00 8.2670945e-02 6.8388966e-03 5.4315020e-02
       424 2.2192755e+00 8.2717050e-02 6.8625963e-03 4.2575236e-02
       425 2.2201478e+00 8.2404561e-02 6.8038619e-03 2.2101335e-02
       426 2.2202731e+00 8.3335713e-02 6.9572911e-03 2.1525578e-02
       427 2.2203518e+00 8.2146750e-02 6.7599896e-03 2.0984476e-02
       428 2.2218284e+00 8.1792752e-02 6.6939477e-03 5.4272123e-02
       429 2.2189812e+00 8.3228232e-02 6.9501746e-03 5.0592653e-02
       430 2.2203491e+00 8.2946630e-02 6.8920629e-03 2.0686326e-02
       431 2.2204245e+00 8.2306962e-02 6.7858407e-03 1.9470731e-02
       432 2.2201909e+00 8.2844943e-02 6.8763216e-03 2.0963430e-02
       433 2.2204001e+00 8.2403687e-02 6.8019381e-03 1.9923936e-02
       434 2.2211611e+00 8.2317023e-02 6.7830646e-03 3.4682029e-02
       435 2.2200799e+00 8.2613525e-02 6.8388454e-03 2.2151025e-02
       436 2.2199770e+00 8.2828256e-02 6.8751474e-03 2.3522593e-02
       437 2.2207057e+00 8.2969851e-02 6.8935806e-03 2.3987193e-02
       438 2.2200727e+00 8.2826191e-02 6.8740830e-03 2.1708753e-02
       439 2.2199808e+00 8.2741046e-02 6.8606791e-03 2.3587624e-02
       440 2.2204637e+00 8.2429407e-02 6.8057485e-03 1.9114166e-02
       441 2.2198986e+00 8.2999664e-02 6.9041776e-03 2.5247033e-02
       442 2.2201072e+00 8.3265424e-02 6.9467795e-03 2.1213949e-02
       443 2.2216430e+00 8.2368024e-02 6.7891510e-03 4.7721776e-02
       444 2.2204417e+00 8.3036089e-02 6.9062811e-03 1.9674716e-02
       445 2.2198794e+00 8.2476886e-02 6.8178205e-03 2.6170459e-02
       446 2.2206443e+00 8.2547568e-02 6.8240693e-03 2.0313830e-02
       447 2.2210516e+00 8.2344315e-02 6.7881488e-03 2.8956540e-02
       448 2.2197017e+00 8.2764413e-02 6.8667574e-03 3.0715506e-02
       449 2.2194307e+00 8.2839555e-02 6.8814969e-03 3.9096282e-02
       450 2.2212854e+00 8.2724587e-02 6.8496887e-03 3.8617538e-02
       451 2.2205544e+00 8.2447659e-02 6.8081611e-03 2.0678201e-02
       452 2.2202129e+00 8.2888630e-02 6.8834036e-03 1.9846071e-02
       453 2.2201738e+00 8.2737715e-02 6.8586905e-03 2.0439484e-02
       454 2.2200377e+00 8.2959053e-02 6.8963718e-03 2.2129591e-02
       455 2.2204845e+00 8.3120965e-02 6.9200979e-03 1.8745626e-02
       456 2.2209230e+00 8.2211451e-02 6.7670093e-03 2.4756752e-02
       457 2.2212708e+00 8.2061052e-02 6.7404211e-03 3.4385597e-02
       458 2.2193301e+00 8.2656224e-02 6.8520456e-03 4.3480280e-02
       459 2.2200644e+00 8.2703974e-02 6.8539141e-03 2.2136106e-02
       460 2.2214112e+00 8.1964358e-02 6.7238702e-03 3.9014940e-02
       461 2.2200545e+00 8.2145913e-02 6.7619917e-03 2.3034089e-02
       462 2.2202554e+00 8.2940379e-02 6.8916819e-03 1.8670539e-02
       463 2.2202071e+00 8.2855605e-02 6.8779714e-03 1.9281900e-02
       464 2.2202314e+00 8.2750962e-02 6.8604684e-03 1.8933269e-02
       465 2.2207744e+00 8.2728207e-02 6.8531204e-03 2.3370164e-02
       466 2.2207580e+00 8.2481515e-02 6.8124640e-03 2.1058562e-02
       467 2.2210544e+00 8.2089346e-02 6.7462077e-03 2.5074525e-02
       468 2.2197806e+00 8.2734702e-02 6.8611993e-03 2.9030644e-02
       469 2.2206285e+00 8.2201924e-02 6.7672249e-03 1.8789712e-02
       470 2.2197330e+00 8.2927308e-02 6.8934919e-03 3.0570397e-02
       471 2.2201116e+00 8.3117427e-02 6.9221230e-03 2.0807902e-02
       472 2.2204214e+00 8.3078451e-02 6.9134548e-03 1.8007533e-02
       473 2.2213253e+00 8.2499503e-02 6.8123004e-03 3.6126124e-02
       474 2.2206296e+00 8.2637517e-02 6.8390210e-03 1.9141543e-02
       475 2.2202926e+00 8.2812844e-02 6.8702805e-03 1.8443055e-02
       476 2.2204822e+00 8.2152796e-02 6.7601006e-03 1.7064122e-02
       477 2.2208405e+00 8.2779765e-02 6.8612575e-03 2.0823388e-02
       478 2.2198720e+00 8.2446752e-02 6.8129091e-03 2.7938807e-02
       479 2.2212184e+00 8.2306677e-02 6.7810620e-03 3.0624043e-02
       480 2.2196059e+00 8.3077266e-02 6.9194359e-03 3.4901210e-02
       481 2.2209615e+00 8.2046100e-02 6.7396284e-03 2.3513228e-02
       482 2.2204218e+00 8.2100969e-02 6.7519919e-03 1.7428775e-02
       483 2.2199756e+00 8.2635992e-02 6.8433452e-03 2.4079811e-02
       484 2.2207234e+00 8.2331075e-02 6.7878811e-03 1.9319611e-02
       485 2.2200420e+00 8.2965379e-02 6.8973886e-03 2.2146281e-02
       486 2.2203785e+00 8.3499288e-02 6.9838487e-03 1.7640429e-02
       487 2.2213767e+00 8.1885037e-02 6.7110397e-03 3.5514252e-02
       488 2.2203499e+00 8.2568198e-02 6.8294213e-03 1.7824188e-02
       489 2.2200946e+00 8.2768276e-02 6.8643292e-03 2.1703708e-02
       490 2.2197110e+00 8.2954439e-02 6.8981718e-03 3.1249248e-02
       491 2.2212195e+00 8.2808206e-02 6.8638664e-03 3.1734559e-02
       492 2.2199498e+00 8.3060294e-02 6.9138484e-03 2.4716189e-02
       493 2.2211614e+00 8.1677589e-02 6.6781994e-03 2.8727329e-02
       494 2.2203916e+00 8.1939013e-02 6.7256302e-03 1.7402480e-02
       495 2.2203148e+00 8.2826897e-02 6.8724525e-03 1.7997744e-02
       496 2.2204862e+00 8.2814963e-02 6.8693100e-03 1.6903793e-02
       497 2.2200311e+00 8.2221584e-02 6.7746055e-03 2.4230906e-02
       498 2.2206376e+00 8.2345003e-02 6.7907105e-03 1.7489574e-02
       499 2.2209001e+00 8.2611839e-02 6.8331348e-03 2.1134119e-02
       500 2.2204653e+00 8.2506118e-02 6.8183907e-03 1.7257338e-02
       501 2.2205080e+00 8.2591163e-02 6.8321479e-03 1.7129464e-02
       502 2.2202698e+00 8.3186479e-02 6.9324641e-03 1.8279696e-02
       503 2.2202765e+00 8.2800285e-02 6.8683134e-03 1.8309730e-02
       504 2.2211161e+00 8.1846365e-02 6.7060394e-03 2.6283781e-02
       505 2.2203585e+00 8.2179822e-02 6.7653780e-03 1.7920173e-02
       506 2.2208166e+00 8.2218701e-02 6.7688250e-03 1.9644641e-02
       507 2.2198791e+00 8.2889122e-02 6.8859927e-03 2.7218459e-02
       508 2.2205577e+00 8.2258738e-02 6.7770232e-03 1.7058640e-02
       509 2.2213224e+00 8.2157207e-02 6.7559529e-03 3.3182584e-02
       510 2.2206360e+00 8.2607482e-02 6.8340168e-03 1.7489257e-02
       511 2.2201306e+00 8.2596390e-02 6.8356400e-03 2.1244432e-02
       512 2.2203202e+00 8.2250212e-02 6.7772174e-03 1.8163043e-02
       513 2.2203932e+00 8.3078225e-02 6.9136090e-03 1.7074118e-02
       514 2.2202437e+00 8.2177015e-02 6.7657201e-03 1.9267613e-02
       515 2.2207082e+00 8.2097284e-02 6.7495334e-03 1.7300197e-02
       516 2.2201251e+00 8.2717662e-02 6.8557282e-03 2.1873309e-02
       517 2.2214900e+00 8.2365203e-02 6.7893703e-03 3.8713332e-02
       518 2.2207908e+00 8.2373867e-02 6.7945187e-03 1.9979782e-02
       519 2.2201114e+00 8.2566577e-02 6.8308576e-03 2.2221980e-02
       520 2.2207482e+00 8.2213480e-02 6.7683793e-03 1.7517612e-02
       521 2.2204200e+00 8.2106907e-02 6.7529797e-03 1.7023117e-02
       522 2.2203216e+00 8.2582803e-02 6.8320299e-03 1.8268976e-02
       523 2.2203068e+00 8.2124944e-02 6.7567198e-03 1.8739745e-02
       524 2.2200542e+00 8.2721684e-02 6.8569197e-03 2.3090005e-02
       525 2.2203131e+00 8.2696424e-02 6.8508681e-03 1.7986254e-02
       526 2.2208612e+00 8.2923583e-02 6.8849665e-03 2.0929367e-02
       527 2.2199006e+00 8.2615257e-02 6.8404984e-03 2.7343992e-02
       528 2.2215832e+00 8.1970045e-02 6.7240095e-03 4.1154472e-02
       529 2.2208530e+00 8.2227012e-02 6.7699758e-03 1.8686225e-02
       530 2.2198432e+00 8.2864959e-02 6.8822706e-03 2.8451325e-02
       531 2.2212570e+00 8.2123291e-02 6.7507100e-03 2.9978571e-02
       532 2.2203016e+00 8.2441257e-02 6.8088109e-03 1.8729450e-02
       533 2.2205367e+00 8.2416992e-02 6.8032204e-03 1.6348102e-02
       534 2.2208780e+00 8.2152817e-02 6.7576327e-03 1.9996921e-02
       535 2.2205424e+00 8.2658491e-02 6.8430485e-03 1.6925411e-02
       536 2.2200578e+00 8.2062397e-02 6.7482529e-03 2.4359833e-02
       537 2.2204625e+00 8.2245974e-02 6.7755501e-03 1.6770044e-02
       538 2.2202776e+00 8.2601968e-02 6.8355036e-03 1.8516723e-02
       539 2.2208425e+00 8.2484214e-02 6.8124016e-03 1.9886054e-02
       540 2.2206670e+00 8.2268904e-02 6.7779980e-03 1.6545887e-02
       541 2.2197773e+00 8.3329665e-02 6.9600282e-03 2.9434252e-02
       542 2.2208115e+00 8.2813908e-02 6.8670842e-03 1.9933025e-02
       543 2.2207882e+00 8.2463073e-02 6.8092388e-03 1.8505229e-02
       544 2.2204544e+00 8.2615061e-02 6.8364523e-03 1.6673262e-02
       545 2.2214028e+00 8.1985363e-02 6.7273542e-03 3.3199829e-02
       546 2.2203028e+00 8.2096737e-02 6.7521158e-03 1.8675246e-02
       547 2.2203505e+00 8.2039856e-02 6.7424480e-03 1.8860980e-02
       548 2.2201556e+00 8.2592157e-02 6.8347575e-03 2.1142994e-02
       549 2.2205604e+00 8.2702423e-02 6.8501965e-03 1.6406334e-02
       550 2.2204291e+00 8.2299145e-02 6.7845227e-03 1.7289930e-02
       551 2.2199039e+00 8.3097509e-02 6.9203879e-03 2.6086665e-02
       552 2.2217514e+00 8.2280228e-02 6.7742392e-03 4.5227880e-02
       553 2.2198256e+00 8.3187511e-02 6.9359710e-03 2.9171387e-02
       554 2.2211719e+00 8.2302678e-02 6.7806460e-03 2.7159697e-02
       555 2.2207963e+00 8.2219546e-02 6.7690857e-03 1.8913166e-02
       556 2.2197218e+00 8.2813876e-02 6.8747826e-03 3.1896517e-02
       557 2.2198897e+00 8.3364474e-02 6.9649382e-03 2.6335438e-02
       558 2.2216106e+00 8.2188540e-02 6.7597565e-03 3.9553907e-02
       559 2.2212644e+00 8.1969424e-02 6.7254239e-03 2.8941162e-02
       560 2.2194609e+00 8.2961896e-02 6.9015179e-03 4.0771613e-02
       561 2.2207984e+00 8.1937002e-02 6.7226916e-03 1.8024132e-02
       562 2.2204905e+00 8.2506034e-02 6.8182094e-03 1.6322984e-02
       563 2.2203360e+00 8.2305190e-02 6.7861551e-03 1.8877320e-02
       564 2.2206982e+00 8.2839438e-02 6.8720037e-03 1.6812952e-02
       565 2.2206047e+00 8.2839217e-02 6.8725559e-03 1.6830559e-02
       566 2.2203797e+00 8.2816704e-02 6.8703161e-03 1.7304705e-02
       567 2.2211880e+00 8.1827518e-02 6.7025737e-03 2.6564148e-02
       568 2.2206470e+00 8.2226505e-02 6.7711498e-03 1.5949370e-02
       569 2.2203014e+00 8.2452674e-02 6.8106948e-03 1.8639750e-02
       570 2.2210976e+00 8.1979790e-02 6.7279978e-03 2.4397384e-02
       571 2.2205833e+00 8.2202935e-02 6.7676797e-03 1.6071542e-02
       572 2.2196843e+00 8.2731217e-02 6.8614064e-03 3.5491143e-02
       573 2.2210620e+00 8.2096443e-02 6.7473314e-03 2.2104303e-02
       574 2.2202394e+00 8.2907324e-02 6.8863138e-03 1.9178730e-02
       575 2.2211059e+00 8.2170554e-02 6.7592665e-03 2.6461859e-02
       576 2.2201249e+00 8.2313920e-02 6.7890999e-03 2.2279458e-02
       577 2.2209386e+00 8.1816956e-02 6.7022111e-03 2.0016751e-02
       578 2.2195801e+00 8.3121286e-02 6.9269689e-03 3.6801414e-02
       579 2.2218101e+00 8.1935295e-02 6.7173586e-03 4.6521213e-02
       580 2.2206156e+00 8.2088866e-02 6.7487327e-03 1.5841104e-02
       581 2.2198297e+00 8.2566663e-02 6.8330297e-03 3.0085932e-02
       582 2.2210233e+00 8.1995799e-02 6.7310301e-03 2.3364348e-02
       583 2.2202664e+00 8.2609409e-02 6.8368119e-03 1.8988714e-02
       584 2.2205316e+00 8.2325214e-02 6.7881335e-03 1.6314097e-02
       585 2.2201573e+00 8.2336868e-02 6.7926410e-03 2.2619739e-02
       586 2.2208603e+00 8.2772955e-02 6.8600134e-03 1.9821197e-02
       587 2.2210732e+00 8.2847182e-02 6.8710999e-03 2.5952319e-02
       588 2.2187348e+00 8.3007349e-02 6.9158926e-03 6.6285144e-02
       589 2.2211812e+00 8.2817103e-02 6.8655392e-03 2.8746806e-02
       590 2.2205027e+00 8.2646028e-02 6.8412491e-03 1.6169600e-02
       591 2.2207311e+00 8.2837809e-02 6.8715304e-03 1.7960565e-02
       592 2.2211143e+00 8.2000095e-02 6.7312370e-03 2.3691284e-02
       593 2.2199320e+00 8.3020375e-02 6.9073564e-03 2.5188251e-02
       594 2.2210040e+00 8.1891385e-02 6.7140253e-03 2.2007885e-02
       595 2.2210119e+00 8.1877845e-02 6.7117640e-03 2.1020818e-02
       596 2.2205682e+00 8.2231036e-02 6.7723981e-03 1.6366966e-02
       597 2.2200834e+00 8.2588092e-02 6.8346179e-03 2.3549863e-02
       598 2.2207882e+00 8.1931726e-02 6.7218881e-03 1.7870640e-02
       599 2.2207859e+00 8.2752047e-02 6.8569958e-03 1.8185621e-02
       600 2.2199208e+00 8.2466936e-02 6.8158563e-03 2.7731406e-02
       601 2.2204115e+00 8.2555783e-02 6.8269502e-03 1.6973806e-02
       602 2.2212608e+00 8.2200093e-02 6.7633108e-03 2.9100741e-02
       603 2.2203447e+00 8.2262688e-02 6.7791000e-03 1.8693721e-02
       604 2.2207988e+00 8.2100994e-02 6.7495899e-03 1.6791020e-02
       605 2.2211426e+00 8.2479229e-02 6.8098937e-03 2.5168079e-02
       606 2.2206705e+00 8.1966892e-02 6.7283751e-03 1.5861227e-02
       607 2.2192406e+00 8.3327922e-02 6.9643452e-03 4.7669455e-02
       608 2.2213404e+00 8.3228835e-02 6.9330963e-03 3.2714489e-02
       609 2.2202121e+00 8.2298075e-02 6.7858574e-03 2.0440806e-02
       610 2.2209187e+00 8.2302193e-02 6.7819620e-03 1.9907614e-02
       611 2.2192199e+00 8.2296344e-02 6.7936799e-03 5.0362530e-02
       612 2.2211425e+00 8.2176714e-02 6.7600830e-03 2.5382698e-02
       613 2.2211083e+00 8.2213407e-02 6.7662985e-03 2.3790659e-02
       614 2.2202122e+00 8.2471437e-02 6.8144217e-03 2.1259905e-02
       615 2.2198023e+00 8.2715955e-02 6.8579238e-03 2.9953654e-02
       616 2.2215986e+00 8.1987392e-02 6.7267857e-03 3.7185139e-02
       617 2.2213902e+00 8.2155747e-02 6.7553818e-03 3.2225204e-02
       618 2.2203091e+00 8.2101999e-02 6.7529360e-03 2.0214096e-02
       619 2.2210685e+00 8.2312075e-02 6.7827475e-03 2.3103915e-02
       620 2.2209054e+00 8.2139303e-02 6.7552530e-03 1.8001811e-02
       621 2.2199247e+00 8.2203283e-02 6.7724105e-03 2.9192363e-02
       622 2.2214639e+00 8.2343211e-02 6.7858693e-03 3.4580374e-02
       623 2.2203784e+00 8.1907675e-02 6.7205854e-03 1.8041662e-02
       624 2.2200509e+00 8.2127796e-02 6.7590424e-03 2.5838595e-02
       625 2.2202015e+00 8.2798763e-02 6.8685961e-03 2.0520850e-02
       626 2.2206373e+00 8.2791612e-02 6.8644637e-03 1.6479802e-02
       627 2.2204969e+00 8.2550899e-02 6.8255718e-03 1.6703944e-02
       628 2.2210567e+00 8.1960087e-02 6.7249903e-03 2.2716895e-02
       629 2.2201618e+00 8.1847775e-02 6.7123065e-03 2.2358426e-02
       630 2.2211215e+00 8.2530616e-02 6.8184854e-03 2.4076026e-02
       631 2.2208559e+00 8.2035199e-02 6.7384513e-03 1.7768716e-02
       632 2.2199672e+00 8.2056542e-02 6.7479786e-03 2.7800762e-02
       633 2.2211480e+00 8.1984323e-02 6.7284706e-03 2.5511697e-02
       634 2.2200090e+00 8.2474745e-02 6.8164677e-03 2.5404202e-02
       635 2.2209159e+00 8.2655068e-02 6.8401875e-03 1.9766029e-02
       636 2.2212254e+00 8.1950445e-02 6.7225122e-03 2.6209473e-02
       637 2.2205747e+00 8.2009186e-02 6.7359193e-03 1.5874115e-02
       638 2.2209053e+00 8.2167713e-02 6.7599219e-03 1.9143102e-02
       639 2.2197466e+00 8.2185057e-02 6.7708269e-03 3.4558874e-02
       640 2.2198179e+00 8.2255597e-02 6.7818533e-03 3.2441909e-02
       641 2.2212713e+00 8.1606786e-02 6.6660700e-03 2.6838556e-02
       642 2.2198182e+00 8.2852867e-02 6.8804648e-03 3.2403408e-02
       643 2.2214792e+00 8.2267854e-02 6.7733935e-03 3.5909674e-02
       644 2.2195460e+00 8.2959761e-02 6.9004326e-03 3.7990948e-02
       645 2.2210757e+00 8.2159359e-02 6.7575906e-03 2.2459581e-02
       646 2.2203748e+00 8.2201356e-02 6.7688063e-03 1.7968784e-02
       647 2.2208244e+00 8.2670780e-02 6.8433214e-03 1.8665173e-02
       648 2.2201860e+00 8.2839439e-02 6.8754452e-03 2.0413781e-02
       649 2.2211229e+00 8.2039759e-02 6.7376973e-03 2.4527990e-02
       650 2.2207243e+00 8.2368557e-02 6.7940488e-03 1.6608485e-02
       651 2.2196516e+00 8.2830891e-02 6.8781786e-03 3.6342381e-02
       652 2.2216492e+00 8.2372112e-02 6.7897979e-03 4.2034670e-02
       653 2.2211586e+00 8.1999739e-02 6.7309429e-03 2.4548639e-02
       654 2.2198126e+00 8.2878938e-02 6.8848306e-03 3.1231344e-02
       655 2.2197022e+00 8.2271836e-02 6.7854605e-03 3.5719966e-02
       656 2.2215442e+00 8.2103786e-02 6.7461274e-03 3.7016913e-02
       657 2.2201902e+00 8.2713734e-02 6.8546040e-03 2.1507464e-02
       658 2.2216259e+00 8.1655561e-02 6.6723645e-03 3.6926199e-02
       659 2.2205533e+00 8.2005707e-02 6.7354877e-03 1.6270047e-02
       660 2.2203881e+00 8.2060552e-02 6.7455865e-03 1.8213958e-02
       661 2.2208211e+00 8.1615043e-02 6.6698987e-03 1.6900318e-02
       662 2.2205690e+00 8.2349889e-02 6.7919539e-03 1.5905672e-02
       663 2.2198373e+00 8.2450584e-02 6.8138147e-03 3.2662239e-02
       664 2.2205113e+00 8.2606679e-02 6.8346896e-03 1.6209847e-02
       665 2.2208787e+00 8.2536067e-02 6.8207459e-03 1.9791730e-02
       666 2.2214796e+00 8.2072298e-02 6.7412539e-03 3.4772842e-02
       667 2.2202829e+00 8.2605057e-02 6.8359764e-03 1.9032357e-02
       668 2.2203320e+00 8.2246024e-02 6.7764468e-03 1.8517453e-02
       669 2.2208837e+00 8.2195904e-02 6.7646810e-03 1.9128257e-02
       670 2.2207930e+00 8.1606897e-02 6.6687374e-03 1.6476334e-02
       671 2.2206632e+00 8.1856625e-02 6.7103570e-03 1.5792484e-02
       672 2.2207333e+00 8.1860731e-02 6.7105937e-03 1.5990970e-02
       673 2.2205191e+00 8.2332492e-02 6.7894141e-03 1.6314788e-02
       674 2.2202372e+00 8.2296704e-02 6.7854526e-03 2.0657218e-02
       675 2.2201896e+00 8.2420548e-02 6.8061932e-03 2.2437829e-02
       676 2.2208544e+00 8.2205701e-02 6.7664631e-03 1.8911823e-02
       677 2.2213038e+00 8.1947256e-02 6.7215921e-03 2.7348599e-02
       678 2.2202261e+00 8.2830535e-02 6.8736819e-03 2.0325924e-02
       679 2.2206393e+00 8.2346567e-02 6.7909576e-03 1.6076563e-02
       680 2.2215561e+00 8.0828938e-02 6.5383594e-03 3.3066686e-02
       681 2.2205499e+00 8.1709164e-02 6.6869609e-03 1.6154996e-02
       682 2.2187090e+00 8.3252243e-02 6.9568709e-03 6.7787017e-02
       683 2.2208392e+00 8.2203551e-02 6.7661996e-03 1.7692033e-02
       684 2.2212172e+00 8.1905847e-02 6.7152467e-03 2.6954803e-02
       685 2.2204666e+00 8.2077541e-02 6.7478451e-03 1.7826279e-02
       686 2.2208990e+00 8.1834390e-02 6.7052926e-03 1.8090604e-02
       687 2.2207516e+00 8.2431781e-02 6.8043012e-03 1.6926869e-02
       688 2.2202626e+00 8.2163837e-02 6.7634204e-03 1.9635201e-02
       689 2.2214956e+00 8.1947681e-02 6.7207399e-03 3.3120292e-02
       690 2.2202125e+00 8.2239023e-02 6.7761386e-03 2.1695953e-02
       691 2.2209433e+00 8.2420128e-02 6.8012473e-03 2.0234645e-02
       692 2.2203433e+00 8.2431507e-02 6.8069132e-03 1.8756931e-02
       693 2.2198074e+00 8.2270393e-02 6.7843710e-03 3.1864058e-02
       694 2.2200566e+00 8.2745176e-02 6.8607895e-03 2.4029671e-02
       695 2.2213607e+00 8.1846146e-02 6.7047497e-03 2.8919115e-02
       696 2.2213017e+00 8.2478171e-02 6.8088983e-03 2.8933614e-02
       697 2.2204678e+00 8.2192621e-02 6.7667413e-03 1.6651089e-02
       698 2.2204722e+00 8.2025675e-02 6.7392964e-03 1.6940439e-02
       699 2.2203758e+00 8.2740581e-02 6.8577398e-03 1.7516546e-02
       700 2.2208755e+00 8.2006855e-02 6.7336860e-03 1.7758751e-02
       701 2.2201896e+00 8.2309236e-02 6.7878567e-03 2.2802127e-02
       702 2.2210920e+00 8.2294462e-02 6.7797204e-03 2.3442009e-02
       703 2.2204833e+00 8.2323028e-02 6.7880918e-03 1.6812172e-02
       704 2.2212715e+00 8.1780817e-02 6.6945035e-03 2.7269730e-02
       705 2.2203892e+00 8.2018380e-02 6.7386588e-03 1.9122300e-02
       706 2.2203622e+00 8.2212106e-02 6.7706598e-03 1.8093289e-02
       707 2.2194388e+00 8.3167088e-02 6.9357991e-03 4.3008921e-02
       708 2.2211548e+00 8.2230830e-02 6.7689150e-03 2.6133719e-02
       709 2.2208858e+00 8.2185462e-02 6.7629520e-03 1.9439207e-02
       710 2.2205753e+00 8.2275920e-02 6.7797360e-03 1.5735797e-02
       711 2.2205623e+00 8.2492857e-02 6.8155645e-03 1.6390353e-02
       712 2.2200087e+00 8.2146760e-02 6.7624763e-03 2.6895629e-02
       713 2.2220501e+00 8.2060757e-02 6.7370358e-03 5.2689152e-02
       714 2.2205916e+00 8.2195053e-02 6.7663310e-03 1.6172792e-02
       715 2.2199114e+00 8.2642820e-02 6.8449698e-03 2.9454021e-02
       716 2.2204128e+00 8.2796033e-02 6.8666674e-03 1.7346285e-02
       717 2.2206088e+00 8.1910574e-02 6.7195362e-03 1.5867509e-02
       718 2.2204640e+00 8.2488910e-02 6.8155598e-03 1.7064815e-02
       719 2.2210250e+00 8.1793698e-02 6.6979185e-03 2.0184642e-02
       720 2.2204965e+00 8.2636041e-02 6.8396391e-03 1.6544991e-02
       721 2.2208406e+00 8.2091791e-02 6.7478296e-03 1.7781935e-02
       722 2.2204168e+00 8.2138826e-02 6.7582434e-03 1.7894574e-02
       723 2.2212043e+00 8.1876697e-02 6.7105393e-03 2.6288097e-02
       724 2.2201161e+00 8.2105749e-02 6.7549372e-03 2.4159012e-02
       725 2.2206145e+00 8.2363677e-02 6.7939327e-03 1.6024887e-02
       726 2.2207095e+00 8.2279156e-02 6.7794207e-03 1.6433827e-02
       727 2.2203150e+00 8.2429157e-02 6.8067223e-03 1.8303117e-02
       728 2.2203297e+00 8.1984793e-02 6.7335607e-03 1.8910163e-02
       729 2.2209866e+00 8.2040690e-02 6.7385990e-03 2.0333883e-02
       730 2.2203581e+00 8.2088178e-02 6.7503265e-03 1.9203898e-02
       731 2.2208016e+00 8.2085686e-02 6.7470601e-03 1.6953024e-02
       732 2.2205068e+00 8.2504423e-02 6.8178357e-03 1.6242191e-02
       733 2.2211556e+00 8.1348162e-02 6.6245250e-03 2.2561343e-02
       734 2.2210629e+00 8.1473875e-02 6.6454929e-03 2.0853317e-02
       735 2.2204948e+00 8.2088375e-02 6.7494364e-03 1.6842388e-02
       736 2.2202941e+00 8.1719580e-02 6.6903923e-03 1.9877486e-02
       737 2.2210706e+00 8.2191619e-02 6.7629209e-03 2.1915034e-02
       738 2.2196617e+00 8.2752789e-02 6.8651631e-03 3.6539284e-02
       739 2.2211115e+00 8.2120404e-02 6.7509975e-03 2.3270375e-02
       740 2.2213633e+00 8.1133136e-02 6.5885309e-03 2.8617050e-02
       741 2.2199693e+00 8.2535835e-02 6.8268504e-03 2.7106646e-02
       742 2.2200722e+00 8.2495707e-02 6.8194504e-03 2.5837271e-02
       743 2.2204366e+00 8.2245212e-02 6.7755984e-03 1.7700623e-02
       744 2.2212957e+00 8.2054294e-02 6.7391870e-03 2.7421787e-02
       745 2.2196420e+00 8.1997675e-02 6.7409207e-03 3.9351305e-02
       746 2.2214716e+00 8.2470132e-02 6.8067516e-03 3.5852174e-02
       747 2.2215935e+00 8.1840387e-02 6.7027249e-03 3.6330288e-02
       748 2.2200883e+00 8.2209732e-02 6.7722289e-03 2.4077104e-02
       749 2.2203907e+00 8.1817696e-02 6.7057700e-03 1.8243909e-02
       750 2.2196669e+00 8.2591421e-02 6.8384389e-03 3.6843147e-02
       751 2.2208657e+00 8.2601500e-02 6.8316270e-03 1.9786985e-02
       752 2.2208329e+00 8.2321880e-02 6.7857048e-03 1.8167227e-02
       753 2.2212921e+00 8.1662264e-02 6.6750228e-03 2.8083714e-02
       754 2.2202507e+00 8.2616948e-02 6.8381691e-03 1.9612573e-02
       755 2.2210721e+00 8.1935610e-02 6.7208946e-03 2.2334186e-02
       756 2.2207754e+00 8.1873985e-02 6.7125073e-03 1.5984271e-02
       757 2.2205198e+00 8.1650486e-02 6.6775721e-03 1.6853152e-02
       758 2.2206242e+00 8.1580301e-02 6.6654415e-03 1.5789898e-02
       759 2.2209268e+00 8.2166437e-02 6.7595876e-03 1.8602304e-02
       760 2.2203793e+00 8.2264357e-02 6.7791368e-03 1.8359513e-02
       761 2.2197683e+00 8.2545113e-02 6.8299633e-03 3.4394010e-02
       762 2.2208981e+00 8.2578623e-02 6.8276593e-03 1.9095159e-02
       763 2.2208172e+00 8.2430885e-02 6.8037573e-03 1.7709098e-02
       764 2.2210529e+00 8.2166315e-02 6.7588589e-03 2.2288172e-02
       765 2.2195127e+00 8.2634812e-02 6.8469073e-03 4.2530524e-02
       766 2.2205478e+00 8.2606062e-02 6.8343486e-03 1.6149770e-02
       767 2.2209924e+00 8.1999469e-02 6.7318045e-03 1.9862263e-02
       768 2.2219994e+00 8.1561413e-02 6.6555120e-03 5.0007093e-02
       769 2.2193982e+00 8.2471497e-02 6.8209380e-03 4.6391466e-02
       770 2.2201562e+00 8.2723836e-02 6.8565221e-03 2.1931770e-02
       771 2.2217101e+00 8.1435125e-02 6.6360540e-03 3.8164686e-02
       772 2.2209665e+00 8.1663891e-02 6.6770288e-03 2.0687000e-02
       773 2.2197634e+00 8.2453085e-02 6.8148188e-03 3.4243353e-02
       774 2.2205418e+00 8.1606910e-02 6.6703143e-03 1.6471772e-02
       775 2.2208120e+00 8.2159008e-02 6.7590401e-03 1.7081137e-02
       776 2.2207406e+00 8.1501332e-02 6.6518369e-03 1.6054933e-02
       777 2.2209485e+00 8.2019030e-02 6.7352617e-03 1.9881702e-02
       778 2.2204931e+00 8.2091912e-02 6.7500282e-03 1.6575268e-02
       779 2.2199408e+00 8.2624049e-02 6.8416395e-03 2.7556944e-02
       780 2.2211466e+00 8.1904830e-02 6.7154503e-03 2.4614193e-02
       781 2.2204799e+00 8.1856736e-02 6.7115593e-03 1.6756266e-02
       782 2.2210301e+00 8.2074273e-02 6.7438678e-03 2.1533676e-02
       783 2.2203803e+00 8.2794712e-02 6.8666699e-03 1.7303226e-02
       784 2.2206739e+00 8.2129006e-02 6.7549565e-03 1.5909985e-02
       785 2.2214052e+00 8.1598858e-02 6.6641162e-03 3.1003248e-02
       786 2.2201977e+00 8.1569135e-02 6.6665117e-03 2.2613950e-02
       787 2.2202895e+00 8.1819428e-02 6.7067541e-03 1.9967100e-02
       788 2.2201532e+00 8.2309980e-02 6.7882437e-03 2.2468680e-02
       789 2.2211566e+00 8.2019498e-02 6.7341942e-03 2.4763045e-02
       790 2.2204254e+00 8.2196989e-02 6.7677436e-03 1.7221177e-02
       791 2.2205205e+00 8.1896954e-02 6.7178770e-03 1.6201397e-02
       792 2.2199105e+00 8.2317722e-02 6.7913480e-03 2.9411293e-02
       793 2.2216962e+00 8.1882234e-02 6.7091331e-03 4.0085643e-02
       794 2.2212027e+00 8.1602611e-02 6.6657406e-03 2.3751394e-02
       795 2.2199406e+00 8.2236570e-02 6.7777612e-03 2.8584724e-02
       796 2.2202142e+00 8.1915872e-02 6.7230792e-03 2.2784602e-02
       797 2.2221537e+00 8.1239306e-02 6.6025403e-03 5.4973295e-02
       798 2.2193153e+00 8.2443234e-02 6.8170142e-03 4.9235437e-02
       799 2.2198812e+00 8.2356985e-02 6.7980427e-03 3.0992030e-02
       800 2.2208377e+00 8.1925103e-02 6.7205070e-03 1.7458811e-02
       801 2.2208620e+00 8.1964427e-02 6.7268088e-03 1.7341272e-02
       802 2.2210673e+00 8.2141829e-02 6.7547567e-03 2.2167054e-02
       803 2.2203324e+00 8.2347845e-02 6.7932030e-03 1.9510683e-02
       804 2.2210760e+00 8.1792979e-02 6.6975201e-03 2.2491205e-02
       805 2.2196171e+00 8.2785346e-02 6.8709235e-03 3.8577786e-02
       806 2.2216257e+00 8.2184800e-02 6.7590760e-03 3.7719458e-02
       807 2.2208229e+00 8.2103343e-02 6.7498318e-03 1.7231839e-02
       808 2.2207230e+00 8.1657998e-02 6.6775062e-03 1.5862273e-02
       809 2.2206596e+00 8.1787514e-02 6.6990693e-03 1.5851818e-02
       810 2.2206013e+00 8.1863181e-02 6.7118223e-03 1.5876221e-02
       811 2.2200537e+00 8.2167924e-02 6.7656147e-03 2.6500734e-02
       812 2.2212581e+00 8.2042579e-02 6.7374542e-03 2.7186442e-02
       813 2.2209283e+00 8.2102275e-02 6.7490394e-03 1.9458711e-02
       814 2.2203068e+00 8.1746779e-02 6.6947493e-03 1.9476891e-02
       815 2.2206233e+00 8.1713535e-02 6.6872036e-03 1.5600029e-02
       816 2.2207672e+00 8.2560723e-02 6.8254809e-03 1.7493900e-02
       817 2.2200857e+00 8.2025485e-02 6.7419881e-03 2.6354822e-02
       818 2.2205927e+00 8.1743173e-02 6.6922436e-03 1.5922460e-02
       819 2.2205937e+00 8.2262846e-02 6.7774665e-03 1.5857880e-02
       820 2.2207317e+00 8.2174302e-02 6.7620399e-03 1.6442044e-02
       821 2.2207318e+00 8.1942128e-02 6.7239361e-03 1.6083403e-02
       822 2.2204269e+00 8.2135763e-02 6.7576720e-03 1.7270801e-02
       823 2.2215949e+00 8.1279587e-02 6.6112407e-03 3.5307706e-02
       824 2.2206720e+00 8.1855643e-02 6.7101410e-03 1.5829092e-02
       825 2.2205702e+00 8.1336945e-02 6.6261407e-03 1.6745931e-02
       826 2.2206729e+00 8.1725595e-02 6.6888614e-03 1.5562632e-02
       827 2.2198925e+00 8.2102812e-02 6.7561532e-03 3.0692855e-02
       828 2.2209958e+00 8.1399457e-02 6.6337441e-03 1.9174617e-02
       829 2.2202415e+00 8.2155214e-02 6.7621539e-03 2.0573121e-02
       830 2.2221154e+00 8.0934420e-02 6.5532235e-03 5.1524263e-02
       831 2.2187909e+00 8.2821574e-02 6.8845199e-03 6.4689926e-02
       832 2.2211927e+00 8.2109043e-02 6.7487015e-03 2.6044273e-02
       833 2.2218020e+00 8.1542316e-02 6.6531479e-03 4.5004577e-02
       834 2.2192858e+00 8.2194797e-02 6.7763772e-03 5.1187425e-02
       835 2.2211774e+00 8.1945458e-02 6.7219446e-03 2.4551680e-02
       836 2.2209217e+00 8.1707706e-02 6.6844434e-03 1.7592969e-02
       837 2.2203920e+00 8.1635362e-02 6.6759577e-03 1.8260337e-02
       838 2.2204997e+00 8.2233443e-02 6.7732417e-03 1.6676454e-02
       839 2.2204025e+00 8.2369213e-02 6.7962411e-03 1.8097010e-02
       840 2.2200349e+00 8.2600112e-02 6.8369665e-03 2.5883774e-02
       841 2.2213047e+00 8.2199092e-02 6.7629253e-03 2.9234434e-02
       842 2.2210734e+00 8.1198238e-02 6.6005972e-03 2.0441243e-02
       843 2.2202717e+00 8.1962752e-02 6.7303530e-03 1.9643437e-02
       844 2.2203681e+00 8.2670101e-02 6.8461344e-03 1.7333864e-02
       845 2.2212045e+00 8.1999555e-02 6.7306722e-03 2.5113022e-02
       846 2.2212532e+00 8.1907180e-02 6.7152802e-03 2.5991528e-02
       847 2.2195989e+00 8.2212009e-02 6.7764771e-03 4.0114751e-02
       848 2.2201839e+00 8.2882938e-02 6.8826691e-03 2.0631846e-02
       849 2.2208135e+00 8.1821918e-02 6.7037552e-03 1.7046660e-02
       850 2.2202453e+00 8.2246059e-02 6.7770615e-03 2.1350875e-02
       851 2.2208095e+00 8.2178037e-02 6.7621827e-03 1.7821322e-02
       852 2.2213078e+00 8.2298260e-02 6.7792230e-03 2.7889437e-02
       853 2.2214395e+00 8.0956046e-02 6.5594608e-03 2.9453099e-02
       854 2.2207548e+00 8.1902146e-02 6.7172447e-03 1.6727339e-02
       855 2.2200511e+00 8.1894780e-02 6.7208211e-03 2.6817294e-02
       856 2.2194613e+00 8.2373949e-02 6.8043058e-03 4.5390991e-02
       857 2.2208050e+00 8.1853521e-02 6.7089786e-03 1.6514665e-02
       858 2.2221250e+00 8.1623308e-02 6.6651753e-03 5.3578183e-02
       859 2.2199239e+00 8.2532569e-02 6.8266612e-03 2.9770683e-02
       860 2.2212326e+00 8.1910678e-02 6.7159591e-03 2.4981915e-02
       861 2.2199829e+00 8.1685312e-02 6.6870730e-03 2.8603028e-02
       862 2.2206035e+00 8.2322811e-02 6.7872733e-03 1.5810854e-02
       863 2.2198314e+00 8.2630184e-02 6.8435102e-03 3.1386296e-02
       864 2.2206958e+00 8.2290656e-02 6.7813978e-03 1.5990415e-02
       865 2.2211851e+00 8.1688180e-02 6.6798048e-03 2.3027838e-02
       866 2.2214491e+00 8.1364101e-02 6.6256512e-03 3.0660160e-02
       867 2.2190858e+00 8.2652199e-02 6.8536246e-03 5.5294062e-02
       868 2.2218138e+00 8.1678208e-02 6.6752812e-03 4.3660048e-02
       869 2.2209669e+00 8.1474038e-02 6.6460545e-03 1.8206191e-02
       870 2.2199332e+00 8.2196531e-02 6.7712345e-03 2.9152817e-02
       871 2.2205679e+00 8.1665575e-02 6.6797231e-03 1.6170086e-02
       872 2.2201829e+00 8.1768730e-02 6.6992204e-03 2.3137411e-02
       873 2.2209115e+00 8.2003772e-02 6.7329710e-03 1.8464099e-02
       874 2.2210247e+00 8.1942409e-02 6.7222695e-03 2.1512495e-02
       875 2.2215190e+00 8.1568870e-02 6.6586907e-03 3.4954023e-02
       876 2.2202125e+00 8.1966306e-02 6.7313574e-03 2.1811879e-02
       877 2.2199953e+00 8.1634703e-02 6.6787129e-03 2.7304503e-02
       878 2.2218063e+00 8.1211486e-02 6.5992866e-03 4.2135900e-02
       879 2.2191497e+00 8.2092693e-02 6.7608504e-03 5.5672197e-02
       880 2.2208257e+00 8.2241193e-02 6.7724696e-03 1.8128248e-02
       881 2.2203905e+00 8.2480174e-02 6.8146145e-03 1.7907494e-02
       882 2.2212083e+00 8.1468415e-02 6.6438280e-03 2.4870410e-02
       883 2.2209870e+00 8.2088633e-02 6.7464658e-03 2.0234468e-02
       884 2.2203703e+00 8.2452905e-02 6.8102556e-03 1.7916126e-02
       885 2.2204609e+00 8.1770361e-02 6.6975524e-03 1.7046433e-02
       886 2.2205314e+00 8.1890343e-02 6.7167228e-03 1.6352866e-02
       887 2.2205075e+00 8.2034449e-02 6.7405023e-03 1.6376262e-02
       888 2.2210980e+00 8.1188083e-02 6.5988143e-03 2.1388962e-02
       889 2.2203718e+00 8.1728472e-02 6.6913064e-03 1.8737327e-02
       890 2.2204479e+00 8.1670250e-02 6.6812774e-03 1.7610959e-02
       891 2.2211719e+00 8.1749505e-02 6.6898970e-03 2.3380501e-02
       892 2.2209905e+00 8.1859918e-02 6.7089485e-03 2.0777243e-02
       893 2.2211193e+00 8.1835832e-02 6.7042984e-03 2.2367294e-02
       894 2.2204968e+00 8.1562084e-02 6.6632950e-03 1.7079481e-02
       895 2.2203736e+00 8.1825753e-02 6.7072049e-03 1.9453544e-02
       896 2.2198069e+00 8.2078398e-02 6.7528211e-03 3.3173109e-02
       897 2.2207247e+00 8.1690105e-02 6.6827408e-03 1.5895735e-02
       898 2.2204780e+00 8.2433306e-02 6.8062962e-03 1.6618183e-02
       899 2.2209951e+00 8.2179324e-02 6.7613177e-03 1.9727120e-02
       900 2.2209302e+00 8.1699238e-02 6.6830103e-03 1.8051069e-02
       901 2.2204840e+00 8.2456683e-02 6.8101112e-03 1.6707177e-02
       902 2.2201674e+00 8.1941379e-02 6.7275970e-03 2.2814339e-02
       903 2.2207399e+00 8.2217637e-02 6.7691141e-03 1.6347134e-02
       904 2.2218613e+00 8.1615788e-02 6.6649016e-03 4.3777900e-02
       905 2.2211147e+00 8.1674564e-02 6.6779539e-03 2.2097800e-02
       906 2.2196254e+00 8.1712734e-02 6.6944119e-03 3.9546478e-02
       907 2.2207607e+00 8.1683679e-02 6.6814702e-03 1.6249868e-02
       908 2.2201290e+00 8.2325919e-02 6.7910453e-03 2.5001458e-02
       909 2.2213115e+00 8.1776873e-02 6.6936578e-03 2.7507896e-02
       910 2.2211840e+00 8.1442905e-02 6.6397989e-03 2.4103852e-02
       911 2.2198060e+00 8.1773462e-02 6.7028641e-03 3.5127667e-02
       912 2.2205294e+00 8.2194645e-02 6.7666669e-03 1.6563778e-02
       913 2.2208102e+00 8.1842832e-02 6.7071975e-03 1.6552668e-02
       914 2.2206308e+00 8.1356993e-02 6.6290142e-03 1.5591426e-02
       915 2.2199741e+00 8.2069682e-02 6.7500825e-03 2.8699046e-02
       916 2.2216959e+00 8.1665714e-02 6.6737230e-03 4.0452124e-02
       917 2.2199433e+00 8.2334876e-02 6.7939183e-03 2.8052656e-02
       918 2.2210419e+00 8.1498342e-02 6.6495956e-03 2.0767360e-02
       919 2.2209625e+00 8.1215580e-02 6.6040311e-03 1.8685354e-02
       920 2.2208756e+00 8.1777586e-02 6.6961350e-03 1.7793488e-02
       921 2.2197962e+00 8.1826679e-02 6.7116486e-03 3.4795717e-02
       922 2.2216811e+00 8.1058060e-02 6.5749058e-03 3.7068152e-02
       923 2.2204207e+00 8.1828485e-02 6.7073312e-03 1.7915798e-02
       924 2.2202291e+00 8.2142316e-02 6.7601229e-03 2.1261443e-02
       925 2.2208957e+00 8.1642818e-02 6.6739938e-03 1.8376581e-02
       926 2.2203291e+00 8.2015227e-02 6.7385560e-03 1.9651901e-02
       927 2.2201051e+00 8.1733498e-02 6.6940287e-03 2.6213444e-02
       928 2.2207176e+00 8.1886081e-02 6.7148412e-03 1.6106738e-02
       929 2.2219581e+00 8.1484576e-02 6.6431347e-03 4.8083530e-02
       930 2.2200371e+00 8.2325408e-02 6.7916443e-03 2.5797726e-02
       931 2.2200007e+00 8.2096939e-02 6.7543542e-03 2.8773199e-02
       932 2.2209893e+00 8.1266965e-02 6.6122289e-03 1.9400398e-02
       933 2.2207526e+00 8.2653111e-02 6.8408334e-03 1.7026498e-02
       934 2.2204225e+00 8.1620953e-02 6.6733984e-03 1.8585499e-02
       935 2.2203966e+00 8.2262758e-02 6.7787554e-03 1.7675184e-02
       936 2.2224654e+00 8.0924003e-02 6.5504796e-03 6.3839004e-02
       937 2.2203114e+00 8.1756435e-02 6.6962963e-03 2.0919678e-02
       938 2.2200570e+00 8.2229213e-02 6.7756657e-03 2.5333744e-02
       939 2.2202978e+00 8.2227045e-02 6.7735638e-03 1.9538300e-02
       940 2.2204699e+00 8.2054304e-02 6.7440088e-03 1.7226095e-02
       941 2.2204068e+00 8.1391264e-02 6.6360627e-03 1.8409446e-02
       942 2.2212006e+00 8.1647919e-02 6.6731477e-03 2.5373642e-02
       943 2.2207375e+00 8.1950205e-02 6.7252250e-03 1.5894562e-02
       944 2.2204246e+00 8.1383156e-02 6.6346222e-03 1.7851545e-02
       945 2.2212911e+00 8.1614530e-02 6.6672341e-03 2.6353336e-02
       946 2.2194252e+00 8.2723897e-02 6.8623964e-03 4.4460776e-02
       947 2.2212300e+00 8.1512395e-02 6.6508836e-03 2.5402721e-02
       948 2.2207913e+00 8.1809792e-02 6.7019042e-03 1.6695027e-02
       949 2.2206531e+00 8.1634781e-02 6.6741506e-03 1.5790050e-02
       950 2.2216745e+00 8.1765420e-02 6.6901085e-03 3.8306599e-02
       951 2.2200959e+00 8.2112986e-02 6.7562746e-03 2.5586760e-02
       952 2.2205598e+00 8.1287963e-02 6.6182422e-03 1.5995217e-02
       953 2.2199906e+00 8.2315616e-02 6.7903848e-03 2.7402269e-02
       954 2.2212676e+00 8.1740910e-02 6.6879978e-03 2.6291732e-02
       955 2.2205029e+00 8.1526878e-02 6.6575133e-03 1.7383963e-02
       956 2.2202787e+00 8.2127021e-02 6.7572586e-03 2.0155169e-02
       957 2.2212714e+00 8.1999358e-02 6.7302964e-03 2.7839854e-02
       958 2.2201445e+00 8.1522359e-02 6.6592698e-03 2.4470878e-02
       959 2.2206659e+00 8.1700698e-02 6.6848366e-03 1.5771531e-02
       960 2.2212335e+00 8.1682450e-02 6.6786180e-03 2.4841309e-02
       961 2.2200937e+00 8.2173200e-02 6.7661835e-03 2.6529576e-02
       962 2.2205469e+00 8.1716324e-02 6.6881510e-03 1.5913850e-02
       963 2.2212350e+00 8.1601347e-02 6.6653671e-03 2.5349087e-02
       964 2.2217753e+00 8.1234286e-02 6.6031152e-03 4.1644789e-02
       965 2.2197043e+00 8.1431859e-02 6.6479359e-03 3.8381591e-02
       966 2.2208522e+00 8.1625841e-02 6.6714772e-03 1.6647905e-02
       967 2.2208768e+00 8.1154861e-02 6.5946657e-03 1.6237333e-02
       968 2.2195929e+00 8.2340852e-02 6.7977288e-03 3.9003068e-02
       969 2.2213180e+00 8.1532518e-02 6.6537197e-03 2.7526455e-02
       970 2.2199832e+00 8.2004289e-02 6.7392833e-03 2.8510250e-02
       971 2.2219218e+00 8.1281245e-02 6.6101746e-03 4.6820224e-02
       972 2.2206044e+00 8.0864054e-02 6.5492170e-03 1.5654097e-02
       973 2.2200553e+00 8.2233796e-02 6.7764322e-03 2.6901657e-02
       974 2.2206356e+00 8.1939861e-02 6.7241647e-03 1.5964862e-02
       975 2.2209870e+00 8.1403264e-02 6.6344134e-03 1.8451519e-02
       976 2.2199032e+00 8.1841637e-02 6.7132513e-03 3.1941533e-02
       977 2.2212291e+00 8.1822555e-02 6.7015485e-03 2.5711915e-02
       978 2.2207069e+00 8.1779558e-02 6.6974732e-03 1.6005759e-02
       979 2.2205766e+00 8.1429445e-02 6.6411550e-03 1.6487448e-02
       980 2.2210744e+00 8.1954021e-02 6.7238990e-03 2.1726479e-02
       981 2.2202805e+00 8.1472662e-02 6.6501927e-03 2.0992678e-02
       982 2.2204291e+00 8.1308283e-02 6.6224107e-03 1.7739241e-02
       983 2.2208145e+00 8.1592545e-02 6.6662664e-03 1.6632103e-02
       984 2.2201840e+00 8.2145978e-02 6.7610488e-03 2.2296066e-02
       985 2.2210364e+00 8.2044631e-02 6.7389681e-03 2.2008376e-02
       986 2.2203411e+00 8.2050404e-02 6.7442437e-03 1.9114884e-02
       987 2.2205978e+00 8.2078439e-02 6.7471347e-03 1.5953516e-02
       988 2.2204172e+00 8.2087064e-02 6.7497407e-03 1.8093490e-02
       989 2.2208389e+00 8.1366537e-02 6.6292911e-03 1.6565034e-02
       990 2.2209624e+00 8.2361744e-02 6.7915182e-03 2.0281544e-02
       991 2.2212791e+00 8.1383728e-02 6.6296743e-03 2.6051619e-02
       992 2.2202609e+00 8.2319730e-02 6.7890747e-03 2.1118748e-02
       993 2.2207417e+00 8.1828935e-02 6.7053374e-03 1.6230798e-02
       994 2.2204971e+00 8.1998818e-02 6.7347263e-03 1.6758591e-02
       995 2.2213006e+00 8.1391892e-02 6.6308950e-03 2.7436464e-02
       996 2.2207738e+00 8.1681309e-02 6.6810039e-03 1.6212159e-02
       997 2.2201560e+00 8.1469500e-02 6.6505699e-03 2.4699744e-02
       998 2.2206406e+00 8.1523745e-02 6.6561132e-03 1.5627121e-02
       999 2.2199472e+00 8.1763839e-02 6.7001815e-03 2.8959247e-02

Final Weights:         0.4025985310         0.2200801728        -0.1732665368        -0.4486563397 