# Cycles, Average Predicted Temperature, Stddev Predicted Temperature, Mean Squared Error, || MSE Gradient ||
         0 2.7173567e-01 2.0857088e-01 3.8540632e+00 7.5304683e+00
         1 2.8723957e-01 2.1480982e-01 3.7964158e+00 7.6904698e+00
         2 3.0406621e-01 2.2170765e-01 3.7345383e+00 7.8309363e+00
         3 3.2087425e-01 2.2867351e-01 3.6734241e+00 7.9856447e+00
         4 3.3850524e-01 2.3545723e-01 3.6097825e+00 8.1182398e+00
         5 3.5769779e-01 2.4291946e-01 3.5413533e+00 8.2552111e+00
         6 3.7655752e-01 2.4981992e-01 3.4747207e+00 8.3935166e+00
         7 3.9715322e-01 2.5852558e-01 3.4034798e+00 8.4972184e+00
         8 4.1777317e-01 2.6612180e-01 3.3325595e+00 8.6189766e+00
         9 4.3995062e-01 2.7611854e-01 3.2583658e+00 8.8435344e+00
        10 4.6492113e-01 2.8672703e-01 3.1758729e+00 8.9261864e+00
        11 4.8882741e-01 2.9546846e-01 3.0974371e+00 9.0154241e+00
        12 5.1521920e-01 3.0664380e-01 3.0132843e+00 9.0772696e+00
        13 5.4152553e-01 3.1568548e-01 2.9297101e+00 9.1577940e+00
        14 5.6892813e-01 3.2860494e-01 2.8465874e+00 9.1994133e+00
        15 5.9738027e-01 3.3894059e-01 2.7601271e+00 9.2440834e+00
        16 6.2540844e-01 3.4963725e-01 2.6771069e+00 9.2541044e+00
        17 6.5501824e-01 3.6217121e-01 2.5922492e+00 9.2584048e+00
        18 6.8637058e-01 3.7326506e-01 2.5030210e+00 9.2445784e+00
        19 7.1706045e-01 3.8628458e-01 2.4194847e+00 9.2239941e+00
        20 7.4814032e-01 3.9863403e-01 2.3364853e+00 9.1699606e+00
        21 7.8146098e-01 4.1070063e-01 2.2490215e+00 9.1152285e+00
        22 8.1313305e-01 4.2111071e-01 2.1673200e+00 9.0536370e+00
        23 8.4585632e-01 4.3451798e-01 2.0875391e+00 9.0524553e+00
        24 8.7952052e-01 4.4654409e-01 2.0064933e+00 8.9497982e+00
        25 9.1268068e-01 4.5825372e-01 1.9290346e+00 8.8326931e+00
        26 9.4884728e-01 4.6932795e-01 1.8457773e+00 8.7561179e+00
        27 9.8158208e-01 4.8037678e-01 1.7738712e+00 8.6198241e+00
        28 1.0160908e+00 4.9087046e-01 1.6995193e+00 8.4716378e+00
        29 1.0512215e+00 5.0138304e-01 1.6263291e+00 8.4393181e+00
        30 1.0852999e+00 5.1110809e-01 1.5574177e+00 8.2780652e+00
        31 1.1202943e+00 5.2038203e-01 1.4885259e+00 8.0951747e+00
        32 1.1541107e+00 5.2905530e-01 1.4241381e+00 7.9272230e+00
        33 1.1878267e+00 5.3651549e-01 1.3610930e+00 7.7498073e+00
        34 1.2225993e+00 5.4457598e-01 1.2989691e+00 7.5654988e+00
        35 1.2542034e+00 5.5183806e-01 1.2446459e+00 7.3949899e+00
        36 1.2863042e+00 5.5817338e-01 1.1904590e+00 7.2114210e+00
        37 1.3171148e+00 5.6330779e-01 1.1393966e+00 7.0139882e+00
        38 1.3481365e+00 5.6853703e-01 1.0900237e+00 6.8206978e+00
        39 1.3773139e+00 5.7398597e-01 1.0460013e+00 6.6397199e+00
        40 1.4072638e+00 5.7905775e-01 1.0020419e+00 6.4830516e+00
        41 1.4355128e+00 5.8077542e-01 9.5869934e-01 6.3045667e+00
        42 1.4629448e+00 5.8496290e-01 9.2108472e-01 6.1181014e+00
        43 1.4907537e+00 5.8679150e-01 8.8168351e-01 5.9335847e+00
        44 1.5150615e+00 5.8859541e-01 8.4875707e-01 5.7795484e+00
        45 1.5405434e+00 5.9087828e-01 8.1597893e-01 5.6132961e+00
        46 1.5641835e+00 5.9046296e-01 7.8374259e-01 5.4599926e+00
        47 1.5875283e+00 5.9252976e-01 7.5593524e-01 5.3109162e+00
        48 1.6097525e+00 5.9118927e-01 7.2656106e-01 5.1677542e+00
        49 1.6308610e+00 5.9141207e-01 7.0134685e-01 5.0164199e+00
        50 1.6507255e+00 5.9069719e-01 6.7733939e-01 4.8929070e+00
        51 1.6723845e+00 5.9073039e-01 6.5302322e-01 4.7550354e+00
        52 1.6905154e+00 5.8916764e-01 6.3151266e-01 4.6255247e+00
        53 1.7070617e+00 5.8843108e-01 6.1327127e-01 4.5197767e+00
        54 1.7249511e+00 5.8326852e-01 5.8905399e-01 4.4073056e+00
        55 1.7425137e+00 5.8202216e-01 5.7038781e-01 4.2840811e+00
        56 1.7587145e+00 5.7853446e-01 5.5100818e-01 4.1804226e+00
        57 1.7734126e+00 5.7595539e-01 5.3457486e-01 4.0914231e+00
        58 1.7857555e+00 5.7365928e-01 5.2096934e-01 4.0020297e+00
        59 1.8003898e+00 5.6905955e-01 5.0310632e-01 3.8998236e+00
        60 1.8158562e+00 5.6567468e-01 4.8640732e-01 3.8119734e+00
        61 1.8282520e+00 5.6153278e-01 4.7177854e-01 3.7233458e+00
        62 1.8398827e+00 5.5795876e-01 4.5871171e-01 3.6469348e+00
        63 1.8511457e+00 5.5489900e-01 4.4678531e-01 3.5766405e+00
        64 1.8614740e+00 5.5098004e-01 4.3486030e-01 3.5133995e+00
        65 1.8733847e+00 5.4745597e-01 4.2250002e-01 3.4205649e+00
        66 1.8818313e+00 5.4199605e-01 4.1070340e-01 3.3704812e+00
        67 1.8924038e+00 5.3794845e-01 3.9921302e-01 3.2999501e+00
        68 1.9016978e+00 5.3353277e-01 3.8840806e-01 3.2377146e+00
        69 1.9106944e+00 5.2831291e-01 3.7715066e-01 3.1685276e+00
        70 1.9182943e+00 5.2456896e-01 3.6850731e-01 3.1114901e+00
        71 1.9273180e+00 5.1991154e-01 3.5821052e-01 3.0587957e+00
        72 1.9367003e+00 5.1536147e-01 3.4802463e-01 3.0042496e+00
        73 1.9429865e+00 5.1111747e-01 3.4009818e-01 2.9476466e+00
        74 1.9493331e+00 5.0504367e-01 3.3040209e-01 2.8959891e+00
        75 1.9562021e+00 5.0004678e-01 3.2165628e-01 2.8481268e+00
        76 1.9625176e+00 4.9691550e-01 3.1519435e-01 2.7924547e+00
        77 1.9705387e+00 4.9251881e-01 3.0671688e-01 2.7421753e+00
        78 1.9763727e+00 4.8773154e-01 2.9910313e-01 2.6972834e+00
        79 1.9808464e+00 4.8340873e-01 2.9271122e-01 2.6787749e+00
        80 1.9878141e+00 4.7919563e-01 2.8531856e-01 2.6202008e+00
        81 1.9929103e+00 4.7444148e-01 2.7840550e-01 2.5862867e+00
        82 1.9975650e+00 4.6910916e-01 2.7124641e-01 2.5372072e+00
        83 2.0020959e+00 4.6418239e-01 2.6461870e-01 2.4983683e+00
        84 2.0061190e+00 4.6103291e-01 2.5993705e-01 2.4650962e+00
        85 2.0117992e+00 4.5663112e-01 2.5345701e-01 2.4212439e+00
        86 2.0168194e+00 4.5272141e-01 2.4779833e-01 2.3793487e+00
        87 2.0219784e+00 4.4838388e-01 2.4178073e-01 2.3465160e+00
        88 2.0257334e+00 4.4480186e-01 2.3707970e-01 2.3079990e+00
        89 2.0295617e+00 4.4047176e-01 2.3174450e-01 2.2746599e+00
        90 2.0340011e+00 4.3542804e-01 2.2562181e-01 2.2325910e+00
        91 2.0376856e+00 4.3186472e-01 2.2114631e-01 2.1992783e+00
        92 2.0398091e+00 4.2869774e-01 2.1763501e-01 2.1661519e+00
        93 2.0451122e+00 4.2322826e-01 2.1105208e-01 2.1289633e+00
        94 2.0490150e+00 4.1926723e-01 2.0633538e-01 2.0956229e+00
        95 2.0517549e+00 4.1706472e-01 2.0354306e-01 2.0682114e+00
        96 2.0559862e+00 4.1151975e-01 1.9751051e-01 2.0316762e+00
        97 2.0584143e+00 4.0815441e-01 1.9394297e-01 1.9926973e+00
        98 2.0617726e+00 4.0369217e-01 1.8922078e-01 1.9666506e+00
        99 2.0656904e+00 4.0087897e-01 1.8570312e-01 1.9417752e+00
       100 2.0659769e+00 3.9735691e-01 1.8280114e-01 1.9114192e+00
       101 2.0682628e+00 3.9505614e-01 1.8026166e-01 1.8827264e+00
       102 2.0727338e+00 3.9102299e-01 1.7572047e-01 1.8506258e+00
       103 2.0748785e+00 3.8725144e-01 1.7214179e-01 1.8183068e+00
       104 2.0786228e+00 3.8327765e-01 1.6797863e-01 1.8003002e+00
       105 2.0796023e+00 3.8126744e-01 1.6615829e-01 1.7680109e+00
       106 2.0817458e+00 3.7798284e-01 1.6305088e-01 1.7513849e+00
       107 2.0852747e+00 3.7447406e-01 1.5942053e-01 1.7277706e+00
       108 2.0873670e+00 3.7100020e-01 1.5625555e-01 1.6937700e+00
       109 2.0898270e+00 3.6893149e-01 1.5405963e-01 1.6689928e+00
       110 2.0912236e+00 3.6656618e-01 1.5194768e-01 1.6467916e+00
       111 2.0939634e+00 3.6221334e-01 1.4805647e-01 1.6207718e+00
       112 2.0958283e+00 3.5978988e-01 1.4582592e-01 1.5921732e+00
       113 2.0970017e+00 3.5650630e-01 1.4317495e-01 1.5721184e+00
       114 2.1009643e+00 3.5348638e-01 1.4004161e-01 1.5521620e+00
       115 2.1016071e+00 3.5039593e-01 1.3770881e-01 1.5285025e+00
       116 2.1025277e+00 3.4868539e-01 1.3628885e-01 1.5065624e+00
       117 2.1046896e+00 3.4620295e-01 1.3404416e-01 1.4829429e+00
       118 2.1059871e+00 3.4447240e-01 1.3254150e-01 1.4629565e+00
       119 2.1081679e+00 3.4115203e-01 1.2975586e-01 1.4353534e+00
       120 2.1109105e+00 3.3910775e-01 1.2773847e-01 1.4236047e+00
       121 2.1119844e+00 3.3530685e-01 1.2493376e-01 1.3986090e+00
       122 2.1111554e+00 3.3431260e-01 1.2445407e-01 1.3838329e+00
       123 2.1159310e+00 3.3037976e-01 1.2078686e-01 1.3597565e+00
       124 2.1167934e+00 3.2918191e-01 1.1981149e-01 1.3471725e+00
       125 2.1186057e+00 3.2733245e-01 1.1821271e-01 1.3210202e+00
       126 2.1197343e+00 3.2394666e-01 1.1577144e-01 1.3026691e+00
       127 2.1203993e+00 3.2360750e-01 1.1541386e-01 1.2893691e+00
       128 2.1213884e+00 3.2114553e-01 1.1362291e-01 1.2667508e+00
       129 2.1245358e+00 3.1836566e-01 1.1121039e-01 1.2523417e+00
       130 2.1259348e+00 3.1695678e-01 1.1003951e-01 1.2344028e+00
       131 2.1263279e+00 3.1501857e-01 1.0873783e-01 1.2141347e+00
       132 2.1280816e+00 3.1172070e-01 1.0633211e-01 1.1976442e+00
       133 2.1291444e+00 3.1001357e-01 1.0506839e-01 1.1823470e+00
       134 2.1299468e+00 3.0881890e-01 1.0417784e-01 1.1677765e+00
       135 2.1312815e+00 3.0751397e-01 1.0312481e-01 1.1496530e+00
       136 2.1320190e+00 3.0525361e-01 1.0160383e-01 1.1315093e+00
       137 2.1335000e+00 3.0402543e-01 1.0058584e-01 1.1229592e+00
       138 2.1359586e+00 3.0082905e-01 9.8214519e-02 1.1057582e+00
       139 2.1365583e+00 2.9892215e-01 9.6965841e-02 1.0883138e+00
       140 2.1363199e+00 2.9882737e-01 9.6950852e-02 1.0760013e+00
       141 2.1388081e+00 2.9460694e-01 9.4017150e-02 1.0582131e+00
       142 2.1393730e+00 2.9490700e-01 9.4098324e-02 1.0441615e+00
       143 2.1410335e+00 2.9314308e-01 9.2783421e-02 1.0281120e+00
       144 2.1411528e+00 2.9180390e-01 9.1980332e-02 1.0190569e+00
       145 2.1408162e+00 2.9217603e-01 9.2253406e-02 1.0026986e+00
       146 2.1438503e+00 2.8815605e-01 8.9426130e-02 9.9183442e-01
       147 2.1428168e+00 2.8897610e-01 9.0065726e-02 9.7906231e-01
       148 2.1434082e+00 2.8769337e-01 8.9230585e-02 9.6705603e-01
       149 2.1455870e+00 2.8484421e-01 8.7253756e-02 9.4647514e-01
       150 2.1476552e+00 2.8230093e-01 8.5492093e-02 9.3667738e-01
       151 2.1475574e+00 2.8226187e-01 8.5484938e-02 9.2911939e-01
       152 2.1470164e+00 2.8333378e-01 8.6173993e-02 9.1213893e-01
       153 2.1497296e+00 2.7807423e-01 8.2811932e-02 8.9507444e-01
       154 2.1512870e+00 2.7717432e-01 8.2083972e-02 8.8932454e-01
       155 2.1517219e+00 2.7651847e-01 8.1657944e-02 8.7788801e-01
       156 2.1502167e+00 2.7759563e-01 8.2474073e-02 8.6102445e-01
       157 2.1532334e+00 2.7282426e-01 7.9412950e-02 8.5145997e-01
       158 2.1537995e+00 2.7395928e-01 7.9953987e-02 8.4441508e-01
       159 2.1527922e+00 2.7235108e-01 7.9217452e-02 8.2930113e-01
       160 2.1542902e+00 2.7209219e-01 7.8865992e-02 8.2031253e-01
       161 2.1546293e+00 2.7086069e-01 7.8150327e-02 8.0922233e-01
       162 2.1574863e+00 2.6672290e-01 7.5538827e-02 7.9878972e-01
       163 2.1570360e+00 2.6831839e-01 7.6452408e-02 7.8959552e-01
       164 2.1586271e+00 2.6652343e-01 7.5282451e-02 7.7673620e-01
       165 2.1575555e+00 2.6767854e-01 7.6040350e-02 7.7113116e-01
       166 2.1579651e+00 2.6546673e-01 7.4807025e-02 7.5960643e-01
       167 2.1577980e+00 2.6482836e-01 7.4490539e-02 7.4566554e-01
       168 2.1580124e+00 2.6503548e-01 7.4572024e-02 7.3917993e-01
       169 2.1592896e+00 2.6432913e-01 7.4031686e-02 7.3389449e-01
       170 2.1604316e+00 2.6257175e-01 7.2959681e-02 7.2315775e-01
       171 2.1626537e+00 2.5958038e-01 7.1121044e-02 7.1001738e-01
       172 2.1604475e+00 2.6149915e-01 7.2395551e-02 6.9903803e-01
       173 2.1629204e+00 2.6089508e-01 7.1772765e-02 6.9189466e-01
       174 2.1645066e+00 2.5724178e-01 6.9689235e-02 6.8213261e-01
       175 2.1635409e+00 2.5786392e-01 7.0125159e-02 6.7470763e-01
       176 2.1651634e+00 2.5745774e-01 6.9722927e-02 6.6797326e-01
       177 2.1656928e+00 2.5625825e-01 6.9044929e-02 6.6007327e-01
       178 2.1666325e+00 2.5471956e-01 6.8150362e-02 6.5142918e-01
       179 2.1653531e+00 2.5586734e-01 6.8884322e-02 6.4343749e-01
       180 2.1667384e+00 2.5482759e-01 6.8193311e-02 6.3536848e-01
       181 2.1668159e+00 2.5468596e-01 6.8112309e-02 6.2441532e-01
       182 2.1684647e+00 2.5182080e-01 6.6475894e-02 6.1631295e-01
       183 2.1687319e+00 2.5067882e-01 6.5872538e-02 6.1092323e-01
       184 2.1682127e+00 2.5170189e-01 6.6443971e-02 6.0293262e-01
       185 2.1690857e+00 2.5011305e-01 6.5550365e-02 5.9697976e-01
       186 2.1702803e+00 2.4930106e-01 6.5015549e-02 5.8483621e-01
       187 2.1699983e+00 2.4855969e-01 6.4676716e-02 5.7940915e-01
       188 2.1700973e+00 2.4980104e-01 6.5284706e-02 5.6955474e-01
       189 2.1701902e+00 2.4887447e-01 6.4812687e-02 5.6336755e-01
       190 2.1707765e+00 2.4909244e-01 6.4858702e-02 5.6238419e-01
       191 2.1705850e+00 2.4869834e-01 6.4682874e-02 5.4862865e-01
       192 2.1723839e+00 2.4488736e-01 6.2613595e-02 5.4145587e-01
       193 2.1722865e+00 2.4600936e-01 6.3174409e-02 5.3662007e-01
       194 2.1716705e+00 2.4688055e-01 6.3667656e-02 5.3185899e-01
       195 2.1746543e+00 2.4388619e-01 6.1895931e-02 5.2485561e-01
       196 2.1750755e+00 2.4252265e-01 6.1191465e-02 5.1463136e-01
       197 2.1741508e+00 2.4387303e-01 6.1939262e-02 5.1095684e-01
       198 2.1756605e+00 2.4203139e-01 6.0896762e-02 5.0830669e-01
       199 2.1766410e+00 2.3978531e-01 5.9721114e-02 4.9624881e-01
       200 2.1755830e+00 2.4285677e-01 6.1304444e-02 4.8834677e-01
       201 2.1747355e+00 2.4344786e-01 6.1674340e-02 4.8889788e-01
       202 2.1752157e+00 2.4242791e-01 6.1131879e-02 4.8324730e-01
       203 2.1774640e+00 2.3962966e-01 5.9569552e-02 4.7718619e-01
       204 2.1758453e+00 2.4273920e-01 6.1222127e-02 4.6541396e-01
       205 2.1749378e+00 2.4154211e-01 6.0730262e-02 4.6270827e-01
       206 2.1776348e+00 2.3956252e-01 5.9521579e-02 4.6220334e-01
       207 2.1762337e+00 2.4119955e-01 6.0439923e-02 4.5498331e-01
       208 2.1785003e+00 2.4011320e-01 5.9706557e-02 4.5134710e-01
       209 2.1760993e+00 2.4171493e-01 6.0701620e-02 4.4348050e-01
       210 2.1802443e+00 2.3576402e-01 5.7481908e-02 4.3835419e-01
       211 2.1761805e+00 2.4076572e-01 6.0235901e-02 4.3309476e-01
       212 2.1786895e+00 2.3872145e-01 5.9023038e-02 4.2717361e-01
       213 2.1795436e+00 2.3832734e-01 5.8758694e-02 4.1773111e-01
       214 2.1801145e+00 2.3665449e-01 5.7913909e-02 4.1727342e-01
       215 2.1793975e+00 2.3861794e-01 5.8910244e-02 4.1051502e-01
       216 2.1796206e+00 2.3786703e-01 5.8532686e-02 4.0488187e-01
       217 2.1802055e+00 2.3727241e-01 5.8198818e-02 4.0057618e-01
       218 2.1800655e+00 2.3760256e-01 5.8367822e-02 3.9634367e-01
       219 2.1809064e+00 2.3728728e-01 5.8145251e-02 3.9571074e-01
       220 2.1811710e+00 2.3574227e-01 5.7391786e-02 3.8794128e-01
       221 2.1807006e+00 2.3693044e-01 5.7993731e-02 3.8066071e-01
       222 2.1819706e+00 2.3628235e-01 5.7579184e-02 3.7743794e-01
       223 2.1809083e+00 2.3675352e-01 5.7892061e-02 3.6999675e-01
       224 2.1818653e+00 2.3646394e-01 5.7673846e-02 3.6647723e-01
       225 2.1822703e+00 2.3490015e-01 5.6902931e-02 3.6526446e-01
       226 2.1820626e+00 2.3663182e-01 5.7736764e-02 3.6445307e-01
       227 2.1831162e+00 2.3362224e-01 5.6234651e-02 3.5521637e-01
       228 2.1836837e+00 2.3321889e-01 5.6000499e-02 3.5172490e-01
       229 2.1829373e+00 2.3503209e-01 5.6909972e-02 3.4543619e-01
       230 2.1834125e+00 2.3411429e-01 5.6440783e-02 3.4540469e-01
       231 2.1835002e+00 2.3529181e-01 5.6986443e-02 3.3938593e-01
       232 2.1818760e+00 2.3670463e-01 5.7786839e-02 3.3727331e-01
       233 2.1826496e+00 2.3471003e-01 5.6782283e-02 3.3157483e-01
       234 2.1845585e+00 2.3293924e-01 5.5800715e-02 3.2819111e-01
       235 2.1856540e+00 2.3150260e-01 5.5048692e-02 3.2280312e-01
       236 2.1867697e+00 2.3066985e-01 5.4579942e-02 3.1909047e-01
       237 2.1866514e+00 2.3019034e-01 5.4367729e-02 3.1396607e-01
       238 2.1864528e+00 2.3043050e-01 5.4493152e-02 3.1140878e-01
       239 2.1846563e+00 2.3327461e-01 5.5949400e-02 3.0905149e-01
       240 2.1862482e+00 2.3044795e-01 5.4516515e-02 3.0779784e-01
       241 2.1860296e+00 2.3166711e-01 5.5096371e-02 3.0060241e-01
       242 2.1861143e+00 2.3110328e-01 5.4829057e-02 3.0021699e-01
       243 2.1868726e+00 2.2998675e-01 5.4257660e-02 2.9442406e-01
       244 2.1860834e+00 2.3067148e-01 5.4631993e-02 2.9119446e-01
       245 2.1841817e+00 2.3370556e-01 5.6188025e-02 2.8941413e-01
       246 2.1868719e+00 2.3125931e-01 5.4844675e-02 2.8414417e-01
       247 2.1868508e+00 2.3091728e-01 5.4688152e-02 2.8293351e-01
       248 2.1878732e+00 2.2831390e-01 5.3418087e-02 2.7734121e-01
       249 2.1864301e+00 2.3189618e-01 5.5172470e-02 2.7840165e-01
       250 2.1889568e+00 2.2903160e-01 5.3669634e-02 2.7128592e-01
       251 2.1869402e+00 2.3012295e-01 5.4315336e-02 2.6723095e-01
       252 2.1855663e+00 2.3289755e-01 5.5703205e-02 2.7017294e-01
       253 2.1870737e+00 2.3004865e-01 5.4271325e-02 2.6662570e-01
       254 2.1872594e+00 2.3039410e-01 5.4416775e-02 2.5799476e-01
       255 2.1874951e+00 2.3108717e-01 5.4719444e-02 2.5588945e-01
       256 2.1866681e+00 2.3203040e-01 5.5217007e-02 2.5670369e-01
       257 2.1891565e+00 2.2913535e-01 5.3703294e-02 2.5456413e-01
       258 2.1889263e+00 2.2978483e-01 5.4017353e-02 2.4881952e-01
       259 2.1885882e+00 2.3212003e-01 5.5119692e-02 2.4716018e-01
       260 2.1875057e+00 2.3191657e-01 5.5102689e-02 2.4147722e-01
       261 2.1895229e+00 2.3028851e-01 5.4207828e-02 2.3846983e-01
       262 2.1895601e+00 2.2677406e-01 5.2598954e-02 2.3455974e-01
       263 2.1882963e+00 2.2958565e-01 5.3970201e-02 2.3517501e-01
       264 2.1902982e+00 2.2694986e-01 5.2628718e-02 2.3400339e-01
       265 2.1897662e+00 2.2797673e-01 5.3131800e-02 2.2848956e-01
       266 2.1902644e+00 2.2847343e-01 5.3324858e-02 2.2686706e-01
       267 2.1899266e+00 2.2861070e-01 5.3410368e-02 2.2317811e-01
       268 2.1915929e+00 2.2681609e-01 5.2482940e-02 2.2006983e-01
       269 2.1895793e+00 2.2863955e-01 5.3447213e-02 2.1736787e-01
       270 2.1913217e+00 2.2703952e-01 5.2601892e-02 2.1796241e-01
       271 2.1890069e+00 2.2941743e-01 5.3843027e-02 2.1667445e-01
       272 2.1893903e+00 2.3024435e-01 5.4196597e-02 2.0975094e-01
       273 2.1912978e+00 2.2820580e-01 5.3134385e-02 2.0985710e-01
       274 2.1921912e+00 2.2674199e-01 5.2411144e-02 2.0868857e-01
       275 2.1911854e+00 2.2784700e-01 5.2978073e-02 2.0479277e-01
       276 2.1885878e+00 2.3138381e-01 5.4778480e-02 2.0487259e-01
       277 2.1913537e+00 2.2685619e-01 5.2516594e-02 2.0094530e-01
       278 2.1905173e+00 2.2863038e-01 5.3379694e-02 1.9701988e-01
       279 2.1918626e+00 2.2599902e-01 5.2095658e-02 1.9768674e-01
       280 2.1930498e+00 2.2594527e-01 5.1996939e-02 1.9188238e-01
       281 2.1915273e+00 2.2791003e-01 5.2984609e-02 1.9425904e-01
       282 2.1916632e+00 2.2743764e-01 5.2760762e-02 1.9062222e-01
       283 2.1919841e+00 2.2752346e-01 5.2779280e-02 1.8729674e-01
       284 2.1941473e+00 2.2556865e-01 5.1760597e-02 1.8090556e-01
       285 2.1918622e+00 2.2645416e-01 5.2301609e-02 1.8764947e-01
       286 2.1907610e+00 2.2830172e-01 5.3213357e-02 1.8188052e-01
       287 2.1912775e+00 2.2883957e-01 5.3425367e-02 1.8215719e-01
       288 2.1933738e+00 2.2475016e-01 5.1438483e-02 1.7746290e-01
       289 2.1930716e+00 2.2531309e-01 5.1710322e-02 1.7750260e-01
       290 2.1932601e+00 2.2554028e-01 5.1801205e-02 1.7413833e-01
       291 2.1925037e+00 2.2661860e-01 5.2335549e-02 1.7182302e-01
       292 2.1923037e+00 2.2698253e-01 5.2513186e-02 1.7261506e-01
       293 2.1930264e+00 2.2714828e-01 5.2543454e-02 1.7358140e-01
       294 2.1932269e+00 2.2512213e-01 5.1614789e-02 1.6144109e-01
       295 2.1938943e+00 2.2600063e-01 5.1970730e-02 1.6631422e-01
       296 2.1926573e+00 2.2606079e-01 5.2073451e-02 1.6431096e-01
       297 2.1944888e+00 2.2435111e-01 5.1192662e-02 1.6185919e-01
       298 2.1925229e+00 2.2680269e-01 5.2417821e-02 1.5662325e-01
       299 2.1944753e+00 2.2475518e-01 5.1374924e-02 1.6003306e-01
       300 2.1929588e+00 2.2554548e-01 5.1822042e-02 1.5566112e-01
       301 2.1947592e+00 2.2487744e-01 5.1413325e-02 1.5527683e-01
       302 2.1922403e+00 2.2854945e-01 5.3230967e-02 1.5400763e-01
       303 2.1915957e+00 2.3057421e-01 5.4201686e-02 1.5391158e-01
       304 2.1933543e+00 2.2791241e-01 5.2871104e-02 1.4920573e-01
       305 2.1929813e+00 2.2637643e-01 5.2196175e-02 1.4880865e-01
       306 2.1947735e+00 2.2541429e-01 5.1654234e-02 1.4316368e-01
       307 2.1923375e+00 2.2862344e-01 5.3258671e-02 1.5111159e-01
       308 2.1949789e+00 2.2335586e-01 5.0718590e-02 1.4474118e-01
       309 2.1953331e+00 2.2340394e-01 5.0719777e-02 1.4147747e-01
       310 2.1935541e+00 2.2901462e-01 5.3362608e-02 1.4519383e-01
       311 2.1953024e+00 2.2596449e-01 5.1872153e-02 1.4036086e-01
       312 2.1955944e+00 2.2564419e-01 5.1710946e-02 1.3816705e-01
       313 2.1959674e+00 2.2486814e-01 5.1340422e-02 1.3809862e-01
       314 2.1950639e+00 2.2533795e-01 5.1603044e-02 1.3820009e-01
       315 2.1948301e+00 2.2500319e-01 5.1465785e-02 1.3296216e-01
       316 2.1940583e+00 2.2566786e-01 5.1810642e-02 1.2885587e-01
       317 2.1942387e+00 2.2499307e-01 5.1495846e-02 1.3277240e-01
       318 2.1953535e+00 2.2541016e-01 5.1619040e-02 1.3066763e-01
       319 2.1943858e+00 2.2616753e-01 5.2017040e-02 1.2996538e-01
       320 2.1925357e+00 2.2819595e-01 5.3050946e-02 1.3107652e-01
       321 2.1949171e+00 2.2654528e-01 5.2157075e-02 1.2721259e-01
       322 2.1958524e+00 2.2484289e-01 5.1335485e-02 1.2487760e-01
       323 2.1943313e+00 2.2511726e-01 5.1546279e-02 1.2929846e-01
       324 2.1957909e+00 2.2422132e-01 5.1059801e-02 1.2090039e-01
       325 2.1961229e+00 2.2575663e-01 5.1732168e-02 1.2262630e-01
       326 2.1940813e+00 2.2714558e-01 5.2478407e-02 1.1873154e-01
       327 2.1951648e+00 2.2530555e-01 5.1582655e-02 1.2011604e-01
       328 2.1954951e+00 2.2525423e-01 5.1540728e-02 1.1233789e-01
       329 2.1949142e+00 2.2531857e-01 5.1602939e-02 1.1864210e-01
       330 2.1964208e+00 2.2398845e-01 5.0920536e-02 1.1553119e-01
       331 2.1931183e+00 2.2868990e-01 5.3240535e-02 1.2139682e-01
       332 2.1956670e+00 2.2471703e-01 5.1289297e-02 1.1422940e-01
       333 2.1948767e+00 2.2756390e-01 5.2621982e-02 1.1237591e-01
       334 2.1951693e+00 2.2783935e-01 5.2730577e-02 1.1397691e-01
       335 2.1964267e+00 2.2324273e-01 5.0586700e-02 1.0802258e-01
       336 2.1952371e+00 2.2705060e-01 5.2367906e-02 1.0971638e-01
       337 2.1972803e+00 2.2284939e-01 5.0365227e-02 1.0600785e-01
       338 2.1963458e+00 2.2420228e-01 5.1020483e-02 1.0680160e-01
       339 2.1971298e+00 2.2513904e-01 5.1398971e-02 1.0948701e-01
       340 2.1967093e+00 2.2458980e-01 5.1174571e-02 1.0451842e-01
       341 2.1964343e+00 2.2504083e-01 5.1392344e-02 1.0452544e-01
       342 2.1966611e+00 2.2366158e-01 5.0761112e-02 1.0327517e-01
       343 2.1956323e+00 2.2639165e-01 5.2046692e-02 1.0449306e-01
       344 2.1974520e+00 2.2448286e-01 5.1086858e-02 1.0389791e-01
       345 2.1979187e+00 2.2443158e-01 5.1039461e-02 1.0552806e-01
       346 2.1969957e+00 2.2538669e-01 5.1517721e-02 9.8980137e-02
       347 2.1966934e+00 2.2564570e-01 5.1650835e-02 9.6855521e-02
       348 2.1965381e+00 2.2370054e-01 5.0785232e-02 9.4604906e-02
       349 2.1950556e+00 2.2751079e-01 5.2587496e-02 1.0037166e-01
       350 2.1943777e+00 2.2867995e-01 5.3160283e-02 9.8753891e-02
       351 2.1959650e+00 2.2674175e-01 5.2186696e-02 9.5697032e-02
       352 2.1946800e+00 2.2703541e-01 5.2393146e-02 1.0094406e-01
       353 2.1962974e+00 2.2552807e-01 5.1619392e-02 9.3021841e-02
       354 2.1981102e+00 2.2360010e-01 5.0657053e-02 9.5272969e-02
       355 2.1956215e+00 2.2729979e-01 5.2459313e-02 9.5978654e-02
       356 2.1973493e+00 2.2346616e-01 5.0636851e-02 8.8587411e-02
       357 2.1955243e+00 2.2622442e-01 5.1977098e-02 9.2569601e-02
       358 2.1980081e+00 2.2437877e-01 5.1011136e-02 9.3600281e-02
       359 2.1978229e+00 2.2380437e-01 5.0763289e-02 8.9443401e-02
       360 2.1973448e+00 2.2469047e-01 5.1185767e-02 8.6582564e-02
       361 2.1973690e+00 2.2291304e-01 5.0388902e-02 8.5081825e-02
       362 2.1963363e+00 2.2594076e-01 5.1803574e-02 8.9760805e-02
       363 2.1977574e+00 2.2465203e-01 5.1146837e-02 8.7425396e-02
       364 2.1986054e+00 2.2370642e-01 5.0679412e-02 8.8598983e-02
       365 2.1953666e+00 2.2768002e-01 5.2646741e-02 8.6589422e-02
       366 2.1976449e+00 2.2480458e-01 5.1221268e-02 8.2534483e-02
       367 2.1984975e+00 2.2297083e-01 5.0356289e-02 8.5258598e-02
       368 2.1986217e+00 2.2288384e-01 5.0311235e-02 8.3485292e-02
       369 2.1984756e+00 2.2330750e-01 5.0507649e-02 7.9677467e-02
       370 2.1983141e+00 2.2366948e-01 5.0677649e-02 8.1482829e-02
       371 2.1996726e+00 2.2269399e-01 5.0174824e-02 8.4220674e-02
       372 2.1970482e+00 2.2643201e-01 5.1987203e-02 8.1256823e-02
       373 2.1975636e+00 2.2403911e-01 5.0881954e-02 8.1625028e-02
       374 2.1958082e+00 2.2689532e-01 5.2265117e-02 8.0684744e-02
       375 2.1996435e+00 2.2195797e-01 4.9848959e-02 7.9454831e-02
       376 2.1985639e+00 2.2444998e-01 5.1014736e-02 7.6403333e-02
       377 2.1957869e+00 2.2652212e-01 5.2097093e-02 8.2281889e-02
       378 2.1981273e+00 2.2378704e-01 5.0739808e-02 7.4018130e-02
       379 2.1968479e+00 2.2657956e-01 5.2064801e-02 7.6359580e-02
       380 2.1971761e+00 2.2518848e-01 5.1418770e-02 7.5286884e-02
       381 2.1975815e+00 2.2510234e-01 5.1358558e-02 7.2071678e-02
       382 2.1966932e+00 2.2785470e-01 5.2652630e-02 7.5399550e-02
       383 2.1985498e+00 2.2440794e-01 5.0996578e-02 7.5293574e-02
       384 2.1973907e+00 2.2541999e-01 5.1511705e-02 7.4274649e-02
       385 2.1979280e+00 2.2393723e-01 5.0817323e-02 7.0629493e-02
       386 2.1987520e+00 2.2413463e-01 5.0863814e-02 7.5215487e-02
       387 2.1974994e+00 2.2492913e-01 5.1284921e-02 7.2757111e-02
       388 2.1994799e+00 2.2358119e-01 5.0580092e-02 7.5071284e-02
       389 2.1976371e+00 2.2435890e-01 5.1021499e-02 7.1265762e-02
       390 2.1989881e+00 2.2358480e-01 5.0605872e-02 7.1067662e-02
       391 2.1977507e+00 2.2403321e-01 5.0869529e-02 7.1366262e-02
       392 2.1979485e+00 2.2499991e-01 5.1293344e-02 6.9546208e-02
       393 2.1974552e+00 2.2576417e-01 5.1663596e-02 7.4068262e-02
       394 2.1977193e+00 2.2505798e-01 5.1331382e-02 6.9497528e-02
       395 2.1978842e+00 2.2389625e-01 5.0801239e-02 7.2334305e-02
       396 2.1966451e+00 2.2551502e-01 5.1594498e-02 7.1521728e-02
       397 2.1979904e+00 2.2559146e-01 5.1557725e-02 6.7368762e-02
       398 2.1986021e+00 2.2500795e-01 5.1263597e-02 6.2897485e-02
       399 2.2006213e+00 2.2188241e-01 4.9769130e-02 6.8060612e-02
       400 2.1987502e+00 2.2528925e-01 5.1382817e-02 6.6410038e-02
       401 2.1965943e+00 2.2681828e-01 5.2186767e-02 6.9335846e-02
       402 2.1980205e+00 2.2508816e-01 5.1329343e-02 6.6000653e-02
       403 2.1982726e+00 2.2526168e-01 5.1394558e-02 6.5677427e-02
       404 2.1981175e+00 2.2575380e-01 5.1624448e-02 6.4206864e-02
       405 2.1989318e+00 2.2400629e-01 5.0797326e-02 6.3092731e-02
       406 2.2000152e+00 2.2374101e-01 5.0625833e-02 6.6443016e-02
       407 2.1978821e+00 2.2494620e-01 5.1272613e-02 6.5428186e-02
       408 2.1969203e+00 2.2585059e-01 5.1731097e-02 6.6241243e-02
       409 2.1982303e+00 2.2620531e-01 5.1822734e-02 6.4383551e-02
       410 2.1989395e+00 2.2497881e-01 5.1233592e-02 6.4877049e-02
       411 2.1972731e+00 2.2684393e-01 5.2161930e-02 6.5122454e-02
       412 2.1986927e+00 2.2525841e-01 5.1371808e-02 6.6111121e-02
       413 2.1986792e+00 2.2350224e-01 5.0584391e-02 6.0096989e-02
       414 2.1982221e+00 2.2561915e-01 5.1558309e-02 6.2268880e-02
       415 2.1995193e+00 2.2114784e-01 4.9495997e-02 5.9009975e-02
       416 2.1993354e+00 2.2361084e-01 5.0600403e-02 5.8642784e-02
       417 2.1993204e+00 2.2372647e-01 5.0652862e-02 6.1997345e-02
       418 2.2002164e+00 2.2327731e-01 5.0409017e-02 6.1000750e-02
       419 2.1986439e+00 2.2462706e-01 5.1090225e-02 6.2446503e-02
       420 2.1998963e+00 2.2250648e-01 5.0080598e-02 5.9870101e-02
       421 2.1996084e+00 2.2323801e-01 5.0420517e-02 6.0266264e-02
       422 2.1988577e+00 2.2465294e-01 5.1091145e-02 6.0711781e-02
       423 2.1970089e+00 2.2730008e-01 5.2383173e-02 6.3558480e-02
       424 2.1986828e+00 2.2257644e-01 5.0171224e-02 5.9722260e-02
       425 2.1980867e+00 2.2591313e-01 5.1697998e-02 5.9377814e-02
       426 2.1985817e+00 2.2506276e-01 5.1289289e-02 5.8728748e-02
       427 2.2000938e+00 2.2300860e-01 5.0294897e-02 5.7123853e-02
       428 2.1990011e+00 2.2385749e-01 5.0727242e-02 5.8798214e-02
       429 2.1988245e+00 2.2540841e-01 5.1432804e-02 5.7803686e-02
       430 2.1988875e+00 2.2421438e-01 5.0892801e-02 5.8620438e-02
       431 2.1981021e+00 2.2606086e-01 5.1763975e-02 5.7516143e-02
       432 2.1978529e+00 2.2508986e-01 5.1338781e-02 5.9012937e-02
       433 2.1995246e+00 2.2564252e-01 5.1503918e-02 5.7601400e-02
       434 2.1987764e+00 2.2571401e-01 5.1573075e-02 5.8646768e-02
       435 2.1990968e+00 2.2382720e-01 5.0708944e-02 5.5323592e-02
       436 2.1986768e+00 2.2505310e-01 5.1280154e-02 5.5036515e-02
       437 2.1993255e+00 2.2353467e-01 5.0566826e-02 5.6460235e-02
       438 2.1994609e+00 2.2308678e-01 5.0360183e-02 5.3281394e-02
       439 2.2002566e+00 2.2255142e-01 5.0083501e-02 5.5702654e-02
       440 2.1993254e+00 2.2439279e-01 5.0951208e-02 5.4152264e-02
       441 2.1993044e+00 2.2351912e-01 5.0560911e-02 5.3606202e-02
       442 2.1991422e+00 2.2431123e-01 5.0923613e-02 5.4668926e-02
       443 2.1996013e+00 2.2456349e-01 5.1014416e-02 5.4718307e-02
       444 2.1994544e+00 2.2421848e-01 5.0866710e-02 5.5372594e-02
       445 2.1974269e+00 2.2652238e-01 5.2008014e-02 5.7687376e-02
       446 2.1997345e+00 2.2422172e-01 5.0854603e-02 5.3756947e-02
       447 2.2001898e+00 2.2415199e-01 5.0801635e-02 5.2622539e-02
       448 2.1994300e+00 2.2391006e-01 5.0729687e-02 5.6581692e-02
       449 2.1981666e+00 2.2592700e-01 5.1700163e-02 5.5391834e-02
       450 2.2000922e+00 2.2326570e-01 5.0409706e-02 5.3393583e-02
       451 2.1996417e+00 2.2456842e-01 5.1014672e-02 5.4587010e-02
       452 2.2003288e+00 2.2249941e-01 5.0056963e-02 5.1540219e-02
       453 2.1996473e+00 2.2532038e-01 5.1352703e-02 5.4646372e-02
       454 2.2007563e+00 2.2159998e-01 4.9637642e-02 5.3042737e-02
       455 2.1984621e+00 2.2392688e-01 5.0785334e-02 5.2456341e-02
       456 2.2006579e+00 2.2226771e-01 4.9938566e-02 5.4469899e-02
       457 2.2002345e+00 2.2200063e-01 4.9839687e-02 4.9714805e-02
       458 2.2000325e+00 2.2322919e-01 5.0396244e-02 5.2833021e-02
       459 2.1992133e+00 2.2479633e-01 5.1137977e-02 5.4129767e-02
       460 2.1985411e+00 2.2497797e-01 5.1253179e-02 5.4023302e-02
       461 2.1995447e+00 2.2482899e-01 5.1136471e-02 5.5437490e-02
       462 2.1990118e+00 2.2337866e-01 5.0512559e-02 5.2433468e-02
       463 2.1997864e+00 2.2362837e-01 5.0586381e-02 5.2123598e-02
       464 2.1998400e+00 2.2325137e-01 5.0415330e-02 5.0838018e-02
       465 2.2000174e+00 2.2223207e-01 4.9952781e-02 4.8606244e-02
       466 2.1988984e+00 2.2505569e-01 5.1270233e-02 5.2516063e-02
       467 2.1989278e+00 2.2553967e-01 5.1486848e-02 5.1693076e-02
       468 2.2003294e+00 2.2318844e-01 5.0364023e-02 5.3538624e-02
       469 2.1985984e+00 2.2545496e-01 5.1465143e-02 5.2815996e-02
       470 2.1999906e+00 2.2355198e-01 5.0542448e-02 5.0429172e-02
       471 2.1987800e+00 2.2418606e-01 5.0885471e-02 5.1191376e-02
       472 2.1989926e+00 2.2489914e-01 5.1195108e-02 5.2360651e-02
       473 2.2015211e+00 2.2144996e-01 4.9536506e-02 5.3101012e-02
       474 2.2001347e+00 2.2411205e-01 5.0786337e-02 4.8899420e-02
       475 2.1990680e+00 2.2405613e-01 5.0812904e-02 5.2756907e-02
       476 2.2005723e+00 2.2191947e-01 4.9787852e-02 4.9340730e-02
       477 2.2003895e+00 2.2244629e-01 5.0030476e-02 4.7903718e-02
       478 2.1986901e+00 2.2633811e-01 5.1859527e-02 5.4045924e-02
       479 2.1997500e+00 2.2278455e-01 5.0211435e-02 5.0247686e-02
       480 2.2004691e+00 2.2342267e-01 5.0462095e-02 5.0796175e-02
       481 2.1995203e+00 2.2317141e-01 5.0395060e-02 5.0555785e-02
       482 2.2003154e+00 2.2169375e-01 4.9699722e-02 4.6959179e-02
       483 2.2003922e+00 2.2236785e-01 4.9995459e-02 4.9069112e-02
       484 2.1988523e+00 2.2605039e-01 5.1721245e-02 4.9840807e-02
       485 2.1990511e+00 2.2556707e-01 5.1493090e-02 5.0644019e-02
       486 2.1987278e+00 2.2468925e-01 5.1113953e-02 5.0242636e-02
       487 2.1994766e+00 2.2525817e-01 5.1332949e-02 5.2011610e-02
       488 2.1984866e+00 2.2547144e-01 5.1478221e-02 5.1590576e-02
       489 2.1989657e+00 2.2507554e-01 5.1275821e-02 5.0762895e-02
       490 2.1989207e+00 2.2456964e-01 5.1050583e-02 5.0753453e-02
       491 2.1986801e+00 2.2457573e-01 5.1065352e-02 5.0597795e-02
       492 2.2003777e+00 2.2289940e-01 5.0232826e-02 4.8074974e-02
       493 2.1998781e+00 2.2487191e-01 5.1139710e-02 4.7420498e-02
       494 2.1981863e+00 2.2479952e-01 5.1190968e-02 5.0600665e-02
       495 2.2002117e+00 2.2258139e-01 5.0098955e-02 4.7278715e-02
       496 2.1997904e+00 2.2453327e-01 5.0991726e-02 4.7183541e-02
       497 2.1994889e+00 2.2621615e-01 5.1764856e-02 4.9750633e-02
       498 2.2002183e+00 2.2315068e-01 5.0352395e-02 4.7408440e-02
       499 2.1987660e+00 2.2610146e-01 5.1748654e-02 5.2030979e-02
       500 2.2008548e+00 2.2349214e-01 5.0475295e-02 4.9758101e-02
       501 2.1996646e+00 2.2451723e-01 5.0990581e-02 4.8462656e-02
       502 2.1995477e+00 2.2448143e-01 5.0980167e-02 4.7919815e-02
       503 2.1992684e+00 2.2493838e-01 5.1199152e-02 4.8415987e-02
       504 2.2008035e+00 2.2270943e-01 5.0128400e-02 4.7073112e-02
       505 2.2002579e+00 2.2458309e-01 5.0991869e-02 4.6724148e-02
       506 2.2002978e+00 2.2449076e-01 5.0948533e-02 4.8339621e-02
       507 2.1992381e+00 2.2599978e-01 5.1679265e-02 5.0497459e-02
       508 2.2008983e+00 2.2238495e-01 4.9979629e-02 4.8368648e-02
       509 2.1974948e+00 2.2655318e-01 5.2018392e-02 5.2952523e-02
       510 2.1985291e+00 2.2611871e-01 5.1768369e-02 5.0084717e-02
       511 2.1993652e+00 2.2552457e-01 5.1458469e-02 4.8438291e-02
       512 2.1993392e+00 2.2426115e-01 5.0891473e-02 4.8921099e-02
       513 2.1988305e+00 2.2727574e-01 5.2277818e-02 4.9657555e-02
       514 2.2004473e+00 2.2375386e-01 5.0611215e-02 4.5418055e-02
       515 2.2020481e+00 2.2367439e-01 5.0503448e-02 5.1665444e-02
       516 2.1980158e+00 2.2608899e-01 5.1781142e-02 5.2391953e-02
       517 2.1990914e+00 2.2580730e-01 5.1599532e-02 4.8455532e-02
       518 2.2006257e+00 2.2322605e-01 5.0366991e-02 4.7105404e-02
       519 2.2008515e+00 2.2275056e-01 5.0144521e-02 4.4901578e-02
       520 2.2021300e+00 2.2034941e-01 4.9023523e-02 4.7785602e-02
       521 2.2015901e+00 2.2311487e-01 5.0273596e-02 4.9854494e-02
       522 2.1994388e+00 2.2545729e-01 5.1424533e-02 5.0695371e-02
       523 2.1996784e+00 2.2399974e-01 5.0757812e-02 4.6165393e-02
       524 2.2006340e+00 2.2344655e-01 5.0465097e-02 4.7125169e-02
       525 2.1977807e+00 2.2639315e-01 5.1930947e-02 5.4577127e-02
       526 2.1992133e+00 2.2573980e-01 5.1563041e-02 4.7552738e-02
       527 2.2005121e+00 2.2312921e-01 5.0329049e-02 4.6734417e-02
       528 2.1995833e+00 2.2582736e-01 5.1584523e-02 4.7147780e-02
       529 2.2010893e+00 2.2348824e-01 5.0462845e-02 4.7993148e-02
       530 2.2011038e+00 2.2392798e-01 5.0658930e-02 4.9686337e-02
       531 2.1993805e+00 2.2405870e-01 5.0798694e-02 4.6730702e-02
       532 2.2006652e+00 2.2274180e-01 5.0149202e-02 4.5593812e-02
       533 2.2006306e+00 2.2215148e-01 4.9888174e-02 4.4838723e-02
       534 2.1990924e+00 2.2601500e-01 5.1693326e-02 4.8343153e-02
       535 2.1994926e+00 2.2604197e-01 5.1685899e-02 5.0236412e-02
       536 2.2001312e+00 2.2354515e-01 5.0532722e-02 4.5576097e-02
       537 2.1976509e+00 2.2780772e-01 5.2580216e-02 5.4784367e-02
       538 2.2019715e+00 2.2093044e-01 4.9286813e-02 4.8627331e-02
       539 2.2001061e+00 2.2288825e-01 5.0240649e-02 4.8326961e-02
       540 2.1994877e+00 2.2534225e-01 5.1370297e-02 4.7861111e-02
       541 2.1996852e+00 2.2397695e-01 5.0747278e-02 4.6821106e-02
       542 2.2012869e+00 2.2170164e-01 4.9658528e-02 4.4944967e-02
       543 2.2015757e+00 2.2308849e-01 5.0262465e-02 4.8455733e-02
       544 2.2006582e+00 2.2305303e-01 5.0288271e-02 4.5896204e-02
       545 2.2020166e+00 2.2077618e-01 4.9216706e-02 4.7166706e-02
       546 2.2006591e+00 2.2216418e-01 4.9892496e-02 4.4645758e-02
       547 2.1986648e+00 2.2650897e-01 5.1938172e-02 4.8433334e-02
       548 2.1989349e+00 2.2390364e-01 5.0751194e-02 4.7524569e-02
       549 2.2011848e+00 2.2220072e-01 4.9884679e-02 4.3859412e-02
       550 2.1988866e+00 2.2602949e-01 5.1710089e-02 4.9733025e-02
       551 2.2005199e+00 2.2181125e-01 4.9742270e-02 4.4886827e-02
       552 2.1997233e+00 2.2385049e-01 5.0688808e-02 4.6519898e-02
       553 2.2001099e+00 2.2490499e-01 5.1143548e-02 4.5990965e-02
       554 2.2003349e+00 2.2334254e-01 5.0432578e-02 4.6980122e-02
       555 2.2021413e+00 2.2034219e-01 4.9019850e-02 4.7407636e-02
       556 2.2010191e+00 2.2155013e-01 4.9603503e-02 4.3649573e-02
       557 2.1988608e+00 2.2492240e-01 5.1212131e-02 4.8248060e-02
       558 2.2011431e+00 2.2392668e-01 5.0656566e-02 4.8973174e-02
       559 2.1994603e+00 2.2579081e-01 5.1573988e-02 4.8343446e-02
       560 2.1985870e+00 2.2661020e-01 5.1987961e-02 4.9972327e-02
       561 2.2015513e+00 2.2130924e-01 4.9472856e-02 4.3454857e-02
       562 2.1996978e+00 2.2463901e-01 5.1043678e-02 4.5968521e-02
       563 2.1998497e+00 2.2430217e-01 5.0885158e-02 4.7969865e-02
       564 2.2006934e+00 2.2317373e-01 5.0340503e-02 4.4819089e-02
       565 2.2010149e+00 2.2386807e-01 5.0636145e-02 4.7708010e-02
       566 2.1993097e+00 2.2497157e-01 5.1212059e-02 4.6047990e-02
       567 2.2008039e+00 2.2485001e-01 5.1086423e-02 4.8266633e-02
       568 2.1984739e+00 2.2646045e-01 5.1925832e-02 4.9651583e-02
       569 2.2001095e+00 2.2431983e-01 5.0880700e-02 4.5611620e-02
       570 2.1992596e+00 2.2565580e-01 5.1522853e-02 4.7355600e-02
       571 2.1985521e+00 2.2704796e-01 5.2188312e-02 4.8084775e-02
       572 2.2000541e+00 2.2359448e-01 5.0558434e-02 4.5295321e-02
       573 2.1992997e+00 2.2429827e-01 5.0910054e-02 4.5968887e-02
       574 2.2006001e+00 2.2404029e-01 5.0732360e-02 4.5683823e-02
       575 2.2008826e+00 2.2345135e-01 5.0455788e-02 4.4390927e-02
       576 2.2012895e+00 2.2300091e-01 5.0236203e-02 4.6183379e-02
       577 2.1996781e+00 2.2517489e-01 5.1285672e-02 4.7858228e-02
       578 2.1990258e+00 2.2531553e-01 5.1380930e-02 4.5541104e-02
       579 2.2009560e+00 2.2304429e-01 5.0270677e-02 4.5633570e-02
       580 2.2015930e+00 2.2343568e-01 5.0416727e-02 4.7940775e-02
       581 2.1986710e+00 2.2452580e-01 5.1043382e-02 5.0656359e-02
       582 2.2007504e+00 2.2315112e-01 5.0327780e-02 4.5365558e-02
       583 2.2007250e+00 2.2397403e-01 5.0696894e-02 4.4504896e-02
       584 2.2001465e+00 2.2428405e-01 5.0862901e-02 4.6740806e-02
       585 2.1998616e+00 2.2436386e-01 5.0912267e-02 4.4978762e-02
       586 2.2000409e+00 2.2547983e-01 5.1405727e-02 4.7266946e-02
       587 2.2002117e+00 2.2352696e-01 5.0520786e-02 4.4935035e-02
       588 2.2006401e+00 2.2369975e-01 5.0578034e-02 4.6338599e-02
       589 2.2016549e+00 2.2225768e-01 4.9888951e-02 4.6319086e-02
       590 2.2000470e+00 2.2501976e-01 5.1198173e-02 4.6899487e-02
       591 2.1993721e+00 2.2477837e-01 5.1122116e-02 4.7081560e-02
       592 2.1996327e+00 2.2346734e-01 5.0521787e-02 4.4333221e-02
       593 2.1993448e+00 2.2573453e-01 5.1554210e-02 4.5529354e-02
       594 2.1993775e+00 2.2501685e-01 5.1229121e-02 4.6145156e-02
       595 2.2006105e+00 2.2437116e-01 5.0880245e-02 4.5584431e-02
       596 2.2002565e+00 2.2430572e-01 5.0867429e-02 4.6043541e-02
       597 2.2002636e+00 2.2378247e-01 5.0632632e-02 4.5571668e-02
       598 2.2008014e+00 2.2405939e-01 5.0731621e-02 4.6627076e-02
       599 2.2030145e+00 2.2099228e-01 4.9269693e-02 5.2355482e-02
       600 2.2008893e+00 2.2214398e-01 4.9872921e-02 4.4203715e-02
       601 2.1993863e+00 2.2519810e-01 5.1310289e-02 4.5992097e-02
       602 2.1996224e+00 2.2528314e-01 5.1337126e-02 4.7246141e-02
       603 2.2008520e+00 2.2267865e-01 5.0112464e-02 4.4845838e-02
       604 2.1988351e+00 2.2677428e-01 5.2049902e-02 4.8360696e-02
       605 2.1984365e+00 2.2488001e-01 5.1214410e-02 4.8549554e-02
       606 2.2014950e+00 2.2397273e-01 5.0661369e-02 4.7519989e-02
       607 2.1996654e+00 2.2354633e-01 5.0555516e-02 4.3641605e-02
       608 2.1990700e+00 2.2575267e-01 5.1575917e-02 4.5896729e-02
       609 2.2027073e+00 2.2171729e-01 4.9603524e-02 5.0710174e-02
       610 2.2003924e+00 2.2493668e-01 5.1144499e-02 4.6606101e-02
       611 2.2006432e+00 2.2385724e-01 5.0648377e-02 4.5799218e-02
       612 2.2012798e+00 2.2306667e-01 5.0265973e-02 4.6381993e-02
       613 2.2000399e+00 2.2387526e-01 5.0684750e-02 4.6643002e-02
       614 2.2016211e+00 2.2076290e-01 4.9228233e-02 4.4063991e-02
       615 2.2001657e+00 2.2323169e-01 5.0391044e-02 4.5478701e-02
       616 2.1996708e+00 2.2518509e-01 5.1290625e-02 4.6525452e-02
       617 2.1994699e+00 2.2432073e-01 5.0911822e-02 4.5534650e-02
       618 2.2003070e+00 2.2488082e-01 5.1123380e-02 4.5328215e-02
       619 2.2004259e+00 2.2360440e-01 5.0545349e-02 4.4089388e-02
       620 2.1997437e+00 2.2410205e-01 5.0800514e-02 4.6319772e-02
       621 2.1993811e+00 2.2608025e-01 5.1708645e-02 4.7066717e-02
       622 2.1989089e+00 2.2496482e-01 5.1228817e-02 4.7423924e-02
       623 2.2023339e+00 2.2185410e-01 4.9680102e-02 4.8365054e-02
       624 2.2009294e+00 2.2299356e-01 5.0249262e-02 4.3946173e-02
       625 2.2014405e+00 2.2220151e-01 4.9873529e-02 4.4470394e-02
       626 2.2004551e+00 2.2372971e-01 5.0600041e-02 4.5871124e-02
       627 2.1996225e+00 2.2468974e-01 5.1070108e-02 4.6197894e-02
       628 2.1994072e+00 2.2514448e-01 5.1285122e-02 4.7112606e-02
       629 2.1998588e+00 2.2341086e-01 5.0485672e-02 4.4762562e-02
       630 2.1994350e+00 2.2437036e-01 5.0935792e-02 4.5888541e-02
       631 2.1990238e+00 2.2633621e-01 5.1842019e-02 4.9414248e-02
       632 2.1994507e+00 2.2589190e-01 5.1620116e-02 4.8759265e-02
       633 2.1992234e+00 2.2488050e-01 5.1175327e-02 4.6132413e-02
       634 2.2015427e+00 2.2068509e-01 4.9197369e-02 4.2298379e-02
       635 2.1992098e+00 2.2610144e-01 5.1726616e-02 4.7843035e-02
       636 2.2004388e+00 2.2390548e-01 5.0679484e-02 4.4332362e-02
       637 2.2007765e+00 2.2327922e-01 5.0383767e-02 4.5772464e-02
       638 2.2020112e+00 2.2288137e-01 5.0150930e-02 4.8764180e-02
       639 2.2001412e+00 2.2442285e-01 5.0925431e-02 4.2855594e-02
       640 2.2005384e+00 2.2265989e-01 5.0118601e-02 4.3282813e-02
       641 2.2000974e+00 2.2361079e-01 5.0563678e-02 4.5193411e-02
       642 2.1993177e+00 2.2602857e-01 5.1688377e-02 4.7890958e-02
       643 2.2018456e+00 2.2142307e-01 4.9510246e-02 4.5396392e-02
       644 2.1999658e+00 2.2376306e-01 5.0638050e-02 4.5398632e-02
       645 2.2011163e+00 2.2230636e-01 4.9934740e-02 4.3204275e-02
       646 2.2010695e+00 2.2342576e-01 5.0435818e-02 4.5365019e-02
       647 2.1997909e+00 2.2499410e-01 5.1198861e-02 4.6352356e-02
       648 2.1997118e+00 2.2369946e-01 5.0621768e-02 4.5527671e-02
       649 2.2000545e+00 2.2595199e-01 5.1618227e-02 4.6095346e-02
       650 2.2012022e+00 2.2380636e-01 5.0600021e-02 4.5999432e-02
       651 2.2001010e+00 2.2368114e-01 5.0594973e-02 4.3331522e-02
       652 2.1998112e+00 2.2574977e-01 5.1538501e-02 4.7166558e-02
       653 2.2031213e+00 2.1935605e-01 4.8544751e-02 4.7898325e-02
       654 2.2016106e+00 2.2148307e-01 4.9547192e-02 4.2814414e-02
       655 2.1991499e+00 2.2673145e-01 5.2014859e-02 4.9003533e-02
       656 2.1999622e+00 2.2286957e-01 5.0239159e-02 4.5840488e-02
       657 2.1996776e+00 2.2450615e-01 5.0984982e-02 4.6179735e-02
       658 2.1995571e+00 2.2503015e-01 5.1226362e-02 4.6876527e-02
       659 2.1993240e+00 2.2409320e-01 5.0816916e-02 4.6069420e-02
       660 2.1999360e+00 2.2388918e-01 5.0695934e-02 4.3915731e-02
       661 2.2026536e+00 2.1981533e-01 4.8766016e-02 4.3358829e-02
       662 2.2013856e+00 2.2164927e-01 4.9630876e-02 4.2993883e-02
       663 2.2000532e+00 2.2532538e-01 5.1335515e-02 4.6940138e-02
       664 2.2008769e+00 2.2390823e-01 5.0660436e-02 4.5397158e-02
       665 2.2015092e+00 2.2054834e-01 4.9138521e-02 4.2138256e-02
       666 2.2005350e+00 2.2302463e-01 5.0281319e-02 4.4120622e-02
       667 2.2004970e+00 2.2397388e-01 5.0707402e-02 4.3841068e-02
       668 2.1988356e+00 2.2483559e-01 5.1174345e-02 4.8538488e-02
       669 2.1992152e+00 2.2521580e-01 5.1326645e-02 4.7058099e-02
       670 2.1986256e+00 2.2531055e-01 5.1398676e-02 4.8122424e-02
       671 2.2010675e+00 2.2416939e-01 5.0768756e-02 4.6620391e-02
       672 2.2016217e+00 2.2113034e-01 4.9390573e-02 4.3740591e-02
       673 2.2007777e+00 2.2303645e-01 5.0275361e-02 4.3914527e-02
       674 2.2015083e+00 2.2274728e-01 5.0113339e-02 4.3624780e-02
       675 2.2006580e+00 2.2477670e-01 5.1060192e-02 4.6350814e-02
       676 2.2015612e+00 2.2280799e-01 5.0138038e-02 4.5926142e-02
       677 2.2008774e+00 2.2281423e-01 5.0171701e-02 4.3068310e-02
       678 2.1998433e+00 2.2524998e-01 5.1311552e-02 4.4387749e-02
       679 2.2011867e+00 2.2195244e-01 4.9774321e-02 4.2706872e-02
       680 2.2008199e+00 2.2290848e-01 5.0216347e-02 4.4565291e-02
       681 2.2001330e+00 2.2465704e-01 5.1030990e-02 4.4554157e-02
       682 2.2013452e+00 2.2222494e-01 4.9888215e-02 4.3673292e-02
       683 2.2001052e+00 2.2372802e-01 5.0615747e-02 4.3340479e-02
       684 2.2001194e+00 2.2496724e-01 5.1171110e-02 4.5286391e-02
       685 2.2018279e+00 2.2231211e-01 4.9905520e-02 4.6213433e-02
       686 2.2005042e+00 2.2258672e-01 5.0087615e-02 4.5184518e-02
       687 2.1997658e+00 2.2481159e-01 5.1117971e-02 4.5172452e-02
       688 2.2006976e+00 2.2295047e-01 5.0240709e-02 4.5001601e-02
       689 2.2024470e+00 2.2147323e-01 4.9506411e-02 4.8092694e-02
       690 2.1991886e+00 2.2387250e-01 5.0724693e-02 4.7431706e-02
       691 2.1987640e+00 2.2590006e-01 5.1657720e-02 4.8134637e-02
       692 2.2015639e+00 2.2300861e-01 5.0227355e-02 4.6233752e-02
       693 2.2014189e+00 2.2255515e-01 5.0031780e-02 4.5593229e-02
       694 2.2008999e+00 2.2295044e-01 5.0231387e-02 4.3450554e-02
       695 2.1998222e+00 2.2410669e-01 5.0798823e-02 4.6741393e-02
       696 2.1999191e+00 2.2323202e-01 5.0402909e-02 4.2705627e-02
       697 2.2007391e+00 2.2402170e-01 5.0717600e-02 4.4870685e-02
       698 2.1986591e+00 2.2492566e-01 5.1223700e-02 4.8065236e-02
       699 2.2005579e+00 2.2472408e-01 5.1041180e-02 4.6127856e-02
       700 2.2009487e+00 2.2164598e-01 4.9649196e-02 4.3069291e-02
       701 2.2005019e+00 2.2313470e-01 5.0331971e-02 4.4260203e-02
       702 2.1989364e+00 2.2552793e-01 5.1481125e-02 5.0860593e-02
       703 2.1999800e+00 2.2513861e-01 5.1254863e-02 4.5227021e-02
       704 2.2014141e+00 2.2249083e-01 5.0003371e-02 4.5395535e-02
       705 2.2000326e+00 2.2418305e-01 5.0823003e-02 4.4272278e-02
       706 2.2010332e+00 2.2327526e-01 5.0370242e-02 4.3181996e-02
       707 2.2002213e+00 2.2354146e-01 5.0526816e-02 4.3786638e-02
       708 2.1995054e+00 2.2528083e-01 5.1341759e-02 4.3373047e-02
       709 2.2013534e+00 2.2253186e-01 5.0024351e-02 4.4543079e-02
       710 2.2013203e+00 2.2223065e-01 4.9891872e-02 4.4127415e-02
       711 2.2006842e+00 2.2234471e-01 4.9971585e-02 4.4492988e-02
       712 2.2022039e+00 2.2135624e-01 4.9465048e-02 4.6025056e-02
       713 2.1991900e+00 2.2471975e-01 5.1104698e-02 4.7384374e-02
       714 2.2014779e+00 2.2085017e-01 4.9273143e-02 4.2622084e-02
       715 2.1996985e+00 2.2403900e-01 5.0774434e-02 4.5823775e-02
       716 2.1976904e+00 2.2675055e-01 5.2097605e-02 5.3552028e-02
       717 2.2016124e+00 2.2271435e-01 5.0094043e-02 4.5409755e-02
       718 2.2004686e+00 2.2300172e-01 5.0274196e-02 4.2842500e-02
       719 2.2013946e+00 2.2219435e-01 4.9872405e-02 4.5426454e-02
       720 2.1992349e+00 2.2487703e-01 5.1173201e-02 4.7383876e-02
       721 2.2002283e+00 2.2368430e-01 5.0590368e-02 4.2777623e-02
       722 2.1996729e+00 2.2241179e-01 5.0049197e-02 4.4292622e-02
       723 2.1995265e+00 2.2408646e-01 5.0804021e-02 4.5140606e-02
       724 2.1997548e+00 2.2487902e-01 5.1148822e-02 4.3522842e-02
       725 2.2007758e+00 2.2456748e-01 5.0960743e-02 4.6782307e-02
       726 2.2013283e+00 2.2223595e-01 4.9893870e-02 4.4713450e-02
       727 2.2003918e+00 2.2410175e-01 5.0769612e-02 4.5550870e-02
       728 2.2007643e+00 2.2349167e-01 5.0479244e-02 4.3524390e-02
       729 2.2004211e+00 2.2299983e-01 5.0275572e-02 4.3957444e-02
       730 2.2011174e+00 2.2326669e-01 5.0362586e-02 4.3043160e-02
       731 2.2000162e+00 2.2497650e-01 5.1180169e-02 4.3575817e-02
       732 2.2002989e+00 2.2327196e-01 5.0402746e-02 4.4832306e-02
       733 2.2004797e+00 2.2450281e-01 5.0945421e-02 4.4279979e-02
       734 2.2009934e+00 2.2268217e-01 5.0107567e-02 4.2911054e-02
       735 2.2004779e+00 2.2440777e-01 5.0902842e-02 4.4065101e-02
       736 2.2009450e+00 2.2251476e-01 5.0035243e-02 4.3217810e-02
       737 2.2001646e+00 2.2344781e-01 5.0487631e-02 4.2541245e-02
       738 2.2018042e+00 2.2121211e-01 4.9418685e-02 4.4359994e-02
       739 2.1994768e+00 2.2402447e-01 5.0778657e-02 4.6316843e-02
       740 2.1997426e+00 2.2439216e-01 5.0930679e-02 4.5186548e-02
       741 2.2008553e+00 2.2336489e-01 5.0418406e-02 4.2843841e-02
       742 2.2013148e+00 2.2220173e-01 4.9879265e-02 4.3643590e-02
       743 2.1999708e+00 2.2422506e-01 5.0844784e-02 4.3732326e-02
       744 2.2005938e+00 2.2386293e-01 5.0653215e-02 4.5526314e-02
       745 2.1989457e+00 2.2462096e-01 5.1072394e-02 4.8322416e-02
       746 2.2004807e+00 2.2425879e-01 5.0835871e-02 4.3766344e-02
       747 2.1998684e+00 2.2389673e-01 5.0702543e-02 4.3435804e-02
       748 2.2006808e+00 2.2314584e-01 5.0328635e-02 4.2683819e-02
       749 2.2001500e+00 2.2295561e-01 5.0268600e-02 4.1981846e-02
       750 2.2000751e+00 2.2467255e-01 5.1040701e-02 4.4528053e-02
       751 2.2008775e+00 2.2174749e-01 4.9697464e-02 4.3955360e-02
       752 2.2012868e+00 2.2102482e-01 4.9358886e-02 4.2222231e-02
       753 2.2001718e+00 2.2328194e-01 5.0413192e-02 4.3722961e-02
       754 2.1998339e+00 2.2382510e-01 5.0672125e-02 4.2604910e-02
       755 2.2016717e+00 2.2107145e-01 4.9362316e-02 4.2296219e-02
       756 2.2011578e+00 2.2167392e-01 4.9652070e-02 4.1985335e-02
       757 2.2006385e+00 2.2241832e-01 5.0006435e-02 4.2080949e-02
       758 2.1999779e+00 2.2375105e-01 5.0632101e-02 4.4582126e-02
       759 2.2002124e+00 2.2431934e-01 5.0875617e-02 4.3939030e-02
       760 2.2017985e+00 2.2169866e-01 4.9634433e-02 4.3499546e-02
       761 2.2008604e+00 2.2080714e-01 4.9282093e-02 4.3037900e-02
       762 2.1996207e+00 2.2543239e-01 5.1404479e-02 4.5276554e-02
       763 2.1999983e+00 2.2352088e-01 5.0528180e-02 4.3217978e-02
       764 2.2007773e+00 2.2345972e-01 5.0464364e-02 4.4397513e-02
       765 2.1985771e+00 2.2705407e-01 5.2189823e-02 5.0100633e-02
       766 2.2004779e+00 2.2306141e-01 5.0300388e-02 4.4388889e-02
       767 2.1990223e+00 2.2554325e-01 5.1483770e-02 4.6431253e-02
       768 2.2006890e+00 2.2373829e-01 5.0593017e-02 4.4530904e-02
       769 2.2004372e+00 2.2422560e-01 5.0823013e-02 4.5201608e-02
       770 2.2018705e+00 2.2114465e-01 4.9385933e-02 4.3865698e-02
       771 2.2004747e+00 2.2326480e-01 5.0391318e-02 4.4709455e-02
       772 2.1999405e+00 2.2482793e-01 5.1116948e-02 4.5048490e-02
       773 2.2004021e+00 2.2500143e-01 5.1173182e-02 4.3895158e-02
       774 2.2002325e+00 2.2413948e-01 5.0794008e-02 4.3855989e-02
       775 2.2015337e+00 2.2287179e-01 5.0167694e-02 4.5058848e-02
       776 2.2012029e+00 2.2242584e-01 4.9983955e-02 4.2879834e-02
       777 2.1994144e+00 2.2517563e-01 5.1298802e-02 4.5151218e-02
       778 2.1997402e+00 2.2474726e-01 5.1090283e-02 4.4330372e-02
       779 2.1994662e+00 2.2464960e-01 5.1059654e-02 4.5957301e-02
       780 2.1984517e+00 2.2604287e-01 5.1737996e-02 4.9531876e-02
       781 2.1998243e+00 2.2442956e-01 5.0943539e-02 4.6754024e-02
       782 2.2020653e+00 2.2114908e-01 4.9379381e-02 4.4993040e-02
       783 2.2004088e+00 2.2365962e-01 5.0570850e-02 4.3921453e-02
       784 2.2014583e+00 2.2172047e-01 4.9659189e-02 4.2790652e-02
       785 2.2014256e+00 2.2280084e-01 5.0140900e-02 4.3695463e-02
       786 2.2013842e+00 2.2182872e-01 4.9710519e-02 4.1788913e-02
       787 2.2007559e+00 2.2273002e-01 5.0139766e-02 4.3952138e-02
       788 2.2011204e+00 2.2190105e-01 4.9754515e-02 4.3283369e-02
       789 2.2011141e+00 2.2239177e-01 4.9972821e-02 4.2534130e-02
       790 2.1997616e+00 2.2396655e-01 5.0738936e-02 4.5452511e-02
       791 2.1987979e+00 2.2556436e-01 5.1504465e-02 4.7809580e-02
       792 2.2015658e+00 2.2304719e-01 5.0244478e-02 4.6895308e-02
       793 2.2033273e+00 2.2005916e-01 4.8845229e-02 5.0034963e-02
       794 2.2000583e+00 2.2396744e-01 5.0725158e-02 4.2688062e-02
       795 2.1995482e+00 2.2563259e-01 5.1498291e-02 4.6544407e-02
       796 2.2001866e+00 2.2347053e-01 5.0496746e-02 4.2914697e-02
       797 2.2011319e+00 2.2185053e-01 4.9731576e-02 4.3063790e-02
       798 2.2019079e+00 2.2197976e-01 4.9754348e-02 4.5917140e-02
       799 2.1984959e+00 2.2452795e-01 5.1053178e-02 4.8550742e-02
       800 2.2007217e+00 2.2231795e-01 4.9957954e-02 4.2949031e-02
       801 2.2024694e+00 2.2070556e-01 4.9166005e-02 4.5763098e-02
       802 2.2005134e+00 2.2308166e-01 5.0307764e-02 4.3089058e-02
       803 2.2001632e+00 2.2291370e-01 5.0249295e-02 4.4233897e-02
       804 2.2013325e+00 2.2239496e-01 4.9964379e-02 4.3993954e-02
       805 2.2010606e+00 2.2279506e-01 5.0154789e-02 4.4678036e-02
       806 2.2004358e+00 2.2326925e-01 5.0395121e-02 4.2010472e-02
       807 2.2002632e+00 2.2344189e-01 5.0480337e-02 4.4846710e-02
       808 2.1999612e+00 2.2401038e-01 5.0749013e-02 4.3244702e-02
       809 2.2013071e+00 2.2182354e-01 4.9711684e-02 4.3099162e-02
       810 2.2002249e+00 2.2279091e-01 5.0191650e-02 4.3672741e-02
       811 2.2027692e+00 2.1975632e-01 4.8735201e-02 4.5546329e-02
       812 2.1995954e+00 2.2391728e-01 5.0724890e-02 4.4771256e-02
       813 2.2002909e+00 2.2237279e-01 5.0002413e-02 4.2040229e-02
       814 2.2010721e+00 2.2208023e-01 4.9836260e-02 4.3629655e-02
       815 2.1995696e+00 2.2401623e-01 5.0770464e-02 4.6838790e-02
       816 2.2008117e+00 2.2285437e-01 5.0192604e-02 4.3711443e-02
       817 2.2018425e+00 2.2155618e-01 4.9569344e-02 4.3450049e-02
       818 2.1976797e+00 2.2576849e-01 5.1653766e-02 5.2135342e-02
       819 2.2005556e+00 2.2416256e-01 5.0789229e-02 4.3610941e-02
       820 2.1994531e+00 2.2504937e-01 5.1240070e-02 4.8089298e-02
       821 2.1996846e+00 2.2282330e-01 5.0231854e-02 4.5551113e-02
       822 2.2013645e+00 2.2183390e-01 4.9713703e-02 4.3346035e-02
       823 2.2008296e+00 2.2349298e-01 5.0476828e-02 4.3394819e-02
       824 2.2012316e+00 2.2282148e-01 5.0158817e-02 4.4013776e-02
       825 2.2015519e+00 2.2244918e-01 4.9978684e-02 4.5573588e-02
       826 2.2013415e+00 2.2198342e-01 4.9781096e-02 4.3525353e-02
       827 2.1996810e+00 2.2350505e-01 5.0536310e-02 4.2580323e-02
       828 2.2005363e+00 2.2261417e-01 5.0098342e-02 4.3467569e-02
       829 2.2014983e+00 2.2058917e-01 4.9157019e-02 4.1617474e-02
       830 2.2000360e+00 2.2235221e-01 5.0005309e-02 4.3483060e-02
       831 2.2000094e+00 2.2419444e-01 5.0829217e-02 4.3349264e-02
       832 2.2024905e+00 2.1929241e-01 4.8543322e-02 4.4236229e-02
       833 2.2018915e+00 2.2063764e-01 4.9161022e-02 4.2331119e-02
       834 2.2001154e+00 2.2362920e-01 5.0571057e-02 4.4174080e-02
       835 2.1995396e+00 2.2440349e-01 5.0945573e-02 4.5819278e-02
       836 2.2007883e+00 2.2322212e-01 5.0357726e-02 4.4459670e-02
       837 2.1989417e+00 2.2460604e-01 5.1065890e-02 4.7302539e-02
       838 2.2008372e+00 2.2216195e-01 4.9883295e-02 4.3071783e-02
       839 2.2014003e+00 2.2165978e-01 4.9634877e-02 4.3264815e-02
       840 2.2015308e+00 2.2208649e-01 4.9818398e-02 4.4312979e-02
       841 2.2004873e+00 2.2322945e-01 5.0374944e-02 4.2607304e-02
       842 2.1988926e+00 2.2386369e-01 5.0735410e-02 4.5015497e-02
       843 2.2031107e+00 2.1978868e-01 4.8735174e-02 4.7295394e-02
       844 2.1989701e+00 2.2555880e-01 5.1493375e-02 4.5635453e-02
       845 2.2009942e+00 2.2210786e-01 4.9852081e-02 4.2950325e-02
       846 2.2001701e+00 2.2231204e-01 4.9981091e-02 4.1992031e-02
       847 2.2012852e+00 2.2223953e-01 4.9897394e-02 4.3140117e-02
       848 2.2004597e+00 2.2312654e-01 5.0330297e-02 4.2776654e-02
       849 2.2008754e+00 2.2150924e-01 4.9591956e-02 4.1893292e-02
       850 2.2018943e+00 2.2006253e-01 4.8907448e-02 4.2426987e-02
       851 2.1998502e+00 2.2488232e-01 5.1145728e-02 4.4772565e-02
       852 2.2022331e+00 2.2089677e-01 4.9260585e-02 4.5224084e-02
       853 2.2002931e+00 2.2285050e-01 5.0214997e-02 4.2706939e-02
       854 2.1993210e+00 2.2394302e-01 5.0749773e-02 4.4900094e-02
       855 2.2012411e+00 2.2175901e-01 4.9686036e-02 4.3077605e-02
       856 2.2034645e+00 2.1992367e-01 4.8780018e-02 5.2634486e-02
       857 2.2005748e+00 2.2225443e-01 4.9936515e-02 4.2220080e-02
       858 2.2027025e+00 2.2049139e-01 4.9061626e-02 4.8515584e-02
       859 2.2019485e+00 2.2029704e-01 4.9008343e-02 4.2281127e-02
       860 2.2004050e+00 2.2224881e-01 4.9941934e-02 4.3231858e-02
       861 2.1993198e+00 2.2378333e-01 5.0678337e-02 4.6467246e-02
       862 2.2009238e+00 2.2235432e-01 4.9964838e-02 4.2218957e-02
       863 2.2011671e+00 2.2077286e-01 4.9252976e-02 4.0138858e-02
       864 2.2012453e+00 2.2186180e-01 4.9731447e-02 4.1974017e-02
       865 2.2005086e+00 2.2276757e-01 5.0167952e-02 4.3355869e-02
       866 2.1992559e+00 2.2407560e-01 5.0812368e-02 4.7170291e-02
       867 2.2012462e+00 2.2215402e-01 4.9861158e-02 4.2064740e-02
       868 2.2009322e+00 2.2128498e-01 4.9490055e-02 4.1990637e-02
       869 2.2019282e+00 2.2074515e-01 4.9206867e-02 4.3145003e-02
       870 2.1990418e+00 2.2438171e-01 5.0960203e-02 4.8620630e-02
       871 2.1995645e+00 2.2296839e-01 5.0302340e-02 4.5932639e-02
       872 2.1995624e+00 2.2447460e-01 5.0976384e-02 4.4526123e-02
       873 2.1995455e+00 2.2414889e-01 5.0831084e-02 4.4065430e-02
       874 2.2003116e+00 2.2258051e-01 5.0093865e-02 4.2619358e-02
       875 2.2003016e+00 2.2384478e-01 5.0658736e-02 4.5391554e-02
       876 2.1990246e+00 2.2538532e-01 5.1412441e-02 4.6408102e-02
       877 2.1993705e+00 2.2426882e-01 5.0893380e-02 4.5189479e-02
       878 2.2017976e+00 2.2080542e-01 4.9239211e-02 4.2080048e-02
       879 2.2003389e+00 2.2412570e-01 5.0782826e-02 4.4492465e-02
       880 2.2006389e+00 2.2182725e-01 4.9743841e-02 4.2885936e-02
       881 2.1996011e+00 2.2372478e-01 5.0638444e-02 4.4296943e-02
       882 2.2021949e+00 2.2095799e-01 4.9289283e-02 4.2543093e-02
       883 2.1991892e+00 2.2541313e-01 5.1416851e-02 4.4600761e-02
       884 2.2015266e+00 2.2162840e-01 4.9615322e-02 4.3971263e-02
       885 2.2019322e+00 2.2107123e-01 4.9350762e-02 4.3880878e-02
       886 2.1988463e+00 2.2393450e-01 5.0769429e-02 4.7422757e-02
       887 2.1992678e+00 2.2413899e-01 5.0840195e-02 4.6852281e-02
       888 2.2013864e+00 2.2202908e-01 4.9799351e-02 4.1756182e-02
       889 2.1993268e+00 2.2335197e-01 5.0485119e-02 4.5140316e-02
       890 2.1998721e+00 2.2473161e-01 5.1076919e-02 4.3686671e-02
       891 2.2004167e+00 2.2277498e-01 5.0175545e-02 4.2059543e-02
       892 2.2003490e+00 2.2354087e-01 5.0520544e-02 4.2609248e-02
       893 2.2013777e+00 2.2270618e-01 5.0100875e-02 4.5177087e-02
       894 2.2009305e+00 2.2345603e-01 5.0455684e-02 4.3558304e-02
       895 2.2008365e+00 2.2225619e-01 4.9925213e-02 4.0565726e-02
       896 2.2001433e+00 2.2310717e-01 5.0336526e-02 4.2353238e-02
       897 2.2021941e+00 2.2071942e-01 4.9183947e-02 4.3560222e-02
       898 2.1999749e+00 2.2472000e-01 5.1066790e-02 4.4783879e-02
       899 2.2016905e+00 2.2083732e-01 4.9258026e-02 4.1175505e-02
       900 2.2006751e+00 2.2238265e-01 4.9988875e-02 4.2848781e-02
       901 2.2004969e+00 2.2300883e-01 5.0276047e-02 4.3432001e-02
       902 2.2009945e+00 2.2098090e-01 4.9352722e-02 4.0767106e-02
       903 2.2020370e+00 2.2059891e-01 4.9137581e-02 4.4053403e-02
       904 2.1997677e+00 2.2349961e-01 5.0529706e-02 4.3345709e-02
       905 2.2016540e+00 2.1986354e-01 4.8830496e-02 4.1066396e-02
       906 2.1995368e+00 2.2493525e-01 5.1184651e-02 4.7131544e-02
       907 2.2007917e+00 2.2185038e-01 4.9747047e-02 4.1170133e-02
       908 2.2015282e+00 2.2106084e-01 4.9364001e-02 4.2522556e-02
       909 2.2006949e+00 2.2304325e-01 5.0282210e-02 4.2944062e-02
       910 2.2007753e+00 2.2159470e-01 4.9634422e-02 4.1069603e-02
       911 2.2002251e+00 2.2302877e-01 5.0297687e-02 4.2493810e-02
       912 2.2009441e+00 2.2264457e-01 5.0093067e-02 4.3729056e-02
       913 2.2000570e+00 2.2299661e-01 5.0291294e-02 4.3636876e-02
       914 2.2003631e+00 2.2308240e-01 5.0315123e-02 4.3494998e-02
       915 2.2007677e+00 2.2376298e-01 5.0600430e-02 4.4075310e-02
       916 2.2032204e+00 2.1923730e-01 4.8488580e-02 4.7326880e-02
       917 2.2011750e+00 2.2126945e-01 4.9472137e-02 4.2611326e-02
       918 2.1989556e+00 2.2438323e-01 5.0965161e-02 4.6218109e-02
       919 2.2010841e+00 2.2198540e-01 4.9793602e-02 4.1158315e-02
       920 2.2003954e+00 2.2187790e-01 4.9777657e-02 4.2006138e-02
       921 2.1993654e+00 2.2472411e-01 5.1098056e-02 4.7247262e-02
       922 2.2015873e+00 2.2033533e-01 4.9041136e-02 4.0631129e-02
       923 2.2008177e+00 2.2192528e-01 4.9779087e-02 4.2146015e-02
       924 2.1998691e+00 2.2309288e-01 5.0343201e-02 4.5256441e-02
       925 2.2000579e+00 2.2274226e-01 5.0177882e-02 4.2898082e-02
       926 2.2014878e+00 2.2063912e-01 4.9179529e-02 4.1122624e-02
       927 2.2002822e+00 2.2209996e-01 4.9881558e-02 4.3062857e-02
       928 2.1996159e+00 2.2511483e-01 5.1261636e-02 4.5863920e-02
       929 2.2002523e+00 2.2243786e-01 5.0033173e-02 4.1901029e-02
       930 2.2017476e+00 2.2086761e-01 4.9268878e-02 4.2492021e-02
       931 2.2002058e+00 2.2292852e-01 5.0253886e-02 4.2967369e-02
       932 2.2007805e+00 2.2225474e-01 4.9927138e-02 4.1943893e-02
       933 2.2017929e+00 2.2112892e-01 4.9382383e-02 4.3314428e-02
       934 2.2012007e+00 2.2079494e-01 4.9261210e-02 4.1079509e-02
       935 2.1981637e+00 2.2505830e-01 5.1308537e-02 4.9568619e-02
       936 2.2005193e+00 2.2194082e-01 4.9799794e-02 4.1347963e-02
       937 2.1998655e+00 2.2433208e-01 5.0897821e-02 4.3275263e-02
       938 2.2000957e+00 2.2415633e-01 5.0808027e-02 4.3869614e-02
       939 2.2006795e+00 2.2316006e-01 5.0335044e-02 4.2172301e-02
       940 2.2006242e+00 2.2282690e-01 5.0189017e-02 4.2160862e-02
       941 2.2002074e+00 2.2301234e-01 5.0291193e-02 4.3089125e-02
       942 2.2000124e+00 2.2379493e-01 5.0650095e-02 4.4872921e-02
       943 2.2001505e+00 2.2151271e-01 4.9627253e-02 4.2168479e-02
       944 2.1996090e+00 2.2411521e-01 5.0812908e-02 4.4917393e-02
       945 2.2013718e+00 2.2074303e-01 4.9230583e-02 4.2792478e-02
       946 2.2021470e+00 2.2050621e-01 4.9091913e-02 4.3132992e-02
       947 2.2004169e+00 2.2410751e-01 5.0771023e-02 4.3781904e-02
       948 2.2014516e+00 2.2076570e-01 4.9237017e-02 4.1617879e-02
       949 2.2003582e+00 2.2186086e-01 4.9771836e-02 4.1481770e-02
       950 2.2006306e+00 2.2234102e-01 4.9972426e-02 4.2746275e-02
       951 2.2010499e+00 2.2218339e-01 4.9883099e-02 4.1242647e-02
       952 2.2023392e+00 2.2143719e-01 4.9495067e-02 4.5604724e-02
       953 2.2012561e+00 2.2161985e-01 4.9623655e-02 4.1300188e-02
       954 2.2001889e+00 2.2205191e-01 4.9864614e-02 4.1083173e-02
       955 2.2023747e+00 2.1970416e-01 4.8729033e-02 4.3274489e-02
       956 2.1991649e+00 2.2327045e-01 5.0456661e-02 4.4946814e-02
       957 2.2017376e+00 2.2091624e-01 4.9290807e-02 4.2898106e-02
       958 2.1994037e+00 2.2361904e-01 5.0600733e-02 4.5208364e-02
       959 2.2015715e+00 2.2169254e-01 4.9641760e-02 4.2830073e-02
       960 2.2000415e+00 2.2311050e-01 5.0342840e-02 4.2509089e-02
       961 2.2006384e+00 2.2280635e-01 5.0179206e-02 4.1719557e-02
       962 2.2015678e+00 2.1919597e-01 4.8541214e-02 3.9436007e-02
       963 2.2009905e+00 2.2284534e-01 5.0180392e-02 4.3704965e-02
       964 2.2013979e+00 2.2166748e-01 4.9638397e-02 4.4846863e-02
       965 2.1999653e+00 2.2281194e-01 5.0213328e-02 4.5106352e-02
       966 2.1980351e+00 2.2479928e-01 5.1198630e-02 5.0081075e-02
       967 2.2009465e+00 2.2177549e-01 4.9706725e-02 4.0320069e-02
       968 2.2014215e+00 2.2173816e-01 4.9668680e-02 4.4602625e-02
       969 2.2003474e+00 2.2318060e-01 5.0359680e-02 4.2551545e-02
       970 2.2014367e+00 2.2273940e-01 5.0113028e-02 4.5330076e-02
       971 2.1987336e+00 2.2421007e-01 5.0898562e-02 4.7328272e-02
       972 2.2013286e+00 2.2121916e-01 4.9442953e-02 4.1659337e-02
       973 2.1991645e+00 2.2529453e-01 5.1364615e-02 4.6345436e-02
       974 2.2005432e+00 2.2198864e-01 4.9819910e-02 4.1369625e-02
       975 2.1995977e+00 2.2229556e-01 5.0001145e-02 4.3438245e-02
       976 2.2017863e+00 2.2106631e-01 4.9354988e-02 4.3118672e-02
       977 2.2009776e+00 2.2173015e-01 4.9685197e-02 4.0677425e-02
       978 2.1993591e+00 2.2365919e-01 5.0620868e-02 4.6013656e-02
       979 2.2016549e+00 2.2148338e-01 4.9545366e-02 4.4000128e-02
       980 2.1999362e+00 2.2331669e-01 5.0439901e-02 4.4039952e-02
       981 2.2008812e+00 2.2156801e-01 4.9617729e-02 4.1391801e-02
       982 2.2016590e+00 2.2106997e-01 4.9362226e-02 4.0977723e-02
       983 2.2009704e+00 2.2177103e-01 4.9703652e-02 4.2246105e-02
       984 2.2001425e+00 2.2278111e-01 5.0191174e-02 4.1428658e-02
       985 2.2008211e+00 2.2150050e-01 4.9590573e-02 4.1671024e-02
       986 2.2021690e+00 2.2059464e-01 4.9129965e-02 4.4466028e-02
       987 2.1991006e+00 2.2374356e-01 5.0671318e-02 4.6103768e-02
       988 2.1998521e+00 2.2314332e-01 5.0366519e-02 4.2246575e-02
       989 2.2019934e+00 2.2013056e-01 4.8933061e-02 4.2260000e-02
       990 2.1997768e+00 2.2311589e-01 5.0357891e-02 4.4896378e-02
       991 2.2008602e+00 2.2162106e-01 4.9642204e-02 4.2422834e-02
       992 2.2003975e+00 2.2269012e-01 5.0138639e-02 4.2549194e-02
       993 2.2005563e+00 2.2300584e-01 5.0271948e-02 4.3020262e-02
       994 2.2012336e+00 2.1949147e-01 4.8685821e-02 4.0823111e-02
       995 2.2000941e+00 2.2281613e-01 5.0209071e-02 4.0901903e-02
       996 2.1998661e+00 2.2372331e-01 5.0625031e-02 4.3339542e-02
       997 2.2004353e+00 2.2405227e-01 5.0745406e-02 4.2230220e-02
       998 2.1996609e+00 2.2328374e-01 5.0438405e-02 4.3741604e-02
       999 2.1995630e+00 2.2548090e-01 5.1429143e-02 4.5689678e-02

Final Weights:         0.5077583958         0.2532372054        -0.1141772437        -0.6442351305 