# Cycles, Average Predicted Temperature, Stddev Predicted Temperature, Mean Squared Error, || MSE Gradient ||
         0    0.00002    0.00001    5.42500    0.00811
         1    0.00002    0.00001    5.42499    0.00814
         2    0.00002    0.00001    5.42500    0.00811
         3    0.00002    0.00001    5.42499    0.00812
         4    0.00002    0.00001    5.42499    0.00817
         5    0.00002    0.00001    5.42499    0.00817
         6    0.00002    0.00001    5.42499    0.00816
         7    0.00002    0.00001    5.42499    0.00814
         8    0.00002    0.00001    5.42499    0.00818
         9    0.00002    0.00001    5.42499    0.00813
        10    0.00002    0.00001    5.42499    0.00818
        11    0.00002    0.00001    5.42499    0.00818
        12    0.00002    0.00001    5.42499    0.00819
        13    0.00002    0.00001    5.42499    0.00821
        14    0.00002    0.00001    5.42499    0.00813
        15    0.00002    0.00001    5.42499    0.00821
        16    0.00002    0.00001    5.42499    0.00823
        17    0.00002    0.00001    5.42499    0.00820
        18    0.00002    0.00001    5.42499    0.00819
        19    0.00002    0.00001    5.42499    0.00826
        20    0.00002    0.00001    5.42499    0.00823
        21    0.00002    0.00001    5.42499    0.00822
        22    0.00002    0.00001    5.42499    0.00823
        23    0.00002    0.00001    5.42499    0.00820
        24    0.00002    0.00001    5.42499    0.00823
        25    0.00002    0.00001    5.42499    0.00829
        26    0.00002    0.00001    5.42499    0.00823
        27    0.00002    0.00001    5.42499    0.00823
        28    0.00002    0.00001    5.42499    0.00826
        29    0.00002    0.00001    5.42499    0.00827
        30    0.00002    0.00001    5.42499    0.00830
        31    0.00002    0.00001    5.42499    0.00830
        32    0.00002    0.00001    5.42499    0.00829
        33    0.00002    0.00001    5.42499    0.00831
        34    0.00002    0.00001    5.42499    0.00829
        35    0.00002    0.00001    5.42499    0.00829
        36    0.00002    0.00001    5.42499    0.00831
        37    0.00002    0.00001    5.42499    0.00828
        38    0.00002    0.00001    5.42499    0.00827
        39    0.00002    0.00001    5.42499    0.00829
        40    0.00002    0.00001    5.42499    0.00832
        41    0.00002    0.00001    5.42499    0.00832
        42    0.00002    0.00001    5.42499    0.00834
        43    0.00002    0.00001    5.42499    0.00832
        44    0.00002    0.00001    5.42499    0.00830
        45    0.00002    0.00001    5.42499    0.00832
        46    0.00002    0.00001    5.42499    0.00832
        47    0.00002    0.00001    5.42499    0.00832
        48    0.00002    0.00001    5.42499    0.00832
        49    0.00002    0.00001    5.42499    0.00840
        50    0.00002    0.00001    5.42499    0.00834
        51    0.00002    0.00001    5.42499    0.00831
        52    0.00002    0.00001    5.42499    0.00836
        53    0.00002    0.00001    5.42499    0.00837
        54    0.00002    0.00001    5.42499    0.00841
        55    0.00002    0.00001    5.42499    0.00836
        56    0.00002    0.00001    5.42499    0.00836
        57    0.00002    0.00001    5.42499    0.00837
        58    0.00002    0.00001    5.42499    0.00840
        59    0.00002    0.00001    5.42499    0.00839
        60    0.00002    0.00001    5.42499    0.00838
        61    0.00002    0.00001    5.42499    0.00844
        62    0.00002    0.00001    5.42499    0.00842
        63    0.00002    0.00001    5.42499    0.00840
        64    0.00002    0.00001    5.42499    0.00846
        65    0.00002    0.00001    5.42499    0.00845
        66    0.00002    0.00001    5.42499    0.00842
        67    0.00002    0.00001    5.42499    0.00843
        68    0.00002    0.00001    5.42499    0.00844
        69    0.00002    0.00001    5.42499    0.00847
        70    0.00002    0.00001    5.42499    0.00842
        71    0.00002    0.00001    5.42499    0.00848
        72    0.00002    0.00001    5.42499    0.00846
        73    0.00002    0.00001    5.42499    0.00847
        74    0.00002    0.00001    5.42499    0.00848
        75    0.00002    0.00001    5.42499    0.00848
        76    0.00002    0.00001    5.42499    0.00851
        77    0.00002    0.00001    5.42499    0.00848
        78    0.00002    0.00001    5.42499    0.00848
        79    0.00002    0.00001    5.42499    0.00847
        80    0.00002    0.00001    5.42499    0.00855
        81    0.00002    0.00001    5.42499    0.00848
        82    0.00002    0.00001    5.42499    0.00853
        83    0.00002    0.00001    5.42499    0.00851
        84    0.00002    0.00001    5.42499    0.00853
        85    0.00002    0.00001    5.42499    0.00850
        86    0.00002    0.00001    5.42499    0.00857
        87    0.00002    0.00001    5.42499    0.00854
        88    0.00002    0.00001    5.42499    0.00852
        89    0.00002    0.00001    5.42499    0.00858
        90    0.00002    0.00001    5.42499    0.00856
        91    0.00002    0.00001    5.42499    0.00855
        92    0.00002    0.00001    5.42499    0.00860
        93    0.00002    0.00001    5.42499    0.00852
        94    0.00002    0.00001    5.42499    0.00858
        95    0.00002    0.00001    5.42499    0.00856
        96    0.00002    0.00001    5.42499    0.00861
        97    0.00002    0.00001    5.42499    0.00857
        98    0.00002    0.00001    5.42499    0.00857
        99    0.00002    0.00001    5.42499    0.00862
       100    0.00002    0.00001    5.42499    0.00860
       101    0.00002    0.00001    5.42499    0.00862
       102    0.00003    0.00001    5.42499    0.00861
       103    0.00002    0.00001    5.42499    0.00858
       104    0.00003    0.00001    5.42499    0.00863
       105    0.00003    0.00001    5.42499    0.00862
       106    0.00002    0.00001    5.42499    0.00861
       107    0.00003    0.00001    5.42499    0.00865
       108    0.00003    0.00001    5.42499    0.00865
       109    0.00003    0.00001    5.42499    0.00867
       110    0.00002    0.00001    5.42499    0.00861
       111    0.00003    0.00001    5.42499    0.00865
       112    0.00003    0.00001    5.42499    0.00867
       113    0.00003    0.00001    5.42499    0.00867
       114    0.00003    0.00001    5.42499    0.00868
       115    0.00003    0.00001    5.42499    0.00870
       116    0.00003    0.00001    5.42499    0.00861
       117    0.00003    0.00001    5.42499    0.00867
       118    0.00003    0.00001    5.42499    0.00869
       119    0.00003    0.00001    5.42499    0.00869
       120    0.00003    0.00001    5.42499    0.00867
       121    0.00003    0.00001    5.42499    0.00871
       122    0.00003    0.00001    5.42499    0.00867
       123    0.00003    0.00001    5.42499    0.00870
       124    0.00003    0.00001    5.42499    0.00870
       125    0.00003    0.00001    5.42499    0.00871
       126    0.00003    0.00001    5.42499    0.00875
       127    0.00003    0.00001    5.42499    0.00870
       128    0.00003    0.00001    5.42499    0.00873
       129    0.00003    0.00001    5.42499    0.00871
       130    0.00003    0.00001    5.42499    0.00874
       131    0.00003    0.00001    5.42499    0.00879
       132    0.00003    0.00001    5.42499    0.00878
       133    0.00003    0.00001    5.42498    0.00879
       134    0.00003    0.00001    5.42499    0.00875
       135    0.00003    0.00001    5.42499    0.00877
       136    0.00003    0.00001    5.42498    0.00879
       137    0.00003    0.00001    5.42499    0.00879
       138    0.00003    0.00001    5.42499    0.00876
       139    0.00003    0.00001    5.42499    0.00875
       140    0.00003    0.00001    5.42498    0.00879
       141    0.00003    0.00001    5.42499    0.00878
       142    0.00003    0.00001    5.42498    0.00882
       143    0.00003    0.00001    5.42498    0.00880
       144    0.00003    0.00001    5.42498    0.00878
       145    0.00003    0.00001    5.42499    0.00881
       146    0.00003    0.00001    5.42498    0.00878
       147    0.00003    0.00001    5.42498    0.00880
       148    0.00003    0.00001    5.42498    0.00881
       149    0.00003    0.00001    5.42498    0.00887
       150    0.00003    0.00001    5.42498    0.00885
       151    0.00003    0.00001    5.42498    0.00881
       152    0.00003    0.00001    5.42498    0.00883
       153    0.00003    0.00001    5.42498    0.00888
       154    0.00003    0.00001    5.42498    0.00882
       155    0.00003    0.00001    5.42498    0.00886
       156    0.00003    0.00001    5.42498    0.00882
       157    0.00003    0.00001    5.42498    0.00884
       158    0.00003    0.00001    5.42498    0.00888
       159    0.00003    0.00001    5.42498    0.00888
       160    0.00003    0.00001    5.42498    0.00885
       161    0.00003    0.00001    5.42498    0.00890
       162    0.00003    0.00001    5.42498    0.00891
       163    0.00003    0.00001    5.42498    0.00889
       164    0.00003    0.00001    5.42498    0.00886
       165    0.00003    0.00001    5.42498    0.00888
       166    0.00003    0.00001    5.42498    0.00889
       167    0.00003    0.00001    5.42498    0.00892
       168    0.00003    0.00001    5.42498    0.00894
       169    0.00003    0.00001    5.42498    0.00895
       170    0.00003    0.00001    5.42498    0.00894
       171    0.00003    0.00001    5.42498    0.00892
       172    0.00003    0.00001    5.42498    0.00898
       173    0.00003    0.00001    5.42498    0.00897
       174    0.00003    0.00001    5.42498    0.00893
       175    0.00003    0.00001    5.42498    0.00898
       176    0.00003    0.00001    5.42498    0.00900
       177    0.00003    0.00001    5.42498    0.00900
       178    0.00003    0.00001    5.42498    0.00899
       179    0.00003    0.00001    5.42498    0.00900
       180    0.00003    0.00001    5.42498    0.00902
       181    0.00003    0.00001    5.42498    0.00899
       182    0.00003    0.00001    5.42498    0.00898
       183    0.00003    0.00001    5.42498    0.00899
       184    0.00003    0.00001    5.42498    0.00901
       185    0.00003    0.00001    5.42498    0.00907
       186    0.00003    0.00001    5.42498    0.00900
       187    0.00003    0.00001    5.42498    0.00903
       188    0.00003    0.00001    5.42498    0.00903
       189    0.00003    0.00001    5.42498    0.00902
       190    0.00003    0.00001    5.42498    0.00903
       191    0.00003    0.00001    5.42498    0.00903
       192    0.00003    0.00001    5.42498    0.00903
       193    0.00003    0.00001    5.42498    0.00906
       194    0.00003    0.00001    5.42498    0.00902
       195    0.00003    0.00001    5.42498    0.00906
       196    0.00003    0.00001    5.42498    0.00909
       197    0.00003    0.00001    5.42498    0.00909
       198    0.00003    0.00001    5.42498    0.00902
       199    0.00003    0.00001    5.42498    0.00904
       200    0.00003    0.00001    5.42498    0.00905
       201    0.00003    0.00001    5.42498    0.00908
       202    0.00003    0.00001    5.42498    0.00912
       203    0.00003    0.00001    5.42498    0.00910
       204    0.00003    0.00001    5.42498    0.00910
       205    0.00003    0.00001    5.42498    0.00913
       206    0.00003    0.00001    5.42498    0.00914
       207    0.00003    0.00001    5.42498    0.00911
       208    0.00003    0.00001    5.42498    0.00914
       209    0.00003    0.00001    5.42498    0.00912
       210    0.00003    0.00001    5.42498    0.00913
       211    0.00003    0.00001    5.42498    0.00913
       212    0.00003    0.00001    5.42498    0.00917
       213    0.00003    0.00001    5.42498    0.00917
       214    0.00003    0.00001    5.42498    0.00915
       215    0.00003    0.00001    5.42498    0.00916
       216    0.00003    0.00001    5.42498    0.00918
       217    0.00003    0.00001    5.42498    0.00919
       218    0.00003    0.00001    5.42498    0.00920
       219    0.00003    0.00001    5.42498    0.00917
       220    0.00003    0.00001    5.42498    0.00912
       221    0.00003    0.00001    5.42498    0.00912
       222    0.00003    0.00001    5.42498    0.00920
       223    0.00003    0.00001    5.42498    0.00919
       224    0.00003    0.00001    5.42498    0.00917
       225    0.00003    0.00001    5.42498    0.00921
       226    0.00003    0.00001    5.42498    0.00922
       227    0.00003    0.00001    5.42498    0.00922
       228    0.00003    0.00001    5.42498    0.00924
       229    0.00003    0.00001    5.42498    0.00923
       230    0.00003    0.00001    5.42498    0.00922
       231    0.00003    0.00001    5.42498    0.00924
       232    0.00003    0.00001    5.42498    0.00922
       233    0.00003    0.00001    5.42498    0.00927
       234    0.00003    0.00001    5.42498    0.00927
       235    0.00003    0.00001    5.42498    0.00924
       236    0.00003    0.00001    5.42498    0.00924
       237    0.00003    0.00001    5.42498    0.00926
       238    0.00003    0.00001    5.42498    0.00930
       239    0.00003    0.00001    5.42498    0.00931
       240    0.00003    0.00001    5.42498    0.00928
       241    0.00003    0.00001    5.42498    0.00937
       242    0.00003    0.00001    5.42498    0.00928
       243    0.00003    0.00001    5.42498    0.00935
       244    0.00003    0.00001    5.42498    0.00931
       245    0.00003    0.00001    5.42498    0.00933
       246    0.00003    0.00001    5.42498    0.00934
       247    0.00003    0.00001    5.42498    0.00934
       248    0.00003    0.00001    5.42498    0.00930
       249    0.00003    0.00001    5.42498    0.00937
       250    0.00003    0.00001    5.42498    0.00932
       251    0.00003    0.00001    5.42498    0.00934
       252    0.00003    0.00001    5.42498    0.00933
       253    0.00003    0.00001    5.42498    0.00932
       254    0.00003    0.00001    5.42498    0.00935
       255    0.00003    0.00001    5.42498    0.00938
       256    0.00003    0.00001    5.42498    0.00938
       257    0.00003    0.00001    5.42498    0.00935
       258    0.00003    0.00001    5.42498    0.00932
       259    0.00003    0.00001    5.42498    0.00940
       260    0.00003    0.00001    5.42497    0.00939
       261    0.00003    0.00001    5.42497    0.00943
       262    0.00003    0.00001    5.42497    0.00939
       263    0.00003    0.00001    5.42497    0.00941
       264    0.00003    0.00001    5.42498    0.00939
       265    0.00003    0.00001    5.42497    0.00944
       266    0.00003    0.00001    5.42497    0.00940
       267    0.00003    0.00001    5.42497    0.00945
       268    0.00003    0.00001    5.42497    0.00943
       269    0.00003    0.00001    5.42497    0.00941
       270    0.00003    0.00001    5.42497    0.00942
       271    0.00003    0.00001    5.42497    0.00946
       272    0.00003    0.00001    5.42497    0.00944
       273    0.00003    0.00001    5.42497    0.00942
       274    0.00003    0.00001    5.42497    0.00948
       275    0.00003    0.00001    5.42497    0.00949
       276    0.00003    0.00001    5.42497    0.00940
       277    0.00003    0.00001    5.42497    0.00949
       278    0.00003    0.00001    5.42497    0.00948
       279    0.00003    0.00001    5.42497    0.00951
       280    0.00003    0.00001    5.42497    0.00946
       281    0.00003    0.00001    5.42497    0.00948
       282    0.00003    0.00001    5.42497    0.00947
       283    0.00003    0.00002    5.42497    0.00960
       284    0.00003    0.00001    5.42497    0.00955
       285    0.00003    0.00001    5.42497    0.00949
       286    0.00003    0.00002    5.42497    0.00957
       287    0.00003    0.00001    5.42497    0.00957
       288    0.00003    0.00001    5.42497    0.00957
       289    0.00003    0.00001    5.42497    0.00951
       290    0.00003    0.00001    5.42497    0.00956
       291    0.00003    0.00001    5.42497    0.00959
       292    0.00003    0.00001    5.42497    0.00952
       293    0.00003    0.00001    5.42497    0.00959
       294    0.00003    0.00001    5.42497    0.00954
       295    0.00003    0.00001    5.42497    0.00955
       296    0.00003    0.00002    5.42497    0.00962
       297    0.00003    0.00001    5.42497    0.00955
       298    0.00003    0.00002    5.42497    0.00960
       299    0.00003    0.00001    5.42497    0.00958
       300    0.00003    0.00002    5.42497    0.00961
       301    0.00003    0.00002    5.42497    0.00959
       302    0.00003    0.00002    5.42497    0.00962
       303    0.00003    0.00001    5.42497    0.00959
       304    0.00003    0.00002    5.42497    0.00961
       305    0.00003    0.00002    5.42497    0.00961
       306    0.00003    0.00001    5.42497    0.00959
       307    0.00003    0.00001    5.42497    0.00962
       308    0.00003    0.00002    5.42497    0.00966
       309    0.00003    0.00002    5.42497    0.00963
       310    0.00003    0.00001    5.42497    0.00958
       311    0.00003    0.00002    5.42497    0.00963
       312    0.00003    0.00002    5.42497    0.00962
       313    0.00003    0.00002    5.42497    0.00970
       314    0.00003    0.00002    5.42497    0.00963
       315    0.00003    0.00002    5.42497    0.00969
       316    0.00003    0.00002    5.42497    0.00967
       317    0.00003    0.00002    5.42497    0.00969
       318    0.00003    0.00002    5.42497    0.00970
       319    0.00003    0.00002    5.42497    0.00968
       320    0.00003    0.00002    5.42497    0.00968
       321    0.00003    0.00002    5.42497    0.00973
       322    0.00003    0.00002    5.42497    0.00972
       323    0.00003    0.00002    5.42497    0.00966
       324    0.00003    0.00002    5.42497    0.00976
       325    0.00003    0.00002    5.42497    0.00974
       326    0.00003    0.00002    5.42497    0.00972
       327    0.00003    0.00002    5.42497    0.00973
       328    0.00003    0.00002    5.42497    0.00972
       329    0.00003    0.00002    5.42497    0.00972
       330    0.00003    0.00002    5.42497    0.00978
       331    0.00003    0.00002    5.42497    0.00975
       332    0.00003    0.00002    5.42497    0.00974
       333    0.00003    0.00002    5.42497    0.00974
       334    0.00003    0.00002    5.42497    0.00978
       335    0.00003    0.00002    5.42497    0.00977
       336    0.00003    0.00002    5.42497    0.00979
       337    0.00003    0.00002    5.42497    0.00977
       338    0.00003    0.00002    5.42497    0.00976
       339    0.00003    0.00002    5.42497    0.00980
       340    0.00003    0.00002    5.42497    0.00981
       341    0.00003    0.00002    5.42497    0.00980
       342    0.00003    0.00002    5.42497    0.00984
       343    0.00003    0.00002    5.42497    0.00981
       344    0.00003    0.00002    5.42497    0.00985
       345    0.00003    0.00002    5.42497    0.00982
       346    0.00003    0.00002    5.42497    0.00981
       347    0.00003    0.00002    5.42497    0.00981
       348    0.00003    0.00002    5.42497    0.00979
       349    0.00003    0.00002    5.42497    0.00984
       350    0.00003    0.00002    5.42497    0.00987
       351    0.00003    0.00002    5.42497    0.00985
       352    0.00003    0.00002    5.42497    0.00986
       353    0.00003    0.00002    5.42497    0.00986
       354    0.00003    0.00002    5.42497    0.00988
       355    0.00003    0.00002    5.42497    0.00990
       356    0.00003    0.00002    5.42497    0.00989
       357    0.00003    0.00002    5.42497    0.00987
       358    0.00003    0.00002    5.42497    0.00991
       359    0.00003    0.00002    5.42497    0.00993
       360    0.00003    0.00002    5.42497    0.00990
       361    0.00003    0.00002    5.42497    0.00988
       362    0.00003    0.00002    5.42497    0.00994
       363    0.00003    0.00002    5.42497    0.00995
       364    0.00003    0.00002    5.42497    0.00994
       365    0.00003    0.00002    5.42497    0.00994
       366    0.00003    0.00002    5.42496    0.01001
       367    0.00003    0.00002    5.42497    0.00999
       368    0.00003    0.00002    5.42497    0.00992
       369    0.00003    0.00002    5.42497    0.00994
       370    0.00003    0.00002    5.42496    0.00997
       371    0.00003    0.00002    5.42496    0.01000
       372    0.00003    0.00002    5.42497    0.00997
       373    0.00003    0.00002    5.42496    0.01003
       374    0.00003    0.00002    5.42496    0.01001
       375    0.00003    0.00002    5.42496    0.01007
       376    0.00003    0.00002    5.42496    0.01002
       377    0.00003    0.00002    5.42496    0.01001
       378    0.00003    0.00002    5.42496    0.01002
       379    0.00003    0.00002    5.42496    0.01000
       380    0.00003    0.00002    5.42496    0.01005
       381    0.00003    0.00002    5.42496    0.01005
       382    0.00003    0.00002    5.42496    0.01001
       383    0.00003    0.00002    5.42496    0.01008
       384    0.00003    0.00002    5.42496    0.01008
       385    0.00003    0.00002    5.42496    0.01004
       386    0.00003    0.00002    5.42496    0.01010
       387    0.00003    0.00002    5.42496    0.01008
       388    0.00003    0.00002    5.42496    0.01011
       389    0.00003    0.00002    5.42496    0.01008
       390    0.00003    0.00002    5.42496    0.01009
       391    0.00003    0.00002    5.42496    0.01008
       392    0.00003    0.00002    5.42496    0.01006
       393    0.00003    0.00002    5.42496    0.01012
       394    0.00003    0.00002    5.42496    0.01014
       395    0.00003    0.00002    5.42496    0.01011
       396    0.00003    0.00002    5.42496    0.01015
       397    0.00003    0.00002    5.42496    0.01020
       398    0.00003    0.00002    5.42496    0.01016
       399    0.00003    0.00002    5.42496    0.01017
       400    0.00003    0.00002    5.42496    0.01013
       401    0.00003    0.00002    5.42496    0.01017
       402    0.00003    0.00002    5.42496    0.01015
       403    0.00003    0.00002    5.42496    0.01019
       404    0.00003    0.00002    5.42496    0.01022
       405    0.00003    0.00002    5.42496    0.01019
       406    0.00003    0.00002    5.42496    0.01019
       407    0.00003    0.00002    5.42496    0.01018
       408    0.00003    0.00002    5.42496    0.01021
       409    0.00003    0.00002    5.42496    0.01023
       410    0.00003    0.00002    5.42496    0.01023
       411    0.00003    0.00002    5.42496    0.01022
       412    0.00003    0.00002    5.42496    0.01022
       413    0.00003    0.00002    5.42496    0.01020
       414    0.00003    0.00002    5.42496    0.01023
       415    0.00003    0.00002    5.42496    0.01024
       416    0.00003    0.00002    5.42496    0.01028
       417    0.00003    0.00002    5.42496    0.01025
       418    0.00003    0.00002    5.42496    0.01025
       419    0.00003    0.00002    5.42496    0.01026
       420    0.00003    0.00002    5.42496    0.01029
       421    0.00003    0.00002    5.42496    0.01030
       422    0.00003    0.00002    5.42496    0.01033
       423    0.00003    0.00002    5.42496    0.01029
       424    0.00003    0.00002    5.42496    0.01026
       425    0.00003    0.00002    5.42496    0.01030
       426    0.00003    0.00002    5.42496    0.01029
       427    0.00003    0.00002    5.42496    0.01031
       428    0.00003    0.00002    5.42496    0.01038
       429    0.00003    0.00002    5.42496    0.01037
       430    0.00003    0.00002    5.42496    0.01033
       431    0.00003    0.00002    5.42496    0.01034
       432    0.00003    0.00002    5.42496    0.01038
       433    0.00003    0.00002    5.42496    0.01034
       434    0.00003    0.00002    5.42496    0.01036
       435    0.00003    0.00002    5.42496    0.01039
       436    0.00003    0.00002    5.42496    0.01044
       437    0.00003    0.00002    5.42496    0.01040
       438    0.00003    0.00002    5.42496    0.01037
       439    0.00003    0.00002    5.42496    0.01043
       440    0.00003    0.00002    5.42496    0.01043
       441    0.00003    0.00002    5.42496    0.01041
       442    0.00003    0.00002    5.42496    0.01048
       443    0.00003    0.00002    5.42496    0.01049
       444    0.00003    0.00002    5.42496    0.01046
       445    0.00003    0.00002    5.42496    0.01048
       446    0.00003    0.00002    5.42496    0.01044
       447    0.00003    0.00002    5.42496    0.01048
       448    0.00003    0.00002    5.42496    0.01052
       449    0.00003    0.00002    5.42496    0.01045
       450    0.00003    0.00002    5.42496    0.01050
       451    0.00003    0.00002    5.42496    0.01046
       452    0.00003    0.00002    5.42496    0.01055
       453    0.00003    0.00002    5.42496    0.01052
       454    0.00003    0.00002    5.42496    0.01049
       455    0.00003    0.00002    5.42496    0.01050
       456    0.00003    0.00002    5.42496    0.01051
       457    0.00003    0.00002    5.42496    0.01056
       458    0.00003    0.00002    5.42495    0.01058
       459    0.00003    0.00002    5.42496    0.01053
       460    0.00003    0.00002    5.42495    0.01059
       461    0.00003    0.00002    5.42496    0.01054
       462    0.00003    0.00002    5.42495    0.01057
       463    0.00003    0.00002    5.42495    0.01058
       464    0.00003    0.00002    5.42496    0.01056
       465    0.00003    0.00002    5.42495    0.01057
       466    0.00003    0.00002    5.42495    0.01064
       467    0.00003    0.00002    5.42495    0.01059
       468    0.00003    0.00002    5.42495    0.01063
       469    0.00003    0.00002    5.42495    0.01063
       470    0.00003    0.00002    5.42495    0.01060
       471    0.00003    0.00002    5.42495    0.01065
       472    0.00003    0.00002    5.42495    0.01068
       473    0.00003    0.00002    5.42495    0.01069
       474    0.00003    0.00002    5.42495    0.01066
       475    0.00003    0.00002    5.42495    0.01061
       476    0.00003    0.00002    5.42495    0.01071
       477    0.00003    0.00002    5.42495    0.01065
       478    0.00003    0.00002    5.42495    0.01067
       479    0.00003    0.00002    5.42495    0.01070
       480    0.00003    0.00002    5.42495    0.01072
       481    0.00003    0.00002    5.42495    0.01070
       482    0.00003    0.00002    5.42495    0.01067
       483    0.00003    0.00002    5.42495    0.01073
       484    0.00003    0.00002    5.42495    0.01076
       485    0.00003    0.00002    5.42495    0.01073
       486    0.00003    0.00002    5.42495    0.01078
       487    0.00003    0.00002    5.42495    0.01075
       488    0.00003    0.00002    5.42495    0.01074
       489    0.00003    0.00002    5.42495    0.01077
       490    0.00003    0.00002    5.42495    0.01073
       491    0.00003    0.00002    5.42495    0.01075
       492    0.00003    0.00002    5.42495    0.01076
       493    0.00003    0.00002    5.42495    0.01076
       494    0.00003    0.00002    5.42495    0.01080
       495    0.00003    0.00002    5.42495    0.01075
       496    0.00003    0.00002    5.42495    0.01080
       497    0.00003    0.00002    5.42495    0.01084
       498    0.00003    0.00002    5.42495    0.01081
       499    0.00003    0.00002    5.42495    0.01081
       500    0.00003    0.00002    5.42495    0.01082
       501    0.00003    0.00002    5.42495    0.01083
       502    0.00003    0.00002    5.42495    0.01086
       503    0.00003    0.00002    5.42495    0.01090
       504    0.00003    0.00002    5.42495    0.01083
       505    0.00003    0.00002    5.42495    0.01095
       506    0.00003    0.00002    5.42495    0.01089
       507    0.00003    0.00002    5.42495    0.01086
       508    0.00003    0.00002    5.42495    0.01087
       509    0.00003    0.00002    5.42495    0.01086
       510    0.00003    0.00002    5.42495    0.01091
       511    0.00003    0.00002    5.42495    0.01099
       512    0.00003    0.00002    5.42495    0.01096
       513    0.00003    0.00002    5.42495    0.01092
       514    0.00003    0.00002    5.42495    0.01093
       515    0.00003    0.00002    5.42495    0.01091
       516    0.00003    0.00002    5.42495    0.01098
       517    0.00003    0.00002    5.42495    0.01098
       518    0.00003    0.00002    5.42495    0.01098
       519    0.00003    0.00002    5.42495    0.01093
       520    0.00003    0.00002    5.42495    0.01096
       521    0.00003    0.00002    5.42495    0.01100
       522    0.00003    0.00002    5.42495    0.01103
       523    0.00003    0.00002    5.42495    0.01108
       524    0.00003    0.00002    5.42495    0.01104
       525    0.00003    0.00002    5.42495    0.01103
       526    0.00003    0.00002    5.42495    0.01103
       527    0.00003    0.00002    5.42495    0.01096
       528    0.00003    0.00002    5.42495    0.01104
       529    0.00003    0.00002    5.42495    0.01104
       530    0.00003    0.00002    5.42495    0.01105
       531    0.00003    0.00002    5.42495    0.01100
       532    0.00003    0.00002    5.42495    0.01112
       533    0.00003    0.00002    5.42495    0.01109
       534    0.00003    0.00002    5.42495    0.01113
       535    0.00003    0.00002    5.42495    0.01110
       536    0.00003    0.00002    5.42495    0.01113
       537    0.00003    0.00002    5.42495    0.01111
       538    0.00003    0.00002    5.42495    0.01114
       539    0.00003    0.00002    5.42495    0.01111
       540    0.00003    0.00002    5.42495    0.01114
       541    0.00003    0.00002    5.42495    0.01115
       542    0.00003    0.00002    5.42495    0.01115
       543    0.00003    0.00002    5.42495    0.01118
       544    0.00003    0.00002    5.42495    0.01117
       545    0.00003    0.00002    5.42495    0.01114
       546    0.00003    0.00002    5.42494    0.01123
       547    0.00003    0.00002    5.42494    0.01123
       548    0.00003    0.00002    5.42495    0.01120
       549    0.00003    0.00002    5.42494    0.01129
       550    0.00003    0.00002    5.42494    0.01121
       551    0.00003    0.00002    5.42494    0.01119
       552    0.00003    0.00002    5.42495    0.01121
       553    0.00003    0.00002    5.42494    0.01124
       554    0.00003    0.00002    5.42494    0.01125
       555    0.00003    0.00002    5.42494    0.01128
       556    0.00003    0.00002    5.42494    0.01122
       557    0.00003    0.00002    5.42494    0.01133
       558    0.00003    0.00002    5.42494    0.01129
       559    0.00003    0.00002    5.42494    0.01134
       560    0.00003    0.00002    5.42494    0.01124
       561    0.00003    0.00002    5.42494    0.01137
       562    0.00003    0.00002    5.42494    0.01131
       563    0.00003    0.00002    5.42494    0.01137
       564    0.00003    0.00002    5.42494    0.01133
       565    0.00003    0.00002    5.42494    0.01134
       566    0.00003    0.00002    5.42494    0.01138
       567    0.00003    0.00002    5.42494    0.01139
       568    0.00003    0.00002    5.42494    0.01139
       569    0.00003    0.00002    5.42494    0.01138
       570    0.00003    0.00002    5.42494    0.01142
       571    0.00003    0.00002    5.42494    0.01143
       572    0.00003    0.00002    5.42494    0.01142
       573    0.00003    0.00002    5.42494    0.01140
       574    0.00003    0.00002    5.42494    0.01140
       575    0.00003    0.00002    5.42494    0.01143
       576    0.00003    0.00002    5.42494    0.01142
       577    0.00003    0.00002    5.42494    0.01147
       578    0.00004    0.00002    5.42494    0.01149
       579    0.00004    0.00002    5.42494    0.01147
       580    0.00004    0.00002    5.42494    0.01149
       581    0.00004    0.00002    5.42494    0.01148
       582    0.00004    0.00002    5.42494    0.01150
       583    0.00004    0.00002    5.42494    0.01147
       584    0.00004    0.00002    5.42494    0.01154
       585    0.00004    0.00002    5.42494    0.01155
       586    0.00004    0.00002    5.42494    0.01150
       587    0.00004    0.00002    5.42494    0.01158
       588    0.00004    0.00002    5.42494    0.01154
       589    0.00004    0.00002    5.42494    0.01155
       590    0.00004    0.00002    5.42494    0.01158
       591    0.00004    0.00002    5.42494    0.01152
       592    0.00004    0.00002    5.42494    0.01152
       593    0.00004    0.00002    5.42494    0.01154
       594    0.00004    0.00002    5.42494    0.01154
       595    0.00004    0.00002    5.42494    0.01164
       596    0.00004    0.00002    5.42494    0.01163
       597    0.00004    0.00002    5.42494    0.01166
       598    0.00004    0.00002    5.42494    0.01162
       599    0.00004    0.00002    5.42494    0.01170
       600    0.00004    0.00002    5.42494    0.01164
       601    0.00004    0.00002    5.42494    0.01165
       602    0.00004    0.00002    5.42494    0.01166
       603    0.00004    0.00002    5.42494    0.01163
       604    0.00004    0.00002    5.42494    0.01169
       605    0.00004    0.00002    5.42494    0.01169
       606    0.00004    0.00002    5.42494    0.01165
       607    0.00004    0.00002    5.42494    0.01172
       608    0.00004    0.00002    5.42494    0.01172
       609    0.00004    0.00002    5.42494    0.01173
       610    0.00004    0.00002    5.42494    0.01172
       611    0.00004    0.00002    5.42494    0.01177
       612    0.00004    0.00002    5.42494    0.01174
       613    0.00004    0.00002    5.42494    0.01173
       614    0.00004    0.00002    5.42494    0.01177
       615    0.00004    0.00002    5.42494    0.01172
       616    0.00004    0.00002    5.42494    0.01177
       617    0.00004    0.00002    5.42494    0.01176
       618    0.00004    0.00002    5.42494    0.01177
       619    0.00004    0.00002    5.42494    0.01176
       620    0.00004    0.00002    5.42494    0.01176
       621    0.00004    0.00002    5.42494    0.01177
       622    0.00004    0.00002    5.42494    0.01177
       623    0.00004    0.00002    5.42494    0.01182
       624    0.00004    0.00002    5.42494    0.01180
       625    0.00004    0.00002    5.42493    0.01184
       626    0.00004    0.00002    5.42494    0.01183
       627    0.00004    0.00002    5.42493    0.01182
       628    0.00004    0.00002    5.42493    0.01185
       629    0.00004    0.00002    5.42493    0.01190
       630    0.00004    0.00002    5.42493    0.01189
       631    0.00004    0.00002    5.42493    0.01189
       632    0.00004    0.00002    5.42493    0.01188
       633    0.00004    0.00002    5.42493    0.01190
       634    0.00004    0.00002    5.42493    0.01193
       635    0.00004    0.00002    5.42493    0.01198
       636    0.00004    0.00002    5.42493    0.01192
       637    0.00004    0.00002    5.42493    0.01200
       638    0.00004    0.00002    5.42493    0.01199
       639    0.00004    0.00002    5.42493    0.01197
       640    0.00004    0.00002    5.42493    0.01194
       641    0.00004    0.00002    5.42493    0.01200
       642    0.00004    0.00002    5.42493    0.01202
       643    0.00004    0.00002    5.42493    0.01203
       644    0.00004    0.00002    5.42493    0.01203
       645    0.00004    0.00002    5.42493    0.01206
       646    0.00004    0.00002    5.42493    0.01210
       647    0.00004    0.00002    5.42493    0.01202
       648    0.00004    0.00002    5.42493    0.01202
       649    0.00004    0.00002    5.42493    0.01204
       650    0.00004    0.00002    5.42493    0.01203
       651    0.00004    0.00002    5.42493    0.01207
       652    0.00004    0.00002    5.42493    0.01212
       653    0.00004    0.00002    5.42493    0.01204
       654    0.00004    0.00002    5.42493    0.01218
       655    0.00004    0.00002    5.42493    0.01212
       656    0.00004    0.00002    5.42493    0.01214
       657    0.00004    0.00002    5.42493    0.01217
       658    0.00004    0.00002    5.42493    0.01215
       659    0.00004    0.00002    5.42493    0.01212
       660    0.00004    0.00002    5.42493    0.01219
       661    0.00004    0.00002    5.42493    0.01218
       662    0.00004    0.00002    5.42493    0.01221
       663    0.00004    0.00002    5.42493    0.01221
       664    0.00004    0.00002    5.42493    0.01215
       665    0.00004    0.00002    5.42493    0.01219
       666    0.00004    0.00002    5.42493    0.01218
       667    0.00004    0.00002    5.42493    0.01226
       668    0.00004    0.00002    5.42493    0.01224
       669    0.00004    0.00002    5.42493    0.01226
       670    0.00004    0.00002    5.42493    0.01231
       671    0.00004    0.00002    5.42493    0.01229
       672    0.00004    0.00002    5.42493    0.01228
       673    0.00004    0.00002    5.42493    0.01233
       674    0.00004    0.00002    5.42493    0.01233
       675    0.00004    0.00002    5.42493    0.01235
       676    0.00004    0.00002    5.42493    0.01231
       677    0.00004    0.00002    5.42493    0.01237
       678    0.00004    0.00002    5.42493    0.01236
       679    0.00004    0.00002    5.42493    0.01230
       680    0.00004    0.00002    5.42493    0.01236
       681    0.00004    0.00002    5.42493    0.01234
       682    0.00004    0.00002    5.42493    0.01242
       683    0.00004    0.00002    5.42493    0.01242
       684    0.00004    0.00002    5.42493    0.01237
       685    0.00004    0.00002    5.42493    0.01237
       686    0.00004    0.00002    5.42493    0.01241
       687    0.00004    0.00002    5.42493    0.01241
       688    0.00004    0.00002    5.42492    0.01244
       689    0.00004    0.00002    5.42493    0.01243
       690    0.00004    0.00002    5.42493    0.01247
       691    0.00004    0.00002    5.42493    0.01244
       692    0.00004    0.00002    5.42493    0.01246
       693    0.00004    0.00002    5.42492    0.01247
       694    0.00004    0.00002    5.42492    0.01251
       695    0.00004    0.00002    5.42492    0.01249
       696    0.00004    0.00002    5.42492    0.01251
       697    0.00004    0.00002    5.42492    0.01253
       698    0.00004    0.00002    5.42492    0.01250
       699    0.00004    0.00002    5.42492    0.01254
       700    0.00004    0.00002    5.42492    0.01252
       701    0.00004    0.00002    5.42492    0.01259
       702    0.00004    0.00002    5.42492    0.01257
       703    0.00004    0.00002    5.42492    0.01256
       704    0.00004    0.00002    5.42492    0.01258
       705    0.00004    0.00002    5.42492    0.01255
       706    0.00004    0.00002    5.42492    0.01254
       707    0.00004    0.00002    5.42492    0.01259
       708    0.00004    0.00002    5.42492    0.01262
       709    0.00004    0.00002    5.42492    0.01264
       710    0.00004    0.00002    5.42492    0.01265
       711    0.00004    0.00002    5.42492    0.01264
       712    0.00004    0.00002    5.42492    0.01267
       713    0.00004    0.00002    5.42492    0.01273
       714    0.00004    0.00002    5.42492    0.01261
       715    0.00004    0.00002    5.42492    0.01267
       716    0.00004    0.00002    5.42492    0.01270
       717    0.00004    0.00002    5.42492    0.01272
       718    0.00004    0.00002    5.42492    0.01277
       719    0.00004    0.00002    5.42492    0.01275
       720    0.00004    0.00002    5.42492    0.01273
       721    0.00004    0.00002    5.42492    0.01278
       722    0.00004    0.00002    5.42492    0.01277
       723    0.00004    0.00002    5.42492    0.01280
       724    0.00004    0.00002    5.42492    0.01278
       725    0.00004    0.00002    5.42492    0.01282
       726    0.00004    0.00002    5.42492    0.01282
       727    0.00004    0.00002    5.42492    0.01279
       728    0.00004    0.00002    5.42492    0.01286
       729    0.00004    0.00002    5.42492    0.01282
       730    0.00004    0.00002    5.42492    0.01293
       731    0.00004    0.00002    5.42492    0.01284
       732    0.00004    0.00002    5.42492    0.01285
       733    0.00004    0.00002    5.42492    0.01296
       734    0.00004    0.00002    5.42492    0.01291
       735    0.00004    0.00002    5.42492    0.01292
       736    0.00004    0.00002    5.42492    0.01293
       737    0.00004    0.00002    5.42492    0.01290
       738    0.00004    0.00002    5.42492    0.01299
       739    0.00004    0.00002    5.42492    0.01292
       740    0.00004    0.00002    5.42492    0.01300
       741    0.00004    0.00002    5.42492    0.01293
       742    0.00004    0.00002    5.42492    0.01298
       743    0.00004    0.00002    5.42492    0.01302
       744    0.00004    0.00002    5.42492    0.01299
       745    0.00004    0.00002    5.42492    0.01296
       746    0.00004    0.00002    5.42492    0.01305
       747    0.00004    0.00002    5.42491    0.01311
       748    0.00004    0.00002    5.42492    0.01305
       749    0.00004    0.00002    5.42492    0.01310
       750    0.00004    0.00002    5.42492    0.01314
       751    0.00004    0.00002    5.42492    0.01310
       752    0.00004    0.00002    5.42492    0.01307
       753    0.00004    0.00002    5.42491    0.01314
       754    0.00004    0.00002    5.42491    0.01316
       755    0.00004    0.00002    5.42492    0.01309
       756    0.00004    0.00002    5.42491    0.01321
       757    0.00004    0.00002    5.42491    0.01320
       758    0.00004    0.00002    5.42491    0.01317
       759    0.00004    0.00002    5.42491    0.01320
       760    0.00004    0.00002    5.42491    0.01321
       761    0.00004    0.00002    5.42491    0.01328
       762    0.00004    0.00002    5.42491    0.01325
       763    0.00004    0.00002    5.42491    0.01320
       764    0.00004    0.00002    5.42491    0.01327
       765    0.00004    0.00002    5.42491    0.01331
       766    0.00004    0.00002    5.42491    0.01325
       767    0.00004    0.00002    5.42491    0.01328
       768    0.00004    0.00002    5.42491    0.01332
       769    0.00004    0.00002    5.42491    0.01330
       770    0.00004    0.00002    5.42491    0.01337
       771    0.00004    0.00002    5.42491    0.01335
       772    0.00004    0.00002    5.42491    0.01340
       773    0.00004    0.00002    5.42491    0.01335
       774    0.00004    0.00002    5.42491    0.01336
       775    0.00004    0.00002    5.42491    0.01338
       776    0.00004    0.00002    5.42491    0.01336
       777    0.00004    0.00002    5.42491    0.01341
       778    0.00004    0.00002    5.42491    0.01342
       779    0.00004    0.00002    5.42491    0.01337
       780    0.00004    0.00002    5.42491    0.01344
       781    0.00004    0.00002    5.42491    0.01341
       782    0.00004    0.00002    5.42491    0.01345
       783    0.00004    0.00002    5.42491    0.01352
       784    0.00004    0.00002    5.42491    0.01347
       785    0.00004    0.00002    5.42491    0.01347
       786    0.00004    0.00002    5.42491    0.01352
       787    0.00004    0.00002    5.42491    0.01353
       788    0.00004    0.00002    5.42491    0.01357
       789    0.00004    0.00002    5.42491    0.01352
       790    0.00004    0.00002    5.42491    0.01361
       791    0.00004    0.00002    5.42491    0.01354
       792    0.00004    0.00002    5.42491    0.01363
       793    0.00004    0.00002    5.42491    0.01361
       794    0.00004    0.00002    5.42491    0.01362
       795    0.00004    0.00002    5.42491    0.01362
       796    0.00004    0.00002    5.42491    0.01362
       797    0.00004    0.00002    5.42491    0.01364
       798    0.00004    0.00002    5.42491    0.01365
       799    0.00004    0.00002    5.42491    0.01367
       800    0.00004    0.00002    5.42491    0.01367
       801    0.00004    0.00002    5.42491    0.01373
       802    0.00004    0.00002    5.42491    0.01368
       803    0.00004    0.00002    5.42491    0.01372
       804    0.00004    0.00002    5.42491    0.01374
       805    0.00004    0.00002    5.42491    0.01373
       806    0.00004    0.00002    5.42491    0.01373
       807    0.00004    0.00002    5.42490    0.01380
       808    0.00004    0.00002    5.42490    0.01381
       809    0.00004    0.00002    5.42491    0.01370
       810    0.00004    0.00002    5.42490    0.01381
       811    0.00004    0.00002    5.42490    0.01383
       812    0.00004    0.00002    5.42490    0.01386
       813    0.00004    0.00002    5.42490    0.01386
       814    0.00004    0.00002    5.42490    0.01382
       815    0.00004    0.00002    5.42490    0.01379
       816    0.00004    0.00002    5.42490    0.01390
       817    0.00004    0.00002    5.42490    0.01382
       818    0.00004    0.00002    5.42490    0.01390
       819    0.00004    0.00002    5.42490    0.01392
       820    0.00004    0.00002    5.42490    0.01401
       821    0.00004    0.00002    5.42490    0.01386
       822    0.00004    0.00002    5.42490    0.01397
       823    0.00004    0.00002    5.42490    0.01394
       824    0.00004    0.00002    5.42490    0.01394
       825    0.00004    0.00002    5.42490    0.01400
       826    0.00004    0.00002    5.42490    0.01398
       827    0.00004    0.00002    5.42490    0.01406
       828    0.00004    0.00002    5.42490    0.01399
       829    0.00004    0.00002    5.42490    0.01403
       830    0.00004    0.00002    5.42490    0.01405
       831    0.00004    0.00002    5.42490    0.01400
       832    0.00004    0.00002    5.42490    0.01414
       833    0.00004    0.00002    5.42490    0.01409
       834    0.00004    0.00002    5.42490    0.01409
       835    0.00004    0.00002    5.42490    0.01415
       836    0.00004    0.00002    5.42490    0.01415
       837    0.00004    0.00002    5.42490    0.01414
       838    0.00004    0.00002    5.42490    0.01414
       839    0.00004    0.00002    5.42490    0.01416
       840    0.00004    0.00002    5.42490    0.01423
       841    0.00004    0.00002    5.42490    0.01418
       842    0.00004    0.00002    5.42490    0.01417
       843    0.00004    0.00002    5.42490    0.01422
       844    0.00004    0.00002    5.42490    0.01421
       845    0.00004    0.00002    5.42490    0.01427
       846    0.00004    0.00002    5.42490    0.01421
       847    0.00004    0.00002    5.42490    0.01425
       848    0.00004    0.00002    5.42490    0.01425
       849    0.00004    0.00002    5.42490    0.01435
       850    0.00004    0.00002    5.42490    0.01429
       851    0.00004    0.00002    5.42490    0.01435
       852    0.00004    0.00002    5.42490    0.01430
       853    0.00004    0.00002    5.42490    0.01432
       854    0.00004    0.00002    5.42490    0.01437
       855    0.00004    0.00002    5.42490    0.01439
       856    0.00004    0.00002    5.42490    0.01438
       857    0.00004    0.00002    5.42490    0.01442
       858    0.00004    0.00002    5.42490    0.01436
       859    0.00004    0.00002    5.42489    0.01440
       860    0.00005    0.00002    5.42489    0.01446
       861    0.00005    0.00002    5.42489    0.01443
       862    0.00004    0.00002    5.42489    0.01444
       863    0.00005    0.00002    5.42489    0.01449
       864    0.00005    0.00002    5.42489    0.01452
       865    0.00005    0.00002    5.42489    0.01449
       866    0.00005    0.00002    5.42489    0.01453
       867    0.00005    0.00002    5.42489    0.01456
       868    0.00005    0.00002    5.42489    0.01454
       869    0.00005    0.00002    5.42489    0.01452
       870    0.00005    0.00002    5.42489    0.01457
       871    0.00005    0.00002    5.42489    0.01455
       872    0.00005    0.00002    5.42489    0.01453
       873    0.00005    0.00002    5.42489    0.01458
       874    0.00005    0.00002    5.42489    0.01467
       875    0.00005    0.00002    5.42489    0.01460
       876    0.00005    0.00002    5.42489    0.01463
       877    0.00005    0.00002    5.42489    0.01467
       878    0.00005    0.00002    5.42489    0.01471
       879    0.00005    0.00002    5.42489    0.01465
       880    0.00005    0.00002    5.42489    0.01475
       881    0.00005    0.00002    5.42489    0.01477
       882    0.00005    0.00002    5.42489    0.01475
       883    0.00005    0.00002    5.42489    0.01470
       884    0.00005    0.00002    5.42489    0.01481
       885    0.00005    0.00002    5.42489    0.01481
       886    0.00005    0.00002    5.42489    0.01479
       887    0.00005    0.00002    5.42489    0.01485
       888    0.00005    0.00002    5.42489    0.01482
       889    0.00005    0.00002    5.42489    0.01479
       890    0.00005    0.00002    5.42489    0.01488
       891    0.00005    0.00002    5.42489    0.01490
       892    0.00005    0.00002    5.42489    0.01489
       893    0.00005    0.00002    5.42489    0.01493
       894    0.00005    0.00002    5.42489    0.01494
       895    0.00005    0.00002    5.42489    0.01489
       896    0.00005    0.00002    5.42489    0.01497
       897    0.00005    0.00002    5.42489    0.01492
       898    0.00005    0.00002    5.42489    0.01499
       899    0.00005    0.00002    5.42489    0.01497
       900    0.00005    0.00002    5.42489    0.01495
       901    0.00005    0.00002    5.42489    0.01497
       902    0.00005    0.00002    5.42489    0.01501
       903    0.00005    0.00002    5.42488    0.01505
       904    0.00005    0.00002    5.42489    0.01501
       905    0.00005    0.00002    5.42488    0.01511
       906    0.00005    0.00002    5.42489    0.01505
       907    0.00005    0.00002    5.42488    0.01511
       908    0.00005    0.00002    5.42488    0.01515
       909    0.00005    0.00002    5.42488    0.01517
       910    0.00005    0.00002    5.42488    0.01516
       911    0.00005    0.00002    5.42488    0.01512
       912    0.00005    0.00002    5.42488    0.01516
       913    0.00005    0.00002    5.42488    0.01517
       914    0.00005    0.00002    5.42488    0.01521
       915    0.00005    0.00002    5.42488    0.01528
       916    0.00005    0.00002    5.42488    0.01517
       917    0.00005    0.00002    5.42488    0.01519
       918    0.00005    0.00002    5.42488    0.01524
       919    0.00005    0.00002    5.42488    0.01526
       920    0.00005    0.00002    5.42488    0.01526
       921    0.00005    0.00002    5.42488    0.01525
       922    0.00005    0.00002    5.42488    0.01526
       923    0.00005    0.00002    5.42488    0.01537
       924    0.00005    0.00002    5.42488    0.01534
       925    0.00005    0.00002    5.42488    0.01533
       926    0.00005    0.00002    5.42488    0.01535
       927    0.00005    0.00002    5.42488    0.01544
       928    0.00005    0.00002    5.42488    0.01535
       929    0.00005    0.00002    5.42488    0.01542
       930    0.00005    0.00002    5.42488    0.01541
       931    0.00005    0.00002    5.42488    0.01541
       932    0.00005    0.00002    5.42488    0.01545
       933    0.00005    0.00002    5.42488    0.01548
       934    0.00005    0.00002    5.42488    0.01552
       935    0.00005    0.00002    5.42488    0.01551
       936    0.00005    0.00002    5.42488    0.01556
       937    0.00005    0.00002    5.42488    0.01550
       938    0.00005    0.00002    5.42488    0.01556
       939    0.00005    0.00002    5.42488    0.01553
       940    0.00005    0.00002    5.42488    0.01560
       941    0.00005    0.00002    5.42488    0.01559
       942    0.00005    0.00002    5.42488    0.01565
       943    0.00005    0.00002    5.42488    0.01564
       944    0.00005    0.00002    5.42488    0.01565
       945    0.00005    0.00002    5.42488    0.01563
       946    0.00005    0.00002    5.42487    0.01574
       947    0.00005    0.00002    5.42488    0.01568
       948    0.00005    0.00002    5.42487    0.01572
       949    0.00005    0.00002    5.42488    0.01568
       950    0.00005    0.00002    5.42487    0.01577
       951    0.00005    0.00002    5.42487    0.01575
       952    0.00005    0.00002    5.42487    0.01573
       953    0.00005    0.00002    5.42487    0.01579
       954    0.00005    0.00002    5.42487    0.01583
       955    0.00005    0.00002    5.42487    0.01584
       956    0.00005    0.00002    5.42487    0.01585
       957    0.00005    0.00002    5.42487    0.01590
       958    0.00005    0.00002    5.42487    0.01582
       959    0.00005    0.00002    5.42487    0.01586
       960    0.00005    0.00002    5.42487    0.01582
       961    0.00005    0.00002    5.42487    0.01588
       962    0.00005    0.00002    5.42487    0.01585
       963    0.00005    0.00002    5.42487    0.01589
       964    0.00005    0.00002    5.42487    0.01593
       965    0.00005    0.00002    5.42487    0.01590
       966    0.00005    0.00002    5.42487    0.01589
       967    0.00005    0.00002    5.42487    0.01594
       968    0.00005    0.00002    5.42487    0.01595
       969    0.00005    0.00002    5.42487    0.01608
       970    0.00005    0.00002    5.42487    0.01600
       971    0.00005    0.00002    5.42487    0.01605
       972    0.00005    0.00002    5.42487    0.01603
       973    0.00005    0.00002    5.42487    0.01600
       974    0.00005    0.00002    5.42487    0.01609
       975    0.00005    0.00002    5.42487    0.01608
       976    0.00005    0.00002    5.42487    0.01611
       977    0.00005    0.00002    5.42487    0.01602
       978    0.00005    0.00002    5.42487    0.01610
       979    0.00005    0.00002    5.42487    0.01611
       980    0.00005    0.00002    5.42487    0.01611
       981    0.00005    0.00002    5.42487    0.01624
       982    0.00005    0.00002    5.42487    0.01617
       983    0.00005    0.00002    5.42487    0.01617
       984    0.00005    0.00002    5.42487    0.01620
       985    0.00005    0.00002    5.42487    0.01623
       986    0.00005    0.00002    5.42486    0.01625
       987    0.00005    0.00002    5.42487    0.01620
       988    0.00005    0.00002    5.42486    0.01629
       989    0.00005    0.00002    5.42486    0.01632
       990    0.00005    0.00002    5.42486    0.01637
       991    0.00005    0.00002    5.42486    0.01633
       992    0.00005    0.00002    5.42486    0.01633
       993    0.00005    0.00002    5.42486    0.01638
       994    0.00005    0.00002    5.42486    0.01637
       995    0.00005    0.00002    5.42486    0.01636
       996    0.00005    0.00002    5.42486    0.01639
       997    0.00005    0.00002    5.42486    0.01635
       998    0.00005    0.00002    5.42486    0.01647
       999    0.00005    0.00002    5.42486    0.01645

Final Weights:        -0.0242938463         0.0443125722         0.0637474107        -0.0655779319 