# Cycles, Average Predicted Temperature, Stddev Predicted Temperature, Mean Squared Error, || MSE Gradient ||
         0 1.7989386e-01 1.3805128e-01 5.3838869e+00 9.5403373e+00
         1 2.0107184e-01 1.5667828e-01 5.2917200e+00 9.9681339e+00
         2 2.2543636e-01 1.7674687e-01 5.1871703e+00 1.0360563e+01
         3 2.5103053e-01 2.0039971e-01 5.0805142e+00 1.0704783e+01
         4 2.8048831e-01 2.2564023e-01 4.9598657e+00 1.1058518e+01
         5 3.1123894e-01 2.5260117e-01 4.8374420e+00 1.1308658e+01
         6 3.4478358e-01 2.8286606e-01 4.7081921e+00 1.1568069e+01
         7 3.8042671e-01 3.1470346e-01 4.5751280e+00 1.1728115e+01
         8 4.1944070e-01 3.4994599e-01 4.4349920e+00 1.1856842e+01
         9 4.5928961e-01 3.8576854e-01 4.2974296e+00 1.1873534e+01
        10 5.0195987e-01 4.2520629e-01 4.1574106e+00 1.1831827e+01
        11 5.4691282e-01 4.6527667e-01 4.0158280e+00 1.1744583e+01
        12 5.9098614e-01 5.0657658e-01 3.8860933e+00 1.1513580e+01
        13 6.3901670e-01 5.4814393e-01 3.7492344e+00 1.1276462e+01
        14 6.8727552e-01 5.9232157e-01 3.6227047e+00 1.0935138e+01
        15 7.3511500e-01 6.3720399e-01 3.5071106e+00 1.0506384e+01
        16 7.8184387e-01 6.8008879e-01 3.4012080e+00 1.0024775e+01
        17 8.3290614e-01 7.2264909e-01 3.2884483e+00 9.6543370e+00
        18 8.7459166e-01 7.6357545e-01 3.2123492e+00 9.0563450e+00
        19 9.2153734e-01 8.0586500e-01 3.1286781e+00 8.4576145e+00
        20 9.6309492e-01 8.4285061e-01 3.0605135e+00 7.8627598e+00
        21 1.0036452e+00 8.8003770e-01 3.0018991e+00 7.2462636e+00
        22 1.0389343e+00 9.1622793e-01 2.9628166e+00 6.5981832e+00
        23 1.0783506e+00 9.4730682e-01 2.9074146e+00 6.0515578e+00
        24 1.1088452e+00 9.7756762e-01 2.8801250e+00 5.4754538e+00
        25 1.1395237e+00 1.0032583e+00 2.8468368e+00 4.9717327e+00
        26 1.1679114e+00 1.0275465e+00 2.8199469e+00 4.4937123e+00
        27 1.1893120e+00 1.0486114e+00 2.8072908e+00 4.0624859e+00
        28 1.2121668e+00 1.0679880e+00 2.7890928e+00 3.6650903e+00
        29 1.2351693e+00 1.0858850e+00 2.7691023e+00 3.3032452e+00
        30 1.2518889e+00 1.1037271e+00 2.7662844e+00 2.9413657e+00
        31 1.2704973e+00 1.1189834e+00 2.7542352e+00 2.6336306e+00
        32 1.2800185e+00 1.1288524e+00 2.7531714e+00 2.4398340e+00
        33 1.2962437e+00 1.1403101e+00 2.7399717e+00 2.2136318e+00
        34 1.3068830e+00 1.1515397e+00 2.7402898e+00 2.0078994e+00
        35 1.3144508e+00 1.1572063e+00 2.7354304e+00 1.9101065e+00
        36 1.3233868e+00 1.1647863e+00 2.7319923e+00 1.7810403e+00
        37 1.3287661e+00 1.1711629e+00 2.7343000e+00 1.6817821e+00
        38 1.3414396e+00 1.1769735e+00 2.7185161e+00 1.5903268e+00
        39 1.3440901e+00 1.1789199e+00 2.7169878e+00 1.5679252e+00
        40 1.3545341e+00 1.1855717e+00 2.7087618e+00 1.4762516e+00
        41 1.3554827e+00 1.1862496e+00 2.7082047e+00 1.4762358e+00
        42 1.3572036e+00 1.1940317e+00 2.7228056e+00 1.3990620e+00
        43 1.3622724e+00 1.1961195e+00 2.7162756e+00 1.3789426e+00
        44 1.3645747e+00 1.1956396e+00 2.7099123e+00 1.3823359e+00
        45 1.3674625e+00 1.1989049e+00 2.7112043e+00 1.3564890e+00
        46 1.3693854e+00 1.1998469e+00 2.7091269e+00 1.3481312e+00
        47 1.3725406e+00 1.1998046e+00 2.7019255e+00 1.3522489e+00
        48 1.3763176e+00 1.2022099e+00 2.6992300e+00 1.3374557e+00
        49 1.3754283e+00 1.2033041e+00 2.7038543e+00 1.3336369e+00
        50 1.3786455e+00 1.2043649e+00 2.6992080e+00 1.3233089e+00
        51 1.3794999e+00 1.2039006e+00 2.6961809e+00 1.3284446e+00
        52 1.3807770e+00 1.2064079e+00 2.6993740e+00 1.3185346e+00
        53 1.3801179e+00 1.2034812e+00 2.6937915e+00 1.3324626e+00
        54 1.3810606e+00 1.2072871e+00 2.7008635e+00 1.3284870e+00
        55 1.3852964e+00 1.2035094e+00 2.6823279e+00 1.3183687e+00
        56 1.3842788e+00 1.2022074e+00 2.6814575e+00 1.3305295e+00
        57 1.3871801e+00 1.2090559e+00 2.6915282e+00 1.2993141e+00
        58 1.3829779e+00 1.2074518e+00 2.6969893e+00 1.3051297e+00
        59 1.3864174e+00 1.2100431e+00 2.6956082e+00 1.2924860e+00
        60 1.3898290e+00 1.2050533e+00 2.6759974e+00 1.3138134e+00
        61 1.3909191e+00 1.2044995e+00 2.6722524e+00 1.3065922e+00
        62 1.3890159e+00 1.2089522e+00 2.6872092e+00 1.2825597e+00
        63 1.3874744e+00 1.2050430e+00 2.6811879e+00 1.3093823e+00
        64 1.3923078e+00 1.2059575e+00 2.6726992e+00 1.3036423e+00
        65 1.3944187e+00 1.2056537e+00 2.6673112e+00 1.2901641e+00
        66 1.3937303e+00 1.2098878e+00 2.6790558e+00 1.2821519e+00
        67 1.3952665e+00 1.2069198e+00 2.6684982e+00 1.2789059e+00
        68 1.3897491e+00 1.2051994e+00 2.6765266e+00 1.2979631e+00
        69 1.3957647e+00 1.2064940e+00 2.6663740e+00 1.2754219e+00
        70 1.3932711e+00 1.2039114e+00 2.6656427e+00 1.2771658e+00
        71 1.3936487e+00 1.2059266e+00 2.6696664e+00 1.2909168e+00
        72 1.3946188e+00 1.2063288e+00 2.6684986e+00 1.2821281e+00
        73 1.3939701e+00 1.2049592e+00 2.6666255e+00 1.2723681e+00
        74 1.3965718e+00 1.2038697e+00 2.6582730e+00 1.2852535e+00
        75 1.3971144e+00 1.2042791e+00 2.6580660e+00 1.2911866e+00
        76 1.3971548e+00 1.2059694e+00 2.6620512e+00 1.2815262e+00
        77 1.3981321e+00 1.2050658e+00 2.6577256e+00 1.2762035e+00
        78 1.3975081e+00 1.2036857e+00 2.6557717e+00 1.2773409e+00
        79 1.4004602e+00 1.2025459e+00 2.6465517e+00 1.2707842e+00
        80 1.4002245e+00 1.2051331e+00 2.6532973e+00 1.2672006e+00
        81 1.4019587e+00 1.2036824e+00 2.6460051e+00 1.2661429e+00
        82 1.4033858e+00 1.2042355e+00 2.6442158e+00 1.2653599e+00
        83 1.4040211e+00 1.2050503e+00 2.6447911e+00 1.2634645e+00
        84 1.4013413e+00 1.2066849e+00 2.6545935e+00 1.2635280e+00
        85 1.4060947e+00 1.2038509e+00 2.6373768e+00 1.2613009e+00
        86 1.4024981e+00 1.2020548e+00 2.6409094e+00 1.2583064e+00
        87 1.4026055e+00 1.2005180e+00 2.6369822e+00 1.2727327e+00
        88 1.4047943e+00 1.1996768e+00 2.6301809e+00 1.2706856e+00
        89 1.3985595e+00 1.1993323e+00 2.6430015e+00 1.2817944e+00
        90 1.4089662e+00 1.2035624e+00 2.6304307e+00 1.2612727e+00
        91 1.4070298e+00 1.2024991e+00 2.6320866e+00 1.2520224e+00
        92 1.4036610e+00 1.2033987e+00 2.6415998e+00 1.2577775e+00
        93 1.4078920e+00 1.2017400e+00 2.6283840e+00 1.2509616e+00
        94 1.4053634e+00 1.2016200e+00 2.6336054e+00 1.2371275e+00
        95 1.4047862e+00 1.2011183e+00 2.6336595e+00 1.2430346e+00
        96 1.4089317e+00 1.2000345e+00 2.6220261e+00 1.2506224e+00
        97 1.4088467e+00 1.1984630e+00 2.6184416e+00 1.2592453e+00
        98 1.4088901e+00 1.1995718e+00 2.6210062e+00 1.2348762e+00
        99 1.4136790e+00 1.2000902e+00 2.6118602e+00 1.4248609e+00
       100 1.4116734e+00 1.2009120e+00 2.6181791e+00 1.4196646e+00
       101 1.4078090e+00 1.1978233e+00 2.6191663e+00 1.4275318e+00
       102 1.4101274e+00 1.1973107e+00 2.6128977e+00 1.4124964e+00
       103 1.4092015e+00 1.1951183e+00 2.6096645e+00 1.4254873e+00
       104 1.4095243e+00 1.1932994e+00 2.6046185e+00 1.4251107e+00
       105 1.4106476e+00 1.1959426e+00 2.6084941e+00 1.4140729e+00
       106 1.4085495e+00 1.1934778e+00 2.6071637e+00 1.4092560e+00
       107 1.4106236e+00 1.1928709e+00 2.6012083e+00 1.4091444e+00
       108 1.4081337e+00 1.1944717e+00 2.6104418e+00 1.4112196e+00
       109 1.4085596e+00 1.1909947e+00 2.6012209e+00 1.4203140e+00
       110 1.4135149e+00 1.1934540e+00 2.5963311e+00 1.4005351e+00
       111 1.4131495e+00 1.1940935e+00 2.5986493e+00 1.4124668e+00
       112 1.4128310e+00 1.1941607e+00 2.5994998e+00 1.4002636e+00
       113 1.4115525e+00 1.1905813e+00 2.5937354e+00 1.4164599e+00
       114 1.4151332e+00 1.1934406e+00 2.5927981e+00 1.3992672e+00
       115 1.4122170e+00 1.1898161e+00 2.5904729e+00 1.4072090e+00
       116 1.4141309e+00 1.1895700e+00 2.5857423e+00 1.3993011e+00
       117 1.4141774e+00 1.1902708e+00 2.5873095e+00 1.4002697e+00
       118 1.4157447e+00 1.1878680e+00 2.5782062e+00 1.3984985e+00
       119 1.4165012e+00 1.1880734e+00 2.5770603e+00 1.4045887e+00
       120 1.4175783e+00 1.1901360e+00 2.5796412e+00 1.4015776e+00
       121 1.4153502e+00 1.1892281e+00 2.5822918e+00 1.4112174e+00
       122 1.4171447e+00 1.1866380e+00 2.5722627e+00 1.4145559e+00
       123 1.4186495e+00 1.1875626e+00 2.5712130e+00 1.3992946e+00
       124 1.4175676e+00 1.1870280e+00 2.5722759e+00 1.4099676e+00
       125 1.4198560e+00 1.1886912e+00 2.5712963e+00 1.3918053e+00
       126 1.4214313e+00 1.1887941e+00 2.5681525e+00 1.3934868e+00
       127 1.4218235e+00 1.1848924e+00 2.5580481e+00 1.4030786e+00
       128 1.4198202e+00 1.1862075e+00 2.5654747e+00 1.3935178e+00
       129 1.4192726e+00 1.1859509e+00 2.5660451e+00 1.3941118e+00
       130 1.4210215e+00 1.1875285e+00 2.5660261e+00 1.3820260e+00
       131 1.4255098e+00 1.1859403e+00 2.5526261e+00 1.3854649e+00
       132 1.4263466e+00 1.1857511e+00 2.5503862e+00 1.3849360e+00
       133 1.4260821e+00 1.1863069e+00 2.5522708e+00 1.3863167e+00
       134 1.4242994e+00 1.1877573e+00 2.5595322e+00 1.3771674e+00
       135 1.4240138e+00 1.1826841e+00 2.5481188e+00 1.3862507e+00
       136 1.4259410e+00 1.1836423e+00 2.5462575e+00 1.3916746e+00
       137 1.4270484e+00 1.1845515e+00 2.5460419e+00 1.3869761e+00
       138 1.4279436e+00 1.1836102e+00 2.5418994e+00 1.3877995e+00
       139 1.4294548e+00 1.1825132e+00 2.5360777e+00 1.3928483e+00
       140 1.4309160e+00 1.1853156e+00 2.5395983e+00 1.3866825e+00
       141 1.4278342e+00 1.1837938e+00 2.5425678e+00 1.3849117e+00
       142 1.4327450e+00 1.1840489e+00 2.5327039e+00 1.3800272e+00
       143 1.4289921e+00 1.1811618e+00 2.5338707e+00 1.3811515e+00
       144 1.4293146e+00 1.1817948e+00 2.5346783e+00 1.3877526e+00
       145 1.4303403e+00 1.1815566e+00 2.5319280e+00 1.3906114e+00
       146 1.4301114e+00 1.1831892e+00 2.5362766e+00 1.3772299e+00
       147 1.4308715e+00 1.1807350e+00 2.5288550e+00 1.3783406e+00
       148 1.4350330e+00 1.1819042e+00 2.5227690e+00 1.3706459e+00
       149 1.4353623e+00 1.1796721e+00 2.5167989e+00 1.3791302e+00
       150 1.4334204e+00 1.1813640e+00 2.5249170e+00 1.3723051e+00
       151 1.4348448e+00 1.1785436e+00 2.5152357e+00 1.3763825e+00
       152 1.4352726e+00 1.1804496e+00 2.5188241e+00 1.3730911e+00
       153 1.4351305e+00 1.1826397e+00 2.5243010e+00 1.3664449e+00
       154 1.4366384e+00 1.1796660e+00 2.5140789e+00 1.3745301e+00
       155 1.4371963e+00 1.1806075e+00 2.5151193e+00 1.3741995e+00
       156 1.4360098e+00 1.1802314e+00 2.5167454e+00 1.3740985e+00
       157 1.4374918e+00 1.1790548e+00 2.5108297e+00 1.3725140e+00
       158 1.4373843e+00 1.1775306e+00 2.5074654e+00 1.3762837e+00
       159 1.4388570e+00 1.1778965e+00 2.5052110e+00 1.3750793e+00
       160 1.4397535e+00 1.1771310e+00 2.5015134e+00 1.3749577e+00
       161 1.4461279e+00 1.1783095e+00 2.4908628e+00 1.3549538e+00
       162 1.4421914e+00 1.1806916e+00 2.5047640e+00 1.3580865e+00
       163 1.4416582e+00 1.1782766e+00 2.5001914e+00 1.3683256e+00
       164 1.4443237e+00 1.1766700e+00 2.4907938e+00 1.3595402e+00
       165 1.4429398e+00 1.1760811e+00 2.4923212e+00 1.3639390e+00
       166 1.4470352e+00 1.1754919e+00 2.4823263e+00 1.3669086e+00
       167 1.4428850e+00 1.1768195e+00 2.4941741e+00 1.3577269e+00
       168 1.4447648e+00 1.1775105e+00 2.4918448e+00 1.3634683e+00
       169 1.4469020e+00 1.1731882e+00 2.4771951e+00 1.3712255e+00
       170 1.4427603e+00 1.1754346e+00 2.4911792e+00 1.3713093e+00
       171 1.4475390e+00 1.1737061e+00 2.4770744e+00 1.3760819e+00
       172 1.4480979e+00 1.1750134e+00 2.4789730e+00 1.3570392e+00
       173 1.4484698e+00 1.1748866e+00 2.4778958e+00 1.3588098e+00
       174 1.4472645e+00 1.1762671e+00 2.4836683e+00 1.3528745e+00
       175 1.4511845e+00 1.1728707e+00 2.4674821e+00 1.3609687e+00
       176 1.4489164e+00 1.1710540e+00 2.4679691e+00 1.3742939e+00
       177 1.4517787e+00 1.1741613e+00 2.4692697e+00 1.3484438e+00
       178 1.4525181e+00 1.1726510e+00 2.4641815e+00 1.3521288e+00
       179 1.4541077e+00 1.1740930e+00 2.4642504e+00 1.3507595e+00
       180 1.4528305e+00 1.1722044e+00 2.4624825e+00 1.3485454e+00
       181 1.4543127e+00 1.1717093e+00 2.4582316e+00 1.3572046e+00
       182 1.4534257e+00 1.1708752e+00 2.4581265e+00 1.3549719e+00
       183 1.4515923e+00 1.1726470e+00 2.4661054e+00 1.3523098e+00
       184 1.4543827e+00 1.1733663e+00 2.4619715e+00 1.3470388e+00
       185 1.4559514e+00 1.1727073e+00 2.4571595e+00 1.3531840e+00
       186 1.4561548e+00 1.1709740e+00 2.4526742e+00 1.3469083e+00
       187 1.4542797e+00 1.1706282e+00 2.4557679e+00 1.3450660e+00
       188 1.4555626e+00 1.1701781e+00 2.4520428e+00 1.3546155e+00
       189 1.4565048e+00 1.1709657e+00 2.4519268e+00 1.3463338e+00
       190 1.4569342e+00 1.1703910e+00 2.4496886e+00 1.3530500e+00
       191 1.4595354e+00 1.1713419e+00 2.4465162e+00 1.3400476e+00
       192 1.4584906e+00 1.1687427e+00 2.4426007e+00 1.3387578e+00
       193 1.4599368e+00 1.1696949e+00 2.4418282e+00 1.3410407e+00
       194 1.4596568e+00 1.1698081e+00 2.4426734e+00 1.3485715e+00
       195 1.4629773e+00 1.1668836e+00 2.4289679e+00 1.3452909e+00
       196 1.4613749e+00 1.1682677e+00 2.4355133e+00 1.3450023e+00
       197 1.4632110e+00 1.1674389e+00 2.4297812e+00 1.3411624e+00
       198 1.4646204e+00 1.1682137e+00 2.4286813e+00 1.3382915e+00
       199 1.4657571e+00 1.1668891e+00 2.4232445e+00 1.3396883e+00
       200 1.4646397e+00 1.1677334e+00 2.4275197e+00 1.3411662e+00
       201 1.4647156e+00 1.1669918e+00 2.4256316e+00 1.3330677e+00
       202 1.4660610e+00 1.1673661e+00 2.4237319e+00 1.3318449e+00
       203 1.4654357e+00 1.1685263e+00 2.4277305e+00 1.3363353e+00
       204 1.4652021e+00 1.1659778e+00 2.4222627e+00 1.3321766e+00
       205 1.4681116e+00 1.1658912e+00 2.4160703e+00 1.3417791e+00
       206 1.4693522e+00 1.1662076e+00 2.4142592e+00 1.3203204e+00
       207 1.4697687e+00 1.1641415e+00 2.4085894e+00 1.3440818e+00
       208 1.4676999e+00 1.1661049e+00 2.4174151e+00 1.3418191e+00
       209 1.4688853e+00 1.1646425e+00 2.4115700e+00 1.3360095e+00
       210 1.4676878e+00 1.1627377e+00 2.4095986e+00 1.3401329e+00
       211 1.4704282e+00 1.1631215e+00 2.4048621e+00 1.3381068e+00
       212 1.4698399e+00 1.1649970e+00 2.4104355e+00 1.3296361e+00
       213 1.4729819e+00 1.1633215e+00 2.4000955e+00 1.3343396e+00
       214 1.4704220e+00 1.1647674e+00 2.4087061e+00 1.3281060e+00
       215 1.4756143e+00 1.1643267e+00 2.3970556e+00 1.3143748e+00
       216 1.4745886e+00 1.1617606e+00 2.3931811e+00 1.3305818e+00
       217 1.4732787e+00 1.1634314e+00 2.3997438e+00 1.3248529e+00
       218 1.4752605e+00 1.1642155e+00 2.3975188e+00 1.3252042e+00
       219 1.4726855e+00 1.1651399e+00 2.4049360e+00 1.3152648e+00
       220 1.4756027e+00 1.1634777e+00 2.3951030e+00 1.3173691e+00
       221 1.4697721e+00 1.1614616e+00 2.4023499e+00 1.3317153e+00
       222 1.4760876e+00 1.1657860e+00 2.3994900e+00 1.3107789e+00
       223 1.4784998e+00 1.1605124e+00 2.3823072e+00 1.3162182e+00
       224 1.4785822e+00 1.1605817e+00 2.3823002e+00 1.3204215e+00
       225 1.4763580e+00 1.1615021e+00 2.3889686e+00 1.3166426e+00
       226 1.4795570e+00 1.1597664e+00 2.3784256e+00 1.3229630e+00
       227 1.4836489e+00 1.1598779e+00 2.3703817e+00 1.3171811e+00
       228 1.4835176e+00 1.1585259e+00 2.3675130e+00 1.3221299e+00
       229 1.4797219e+00 1.1620946e+00 2.3834961e+00 1.3115157e+00
       230 1.4818967e+00 1.1599172e+00 2.3740241e+00 1.3137191e+00
       231 1.4837983e+00 1.1582085e+00 2.3662093e+00 1.3189780e+00
       232 1.4829781e+00 1.1582888e+00 2.3680568e+00 1.3164081e+00
       233 1.4839681e+00 1.1575073e+00 2.3642418e+00 1.3181444e+00
       234 1.4841426e+00 1.1588190e+00 2.3669272e+00 1.3098491e+00
       235 1.4830887e+00 1.1599211e+00 2.3716165e+00 1.3117292e+00
       236 1.4845112e+00 1.1573784e+00 2.3628444e+00 1.3101465e+00
       237 1.4892544e+00 1.1587744e+00 2.3565040e+00 1.3106540e+00
       238 1.4853362e+00 1.1604039e+00 2.3681883e+00 1.2946680e+00
       239 1.4850162e+00 1.1592122e+00 2.3660711e+00 1.3072932e+00
       240 1.4873403e+00 1.1556877e+00 2.3532179e+00 1.3069309e+00
       241 1.4868009e+00 1.1585684e+00 2.3609730e+00 1.2978512e+00
       242 1.4892319e+00 1.1565556e+00 2.3514118e+00 1.3030703e+00
       243 1.4876362e+00 1.1571348e+00 2.3559681e+00 1.3027917e+00
       244 1.4881392e+00 1.1538462e+00 2.3473537e+00 1.3104726e+00
       245 1.4920884e+00 1.1542699e+00 2.3403861e+00 1.3021814e+00
       246 1.4909947e+00 1.1576085e+00 2.3503019e+00 1.3008567e+00
       247 1.4911482e+00 1.1553726e+00 2.3448216e+00 1.3050579e+00
       248 1.4938258e+00 1.1536869e+00 2.3355549e+00 1.3029658e+00
       249 1.4908710e+00 1.1562283e+00 2.3473568e+00 1.2929864e+00
       250 1.4922305e+00 1.1552747e+00 2.3424214e+00 1.2932683e+00
       251 1.4922556e+00 1.1546348e+00 2.3408928e+00 1.2981240e+00
       252 1.4923477e+00 1.1547674e+00 2.3410143e+00 1.2983306e+00
       253 1.4928280e+00 1.1547481e+00 2.3400055e+00 1.2885507e+00
       254 1.4911734e+00 1.1548072e+00 2.3434649e+00 1.2828274e+00
       255 1.4959839e+00 1.1503680e+00 2.3235864e+00 1.3100623e+00
       256 1.4946297e+00 1.1519036e+00 2.3298324e+00 1.2865043e+00
       257 1.4952530e+00 1.1539634e+00 2.3333339e+00 1.2821605e+00
       258 1.4993256e+00 1.1509445e+00 2.3182400e+00 1.2984247e+00
       259 1.4981132e+00 1.1528650e+00 2.3250830e+00 1.2890419e+00
       260 1.4988975e+00 1.1528941e+00 2.3235854e+00 1.2858952e+00
       261 1.4996377e+00 1.1514453e+00 2.3187710e+00 1.2932118e+00
       262 1.5006161e+00 1.1516694e+00 2.3173384e+00 1.2924443e+00
       263 1.4999618e+00 1.1498547e+00 2.3144647e+00 1.2922335e+00
       264 1.4989400e+00 1.1508023e+00 2.3186816e+00 1.2831745e+00
       265 1.4985719e+00 1.1506626e+00 2.3190944e+00 1.2948227e+00
       266 1.5002950e+00 1.1521279e+00 2.3190339e+00 1.2750355e+00
       267 1.4998892e+00 1.1491462e+00 2.3129806e+00 1.2882391e+00
       268 1.4983972e+00 1.1489353e+00 2.3154709e+00 1.2907048e+00
       269 1.5040666e+00 1.1518366e+00 2.3108655e+00 1.2749490e+00
       270 1.5073135e+00 1.1506070e+00 2.3016029e+00 1.2771831e+00
       271 1.5048002e+00 1.1486907e+00 2.3021732e+00 1.2816692e+00
       272 1.5056365e+00 1.1489724e+00 2.3011631e+00 1.2764910e+00
       273 1.5036015e+00 1.1487303e+00 2.3046421e+00 1.2800706e+00
       274 1.5039102e+00 1.1521809e+00 2.3119689e+00 1.2762201e+00
       275 1.5039767e+00 1.1502187e+00 2.3073195e+00 1.2700250e+00
       276 1.5065471e+00 1.1465318e+00 2.2937577e+00 1.2748829e+00
       277 1.5075962e+00 1.1483530e+00 2.2958619e+00 1.2756889e+00
       278 1.5061857e+00 1.1484994e+00 2.2989887e+00 1.2716866e+00
       279 1.5077140e+00 1.1442068e+00 2.2861238e+00 1.2903494e+00
       280 1.5084678e+00 1.1510141e+00 2.3002584e+00 1.2611532e+00
       281 1.5089235e+00 1.1481040e+00 2.2926678e+00 1.2690917e+00
       282 1.5085064e+00 1.1471013e+00 2.2911902e+00 1.2776062e+00
       283 1.5109772e+00 1.1470049e+00 2.2860946e+00 1.2671894e+00
       284 1.5108397e+00 1.1448888e+00 2.2815157e+00 1.2759977e+00
       285 1.5111305e+00 1.1446973e+00 2.2805044e+00 1.2720979e+00
       286 1.5114709e+00 1.1451084e+00 2.2807754e+00 1.2827689e+00
       287 1.5084991e+00 1.1445350e+00 2.2853236e+00 1.2698290e+00
       288 1.5095730e+00 1.1445604e+00 2.2832617e+00 1.2656029e+00
       289 1.5138073e+00 1.1470451e+00 2.2806189e+00 1.2612900e+00
       290 1.5150914e+00 1.1446359e+00 2.2725768e+00 1.2607677e+00
       291 1.5143451e+00 1.1444162e+00 2.2735387e+00 1.2678664e+00
       292 1.5189012e+00 1.1436135e+00 2.2627768e+00 1.2684752e+00
       293 1.5153395e+00 1.1444353e+00 2.2716308e+00 1.2626184e+00
       294 1.5138909e+00 1.1444148e+00 2.2744275e+00 1.2724634e+00
       295 1.5163073e+00 1.1420748e+00 2.2643362e+00 1.2704598e+00
       296 1.5160565e+00 1.1442994e+00 2.2699138e+00 1.2557817e+00
       297 1.5179399e+00 1.1413110e+00 2.2593955e+00 1.2690686e+00
       298 1.5192262e+00 1.1421192e+00 2.2587262e+00 1.2626180e+00
       299 1.5187120e+00 1.1407182e+00 2.2565329e+00 1.2670509e+00
       300 1.5190705e+00 1.1424505e+00 2.2597872e+00 1.2574115e+00
       301 1.5190532e+00 1.1437070e+00 2.2626938e+00 1.2444248e+00
       302 1.5218400e+00 1.1415200e+00 2.2522581e+00 1.2491044e+00
       303 1.5178070e+00 1.1418974e+00 2.2609944e+00 1.2673208e+00
       304 1.5239967e+00 1.1385892e+00 2.2413778e+00 1.2481924e+00
       305 1.5205226e+00 1.1423200e+00 2.2566537e+00 1.2501293e+00
       306 1.5212838e+00 1.1426330e+00 2.2558844e+00 1.2568642e+00
       307 1.5243286e+00 1.1408913e+00 2.2459802e+00 1.2520545e+00
       308 1.5244755e+00 1.1399445e+00 2.2435351e+00 1.2456489e+00
       309 1.5237343e+00 1.1413272e+00 2.2481302e+00 1.2458381e+00
       310 1.5238987e+00 1.1363416e+00 2.2364552e+00 1.2590114e+00
       311 1.5278889e+00 1.1396494e+00 2.2362408e+00 1.2426048e+00
       312 1.5278035e+00 1.1402594e+00 2.2377971e+00 1.2492517e+00
       313 1.5272633e+00 1.1396126e+00 2.2373689e+00 1.2406735e+00
       314 1.5249985e+00 1.1411835e+00 2.2453454e+00 1.2412055e+00
       315 1.5269507e+00 1.1392353e+00 2.2371148e+00 1.2363273e+00
       316 1.5252263e+00 1.1381434e+00 2.2379736e+00 1.2483936e+00
       317 1.5272492e+00 1.1363319e+00 2.2299295e+00 1.2434322e+00
       318 1.5285361e+00 1.1393686e+00 2.2343481e+00 1.2481532e+00
       319 1.5278345e+00 1.1381212e+00 2.2328655e+00 1.2384316e+00
       320 1.5266989e+00 1.1378494e+00 2.2344472e+00 1.2496560e+00
       321 1.5276637e+00 1.1370517e+00 2.2307631e+00 1.2422050e+00
       322 1.5305198e+00 1.1363554e+00 2.2236562e+00 1.2420796e+00
       323 1.5290192e+00 1.1375126e+00 2.2291877e+00 1.2437871e+00
       324 1.5314055e+00 1.1354195e+00 2.2198203e+00 1.2495858e+00
       325 1.5304672e+00 1.1357531e+00 2.2223892e+00 1.2488558e+00
       326 1.5337899e+00 1.1334262e+00 2.2107032e+00 1.2487755e+00
       327 1.5322727e+00 1.1376399e+00 2.2231952e+00 1.2443205e+00
       328 1.5345858e+00 1.1346999e+00 2.2120607e+00 1.2433394e+00
       329 1.5327636e+00 1.1358695e+00 2.2182239e+00 1.2375111e+00
       330 1.5333683e+00 1.1344253e+00 2.2137806e+00 1.2412979e+00
       331 1.5340390e+00 1.1357114e+00 2.2154091e+00 1.2316155e+00
       332 1.5342493e+00 1.1363996e+00 2.2165682e+00 1.2393992e+00
       333 1.5380725e+00 1.1325544e+00 2.2005035e+00 1.2433451e+00
       334 1.5362352e+00 1.1339132e+00 2.2071071e+00 1.2316001e+00
       335 1.5399987e+00 1.1349603e+00 2.2022719e+00 1.2227269e+00
       336 1.5388614e+00 1.1347514e+00 2.2039739e+00 1.2318297e+00
       337 1.5400224e+00 1.1301255e+00 2.1912756e+00 1.2344022e+00
       338 1.5362484e+00 1.1338886e+00 2.2070259e+00 1.2324190e+00
       339 1.5381606e+00 1.1324381e+00 2.2000714e+00 1.2341194e+00
       340 1.5389685e+00 1.1354116e+00 2.2052675e+00 1.2126857e+00
       341 1.5402027e+00 1.1331879e+00 2.1978617e+00 1.2265763e+00
       342 1.5382640e+00 1.1325173e+00 2.2000525e+00 1.2234588e+00
       343 1.5407804e+00 1.1319021e+00 2.1938453e+00 1.2233200e+00
       344 1.5418412e+00 1.1325032e+00 2.1931806e+00 1.2162513e+00
       345 1.5417396e+00 1.1320197e+00 2.1922796e+00 1.2242632e+00
       346 1.5410705e+00 1.1314120e+00 2.1921818e+00 1.2232937e+00
       347 1.5416880e+00 1.1322169e+00 2.1928247e+00 1.2205578e+00
       348 1.5422856e+00 1.1322463e+00 2.1917508e+00 1.2193842e+00
       349 1.5440718e+00 1.1307438e+00 2.1849465e+00 1.2175275e+00
       350 1.5438726e+00 1.1302102e+00 2.1841195e+00 1.2214500e+00
       351 1.5418641e+00 1.1304450e+00 2.1884795e+00 1.2189443e+00
       352 1.5458871e+00 1.1299452e+00 2.1796879e+00 1.2177057e+00
       353 1.5431098e+00 1.1282780e+00 2.1812089e+00 1.2151986e+00
       354 1.5457614e+00 1.1315545e+00 2.1835663e+00 1.4126992e+00
       355 1.5458280e+00 1.1295135e+00 2.1788251e+00 1.4061293e+00
       356 1.5470773e+00 1.1249339e+00 2.1661276e+00 1.4051590e+00
       357 1.5446957e+00 1.1242254e+00 2.1690603e+00 1.4090692e+00
       358 1.5425704e+00 1.1236703e+00 2.1718608e+00 1.4057114e+00
       359 1.5469181e+00 1.1226886e+00 2.1613833e+00 1.3999844e+00
       360 1.5448051e+00 1.1229587e+00 2.1660056e+00 1.4003309e+00
       361 1.5454504e+00 1.1195903e+00 2.1572244e+00 1.4041929e+00
       362 1.5435716e+00 1.1208882e+00 2.1637080e+00 1.4000057e+00
       363 1.5459643e+00 1.1203678e+00 2.1579891e+00 1.3923803e+00
       364 1.5422737e+00 1.1196805e+00 2.1634764e+00 1.3964080e+00
       365 1.5481779e+00 1.1182171e+00 2.1489731e+00 1.3968756e+00
       366 1.5458816e+00 1.1195574e+00 2.1563310e+00 1.3969514e+00
       367 1.5484790e+00 1.1175828e+00 2.1469843e+00 1.3877721e+00
       368 1.5484314e+00 1.1174702e+00 2.1468227e+00 1.3852111e+00
       369 1.5462563e+00 1.1196865e+00 2.1559083e+00 1.3832559e+00
       370 1.5447399e+00 1.1190093e+00 2.1572753e+00 1.3798605e+00
       371 1.5497783e+00 1.1142135e+00 2.1370038e+00 1.3930324e+00
       372 1.5492226e+00 1.1167235e+00 2.1436556e+00 1.3872293e+00
       373 1.5488752e+00 1.1181323e+00 2.1474619e+00 1.3768456e+00
       374 1.5520502e+00 1.1158819e+00 2.1364297e+00 1.3741834e+00
       375 1.5522903e+00 1.1123613e+00 2.1281317e+00 1.3842675e+00
       376 1.5487392e+00 1.1176197e+00 2.1465735e+00 1.3738938e+00
       377 1.5538189e+00 1.1136379e+00 2.1280903e+00 1.3704939e+00
       378 1.5512129e+00 1.1159183e+00 2.1380924e+00 1.3792827e+00
       379 1.5538272e+00 1.1174776e+00 2.1366415e+00 1.3588483e+00
       380 1.5547039e+00 1.1138433e+00 2.1268807e+00 1.3724199e+00
       381 1.5559520e+00 1.1119600e+00 2.1203405e+00 1.3781293e+00
       382 1.5553351e+00 1.1111365e+00 2.1196702e+00 1.3725798e+00
       383 1.5573279e+00 1.1116621e+00 2.1170929e+00 1.3723554e+00
       384 1.5565722e+00 1.1128467e+00 2.1211476e+00 1.3705448e+00
       385 1.5553417e+00 1.1130911e+00 2.1240053e+00 1.3659431e+00
       386 1.5562078e+00 1.1117289e+00 2.1193457e+00 1.3627595e+00
       387 1.5589217e+00 1.1096394e+00 2.1096100e+00 1.3690669e+00
       388 1.5629400e+00 1.1102494e+00 2.1034485e+00 1.3627371e+00
       389 1.5589281e+00 1.1134286e+00 2.1180215e+00 1.3605526e+00
       390 1.5592096e+00 1.1115399e+00 2.1132917e+00 1.3643604e+00
       391 1.5594117e+00 1.1102987e+00 2.1101553e+00 1.3640685e+00
       392 1.5617251e+00 1.1091548e+00 2.1032881e+00 1.3723651e+00
       393 1.5614882e+00 1.1081469e+00 2.1014959e+00 1.3632592e+00
       394 1.5638514e+00 1.1061361e+00 2.0926316e+00 1.3688018e+00
       395 1.5633396e+00 1.1077147e+00 2.0970811e+00 1.3667711e+00
       396 1.5673644e+00 1.1076391e+00 2.0894215e+00 1.3528854e+00
       397 1.5630645e+00 1.1081560e+00 2.0985721e+00 1.3640288e+00
       398 1.5679553e+00 1.1078300e+00 2.0887470e+00 1.3551463e+00
       399 1.5655519e+00 1.1062224e+00 2.0896548e+00 1.3627279e+00
       400 1.5664769e+00 1.1085698e+00 2.0931333e+00 1.3455704e+00
       401 1.5663910e+00 1.1057796e+00 2.0871145e+00 1.3658446e+00
       402 1.5693529e+00 1.1046370e+00 2.0790902e+00 1.3582272e+00
       403 1.5648189e+00 1.1067047e+00 2.0920871e+00 1.3570924e+00
       404 1.5696281e+00 1.1068170e+00 2.0834011e+00 1.3463128e+00
       405 1.5698452e+00 1.1069182e+00 2.0832230e+00 1.3414336e+00
       406 1.5675924e+00 1.1037439e+00 2.0803843e+00 1.3570679e+00
       407 1.5687567e+00 1.1071728e+00 2.0858044e+00 1.3458051e+00
       408 1.5716689e+00 1.1042954e+00 2.0740483e+00 1.3448146e+00
       409 1.5704060e+00 1.1056504e+00 2.0793794e+00 1.3366366e+00
       410 1.5738528e+00 1.1048359e+00 2.0712093e+00 1.3313976e+00
       411 1.5750935e+00 1.1017673e+00 2.0621512e+00 1.3516256e+00
       412 1.5753184e+00 1.1035556e+00 2.0656807e+00 1.3455763e+00
       413 1.5756379e+00 1.1045939e+00 2.0673852e+00 1.3327187e+00
       414 1.5766957e+00 1.1024154e+00 2.0606310e+00 1.3391837e+00
       415 1.5798244e+00 1.1020402e+00 2.0540607e+00 1.3258751e+00
       416 1.5785719e+00 1.1003469e+00 2.0526282e+00 1.3445303e+00
       417 1.5782422e+00 1.1028158e+00 2.0586727e+00 1.3298762e+00
       418 1.5753760e+00 1.1041671e+00 2.0669246e+00 1.3361547e+00
       419 1.5792761e+00 1.1011840e+00 2.0531793e+00 1.3325648e+00
       420 1.5782433e+00 1.0995301e+00 2.0514343e+00 1.3296198e+00
       421 1.5832440e+00 1.1006117e+00 2.0446592e+00 1.3242499e+00
       422 1.5811817e+00 1.1003860e+00 2.0479319e+00 1.3311344e+00
       423 1.5813001e+00 1.0995479e+00 2.0458714e+00 1.3319296e+00
       424 1.5820316e+00 1.0989297e+00 2.0431747e+00 1.3371612e+00
       425 1.5822587e+00 1.1021429e+00 2.0498319e+00 1.3216353e+00
       426 1.5811604e+00 1.1028257e+00 2.0533460e+00 1.3155350e+00
       427 1.5852928e+00 1.0993302e+00 2.0381037e+00 1.3228970e+00
       428 1.5839134e+00 1.1000890e+00 2.0422872e+00 1.3211782e+00
       429 1.5850016e+00 1.0984748e+00 2.0367540e+00 1.3239989e+00
       430 1.5887492e+00 1.1001384e+00 2.0335969e+00 1.3096481e+00
       431 1.5879576e+00 1.0971915e+00 2.0285588e+00 1.3115138e+00
       432 1.5873171e+00 1.0975840e+00 2.0305842e+00 1.3165515e+00
       433 1.5883151e+00 1.0963706e+00 2.0261090e+00 1.3165072e+00
       434 1.5910437e+00 1.0976385e+00 2.0239441e+00 1.3064112e+00
       435 1.5878754e+00 1.0970714e+00 2.0284445e+00 1.3057330e+00
       436 1.5919928e+00 1.0924417e+00 2.0108458e+00 1.3206918e+00
       437 1.5896534e+00 1.0970321e+00 2.0251318e+00 1.3051744e+00
       438 1.5891915e+00 1.0963957e+00 2.0245735e+00 1.3018845e+00
       439 1.5928825e+00 1.0954915e+00 2.0159104e+00 1.3006571e+00
       440 1.5921455e+00 1.0968930e+00 2.0203148e+00 1.3002794e+00
       441 1.5936042e+00 1.0953679e+00 2.0143363e+00 1.3007975e+00
       442 1.5934104e+00 1.0954613e+00 2.0148908e+00 1.2969734e+00
       443 1.5934469e+00 1.0958511e+00 2.0156790e+00 1.3003973e+00
       444 1.5940554e+00 1.0967544e+00 2.0165617e+00 1.2919775e+00
       445 1.5923138e+00 1.0951852e+00 2.0162670e+00 1.2945805e+00
       446 1.5976448e+00 1.0920153e+00 1.9997262e+00 1.3024708e+00
       447 1.5968973e+00 1.0928325e+00 2.0028553e+00 1.3084382e+00
       448 1.5964064e+00 1.0926644e+00 2.0033710e+00 1.3100052e+00
       449 1.5939174e+00 1.0913995e+00 2.0050932e+00 1.3128592e+00
       450 1.5970393e+00 1.0913868e+00 1.9994423e+00 1.3127608e+00
       451 1.5971452e+00 1.0927192e+00 2.0021617e+00 1.3008402e+00
       452 1.5990850e+00 1.0917174e+00 1.9964896e+00 1.2941798e+00
       453 1.5986622e+00 1.0919144e+00 1.9976786e+00 1.3016006e+00
       454 1.5994027e+00 1.0922551e+00 1.9970940e+00 1.3020679e+00
       455 1.5969497e+00 1.0910396e+00 1.9988457e+00 1.3126749e+00
       456 1.6024739e+00 1.0907936e+00 1.9884053e+00 1.2984112e+00
       457 1.6049208e+00 1.0899001e+00 1.9820895e+00 1.3052618e+00
       458 1.6005534e+00 1.0902111e+00 1.9905707e+00 1.2930879e+00
       459 1.6032954e+00 1.0918748e+00 1.9892976e+00 1.2918599e+00
       460 1.6045612e+00 1.0883966e+00 1.9794554e+00 1.2951479e+00
       461 1.6057119e+00 1.0866547e+00 1.9736162e+00 1.2944701e+00
       462 1.6056984e+00 1.0865758e+00 1.9734689e+00 1.2983702e+00
       463 1.6030762e+00 1.0897990e+00 1.9851601e+00 1.2878948e+00
       464 1.6063298e+00 1.0869809e+00 1.9732253e+00 1.2897967e+00
       465 1.6061916e+00 1.0866797e+00 1.9728166e+00 1.2915721e+00
       466 1.6086367e+00 1.0888763e+00 1.9732495e+00 1.2811168e+00
       467 1.6066190e+00 1.0871837e+00 1.9731516e+00 1.2883801e+00
       468 1.6073881e+00 1.0881447e+00 1.9738745e+00 1.2783799e+00
       469 1.6076440e+00 1.0861956e+00 1.9691818e+00 1.2880952e+00
       470 1.6099199e+00 1.0857475e+00 1.9641698e+00 1.2791363e+00
       471 1.6082788e+00 1.0858461e+00 1.9672951e+00 1.2863201e+00
       472 1.6073868e+00 1.0878989e+00 1.9733420e+00 1.2766206e+00
       473 1.6105829e+00 1.0856938e+00 1.9628783e+00 1.2739690e+00
       474 1.6136300e+00 1.0850175e+00 1.9560230e+00 1.2741233e+00
       475 1.6131652e+00 1.0864471e+00 1.9599480e+00 1.2700513e+00
       476 1.6131508e+00 1.0852754e+00 1.9574288e+00 1.2669649e+00
       477 1.6124328e+00 1.0856531e+00 1.9595170e+00 1.2725724e+00
       478 1.6175568e+00 1.0821556e+00 1.9429056e+00 1.2667105e+00
       479 1.6116701e+00 1.0856619e+00 1.9608848e+00 1.2738898e+00
       480 1.6132708e+00 1.0856960e+00 1.9581300e+00 1.2601884e+00
       481 1.6166336e+00 1.0812605e+00 1.9425922e+00 1.2620534e+00
       482 1.6140669e+00 1.0849836e+00 1.9551786e+00 1.2593620e+00
       483 1.6194615e+00 1.0845804e+00 1.9448165e+00 1.2461873e+00
       484 1.6166037e+00 1.0815884e+00 1.9433541e+00 1.2600430e+00
       485 1.6194820e+00 1.0805013e+00 1.9359490e+00 1.2630208e+00
       486 1.6202528e+00 1.0817455e+00 1.9372883e+00 1.2570968e+00
       487 1.6170397e+00 1.0829154e+00 1.9454595e+00 1.2552700e+00
       488 1.6184849e+00 1.0818710e+00 1.9406599e+00 1.2619583e+00
       489 1.6196779e+00 1.0828015e+00 1.9405815e+00 1.2506349e+00
       490 1.6234448e+00 1.0790834e+00 1.9259547e+00 1.2581504e+00
       491 1.6225858e+00 1.0808279e+00 1.9312226e+00 1.2527693e+00
       492 1.6214894e+00 1.0790117e+00 1.9292167e+00 1.2560353e+00
       493 1.6260619e+00 1.0775907e+00 1.9181746e+00 1.2476286e+00
       494 1.6232279e+00 1.0803545e+00 1.9290781e+00 1.2517427e+00
       495 1.6235133e+00 1.0791345e+00 1.9259455e+00 1.2555389e+00
       496 1.6219872e+00 1.0813130e+00 1.9333178e+00 1.2494316e+00
       497 1.6246529e+00 1.0799930e+00 1.9258118e+00 1.2413107e+00
       498 1.6233023e+00 1.0795345e+00 1.9271773e+00 1.2414636e+00
       499 1.6246575e+00 1.0787846e+00 1.9231948e+00 1.2494236e+00
       500 1.6263550e+00 1.0800398e+00 1.9229490e+00 1.2300814e+00
       501 1.6295212e+00 1.0767631e+00 1.9103842e+00 1.2400802e+00
       502 1.6250571e+00 1.0764697e+00 1.9175093e+00 1.2459030e+00
       503 1.6261316e+00 1.0788250e+00 1.9207151e+00 1.2435354e+00
       504 1.6318716e+00 1.0776677e+00 1.9082650e+00 1.2271624e+00
       505 1.6263468e+00 1.0774660e+00 1.9174103e+00 1.2319144e+00
       506 1.6253740e+00 1.0797947e+00 1.9241272e+00 1.2339367e+00
       507 1.6299197e+00 1.0761361e+00 1.9083438e+00 1.2290805e+00
       508 1.6323405e+00 1.0757925e+00 1.9034167e+00 1.2311081e+00
       509 1.6366330e+00 1.0752233e+00 1.8947954e+00 1.2228845e+00
       510 1.6309853e+00 1.0774842e+00 1.9094021e+00 1.2311291e+00
       511 1.6311399e+00 1.0766487e+00 1.9073350e+00 1.2234923e+00
       512 1.6354766e+00 1.0760970e+00 1.8986641e+00 1.2197703e+00
       513 1.6337964e+00 1.0752293e+00 1.8996923e+00 1.2271647e+00
       514 1.6368157e+00 1.0731554e+00 1.8900386e+00 1.2372518e+00
       515 1.6328548e+00 1.0754480e+00 1.9017873e+00 1.2265605e+00
       516 1.6355592e+00 1.0731840e+00 1.8922610e+00 1.2303324e+00
       517 1.6386259e+00 1.0744533e+00 1.8897184e+00 1.2176009e+00
       518 1.6368276e+00 1.0729710e+00 1.8896224e+00 1.2216766e+00
       519 1.6381270e+00 1.0744936e+00 1.8906606e+00 1.2180654e+00
       520 1.6384347e+00 1.0743196e+00 1.8897590e+00 1.2074981e+00
       521 1.6354425e+00 1.0752833e+00 1.8969721e+00 1.2035061e+00
       522 1.6398117e+00 1.0708535e+00 1.8799633e+00 1.2193292e+00
       523 1.6397996e+00 1.0763518e+00 1.8917903e+00 1.1981948e+00
       524 1.6382976e+00 1.0736562e+00 1.8885693e+00 1.2048827e+00
       525 1.6392618e+00 1.0716818e+00 1.8826801e+00 1.2077745e+00
       526 1.6389916e+00 1.0737193e+00 1.8875145e+00 1.1981133e+00
       527 1.6459379e+00 1.0695198e+00 1.8666548e+00 1.2051617e+00
       528 1.6419217e+00 1.0726265e+00 1.8801547e+00 1.2028538e+00
       529 1.6432852e+00 1.0720705e+00 1.8766347e+00 1.1965908e+00
       530 1.6428210e+00 1.0713201e+00 1.8758183e+00 1.1952668e+00
       531 1.6431768e+00 1.0710216e+00 1.8745718e+00 1.2012443e+00
       532 1.6433336e+00 1.0742924e+00 1.8813212e+00 1.1878013e+00
       533 1.6449903e+00 1.0702844e+00 1.8699030e+00 1.1914617e+00
       534 1.6456045e+00 1.0689319e+00 1.8659646e+00 1.1987143e+00
       535 1.6505454e+00 1.0703984e+00 1.8607218e+00 1.1820744e+00
       536 1.6456651e+00 1.0699443e+00 1.8680267e+00 1.1917370e+00
       537 1.6491378e+00 1.0703604e+00 1.8630229e+00 1.1776837e+00
       538 1.6485324e+00 1.0682767e+00 1.8595925e+00 1.1945642e+00
       539 1.6504153e+00 1.0681556e+00 1.8561456e+00 1.1830360e+00
       540 1.6505640e+00 1.0711598e+00 1.8623208e+00 1.1741250e+00
       541 1.6516930e+00 1.0679203e+00 1.8534834e+00 1.1783984e+00
       542 1.6506580e+00 1.0698442e+00 1.8593454e+00 1.1741351e+00
       543 1.6502617e+00 1.0664887e+00 1.8528470e+00 1.1872340e+00
       544 1.6540674e+00 1.0690701e+00 1.8519362e+00 1.1714095e+00
       545 1.6507045e+00 1.0702681e+00 1.8601739e+00 1.1689443e+00
       546 1.6512199e+00 1.0685260e+00 1.8555767e+00 1.1654135e+00
       547 1.6509940e+00 1.0693354e+00 1.8576887e+00 1.1696750e+00
       548 1.6479614e+00 1.0689244e+00 1.8619449e+00 1.1634314e+00
       549 1.6533784e+00 1.0702892e+00 1.8557050e+00 1.1556856e+00
       550 1.6558019e+00 1.0686711e+00 1.8481654e+00 1.1586576e+00
       551 1.6565262e+00 1.0660829e+00 1.8414234e+00 1.1653216e+00
       552 1.6560624e+00 1.0665639e+00 1.8432282e+00 1.1532416e+00
       553 1.6572560e+00 1.0663734e+00 1.8408180e+00 1.1609051e+00
       554 1.6604107e+00 1.0650989e+00 1.8328187e+00 1.1544886e+00
       555 1.6571826e+00 1.0657386e+00 1.8395875e+00 1.1557777e+00
       556 1.6597402e+00 1.0651006e+00 1.8339434e+00 1.1549424e+00
       557 1.6614705e+00 1.0668509e+00 1.8347838e+00 1.1493048e+00
       558 1.6592642e+00 1.0655940e+00 1.8357912e+00 1.1476406e+00
       559 1.6583777e+00 1.0655917e+00 1.8372708e+00 1.1463884e+00
       560 1.6594919e+00 1.0664257e+00 1.8371833e+00 1.1509247e+00
       561 1.6618463e+00 1.0654870e+00 1.8312482e+00 1.1438284e+00
       562 1.6581664e+00 1.0677327e+00 1.8421924e+00 1.1406746e+00
       563 1.6590770e+00 1.0665398e+00 1.8381210e+00 1.1404563e+00
       564 1.6625921e+00 1.0632673e+00 1.8252791e+00 1.1482630e+00
       565 1.6637977e+00 1.0645124e+00 1.8259202e+00 1.1398803e+00
       566 1.6666545e+00 1.0644321e+00 1.8210019e+00 1.1324120e+00
       567 1.6660968e+00 1.0605860e+00 1.8137544e+00 1.1444452e+00
       568 1.6651318e+00 1.0636965e+00 1.8219647e+00 1.1297634e+00
       569 1.6653430e+00 1.0618643e+00 1.8177194e+00 1.1386463e+00
       570 1.6647270e+00 1.0637356e+00 1.8227209e+00 1.1312519e+00
       571 1.6646126e+00 1.0657806e+00 1.8272661e+00 1.1227607e+00
       572 1.6682071e+00 1.0633010e+00 1.8160220e+00 1.1222750e+00
       573 1.6670285e+00 1.0640880e+00 1.8196491e+00 1.1220474e+00
       574 1.6707635e+00 1.0639421e+00 1.8131595e+00 1.1103716e+00
       575 1.6713367e+00 1.0620440e+00 1.8081783e+00 1.1184053e+00
       576 1.6675424e+00 1.0628012e+00 1.8160605e+00 1.1199684e+00
       577 1.6709618e+00 1.0599745e+00 1.8044053e+00 1.1242430e+00
       578 1.6715546e+00 1.0628849e+00 1.8096056e+00 1.1088725e+00
       579 1.6714146e+00 1.0625753e+00 1.8091786e+00 1.1106497e+00
       580 1.6748762e+00 1.0617991e+00 1.8018322e+00 1.1049259e+00
       581 1.6696403e+00 1.0651833e+00 1.8176574e+00 1.1040449e+00
       582 1.6756001e+00 1.0596479e+00 1.7960801e+00 1.1118640e+00
       583 1.6691280e+00 1.0607388e+00 1.8090557e+00 1.1219730e+00
       584 1.6741132e+00 1.0622881e+00 1.8041247e+00 1.0991623e+00
       585 1.6742998e+00 1.0623596e+00 1.8039699e+00 1.0908739e+00
       586 1.6739586e+00 1.0603817e+00 1.8003320e+00 1.1098217e+00
       587 1.6770145e+00 1.0596175e+00 1.7936967e+00 1.1020391e+00
       588 1.6772453e+00 1.0620614e+00 1.7985036e+00 1.0929586e+00
       589 1.6734068e+00 1.0614539e+00 1.8035148e+00 1.0929720e+00
       590 1.6756198e+00 1.0597398e+00 1.7962425e+00 1.0958989e+00
       591 1.6775334e+00 1.0604159e+00 1.7945395e+00 1.0934457e+00
       592 1.6779495e+00 1.0601073e+00 1.7932040e+00 1.0936027e+00
       593 1.6753839e+00 1.0613033e+00 1.7999461e+00 1.0856119e+00
       594 1.6747136e+00 1.0619656e+00 1.8024529e+00 1.0860926e+00
       595 1.6790184e+00 1.0600564e+00 1.7913482e+00 1.0801339e+00
       596 1.6762555e+00 1.0599378e+00 1.7956196e+00 1.0865744e+00
       597 1.6818221e+00 1.0579600e+00 1.7823341e+00 1.0861154e+00
       598 1.6838698e+00 1.0587486e+00 1.7806726e+00 1.0773605e+00
       599 1.6833887e+00 1.0608045e+00 1.7858120e+00 1.0730964e+00
       600 1.6832583e+00 1.0568896e+00 1.7777336e+00 1.0788824e+00
       601 1.6816074e+00 1.0600303e+00 1.7870687e+00 1.0682945e+00
       602 1.6797677e+00 1.0582388e+00 1.7862741e+00 1.0744930e+00
       603 1.6813471e+00 1.0600122e+00 1.7874545e+00 1.0631752e+00
       604 1.6810619e+00 1.0577465e+00 1.7831210e+00 1.0782307e+00
       605 1.6817080e+00 1.0575628e+00 1.7816797e+00 1.0727346e+00
       606 1.6837822e+00 1.0600774e+00 1.7836307e+00 1.0599132e+00
       607 1.6875846e+00 1.0584913e+00 1.7741072e+00 1.0585588e+00
       608 1.6791789e+00 1.0610367e+00 1.7931654e+00 1.0614921e+00
       609 1.6894225e+00 1.0558821e+00 1.7656217e+00 1.0560600e+00
       610 1.6894719e+00 1.0571755e+00 1.7682751e+00 1.0555431e+00
       611 1.6871789e+00 1.0570363e+00 1.7716854e+00 1.0528986e+00
       612 1.6892425e+00 1.0575011e+00 1.7693338e+00 1.0561871e+00
       613 1.6926118e+00 1.0533356e+00 1.7551153e+00 1.0548644e+00
       614 1.6880941e+00 1.0580436e+00 1.7723359e+00 1.0496802e+00
       615 1.6898639e+00 1.0557875e+00 1.7647100e+00 1.0497228e+00
       616 1.6928979e+00 1.0559692e+00 1.7602108e+00 1.0505265e+00
       617 1.6907554e+00 1.0558366e+00 1.7633770e+00 1.0524304e+00
       618 1.6940529e+00 1.0560500e+00 1.7585273e+00 1.0439762e+00
       619 1.6935725e+00 1.0540707e+00 1.7551216e+00 1.0535339e+00
       620 1.6918591e+00 1.0569284e+00 1.7639074e+00 1.0398040e+00
       621 1.6916502e+00 1.0571786e+00 1.7647722e+00 1.0357066e+00
       622 1.6923588e+00 1.0543516e+00 1.7576632e+00 1.0409963e+00
       623 1.6929358e+00 1.0557530e+00 1.7596934e+00 1.0316838e+00
       624 1.6933989e+00 1.0539179e+00 1.7550781e+00 1.0410666e+00
       625 1.6919127e+00 1.0568404e+00 1.7636350e+00 1.0335644e+00
       626 1.6951971e+00 1.0575201e+00 1.7598004e+00 1.0187264e+00
       627 1.6926611e+00 1.0561641e+00 1.7610029e+00 1.0318520e+00
       628 1.6937554e+00 1.0547698e+00 1.7563024e+00 1.0317103e+00
       629 1.6906134e+00 1.0587883e+00 1.7698474e+00 1.0169901e+00
       630 1.6950062e+00 1.0554919e+00 1.7558206e+00 1.0252542e+00
       631 1.6975776e+00 1.0546507e+00 1.7499322e+00 1.0174450e+00
       632 1.6988025e+00 1.0537948e+00 1.7461728e+00 1.0248191e+00
       633 1.6985700e+00 1.0538080e+00 1.7465717e+00 1.0233859e+00
       634 1.6991038e+00 1.0555797e+00 1.7494575e+00 1.0126170e+00
       635 1.6977356e+00 1.0562118e+00 1.7529752e+00 1.0098702e+00
       636 1.6994421e+00 1.0538458e+00 1.7452608e+00 1.0139704e+00
       637 1.7001413e+00 1.0533479e+00 1.7430982e+00 1.0166411e+00
       638 1.6986271e+00 1.0539056e+00 1.7466862e+00 1.0127608e+00
       639 1.7029146e+00 1.0539785e+00 1.7400199e+00 1.0031802e+00
       640 1.7025341e+00 1.0524960e+00 1.7375008e+00 1.0114203e+00
       641 1.6965281e+00 1.0560736e+00 1.7546127e+00 1.0052302e+00
       642 1.7004170e+00 1.0529822e+00 1.7418891e+00 1.0028484e+00
       643 1.7053490e+00 1.0527317e+00 1.7335374e+00 9.9917066e-01
       644 1.7015670e+00 1.0536240e+00 1.7414123e+00 1.0034401e+00
       645 1.7080710e+00 1.0500786e+00 1.7236610e+00 1.0017369e+00
       646 1.7087966e+00 1.0511724e+00 1.7248161e+00 9.9473612e-01
       647 1.7039242e+00 1.0536657e+00 1.7377601e+00 9.9024438e-01
       648 1.7021662e+00 1.0553572e+00 1.7441159e+00 9.8357018e-01
       649 1.7051133e+00 1.0520381e+00 1.7324501e+00 9.9967981e-01
       650 1.7026778e+00 1.0528721e+00 1.7380645e+00 9.9156920e-01
       651 1.7082523e+00 1.0511509e+00 1.7256282e+00 9.8915308e-01
       652 1.7055141e+00 1.0525571e+00 1.7329086e+00 9.8379460e-01
       653 1.7052694e+00 1.0526890e+00 1.7335732e+00 9.8611159e-01
       654 1.7121143e+00 1.0539478e+00 1.7254457e+00 9.6976241e-01
       655 1.7081530e+00 1.0504197e+00 1.7242480e+00 9.8024173e-01
       656 1.7096805e+00 1.0536089e+00 1.7285534e+00 9.6892403e-01
       657 1.7089878e+00 1.0514282e+00 1.7250529e+00 9.7820241e-01
       658 1.7085501e+00 1.0528968e+00 1.7288325e+00 9.7093016e-01
       659 1.7078226e+00 1.0513700e+00 1.7267662e+00 9.7753648e-01
       660 1.7128286e+00 1.0540304e+00 1.7245002e+00 9.5371527e-01
       661 1.7107123e+00 1.0524606e+00 1.7245131e+00 9.6138647e-01
       662 1.7122826e+00 1.0503980e+00 1.7177117e+00 9.6902606e-01
       663 1.7157789e+00 1.0494350e+00 1.7102210e+00 9.6536357e-01
       664 1.7141472e+00 1.0499055e+00 1.7137577e+00 9.6507693e-01
       665 1.7133904e+00 1.0520080e+00 1.7193613e+00 9.6058800e-01
       666 1.7120752e+00 1.0503218e+00 1.7178767e+00 9.6122896e-01
       667 1.7150816e+00 1.0487476e+00 1.7098673e+00 9.6253235e-01
       668 1.7145227e+00 1.0494885e+00 1.7122953e+00 9.5786956e-01
       669 1.7149110e+00 1.0498467e+00 1.7124403e+00 9.6461656e-01
       670 1.7203844e+00 1.0509684e+00 1.7062753e+00 9.4078241e-01
       671 1.7152986e+00 1.0504786e+00 1.7131620e+00 9.4695103e-01
       672 1.7124393e+00 1.0555027e+00 1.7282161e+00 9.2972581e-01
       673 1.7151048e+00 1.0496162e+00 1.7116537e+00 9.5270650e-01
       674 1.7171824e+00 1.0497282e+00 1.7086479e+00 9.4238957e-01
       675 1.7198806e+00 1.0497829e+00 1.7045665e+00 9.3977998e-01
       676 1.7142194e+00 1.0498844e+00 1.7136006e+00 9.4682721e-01
       677 1.7187485e+00 1.0492512e+00 1.7052094e+00 9.4432496e-01
       678 1.7175481e+00 1.0510280e+00 1.7108090e+00 9.3271470e-01
       679 1.7135141e+00 1.0510308e+00 1.7171124e+00 9.3986519e-01
       680 1.7205350e+00 1.0517882e+00 1.7077654e+00 9.2474704e-01
       681 1.7222088e+00 1.0486848e+00 1.6986533e+00 9.3373490e-01
       682 1.7236200e+00 1.0489589e+00 1.6970461e+00 9.2243042e-01
       683 1.7216344e+00 1.0489322e+00 1.7000618e+00 9.3042417e-01
       684 1.7219176e+00 1.0482358e+00 1.6981627e+00 9.2736951e-01
       685 1.7240076e+00 1.0509860e+00 1.7007043e+00 9.1309086e-01
       686 1.7232726e+00 1.0477944e+00 1.6951413e+00 9.2308227e-01
       687 1.7204438e+00 1.0507077e+00 1.7056351e+00 9.1788287e-01
       688 1.7228363e+00 1.0500608e+00 1.7005703e+00 9.1577737e-01
       689 1.7295516e+00 1.0480789e+00 1.6860716e+00 9.0739150e-01
       690 1.7223120e+00 1.0477684e+00 1.6965723e+00 9.2493946e-01
       691 1.7257658e+00 1.0491467e+00 1.6941294e+00 9.1677793e-01
       692 1.7255637e+00 1.0456311e+00 1.6870766e+00 9.1819783e-01
       693 1.7293094e+00 1.0481322e+00 1.6865549e+00 9.0718473e-01
       694 1.7281972e+00 1.0486395e+00 1.6893255e+00 9.0088370e-01
       695 1.7306709e+00 1.0478060e+00 1.6837850e+00 8.9777477e-01
       696 1.7259298e+00 1.0475528e+00 1.6905351e+00 9.0772196e-01
       697 1.7293016e+00 1.0496111e+00 1.6896693e+00 8.9267189e-01
       698 1.7312639e+00 1.0460634e+00 1.6792289e+00 9.0403661e-01
       699 1.7269836e+00 1.0509511e+00 1.6960442e+00 8.9260967e-01
       700 1.7298364e+00 1.0467889e+00 1.6829329e+00 8.9965712e-01
       701 1.7306475e+00 1.0467889e+00 1.6816904e+00 9.0281133e-01
       702 1.7263930e+00 1.0491784e+00 1.6932301e+00 8.9539830e-01
       703 1.7317160e+00 1.0491390e+00 1.6849813e+00 8.8435945e-01
       704 1.7315925e+00 1.0460709e+00 1.6787420e+00 8.9203355e-01
       705 1.7287030e+00 1.0486390e+00 1.6885479e+00 8.9052033e-01
       706 1.7271813e+00 1.0490375e+00 1.6917216e+00 8.8643076e-01
       707 1.7313424e+00 1.0511715e+00 1.6898217e+00 8.6817030e-01
       708 1.7328709e+00 1.0465821e+00 1.6778585e+00 8.8321599e-01
       709 1.7283435e+00 1.0513981e+00 1.6948939e+00 8.7370343e-01
       710 1.7360796e+00 1.0471449e+00 1.6741493e+00 8.7168552e-01
       711 1.7329077e+00 1.0467309e+00 1.6781139e+00 8.7965069e-01
       712 1.7331708e+00 1.0497068e+00 1.6839511e+00 8.6922762e-01
       713 1.7331979e+00 1.0498736e+00 1.6842601e+00 8.6377723e-01
       714 1.7311455e+00 1.0496446e+00 1.6869151e+00 8.6857541e-01
       715 1.7361775e+00 1.0488560e+00 1.6775869e+00 8.6179994e-01
       716 1.7351879e+00 1.0449973e+00 1.6710125e+00 8.7528353e-01
       717 1.7325104e+00 1.0484886e+00 1.6824032e+00 8.6436074e-01
       718 1.7331964e+00 1.0503488e+00 1.6852605e+00 8.5296759e-01
       719 1.7346651e+00 1.0475241e+00 1.6770957e+00 8.6553209e-01
       720 1.7366677e+00 1.0484986e+00 1.6760926e+00 8.5412394e-01
       721 1.7391966e+00 1.0474158e+00 1.6699883e+00 8.4411222e-01
       722 1.7344965e+00 1.0485699e+00 1.6795447e+00 8.4783140e-01
       723 1.7407337e+00 1.0458146e+00 1.6643122e+00 8.5433596e-01
       724 1.7419642e+00 1.0444978e+00 1.6597023e+00 8.5321941e-01
       725 1.7425999e+00 1.0452718e+00 1.6603613e+00 8.4922853e-01
       726 1.7440919e+00 1.0465289e+00 1.6607447e+00 8.4109677e-01
       727 1.7375032e+00 1.0471573e+00 1.6720135e+00 8.4823304e-01
       728 1.7370541e+00 1.0472614e+00 1.6729129e+00 8.5002702e-01
       729 1.7403684e+00 1.0459903e+00 1.6652318e+00 8.4324104e-01
       730 1.7384960e+00 1.0487622e+00 1.6738718e+00 8.3949228e-01
       731 1.7413370e+00 1.0474038e+00 1.6667276e+00 8.4019170e-01
       732 1.7444125e+00 1.0440435e+00 1.6550667e+00 8.4650821e-01
       733 1.7415873e+00 1.0460873e+00 1.6635937e+00 8.4159858e-01
       734 1.7434555e+00 1.0455066e+00 1.6595636e+00 8.3227810e-01
       735 1.7435229e+00 1.0465064e+00 1.6615538e+00 8.3976710e-01
       736 1.7411560e+00 1.0483800e+00 1.6690469e+00 8.3387418e-01
       737 1.7442769e+00 1.0479625e+00 1.6634690e+00 8.2495847e-01
       738 1.7410881e+00 1.0477247e+00 1.6677759e+00 8.2992005e-01
       739 1.7443356e+00 1.0439516e+00 1.6549905e+00 8.3380341e-01
       740 1.7420707e+00 1.0462470e+00 1.6631988e+00 8.2922832e-01
       741 1.7446464e+00 1.0491825e+00 1.6654721e+00 8.1149726e-01
       742 1.7482542e+00 1.0449379e+00 1.6511743e+00 8.2419828e-01
       743 1.7479571e+00 1.0441200e+00 1.6499102e+00 8.2487175e-01
       744 1.7491243e+00 1.0462217e+00 1.6525582e+00 8.1077191e-01
       745 1.7458805e+00 1.0474368e+00 1.6599589e+00 8.1284543e-01
       746 1.7470267e+00 1.0468951e+00 1.6571060e+00 8.1206142e-01
       747 1.7508597e+00 1.0433255e+00 1.6439168e+00 8.1754627e-01
       748 1.7514413e+00 1.0447892e+00 1.6461069e+00 8.1226316e-01
       749 1.7514467e+00 1.0451546e+00 1.6468624e+00 8.0858710e-01
       750 1.7477714e+00 1.0460988e+00 1.6543241e+00 8.0024027e-01
       751 1.7501172e+00 1.0448584e+00 1.6482251e+00 8.0559296e-01
       752 1.7551291e+00 1.0459835e+00 1.6431251e+00 7.9790708e-01
       753 1.7494507e+00 1.0452199e+00 1.6499756e+00 8.0382897e-01
       754 1.7536796e+00 1.0445180e+00 1.6422115e+00 8.0177973e-01
       755 1.7490624e+00 1.0468283e+00 1.6539205e+00 7.9519592e-01
       756 1.7511624e+00 1.0465894e+00 1.6502872e+00 7.8802248e-01
       757 1.7496766e+00 1.0455880e+00 1.6504080e+00 7.9278050e-01
       758 1.7503829e+00 1.0458908e+00 1.6499872e+00 7.9237060e-01
       759 1.7536831e+00 1.0455123e+00 1.6442846e+00 7.8356464e-01
       760 1.7585635e+00 1.0458882e+00 1.6378479e+00 7.7893376e-01
       761 1.7556074e+00 1.0447673e+00 1.6398736e+00 7.8636186e-01
       762 1.7575390e+00 1.0438613e+00 1.6351244e+00 7.8619007e-01
       763 1.7522623e+00 1.0445252e+00 1.6443332e+00 7.9163218e-01
       764 1.7523728e+00 1.0455142e+00 1.6462358e+00 7.8147405e-01
       765 1.7536807e+00 1.0464718e+00 1.6462954e+00 7.7421782e-01
       766 1.7594455e+00 1.0435280e+00 1.6316161e+00 7.8535233e-01
       767 1.7545499e+00 1.0448709e+00 1.6416575e+00 7.8377941e-01
       768 1.7548526e+00 1.0462083e+00 1.6440052e+00 7.7382786e-01
       769 1.7578797e+00 1.0447472e+00 1.6364715e+00 7.8098928e-01
       770 1.7574946e+00 1.0463247e+00 1.6403390e+00 7.6541767e-01
       771 1.7574835e+00 1.0445830e+00 1.6367138e+00 7.6798169e-01
       772 1.7624158e+00 1.0444033e+00 1.6290762e+00 7.6079470e-01
       773 1.7599789e+00 1.0442734e+00 1.6323870e+00 7.6763511e-01
       774 1.7546556e+00 1.0430668e+00 1.6377337e+00 7.7771765e-01
       775 1.7579243e+00 1.0462312e+00 1.6395087e+00 7.6825843e-01
       776 1.7630852e+00 1.0455902e+00 1.6305752e+00 7.4742029e-01
       777 1.7590605e+00 1.0459426e+00 1.6372289e+00 7.5460157e-01
       778 1.7599581e+00 1.0461926e+00 1.6364295e+00 7.5880410e-01
       779 1.7580552e+00 1.0448433e+00 1.6364133e+00 7.6099680e-01
       780 1.7594004e+00 1.0429697e+00 1.6305178e+00 7.6891890e-01
       781 1.7601545e+00 1.0449030e+00 1.6334438e+00 7.6066571e-01
       782 1.7583555e+00 1.0451501e+00 1.6366113e+00 7.5401109e-01
       783 1.7617414e+00 1.0467815e+00 1.6350397e+00 7.4222159e-01
       784 1.7658869e+00 1.0432739e+00 1.6216372e+00 7.5274820e-01
       785 1.7614658e+00 1.0461540e+00 1.6341313e+00 7.4673015e-01
       786 1.7618443e+00 1.0444195e+00 1.6299492e+00 7.4270539e-01
       787 1.7624442e+00 1.0463702e+00 1.6331470e+00 7.4081434e-01
       788 1.7592575e+00 1.0444574e+00 1.6338339e+00 7.4625536e-01
       789 1.7645415e+00 1.0442776e+00 1.6256992e+00 7.4126546e-01
       790 1.7578042e+00 1.0465951e+00 1.6404477e+00 7.4596248e-01
       791 1.7695052e+00 1.0455119e+00 1.6210408e+00 7.2670201e-01
       792 1.7636441e+00 1.0442529e+00 1.6269614e+00 7.3477204e-01
       793 1.7593886e+00 1.0457271e+00 1.6362945e+00 7.3901845e-01
       794 1.7655743e+00 1.0444004e+00 1.6244456e+00 7.2942941e-01
       795 1.7679579e+00 1.0429220e+00 1.6178830e+00 7.3473469e-01
       796 1.7695766e+00 1.0425244e+00 1.6146990e+00 7.2637119e-01
       797 1.7660540e+00 1.0437870e+00 1.6224641e+00 7.3617180e-01
       798 1.7688288e+00 1.0437526e+00 1.6183484e+00 7.2361163e-01
       799 1.7655735e+00 1.0432571e+00 1.6220601e+00 7.3372012e-01
       800 1.7691258e+00 1.0438710e+00 1.6181638e+00 7.2031918e-01
       801 1.7677365e+00 1.0473770e+00 1.6275175e+00 7.0939343e-01
       802 1.7646861e+00 1.0462059e+00 1.6295188e+00 7.2206613e-01
       803 1.7718105e+00 1.0453810e+00 1.6174223e+00 7.0940517e-01
       804 1.7660704e+00 1.0452336e+00 1.6254621e+00 7.1336482e-01
       805 1.7745253e+00 1.0442164e+00 1.6110636e+00 7.0415637e-01
       806 1.7696316e+00 1.0453147e+00 1.6204448e+00 7.0963770e-01
       807 1.7715207e+00 1.0449521e+00 1.6169455e+00 7.0818388e-01
       808 1.7730157e+00 1.0438275e+00 1.6124324e+00 7.1091863e-01
       809 1.7666909e+00 1.0470233e+00 1.6283010e+00 7.0851981e-01
       810 1.7696925e+00 1.0434003e+00 1.6163576e+00 7.1286400e-01
       811 1.7727313e+00 1.0460998e+00 1.6175926e+00 6.9592925e-01
       812 1.7725960e+00 1.0442194e+00 1.6138578e+00 6.9997998e-01
       813 1.7727868e+00 1.0445427e+00 1.6142571e+00 7.0016612e-01
       814 1.7760389e+00 1.0426579e+00 1.6056290e+00 7.0310748e-01
       815 1.7764292e+00 1.0418349e+00 1.6033514e+00 7.0130677e-01
       816 1.7751512e+00 1.0437229e+00 1.6091303e+00 6.9383618e-01
       817 1.7759994e+00 1.0439843e+00 1.6084537e+00 6.9253763e-01
       818 1.7762236e+00 1.0433936e+00 1.6068978e+00 6.9115341e-01
       819 1.7750202e+00 1.0451590e+00 1.6123189e+00 6.8988610e-01
       820 1.7743641e+00 1.0459323e+00 1.6148827e+00 6.8710807e-01
       821 1.7778594e+00 1.0435480e+00 1.6048676e+00 6.8255524e-01
       822 1.7686294e+00 1.0477187e+00 1.6269335e+00 6.7928456e-01
       823 1.7766333e+00 1.0445076e+00 1.6086340e+00 6.8530165e-01
       824 1.7725992e+00 1.0442795e+00 1.6139786e+00 6.8648023e-01
       825 1.7759318e+00 1.0427285e+00 1.6059304e+00 6.8638266e-01
       826 1.7759243e+00 1.0453386e+00 1.6113913e+00 6.7653829e-01
       827 1.7725689e+00 1.0452943e+00 1.6161430e+00 6.7690900e-01
       828 1.7774052e+00 1.0456204e+00 1.6098498e+00 6.6725133e-01
       829 1.7722226e+00 1.0458920e+00 1.6178942e+00 6.7781224e-01
       830 1.7790090e+00 1.0446269e+00 1.6054703e+00 6.6670566e-01
       831 1.7815361e+00 1.0449330e+00 1.6024919e+00 6.6659563e-01
       832 1.7696422e+00 1.0471807e+00 1.6243339e+00 6.7068558e-01
       833 1.7809909e+00 1.0436682e+00 1.6006299e+00 6.6729418e-01
       834 1.7820081e+00 1.0399430e+00 1.5914141e+00 6.7877242e-01
       835 1.7760529e+00 1.0452261e+00 1.6109709e+00 6.6966600e-01
       836 1.7768626e+00 1.0434369e+00 1.6060685e+00 6.7014273e-01
       837 1.7829269e+00 1.0446407e+00 1.5998957e+00 6.6072975e-01
       838 1.7851672e+00 1.0448017e+00 1.5970415e+00 6.5712312e-01
       839 1.7815605e+00 1.0443467e+00 1.6012322e+00 6.6002553e-01
       840 1.7749827e+00 1.0454275e+00 1.6129344e+00 6.6410250e-01
       841 1.7825945e+00 1.0465780e+00 1.6044210e+00 6.4725125e-01
       842 1.7748683e+00 1.0473520e+00 1.6171270e+00 6.5475900e-01
       843 1.7855253e+00 1.0439102e+00 1.5946704e+00 6.4521024e-01
       844 1.7809013e+00 1.0453488e+00 1.6042687e+00 6.5215018e-01
       845 1.7822916e+00 1.0450075e+00 1.6015687e+00 6.4375136e-01
       846 1.7850327e+00 1.0443891e+00 1.5963708e+00 6.4068680e-01
       847 1.7815471e+00 1.0453687e+00 1.6033871e+00 6.4536703e-01
       848 1.7856508e+00 1.0453981e+00 1.5976009e+00 6.3188282e-01
       849 1.7831159e+00 1.0442418e+00 1.5987927e+00 6.4672171e-01
       850 1.7833872e+00 1.0483391e+00 1.6069799e+00 6.2705894e-01
       851 1.7846670e+00 1.0463689e+00 1.6010302e+00 6.3160674e-01
       852 1.7913561e+00 1.0431790e+00 1.5848918e+00 6.2715817e-01
       853 1.7813688e+00 1.0465457e+00 1.6061041e+00 6.3217815e-01
       854 1.7856176e+00 1.0428277e+00 1.5922802e+00 6.3991423e-01
       855 1.7906879e+00 1.0430179e+00 1.5854979e+00 6.3004547e-01
       856 1.7891324e+00 1.0423923e+00 1.5863904e+00 6.2879873e-01
       857 1.7857842e+00 1.0439541e+00 1.5943942e+00 6.3394426e-01
       858 1.7782726e+00 1.0479639e+00 1.6135099e+00 6.2916910e-01
       859 1.7851589e+00 1.0462924e+00 1.6001706e+00 6.2267301e-01
       860 1.7897880e+00 1.0452818e+00 1.5914962e+00 6.2220377e-01
       861 1.7907426e+00 1.0478092e+00 1.5954386e+00 5.9985924e-01
       862 1.7934195e+00 1.0438306e+00 1.5833477e+00 6.1132425e-01
       863 1.7917042e+00 1.0448892e+00 1.5879723e+00 6.1134951e-01
       864 1.7870262e+00 1.0444121e+00 1.5935876e+00 6.2122234e-01
       865 1.7920070e+00 1.0431730e+00 1.5839622e+00 6.1194604e-01
       866 1.7884266e+00 1.0444157e+00 1.5916113e+00 6.2393195e-01
       867 1.7880316e+00 1.0433066e+00 1.5898549e+00 6.1919527e-01
       868 1.7907367e+00 1.0441274e+00 1.5877448e+00 6.1944614e-01
       869 1.7919433e+00 1.0469161e+00 1.5918753e+00 6.0021305e-01
       870 1.7888703e+00 1.0467749e+00 1.5959171e+00 6.0085746e-01
       871 1.7904113e+00 1.0447486e+00 1.5895016e+00 6.0510686e-01
       872 1.7872731e+00 1.0473224e+00 1.5993253e+00 6.0309124e-01
       873 1.7825402e+00 1.0508624e+00 1.6134847e+00 5.9497711e-01
       874 1.7945008e+00 1.0472992e+00 1.5890825e+00 5.8946194e-01
       875 1.7902314e+00 1.0482320e+00 1.5970463e+00 5.8921767e-01
       876 1.7919715e+00 1.0451068e+00 1.5880505e+00 5.9635487e-01
       877 1.7925485e+00 1.0437036e+00 1.5843073e+00 6.0192471e-01
       878 1.7947881e+00 1.0464755e+00 1.5869548e+00 5.9036935e-01
       879 1.7924273e+00 1.0441978e+00 1.5855098e+00 6.0256622e-01
       880 1.7898646e+00 1.0475841e+00 1.5962063e+00 5.8716920e-01
       881 1.7933960e+00 1.0476153e+00 1.5912960e+00 5.7943017e-01
       882 1.7951823e+00 1.0452119e+00 1.5837590e+00 5.8577214e-01
       883 1.7934599e+00 1.0459580e+00 1.5877367e+00 5.8603549e-01
       884 1.7946289e+00 1.0456291e+00 1.5854073e+00 5.8822057e-01
       885 1.7949651e+00 1.0454401e+00 1.5845404e+00 5.7754538e-01
       886 1.7925510e+00 1.0457916e+00 1.5886667e+00 5.8726414e-01
       887 1.7906181e+00 1.0472600e+00 1.5944637e+00 5.7749037e-01
       888 1.7924650e+00 1.0483509e+00 1.5941473e+00 5.7969790e-01
       889 1.7973772e+00 1.0479477e+00 1.5864134e+00 5.6956515e-01
       890 1.7999103e+00 1.0446900e+00 1.5760627e+00 5.7250274e-01
       891 1.7960757e+00 1.0444425e+00 1.5808995e+00 5.7945037e-01
       892 1.7928965e+00 1.0475127e+00 1.5917834e+00 5.7383984e-01
       893 1.7952962e+00 1.0467162e+00 1.5867462e+00 5.6851220e-01
       894 1.7952838e+00 1.0466064e+00 1.5865338e+00 5.6942160e-01
       895 1.7949464e+00 1.0472007e+00 1.5882512e+00 5.6708247e-01
       896 1.7987935e+00 1.0456474e+00 1.5796203e+00 5.6598428e-01
       897 1.7927585e+00 1.0461872e+00 1.5892024e+00 5.7556691e-01
       898 1.7950363e+00 1.0458576e+00 1.5853140e+00 5.6665367e-01
       899 1.7923434e+00 1.0495201e+00 1.5967711e+00 5.6403425e-01
       900 1.7964784e+00 1.0493117e+00 1.5905308e+00 5.5518730e-01
       901 1.8024979e+00 1.0446970e+00 1.5724810e+00 5.5490140e-01
       902 1.7994149e+00 1.0474163e+00 1.5824565e+00 5.5554671e-01
       903 1.7994843e+00 1.0466085e+00 1.5806682e+00 5.5852447e-01
       904 1.7961689e+00 1.0474983e+00 1.5871616e+00 5.5311454e-01
       905 1.7999988e+00 1.0460827e+00 1.5788514e+00 5.5537721e-01
       906 1.8030665e+00 1.0460165e+00 1.5744513e+00 5.5229958e-01
       907 1.7949448e+00 1.0447478e+00 1.5831219e+00 5.6532086e-01
       908 1.8035096e+00 1.0486630e+00 1.5793808e+00 5.3227927e-01
       909 1.8026600e+00 1.0476136e+00 1.5783586e+00 5.4141920e-01
       910 1.8051455e+00 1.0458954e+00 1.5713208e+00 5.4144761e-01
       911 1.7993070e+00 1.0470989e+00 1.5819419e+00 5.4856948e-01
       912 1.8007174e+00 1.0465249e+00 1.5787768e+00 5.4887680e-01
       913 1.8051451e+00 1.0447525e+00 1.5689317e+00 5.5033794e-01
       914 1.8083156e+00 1.0460526e+00 1.5672788e+00 5.2915837e-01
       915 1.8042947e+00 1.0464528e+00 1.5736634e+00 5.3190324e-01
       916 1.8029490e+00 1.0480746e+00 1.5789240e+00 5.3107680e-01
       917 1.8028315e+00 1.0476268e+00 1.5781484e+00 5.3318198e-01
       918 1.8049832e+00 1.0437536e+00 1.5670693e+00 5.4657519e-01
       919 1.7983606e+00 1.0487823e+00 1.5867900e+00 5.3266633e-01
       920 1.8043492e+00 1.0464843e+00 1.5736539e+00 5.3664644e-01
       921 1.8050131e+00 1.0454736e+00 1.5706215e+00 5.4109111e-01
       922 1.8037928e+00 1.0472335e+00 1.5759926e+00 5.3176107e-01
       923 1.8054118e+00 1.0483172e+00 1.5760244e+00 5.1802261e-01
       924 1.8043926e+00 1.0466561e+00 1.5739535e+00 5.2823869e-01
       925 1.8046556e+00 1.0472530e+00 1.5748395e+00 5.2808873e-01
       926 1.8081424e+00 1.0471107e+00 1.5697318e+00 5.1843890e-01
       927 1.8089176e+00 1.0466482e+00 1.5676974e+00 5.2054389e-01
       928 1.8018427e+00 1.0521762e+00 1.5890733e+00 5.0385265e-01
       929 1.8094602e+00 1.0450921e+00 1.5636969e+00 5.1919455e-01
       930 1.8064569e+00 1.0484767e+00 1.5749164e+00 5.0909732e-01
       931 1.8116100e+00 1.0451645e+00 1.5609007e+00 5.1506863e-01
       932 1.8067696e+00 1.0472727e+00 1.5719619e+00 5.1707853e-01
       933 1.8094693e+00 1.0491240e+00 1.5721281e+00 5.0326713e-01
       934 1.8096656e+00 1.0446509e+00 1.5624930e+00 5.1541512e-01
       935 1.8093149e+00 1.0473451e+00 1.5686108e+00 5.0893925e-01
       936 1.8101041e+00 1.0467586e+00 1.5662993e+00 5.0600532e-01
       937 1.8067633e+00 1.0480355e+00 1.5735688e+00 5.0740204e-01
       938 1.8130918e+00 1.0470594e+00 1.5628390e+00 5.0272168e-01
       939 1.8129835e+00 1.0470178e+00 1.5628996e+00 4.9544537e-01
       940 1.8091089e+00 1.0484790e+00 1.5712703e+00 5.0218133e-01
       941 1.8108268e+00 1.0475528e+00 1.5669714e+00 5.0029496e-01
       942 1.8116436e+00 1.0461056e+00 1.5628226e+00 4.9950044e-01
       943 1.8075632e+00 1.0493620e+00 1.5752488e+00 4.9722303e-01
       944 1.8097054e+00 1.0510419e+00 1.5758319e+00 4.9102572e-01
       945 1.8069256e+00 1.0502309e+00 1.5779516e+00 4.8918554e-01
       946 1.8081313e+00 1.0505008e+00 1.5768580e+00 4.9173966e-01
       947 1.8084366e+00 1.0468640e+00 1.5688106e+00 4.9756490e-01
       948 1.8082520e+00 1.0513250e+00 1.5784244e+00 4.8362189e-01
       949 1.8173580e+00 1.0473355e+00 1.5576075e+00 4.8053681e-01
       950 1.8079878e+00 1.0503744e+00 1.5767900e+00 4.8592167e-01
       951 1.8093264e+00 1.0495754e+00 1.5732718e+00 4.8535561e-01
       952 1.8157903e+00 1.0502946e+00 1.5659452e+00 4.7737343e-01
       953 1.8114393e+00 1.0492605e+00 1.5697131e+00 4.8597723e-01
       954 1.8124041e+00 1.0462201e+00 1.5620219e+00 4.8686835e-01
       955 1.8157539e+00 1.0496486e+00 1.5646383e+00 4.8366789e-01
       956 1.8156429e+00 1.0491267e+00 1.5636939e+00 4.7451786e-01
       957 1.8151166e+00 1.0487716e+00 1.5636655e+00 4.7264929e-01
       958 1.8197676e+00 1.0472390e+00 1.5541403e+00 4.7336522e-01
       959 1.8086885e+00 1.0509320e+00 1.5769979e+00 4.8011901e-01
       960 1.8125382e+00 1.0487709e+00 1.5671824e+00 4.7618965e-01
       961 1.8146601e+00 1.0505635e+00 1.5680493e+00 4.6420902e-01
       962 1.8156408e+00 1.0472161e+00 1.5596915e+00 4.7736063e-01
       963 1.8110995e+00 1.0489508e+00 1.5695288e+00 4.7675305e-01
       964 1.8158734e+00 1.0505729e+00 1.5664168e+00 4.5987605e-01
       965 1.8111654e+00 1.0456283e+00 1.5624794e+00 4.9207127e-01
       966 1.8218547e+00 1.0474430e+00 1.5517489e+00 4.5887271e-01
       967 1.8116303e+00 1.0483571e+00 1.5675567e+00 4.7050954e-01
       968 1.8109055e+00 1.0527314e+00 1.5777402e+00 4.6132355e-01
       969 1.8172540e+00 1.0481534e+00 1.5594626e+00 4.7325974e-01
       970 1.8174698e+00 1.0487628e+00 1.5604476e+00 4.6101707e-01
       971 1.8192867e+00 1.0493216e+00 1.5591574e+00 4.5456487e-01
       972 1.8113382e+00 1.0509374e+00 1.5733733e+00 4.6672229e-01
       973 1.8213897e+00 1.0466077e+00 1.5506270e+00 4.6494620e-01
       974 1.8148927e+00 1.0486367e+00 1.5636875e+00 4.6588092e-01
       975 1.8217897e+00 1.0493207e+00 1.5557733e+00 4.5118575e-01
       976 1.8181656e+00 1.0479846e+00 1.5578718e+00 4.5894474e-01
       977 1.8182509e+00 1.0485337e+00 1.5589076e+00 4.5290423e-01
       978 1.8198329e+00 1.0502172e+00 1.5602987e+00 4.4824817e-01
       979 1.8128551e+00 1.0484747e+00 1.5661280e+00 4.7041369e-01
       980 1.8151540e+00 1.0514683e+00 1.5692782e+00 4.5280187e-01
       981 1.8178473e+00 1.0526780e+00 1.5681629e+00 4.4640827e-01
       982 1.8252293e+00 1.0490171e+00 1.5505095e+00 4.4009474e-01
       983 1.8200136e+00 1.0492267e+00 1.5579747e+00 4.5160733e-01
       984 1.8193101e+00 1.0513859e+00 1.5634621e+00 4.3989242e-01
       985 1.8206324e+00 1.0473720e+00 1.5532498e+00 4.5258911e-01
       986 1.8215361e+00 1.0502125e+00 1.5579880e+00 4.3621902e-01
       987 1.8179090e+00 1.0518429e+00 1.5663218e+00 4.4248132e-01
       988 1.8250915e+00 1.0472201e+00 1.5469275e+00 4.4434040e-01
       989 1.8221302e+00 1.0502832e+00 1.5573352e+00 4.3309389e-01
       990 1.8211761e+00 1.0508415e+00 1.5597954e+00 4.3609819e-01
       991 1.8247555e+00 1.0456376e+00 1.5440665e+00 4.4664189e-01
       992 1.8191413e+00 1.0508467e+00 1.5625570e+00 4.3420026e-01
       993 1.8218177e+00 1.0481534e+00 1.5532874e+00 4.4297025e-01
       994 1.8271227e+00 1.0479019e+00 1.5456343e+00 4.3801528e-01
       995 1.8240652e+00 1.0499517e+00 1.5540344e+00 4.3037178e-01
       996 1.8218101e+00 1.0511867e+00 1.5596657e+00 4.2977554e-01
       997 1.8176421e+00 1.0515409e+00 1.5660485e+00 4.3705266e-01
       998 1.8225984e+00 1.0516766e+00 1.5596332e+00 4.2841634e-01
       999 1.8232930e+00 1.0494007e+00 1.5539163e+00 4.3002645e-01

Final Weights:         0.8432534578        -0.3228971987        -0.5228546378         0.7769187235 