# Cycles, Average Predicted Temperature, Stddev Predicted Temperature, Mean Squared Error, || MSE Gradient ||
         0    0.00077    0.00057    4.78918    0.22934
         1    0.00078    0.00058    4.78913    0.23253
         2    0.00079    0.00059    4.78907    0.23579
         3    0.00080    0.00061    4.78902    0.23824
         4    0.00082    0.00061    4.78896    0.24190
         5    0.00083    0.00063    4.78891    0.24471
         6    0.00084    0.00064    4.78884    0.24836
         7    0.00086    0.00065    4.78878    0.25203
         8    0.00087    0.00066    4.78872    0.25505
         9    0.00089    0.00067    4.78865    0.25917
        10    0.00090    0.00069    4.78858    0.26288
        11    0.00092    0.00070    4.78851    0.26682
        12    0.00094    0.00071    4.78843    0.27164
        13    0.00095    0.00073    4.78838    0.27408
        14    0.00097    0.00074    4.78828    0.27932
        15    0.00099    0.00076    4.78821    0.28353
        16    0.00101    0.00077    4.78813    0.28737
        17    0.00103    0.00079    4.78804    0.29242
        18    0.00104    0.00080    4.78797    0.29608
        19    0.00106    0.00082    4.78788    0.30063
        20    0.00108    0.00084    4.78778    0.30594
        21    0.00111    0.00085    4.78769    0.31089
        22    0.00113    0.00087    4.78759    0.31617
        23    0.00115    0.00089    4.78750    0.32108
        24    0.00117    0.00091    4.78739    0.32644
        25    0.00120    0.00093    4.78727    0.33281
        26    0.00123    0.00095    4.78717    0.33797
        27    0.00125    0.00097    4.78706    0.34372
        28    0.00128    0.00100    4.78694    0.34972
        29    0.00130    0.00102    4.78683    0.35527
        30    0.00134    0.00105    4.78667    0.36336
        31    0.00137    0.00107    4.78655    0.36938
        32    0.00140    0.00110    4.78642    0.37607
        33    0.00143    0.00112    4.78627    0.38332
        34    0.00146    0.00115    4.78612    0.39126
        35    0.00150    0.00118    4.78596    0.39927
        36    0.00154    0.00121    4.78581    0.40670
        37    0.00158    0.00124    4.78563    0.41569
        38    0.00162    0.00128    4.78546    0.42410
        39    0.00166    0.00131    4.78528    0.43239
        40    0.00170    0.00135    4.78508    0.44241
        41    0.00174    0.00139    4.78491    0.45029
        42    0.00179    0.00142    4.78470    0.46037
        43    0.00184    0.00146    4.78448    0.47084
        44    0.00189    0.00151    4.78426    0.48085
        45    0.00194    0.00155    4.78404    0.49141
        46    0.00201    0.00160    4.78376    0.50494
        47    0.00206    0.00165    4.78352    0.51561
        48    0.00213    0.00171    4.78323    0.52904
        49    0.00219    0.00176    4.78296    0.54143
        50    0.00226    0.00182    4.78264    0.55609
        51    0.00233    0.00188    4.78236    0.57212
        52    0.00240    0.00194    4.78202    0.58725
        53    0.00248    0.00201    4.78169    0.60199
        54    0.00257    0.00208    4.78131    0.61904
        55    0.00266    0.00215    4.78091    0.63708
        56    0.00275    0.00223    4.78052    0.65426
        57    0.00285    0.00232    4.78009    0.67302
        58    0.00296    0.00241    4.77960    0.69468
        59    0.00307    0.00250    4.77913    0.71466
        60    0.00319    0.00260    4.77860    0.73735
        61    0.00331    0.00271    4.77806    0.76028
        62    0.00345    0.00283    4.77745    0.78623
        63    0.00358    0.00295    4.77687    0.80991
        64    0.00375    0.00308    4.77616    0.83976
        65    0.00390    0.00322    4.77548    0.86741
        66    0.00409    0.00338    4.77467    0.90070
        67    0.00428    0.00353    4.77383    0.93499
        68    0.00448    0.00371    4.77295    0.96974
        69    0.00469    0.00390    4.77203    1.00577
        70    0.00493    0.00410    4.77100    1.04624
        71    0.00519    0.00433    4.76985    1.09149
        72    0.00547    0.00456    4.76865    1.13735
        73    0.00576    0.00482    4.76736    1.18578
        74    0.00610    0.00511    4.76588    1.24195
        75    0.00646    0.00543    4.76432    1.29987
        76    0.00686    0.00577    4.76256    1.36455
        77    0.00730    0.00615    4.76066    1.43329
        78    0.00778    0.00656    4.75857    1.50779
        79    0.00833    0.00703    4.75619    1.59236
        80    0.00893    0.00756    4.75357    1.68400
        81    0.00961    0.00813    4.75063    1.78501
        82    0.01036    0.00878    4.74738    1.89456
        83    0.01116    0.00954    4.74388    2.00890
        84    0.01216    0.01038    4.73956    2.15118
        85    0.01326    0.01134    4.73479    2.30416
        86    0.01454    0.01246    4.72924    2.47887
        87    0.01602    0.01375    4.72282    2.67733
        88    0.01774    0.01525    4.71540    2.90102
        89    0.01980    0.01704    4.70654    3.16285
        90    0.02224    0.01918    4.69602    3.46528
        91    0.02518    0.02176    4.68341    3.81787
        92    0.02876    0.02490    4.66807    4.25716
        93    0.03333    0.02882    4.64856    4.77457
        94    0.03898    0.03379    4.62453    5.38500
        95    0.04631    0.04019    4.59354    6.14306
        96    0.05586    0.04867    4.55345    7.07606
        97    0.06892    0.06010    4.49914    8.27888
        98    0.08710    0.07606    4.42453    9.82677
        99    0.11376    0.09943    4.31726   11.88959
       100    0.15432    0.13484    4.15886   14.63242
       101    0.21837    0.19150    3.92080   18.15508
       102    0.32666    0.28681    3.55126   22.38299
       103    0.51366    0.45285    3.01245   25.44573
       104    0.82328    0.72739    2.39479   20.99029
       105    1.17932    1.04159    2.10473    3.46506
       106    1.24600    1.10094    2.10168    1.64467
       107    1.21999    1.07682    2.09887    1.08410
       108    1.23007    1.08663    2.10068    0.94590
       109    1.22560    1.08258    2.10047    0.92981
       110    1.22895    1.08492    2.09912    0.91763
       111    1.23004    1.08313    2.09313    0.91809
       112    1.23149    1.08430    2.09288    0.91701
       113    1.23000    1.08253    2.09190    0.92215
       114    1.23451    1.08446    2.08746    0.91145
       115    1.23026    1.08250    2.09135    0.91108
       116    1.23427    1.08395    2.08680    0.91307
       117    1.23150    1.08320    2.09047    0.91037
       118    1.23242    1.08200    2.08613    0.90791
       119    1.23514    1.08495    2.08732    0.91292
       120    1.23168    1.08086    2.08507    0.91337
       121    1.23624    1.08267    2.08027    0.90377
       122    1.23510    1.08291    2.08297    0.90948
       123    1.23613    1.08322    2.08168    0.90296
       124    1.23092    1.08265    2.09040    0.90466
       125    1.23381    1.08315    2.08595    0.90491
       126    1.23529    1.08231    2.08131    0.89253
       127    1.23357    1.08225    2.08446    0.90890
       128    1.23681    1.08281    2.07950    0.89969
       129    1.23628    1.08154    2.07775    0.90475
       130    1.23859    1.08286    2.07623    0.89967
       131    1.23563    1.08253    2.08113    0.89008
       132    1.23674    1.08237    2.07868    0.90116
       133    1.23678    1.07997    2.07341    0.90830
       134    1.24054    1.08338    2.07362    0.90947
       135    1.23830    1.08127    2.07333    0.89115
       136    1.23764    1.08202    2.07619    0.89610
       137    1.23733    1.08140    2.07545    0.89728
       138    1.24126    1.08147    2.06813    0.89326
       139    1.24090    1.08210    2.07017    0.89027
       140    1.23581    1.07975    2.07479    0.90432
       141    1.24335    1.08320    2.06792    0.90808
       142    1.23709    1.07965    2.07214    0.89977
       143    1.24376    1.08289    2.06648    0.89831
       144    1.23896    1.07976    2.06880    0.88706
       145    1.24280    1.08246    2.06738    0.89211
       146    1.24444    1.08072    2.06049    0.87222
       147    1.23818    1.07968    2.07012    0.90354
       148    1.24374    1.08281    2.06634    0.89265
       149    1.24147    1.07850    2.06134    0.91409
       150    1.24678    1.08134    2.05741    0.87229
       151    1.24240    1.08057    2.06403    0.87660
       152    1.24735    1.08071    2.05498    0.87421
       153    1.24136    1.07848    2.06150    0.89402
       154    1.24618    1.08444    2.06527    0.91979
       155    1.24226    1.07774    2.05819    0.90389
       156    1.24901    1.08101    2.05251    0.87071
       157    1.24699    1.07898    2.05193    0.88202
       158    1.24653    1.08023    2.05550    0.88130
       159    1.24955    1.07983    2.04894    0.85838
       160    1.24572    1.07966    2.05579    0.86695
       161    1.24640    1.08079    2.05696    0.86550
       162    1.24423    1.07929    2.05781    0.86462
       163    1.24547    1.07816    2.05304    0.88313
       164    1.25122    1.08099    2.04833    0.87399
       165    1.24611    1.07803    2.05154    0.87002
       166    1.25143    1.08177    2.04963    0.89072
       167    1.24555    1.07751    2.05148    0.87012
       168    1.24924    1.07985    2.04957    0.86347
       169    1.25081    1.07997    2.04689    0.86835
       170    1.24661    1.07801    2.05055    0.87104
       171    1.24915    1.08111    2.05247    0.87866
       172    1.24884    1.07795    2.04623    0.86169
       173    1.25155    1.07885    2.04308    0.85776
       174    1.24984    1.07852    2.04558    0.85506
       175    1.25102    1.07938    2.04522    0.85640
       176    1.25399    1.07934    2.03956    0.85730
       177    1.24950    1.07654    2.04195    0.87078
       178    1.25179    1.07998    2.04506    0.86383
       179    1.25246    1.07917    2.04204    0.84482
       180    1.25150    1.07831    2.04202    0.85796
       181    1.25155    1.07754    2.04026    0.86177
       182    1.25588    1.07826    2.03370    0.84876
       183    1.25085    1.07763    2.04176    0.87064
       184    1.25325    1.08008    2.04254    0.85092
       185    1.25512    1.07734    2.03314    0.85597
       186    1.25363    1.07959    2.04078    0.84830
       187    1.25007    1.07589    2.03948    0.86948
       188    1.25627    1.07977    2.03623    0.85034
       189    1.25591    1.07622    2.02924    0.84046
       190    1.25578    1.07797    2.03327    0.83699
       191    1.25314    1.07709    2.03630    0.84710
       192    1.25865    1.08036    2.03307    0.86396
       193    1.25396    1.07483    2.02991    0.86629
       194    1.25771    1.07791    2.02953    0.84440
       195    1.25755    1.07827    2.03060    0.83271
       196    1.25544    1.07688    2.03154    0.83240
       197    1.25849    1.07717    2.02649    0.84334
       198    1.25741    1.07687    2.02784    0.83446
       199    1.25795    1.07894    2.03132    0.83685
       200    1.25627    1.07509    2.02616    0.84864
       201    1.26122    1.07850    2.02429    0.84119
       202    1.25798    1.07650    2.02600    0.82090
       203    1.26284    1.07605    2.01601    0.82127
       204    1.26129    1.07615    2.01910    0.83200
       205    1.26016    1.07702    2.02305    0.81687
       206    1.25948    1.07715    2.02460    0.81567
       207    1.25799    1.07523    2.02324    0.84075
       208    1.26256    1.07759    2.01982    0.82634
       209    1.26153    1.07639    2.01917    0.81236
       210    1.26160    1.07469    2.01537    0.82628
       211    1.26224    1.07792    2.02113    0.82915
       212    1.26076    1.07553    2.01873    0.82271
       213    1.26174    1.07745    2.02107    0.82101
       214    1.26132    1.07592    2.01854    0.81059
       215    1.25939    1.07491    2.01996    0.81657
       216    1.26531    1.07677    2.01298    0.81258
       217    1.26192    1.07648    2.01865    0.80309
       218    1.26448    1.07551    2.01180    0.80439
       219    1.26409    1.07662    2.01491    0.80633
       220    1.26120    1.07381    2.01423    0.83788
       221    1.26879    1.07578    2.00443    0.80197
       222    1.26703    1.07481    2.00559    0.80825
       223    1.26463    1.07615    2.01290    0.80868
       224    1.26249    1.07537    2.01518    0.79158
       225    1.26434    1.07695    2.01517    0.80307
       226    1.26603    1.07511    2.00806    0.80117
       227    1.26654    1.07506    2.00703    0.80440
       228    1.26756    1.07479    2.00455    0.79420
       229    1.26395    1.07423    2.01003    0.80004
       230    1.26969    1.07730    2.00605    0.80483
       231    1.26479    1.07264    2.00508    0.82607
       232    1.26874    1.07581    2.00459    0.79447
       233    1.26701    1.07438    2.00471    0.77637
       234    1.26727    1.07530    2.00619    0.77699
       235    1.26609    1.07601    2.00990    0.77501
       236    1.26832    1.07293    1.99916    0.80541
       237    1.27058    1.07469    1.99879    0.78257
       238    1.26736    1.07585    2.00720    0.78120
       239    1.27163    1.07448    1.99642    0.78101
       240    1.26930    1.07436    2.00043    0.77742
       241    1.27132    1.07436    1.99672    0.77770
       242    1.27189    1.07374    1.99435    0.78421
       243    1.26818    1.07362    2.00091    0.78753
       244    1.26966    1.07521    2.00159    0.76453
       245    1.27018    1.07397    1.99799    0.74951
       246    1.27573    1.07365    1.98712    0.76744
       247    1.27389    1.07321    1.98953    0.76470
       248    1.27268    1.07471    1.99498    0.76270
       249    1.27326    1.07258    1.98934    0.77279
       250    1.27423    1.07401    1.99063    0.74464
       251    1.27441    1.07342    1.98903    0.74636
       252    1.27082    1.07440    1.99774    0.76079
       253    1.27016    1.07206    1.99394    0.78343
       254    1.27422    1.07660    1.99624    0.78473
       255    1.27199    1.07145    1.98926    0.77024
       256    1.27212    1.07445    1.99546    0.76205
       257    1.27457    1.07376    1.98947    0.75693
       258    1.27551    1.07306    1.98626    0.76585
       259    1.27227    1.07516    1.99671    0.74581
       260    1.27185    1.07159    1.98982    0.76361
       261    1.27722    1.07494    1.98717    0.75231
       262    1.27318    1.07176    1.98775    0.75221
       263    1.27583    1.07363    1.98691    0.76063
       264    1.27438    1.07182    1.98567    0.76328
       265    1.27991    1.07525    1.98294    0.75663
       266    1.27587    1.07181    1.98292    0.73550
       267    1.27477    1.07374    1.98907    0.73054
       268    1.27883    1.07205    1.97805    0.73560
       269    1.27700    1.07197    1.98120    0.74001
       270    1.28063    1.07310    1.97702    0.72618
       271    1.28065    1.07263    1.97598    0.73037
       272    1.27514    1.07138    1.98335    0.73041
       273    1.27848    1.07393    1.98272    0.75005
       274    1.27542    1.07131    1.98267    0.71957
       275    1.27797    1.07429    1.98440    0.73264
       276    1.27975    1.07318    1.97880    0.72327
       277    1.27558    1.07010    1.97979    0.75674
       278    1.28008    1.07535    1.98284    0.74414
       279    1.27567    1.06943    1.97820    0.75427
       280    1.28233    1.07457    1.97708    0.74263
       281    1.28330    1.07053    1.96665    0.70567
       282    1.28370    1.07348    1.97226    0.70780
       283    1.27943    1.07123    1.97520    0.70340
       284    1.27826    1.07364    1.98249    0.70560
       285    1.27586    1.07074    1.98066    0.72748
       286    1.28160    1.07294    1.97490    0.72491
       287    1.28279    1.07123    1.96910    0.68848
       288    1.28074    1.07226    1.97502    0.67513
       289    1.28002    1.07289    1.97768    0.71236
       290    1.27995    1.06936    1.97023    0.74238
       291    1.28289    1.07334    1.97343    0.71771
       292    1.27817    1.07212    1.97940    0.69267
       293    1.28266    1.07137    1.96962    0.67736
       294    1.28297    1.07171    1.96978    0.70322
       295    1.28495    1.07154    1.96585    0.68338
       296    1.28416    1.07317    1.97076    0.68061
       297    1.28231    1.07073    1.96888    0.69097
       298    1.28401    1.07013    1.96453    0.67622
       299    1.28645    1.07378    1.96793    1.14403
       300    1.27570    1.06524    1.96918    1.25932
       301    1.27761    1.06660    1.96862    1.27738
       302    1.27699    1.06623    1.96894    1.26632
       303    1.27955    1.06575    1.96325    1.27720
       304    1.27944    1.06611    1.96424    1.30118
       305    1.27853    1.06455    1.96255    1.31067
       306    1.28124    1.06532    1.95926    1.31820
       307    1.28366    1.06356    1.95113    1.35119
       308    1.28308    1.06414    1.95342    1.34759
       309    1.28079    1.06452    1.95840    1.37505
       310    1.28431    1.06328    1.94937    1.37421
       311    1.28550    1.06263    1.94583    1.38641
       312    1.28595    1.06247    1.94467    1.39307
       313    1.28433    1.06472    1.95238    1.40493
       314    1.28600    1.06082    1.94109    1.42495
       315    1.28716    1.06210    1.94171    1.44459
       316    1.29060    1.06162    1.93449    1.46143
       317    1.28634    1.06038    1.93954    1.48350
       318    1.29118    1.06143    1.93304    1.49076
       319    1.28780    1.05741    1.93062    1.52397
       320    1.29318    1.06251    1.93175    1.53937
       321    1.29135    1.05991    1.92952    1.53691
       322    1.28858    1.05751    1.92943    1.55834
       323    1.29443    1.05870    1.92145    1.57014
       324    1.29739    1.06034    1.91962    1.57092
       325    1.29241    1.05473    1.91667    1.61378
       326    1.29729    1.05977    1.91858    1.61750
       327    1.29562    1.05448    1.91039    1.64714
       328    1.30430    1.05744    1.90120    1.63453
       329    1.29697    1.05359    1.90611    1.66158
       330    1.30084    1.05642    1.90518    1.68225
       331    1.29827    1.05484    1.90641    1.69357
       332    1.30086    1.05283    1.89758    1.71372
       333    1.30324    1.05506    1.89807    1.72766
       334    1.30169    1.05210    1.89456    1.74695
       335    1.30729    1.05435    1.88938    1.77160
       336    1.30723    1.04894    1.87811    1.78989
       337    1.30885    1.05257    1.88289    1.81880
       338    1.30848    1.05047    1.87913    1.81239
       339    1.31224    1.05088    1.87339    1.83550
       340    1.30871    1.04786    1.87325    1.87172
       341    1.31408    1.04798    1.86407    1.87629
       342    1.31426    1.04832    1.86448    1.88894
       343    1.31247    1.04621    1.86320    1.91653
       344    1.31733    1.04795    1.85833    1.90924
       345    1.31852    1.04655    1.85333    1.92325
       346    1.31884    1.04464    1.84877    1.93790
       347    1.32152    1.04387    1.84250    1.96962
       348    1.32446    1.04407    1.83784    1.96906
       349    1.32256    1.04351    1.83995    1.98902
       350    1.32283    1.04066    1.83355    2.00716
       351    1.32708    1.04387    1.83287    2.01688
       352    1.32922    1.04198    1.82527    2.03838
       353    1.32802    1.04054    1.82433    2.03296
       354    1.32918    1.03893    1.81897    2.07267
       355    1.33350    1.04117    1.81623    2.06272
       356    1.32841    1.03652    1.81530    2.10138
       357    1.33931    1.03877    1.80135    2.10950
       358    1.33570    1.03534    1.80037    2.12704
       359    1.33688    1.03690    1.80158    2.13740
       360    1.33921    1.03522    1.79414    2.13440
       361    1.34209    1.03550    1.78984    2.17025
       362    1.34399    1.03303    1.78151    2.17484
       363    1.34166    1.03300    1.78539    2.18769
       364    1.34617    1.03042    1.77243    2.20993
       365    1.35139    1.03271    1.76840    2.21091
       366    1.35001    1.02862    1.76227    2.23528
       367    1.35083    1.02728    1.75816    2.29592
       368    1.35690    1.02999    1.75357    2.29624
       369    1.35487    1.02557    1.74789    2.30106
       370    1.35451    1.02730    1.75203    2.29607
       371    1.36321    1.02316    1.72909    2.34062
       372    1.36481    1.02460    1.72940    2.35964
       373    1.36592    1.02163    1.72149    2.37154
       374    1.36792    1.02087    1.71664    2.37056
       375    1.36998    1.02081    1.71315    2.37899
       376    1.37016    1.01769    1.70649    2.41007
       377    1.37284    1.02142    1.70972    2.41809
       378    1.37027    1.01417    1.69916    2.46636
       379    1.38047    1.01729    1.68890    2.46676
       380    1.37926    1.01453    1.68526    2.47800
       381    1.38267    1.01441    1.67951    2.48611
       382    1.38598    1.01291    1.67113    2.48249
       383    1.38286    1.01158    1.67346    2.50569
       384    1.38917    1.01055    1.66125    2.53693
       385    1.39160    1.00893    1.65407    2.53804
       386    1.39274    1.00650    1.64737    2.58947
       387    1.39072    1.00592    1.64942    2.59458
       388    1.39623    1.00898    1.64682    2.60271
       389    1.39847    1.00152    1.62827    2.62798
       390    1.40402    1.00249    1.62148    2.63979
       391    1.40884    1.00127    1.61147    2.67115
       392    1.40692    0.99761    1.60717    2.69380
       393    1.41368    0.99781    1.59704    2.71179
       394    1.41495    0.99589    1.59125    2.71165
       395    1.41793    0.99303    1.58095    2.72883
       396    1.41802    0.99158    1.57793    2.76227
       397    1.42086    0.99199    1.57437    2.80325
       398    1.42639    0.99281    1.56752    2.79807
       399    1.42908    0.98753    1.55296    2.81114
       400    1.42813    0.98489    1.54922    2.84535
       401    1.43580    0.98523    1.53827    2.85743
       402    1.43612    0.98261    1.53262    2.87057
       403    1.44163    0.98024    1.51970    2.88485
       404    1.44169    0.98084    1.52080    2.89361
       405    1.44959    0.97536    1.49834    2.92373
       406    1.45055    0.97716    1.50041    2.92316
       407    1.45234    0.97409    1.49180    2.93954
       408    1.45892    0.97132    1.47675    2.94924
       409    1.46121    0.97110    1.47298    2.95927
       410    1.46201    0.96843    1.46663    2.97199
       411    1.47047    0.96795    1.45348    2.97193
       412    1.46967    0.96091    1.44104    3.01280
       413    1.47752    0.96436    1.43647    3.01094
       414    1.47490    0.96001    1.43183    3.01131
       415    1.48315    0.95740    1.41510    3.04136
       416    1.48698    0.95717    1.40926    3.03268
       417    1.48726    0.95143    1.39793    3.07457
       418    1.49842    0.95375    1.38680    3.07793
       419    1.49271    0.94782    1.38343    3.08433
       420    1.50479    0.94829    1.36765    3.08330
       421    1.50368    0.94351    1.36014    3.09671
       422    1.50642    0.94339    1.35615    3.11051
       423    1.51276    0.94283    1.34649    3.12491
       424    1.51333    0.93677    1.33431    3.11958
       425    1.52679    0.93878    1.32008    3.12797
       426    1.52099    0.93130    1.31379    3.13982
       427    1.53488    0.93306    1.29872    3.20009
       428    1.53024    0.92428    1.28851    3.20893
       429    1.54302    0.92790    1.27853    3.20005
       430    1.53862    0.92019    1.26998    3.19667
       431    1.55002    0.92474    1.26367    3.20363
       432    1.54569    0.91753    1.25595    3.19456
       433    1.55685    0.91936    1.24507    3.18760
       434    1.55607    0.91342    1.23517    3.18429
       435    1.56231    0.91187    1.22448    3.19282
       436    1.57005    0.90966    1.21080    3.18259
       437    1.56949    0.90395    1.20115    3.19105
       438    1.57959    0.90741    1.19500    3.17511
       439    1.58072    0.90059    1.18128    3.15436
       440    1.59030    0.90008    1.16881    3.14365
       441    1.58822    0.89675    1.16533    3.10926
       442    1.59466    0.89756    1.15908    3.10057
       443    1.60070    0.89225    1.14242    3.08404
       444    1.60822    0.89102    1.13144    3.06029
       445    1.61523    0.88843    1.11873    3.03172
       446    1.61345    0.88343    1.11191    3.04428
       447    1.62464    0.88329    1.09891    2.98760
       448    1.62085    0.88159    1.10021    2.97634
       449    1.63243    0.88032    1.08493    2.95440
       450    1.63744    0.87704    1.07362    2.90927
       451    1.63342    0.87436    1.07338    2.92300
       452    1.64826    0.87246    1.05378    2.86303
       453    1.64553    0.87017    1.05276    2.86480
       454    1.64694    0.86976    1.05051    2.87079
       455    1.65293    0.86712    1.03946    2.82741
       456    1.66079    0.86374    1.02525    2.79962
       457    1.66015    0.86325    1.02508    2.80247
       458    1.66928    0.86272    1.01460    2.74929
       459    1.67004    0.85442    0.99956    2.72549
       460    1.67654    0.85995    1.00233    2.68141
       461    1.67968    0.85340    0.98789    2.66335
       462    1.68683    0.85247    0.97908    2.60642
       463    1.68710    0.84821    0.97156    2.58642
       464    1.69268    0.84898    0.96728    2.57674
       465    1.68786    0.84319    0.96230    2.58597
       466    1.70792    0.85257    0.95849    2.58659
       467    1.69212    0.83954    0.95190    2.53780
       468    1.70934    0.84575    0.94555    2.48085
       469    1.70287    0.83956    0.94136    2.43719
       470    1.70875    0.84031    0.93694    2.41841
       471    1.70927    0.84039    0.93657    2.38909
       472    1.71599    0.83710    0.92465    2.37267
       473    1.72478    0.83209    0.90804    5.15969
       474    1.71741    0.81581    0.88811    4.88324
       475    1.72371    0.80319    0.86179    4.67654
       476    1.73906    0.80103    0.84427    4.49390
       477    1.74537    0.79581    0.83029    4.31349
       478    1.75821    0.78939    0.80887    4.06900
       479    1.76815    0.78159    0.78816    3.83659
       480    1.78001    0.78232    0.77945    3.71351
       481    1.78672    0.77273    0.75908    3.45555
       482    1.79118    0.77105    0.75293    3.34686
       483    1.80164    0.76750    0.73924    3.19377
       484    1.80280    0.75997    0.72685    3.04664
       485    1.81153    0.76013    0.72043    2.94669
       486    1.81135    0.75409    0.71142    2.80269
       487    1.81908    0.75435    0.70602    2.71687
       488    1.81868    0.74938    0.69885    2.65704
       489    1.82478    0.74719    0.69109    2.57563
       490    1.82887    0.74291    0.68174    2.50716
       491    1.83162    0.74108    0.67705    2.44462
       492    1.83499    0.73849    0.67083    2.39656
       493    1.83995    0.73493    0.66209    2.34300
       494    1.83902    0.73336    0.66043    2.31518
       495    1.84403    0.73079    0.65319    2.26811
       496    1.84594    0.72946    0.64993    2.24172
       497    1.84740    0.72577    0.64356    2.20725
       498    1.85218    0.72505    0.63927    2.18800
       499    1.85126    0.72384    0.63813    2.14611
       500    1.85800    0.72069    0.62907    2.10884
       501    1.85123    0.71850    0.63046    2.12709
       502    1.86038    0.71712    0.62237    2.08703
       503    1.86114    0.71333    0.61645    2.04448
       504    1.86751    0.71259    0.61126    2.02426
       505    1.86369    0.70799    0.60720    2.00448
       506    1.86564    0.70955    0.60814    2.00999
       507    1.87145    0.70617    0.59963    1.97507
       508    1.87104    0.70384    0.59661    1.97371
       509    1.87413    0.70225    0.59242    1.95676
       510    1.87343    0.70167    0.59205    1.95683
       511    1.87601    0.69923    0.58701    1.93344
       512    1.88067    0.69769    0.58196    1.91631
       513    1.87976    0.69417    0.57762    1.90063
       514    1.88158    0.69414    0.57645    1.88918
       515    1.88434    0.69279    0.57289    1.89412
       516    1.88900    0.68994    0.56612    1.86062
       517    1.88837    0.68695    0.56238    1.84906
       518    1.88651    0.68496    0.56078    1.85974
       519    1.89491    0.68525    0.55616    1.84395
       520    1.89004    0.68155    0.55400    1.84189
       521    1.89606    0.68095    0.54961    1.81587
       522    1.89863    0.67932    0.54590    1.80630
       523    1.89730    0.67703    0.54357    1.84193
       524    1.89754    0.67495    0.54062    1.84308
       525    1.90362    0.67299    0.53446    1.82632
       526    1.90212    0.67184    0.53378    1.78290
       527    1.90364    0.66967    0.52999    1.77505
       528    1.90518    0.66887    0.52804    1.77607
       529    1.90639    0.66543    0.52277    1.75903
       530    1.90943    0.66534    0.52094    1.76414
       531    1.91240    0.66263    0.51569    1.74145
       532    1.90703    0.66319    0.51944    1.77613
       533    1.91283    0.66015    0.51217    1.74995
       534    1.91307    0.65780    0.50894    1.74790
       535    1.91765    0.65675    0.50505    1.73571
       536    1.91694    0.65368    0.50142    1.73124
       537    1.91552    0.65218    0.50023    1.74068
       538    1.92101    0.65292    0.49823    1.73894
       539    1.92382    0.65002    0.49295    1.72809
       540    1.92534    0.64668    0.48781    1.72170
       541    1.92265    0.64491    0.48695    1.73439
       542    1.92741    0.64342    0.48251    1.70974
       543    1.92936    0.64256    0.48039    1.71981
       544    1.92800    0.64057    0.47854    1.71720
       545    1.93140    0.63874    0.47444    1.71503
       546    1.93645    0.63661    0.46914    1.68798
       547    1.92985    0.63530    0.47086    1.70559
       548    1.93608    0.63402    0.46604    1.70516
       549    1.93739    0.63049    0.46092    1.69276
       550    1.93650    0.63066    0.46158    1.74852
       551    1.94045    0.62859    0.45699    1.74471
       552    1.93970    0.62739    0.45587    1.76805
       553    1.94242    0.62426    0.45060    1.75342
       554    1.94436    0.62377    0.44903    1.77271
       555    1.94262    0.62001    0.44520    1.76920
       556    1.94755    0.61912    0.44170    1.78231
       557    1.95100    0.61852    0.43930    1.81547
       558    1.94663    0.61321    0.43485    1.78687
       559    1.95023    0.61419    0.43433    1.83397
       560    1.95162    0.61129    0.43011    1.82515
       561    1.95443    0.60983    0.42700    1.85180
       562    1.95201    0.60766    0.42550    1.87555
       563    1.95945    0.60596    0.41996    1.87588
       564    1.95757    0.60262    0.41679    1.89250
       565    1.96157    0.60131    0.41339    1.92368
       566    1.96197    0.59668    0.40765    1.91448
       567    1.96463    0.59515    0.40462    1.95525
       568    1.96682    0.59253    0.40054    1.95779
       569    1.96731    0.58963    0.39690    1.97884
       570    1.97106    0.58891    0.39439    2.00292
       571    1.97087    0.58487    0.38973    2.01551
       572    1.97554    0.58129    0.38354    2.01620
       573    1.97512    0.57852    0.38051    2.04832
       574    1.97590    0.57632    0.37763    2.14248
       575    1.97948    0.57363    0.37302    2.15727
       576    1.98266    0.57096    0.36865    2.17217
       577    1.98297    0.56699    0.36400    2.19547
       578    1.98655    0.56384    0.35897    2.19665
       579    1.99021    0.55902    0.35209    2.16972
       580    1.99150    0.55540    0.34754    2.18801
       581    1.99401    0.55372    0.34470    2.21105
       582    1.99535    0.54971    0.33975    2.21464
       583    2.00133    0.54563    0.33300    2.20257
       584    2.00057    0.54117    0.32844    2.21581
       585    2.00415    0.53759    0.32324    2.21729
       586    2.00630    0.53436    0.31898    2.43209
       587    2.00984    0.52968    0.31273    2.41852
       588    2.01278    0.52457    0.30629    2.43539
       589    2.01697    0.52086    0.30095    2.43428
       590    2.01678    0.51568    0.29565    2.43591
       591    2.02207    0.51076    0.28880    2.43670
       592    2.02678    0.50537    0.28178    2.41564
       593    2.02741    0.50131    0.27749    2.45727
       594    2.03126    0.49656    0.27151    2.44213
       595    2.03373    0.49121    0.26545    2.43782
       596    2.03679    0.48597    0.25939    2.42018
       597    2.04115    0.48084    0.25312    2.40335
       598    2.04478    0.47595    0.24738    2.38025
       599    2.04452    0.47086    0.24263    2.37163
       600    2.04950    0.46560    0.23630    2.34066
       601    2.05186    0.46106    0.23144    2.32385
       602    2.05584    0.45629    0.22598    2.29690
       603    2.05640    0.45055    0.22063    2.29409
       604    2.06203    0.44521    0.21438    2.25358
       605    2.06245    0.44011    0.20976    2.23884
       606    2.06340    0.43593    0.20586    2.22386
       607    2.06829    0.43129    0.20063    2.19133
       608    2.07162    0.42594    0.19525    2.16026
       609    2.07267    0.42076    0.19062    2.44513
       610    2.07597    0.41444    0.18458    2.40574
       611    2.08256    0.40830    0.17807    2.35028
       612    2.08038    0.40257    0.17390    2.33815
       613    2.08563    0.39671    0.16810    2.28874
       614    2.08850    0.39062    0.16272    2.24615
       615    2.09061    0.38492    0.15788    2.21209
       616    2.09408    0.37941    0.15300    2.17113
       617    2.09476    0.37372    0.14858    2.15566
       618    2.09896    0.36896    0.14427    2.12013
       619    2.10152    0.36191    0.13867    2.07229
       620    2.10065    0.35687    0.13520    2.05400
       621    2.10793    0.35215    0.13061    2.00741
       622    2.10769    0.34655    0.12674    1.97168
       623    2.10822    0.34112    0.12292    1.94006
       624    2.11217    0.33674    0.11933    1.90345
       625    2.11386    0.33164    0.11566    1.87054
       626    2.11416    0.32708    0.11261    1.84363
       627    2.11732    0.32226    0.10902    1.80571
       628    2.11963    0.31796    0.10593    1.77576
       629    2.12035    0.31297    0.10269    1.74290
       630    2.12210    0.30883    0.09988    1.71664
       631    2.12480    0.30399    0.09656    1.67987
       632    2.12577    0.30039    0.09426    1.65546
       633    2.12798    0.29513    0.09085    1.61816
       634    2.12819    0.29106    0.08844    1.59168
       635    2.12948    0.28719    0.08604    1.56720
       636    2.13044    0.28318    0.08364    1.53891
       637    2.13302    0.27982    0.08145    1.51546
       638    2.13543    0.27549    0.07878    1.48340
       639    2.13576    0.27122    0.07641    1.45231
       640    2.13522    0.26780    0.07463    1.46635
       641    2.13915    0.26449    0.07246    1.43803
       642    2.13841    0.26108    0.07074    1.41906
       643    2.14146    0.25714    0.06840    1.38757
       644    2.14146    0.25355    0.06657    1.36465
       645    2.14182    0.25027    0.06488    1.34337
       646    2.14417    0.24708    0.06307    1.32179
       647    2.14406    0.24364    0.06139    1.30012
       648    2.14520    0.23947    0.05928    1.27163
       649    2.14677    0.23753    0.05822    1.25914
       650    2.14759    0.23395    0.05646    1.23366
       651    2.14870    0.23039    0.05472    1.20978
       652    2.15028    0.22779    0.05340    1.19075
       653    2.14917    0.22446    0.05199    1.17358
       654    2.15247    0.22160    0.05046    1.15221
       655    2.15045    0.21868    0.04932    1.13828
       656    2.15356    0.21654    0.04816    1.10738
       657    2.15276    0.21305    0.04672    1.08823
       658    2.15426    0.21092    0.04571    1.07096
       659    2.15502    0.20817    0.04450    1.05460
       660    2.15604    0.20587    0.04348    1.03738
       661    2.15646    0.20304    0.04230    1.01850
       662    2.15526    0.20084    0.04149    1.01385
       663    2.15806    0.19875    0.04047    0.99369
       664    2.15800    0.19508    0.03903    0.97024
       665    2.15909    0.19327    0.03826    0.95827
       666    2.15939    0.19110    0.03741    0.94363
       667    2.16061    0.18906    0.03656    0.93176
       668    2.15976    0.18648    0.03564    0.91647
       669    2.16230    0.18449    0.03476    0.90200
       670    2.16073    0.18223    0.03402    0.89081
       671    2.16135    0.18041    0.03332    0.87887
       672    2.16412    0.17821    0.03239    0.86378
       673    2.16166    0.17627    0.03183    0.85493
       674    2.16398    0.17443    0.03106    0.83906
       675    2.16433    0.17209    0.03023    0.82243
       676    2.16440    0.17039    0.02965    0.81370
       677    2.16473    0.16846    0.02898    0.80238
       678    2.16533    0.16644    0.02827    0.78916
       679    2.16704    0.16543    0.02786    0.78156
       680    2.16619    0.16330    0.02720    0.76772
       681    2.16596    0.16133    0.02657    0.75648
       682    2.16684    0.15969    0.02600    0.74747
       683    2.16871    0.15793    0.02536    0.73401
       684    2.16707    0.15642    0.02496    0.72759
       685    2.16841    0.15523    0.02453    0.72171
       686    2.16808    0.15299    0.02385    0.70925
       687    2.16968    0.15142    0.02331    0.69813
       688    2.17023    0.15036    0.02297    0.68959
       689    2.16804    0.14820    0.02241    0.68414
       690    2.17050    0.14749    0.02210    0.67505
       691    2.17001    0.14551    0.02154    0.66051
       692    2.17153    0.14407    0.02107    0.65115
       693    2.16987    0.14231    0.02063    0.64487
       694    2.17171    0.14135    0.02029    0.63501
       695    2.17170    0.13984    0.01986    0.62315
       696    2.17139    0.13880    0.01958    0.61881
       697    2.17293    0.13677    0.01897    0.60579
       698    2.17265    0.13566    0.01868    0.59787
       699    2.17259    0.13442    0.01834    0.58890
       700    2.17236    0.13285    0.01793    0.58175
       701    2.17363    0.13213    0.01770    0.57435
       702    2.17372    0.13076    0.01734    0.56656
       703    2.17413    0.12979    0.01707    0.55996
       704    2.17385    0.12823    0.01668    0.55118
       705    2.17357    0.12700    0.01637    0.54509
       706    2.17486    0.12609    0.01610    0.53645
       707    2.17509    0.12522    0.01588    0.53050
       708    2.17457    0.12379    0.01554    0.52364
       709    2.17523    0.12253    0.01521    0.51433
       710    2.17449    0.12165    0.01501    0.51115
       711    2.17661    0.12104    0.01481    0.50423
       712    2.17572    0.11967    0.01450    0.49481
       713    2.17585    0.11959    0.01448    0.49441
       714    2.17609    0.11779    0.01405    0.48182
       715    2.17632    0.11667    0.01378    0.47618
       716    2.17684    0.11573    0.01355    0.46903
       717    2.17728    0.11474    0.01331    0.46326
       718    2.17619    0.11388    0.01314    0.45970
       719    2.17735    0.11335    0.01299    0.45320
       720    2.17794    0.11253    0.01279    0.44790
       721    2.17651    0.11169    0.01264    0.44561
       722    2.17779    0.11012    0.01226    0.43310
       723    2.17791    0.11001    0.01223    0.43083
       724    2.17835    0.10914    0.01203    0.42581
       725    2.17789    0.10813    0.01182    0.42131
       726    2.17918    0.10726    0.01161    0.41467
       727    2.17791    0.10655    0.01148    0.40999
       728    2.17789    0.10570    0.01130    0.40438
       729    2.17941    0.10529    0.01118    0.39937
       730    2.17896    0.10491    0.01111    0.39558
       731    2.17783    0.10326    0.01079    0.39405
       732    2.18004    0.10297    0.01069    0.38698
       733    2.17940    0.10185    0.01047    0.37702
       734    2.18014    0.10132    0.01035    0.37555
       735    2.17862    0.10084    0.01028    0.37410
       736    2.18021    0.09968    0.01002    0.36332
       737    2.17974    0.09974    0.01004    0.36129
       738    2.17959    0.09892    0.00988    0.35941
       739    2.18019    0.09817    0.00972    0.35196
       740    2.17976    0.09753    0.00960    0.34900
       741    2.18083    0.09693    0.00947    0.34484
       742    2.18018    0.09582    0.00926    0.33640
       743    2.18066    0.09549    0.00919    0.33526
       744    2.18099    0.09539    0.00917    0.33255
       745    2.18114    0.09471    0.00903    0.32926
       746    2.17999    0.09376    0.00888    0.32486
       747    2.18154    0.09348    0.00880    0.32165
       748    2.18092    0.09249    0.00862    0.31421
       749    2.18159    0.09249    0.00861    0.31255
       750    2.18066    0.09201    0.00854    0.30971
       751    2.18269    0.09166    0.00844    0.31213
       752    2.18106    0.09118    0.00838    0.30095
       753    2.18126    0.09027    0.00821    0.29753
       754    2.18192    0.09005    0.00816    0.29370
       755    2.18133    0.08919    0.00802    0.28883
       756    2.18224    0.08938    0.00804    0.28815
       757    2.18186    0.08841    0.00787    0.28424
       758    2.18209    0.08808    0.00781    0.27974
       759    2.18217    0.08747    0.00770    0.27359
       760    2.18199    0.08682    0.00759    0.27151
       761    2.18220    0.08686    0.00759    0.27177
       762    2.18279    0.08608    0.00745    0.26572
       763    2.18272    0.08617    0.00747    0.26441
       764    2.18267    0.08582    0.00741    0.26240
       765    2.18245    0.08507    0.00728    0.25829
       766    2.18251    0.08474    0.00723    0.25433
       767    2.18328    0.08471    0.00721    0.25184
       768    2.18252    0.08400    0.00710    0.24905
       769    2.18280    0.08374    0.00705    0.24599
       770    2.18334    0.08325    0.00697    0.24436
       771    2.18308    0.08305    0.00694    0.23950
       772    2.18267    0.08270    0.00688    0.23790
       773    2.18377    0.08187    0.00673    0.23522
       774    2.18325    0.08168    0.00671    0.23072
       775    2.18339    0.08215    0.00678    0.23082
       776    2.18304    0.08137    0.00666    0.22744
       777    2.18399    0.08073    0.00654    0.22575
       778    2.18375    0.08022    0.00647    0.22125
       779    2.18245    0.08010    0.00646    0.22730
       780    2.18387    0.08018    0.00646    0.21784
       781    2.18439    0.07957    0.00635    0.21740
       782    2.18292    0.07979    0.00641    0.21710
       783    2.18463    0.07938    0.00632    0.21301
       784    2.18355    0.07912    0.00629    0.21002
       785    2.18408    0.07909    0.00628    0.20686
       786    2.18431    0.07835    0.00616    0.20254
       787    2.18383    0.07787    0.00609    0.20068
       788    2.18432    0.07791    0.00609    0.19925
       789    2.18399    0.07783    0.00609    0.19815
       790    2.18413    0.07752    0.00604    0.19365
       791    2.18495    0.07746    0.00602    0.19568
       792    2.18386    0.07712    0.00598    0.19029
       793    2.18406    0.07662    0.00590    0.18818
       794    2.18462    0.07645    0.00587    0.18741
       795    2.18384    0.07648    0.00588    0.18837
       796    2.18520    0.07638    0.00585    0.18465
       797    2.18375    0.07598    0.00580    0.18397
       798    2.18456    0.07574    0.00576    0.17920
       799    2.18506    0.07546    0.00571    0.17665
       800    2.18512    0.07526    0.00568    0.17445
       801    2.18472    0.07550    0.00572    0.17303
       802    2.18355    0.07451    0.00558    0.17971
       803    2.18598    0.07495    0.00563    0.17755
       804    2.18492    0.07437    0.00555    0.16734
       805    2.18452    0.07480    0.00562    0.16677
       806    2.18493    0.07432    0.00554    0.16323
       807    2.18480    0.07410    0.00551    0.16305
       808    2.18507    0.07387    0.00547    0.16090
       809    2.18575    0.07374    0.00545    0.16275
       810    2.18473    0.07375    0.00546    0.15947
       811    2.18506    0.07348    0.00542    0.15644
       812    2.18439    0.07281    0.00532    0.15758
       813    2.18579    0.07328    0.00538    0.15540
       814    2.18574    0.07248    0.00527    0.14935
       815    2.18545    0.07273    0.00530    0.14862
       816    2.18457    0.07207    0.00522    0.15081
       817    2.18575    0.07214    0.00522    0.14780
       818    2.18593    0.07253    0.00527    0.14690
       819    2.18456    0.07208    0.00522    0.14938
       820    2.18572    0.07177    0.00516    0.14225
       821    2.18519    0.07202    0.00520    0.14074
       822    2.18602    0.07140    0.00511    0.14002
       823    2.18514    0.07157    0.00514    0.13696
       824    2.18588    0.07167    0.00515    0.13532
       825    2.18582    0.07114    0.00507    0.13396
       826    2.18545    0.07095    0.00505    0.13280
       827    2.18568    0.07121    0.00508    0.13310
       828    2.18534    0.07085    0.00503    0.13172
       829    2.18648    0.07081    0.00502    0.13352
       830    2.18562    0.07103    0.00506    0.12825
       831    2.18534    0.07074    0.00502    0.12863
       832    2.18664    0.07044    0.00497    0.13061
       833    2.18530    0.06988    0.00490    0.12667
       834    2.18523    0.07017    0.00494    0.12823
       835    2.18647    0.07023    0.00494    0.12356
       836    2.18643    0.07029    0.00495    0.12477
       837    2.18570    0.06982    0.00489    0.12057
       838    2.18558    0.06976    0.00488    0.11982
       839    2.18647    0.07018    0.00493    0.12073
       840    2.18568    0.06960    0.00486    0.11640
       841    2.18615    0.06937    0.00482    0.11646
       842    2.18620    0.06908    0.00478    0.11147
       843    2.18628    0.06929    0.00481    0.11214
       844    2.18599    0.06904    0.00478    0.11181
       845    2.18591    0.06916    0.00479    0.11275
       846    2.18685    0.06904    0.00477    0.11462
       847    2.18611    0.06912    0.00479    0.10994
       848    2.18578    0.06897    0.00477    0.11052
       849    2.18645    0.06886    0.00475    0.10728
       850    2.18619    0.06844    0.00469    0.10740
       851    2.18659    0.06865    0.00472    0.10767
       852    2.18570    0.06872    0.00473    0.10862
       853    2.18651    0.06863    0.00472    0.10441
       854    2.18702    0.06850    0.00470    0.10852
       855    2.18577    0.06850    0.00470    0.10587
       856    2.18668    0.06848    0.00470    0.10327
       857    2.18549    0.06760    0.00458    0.10924
       858    2.18736    0.06807    0.00464    0.11054
       859    2.18612    0.06772    0.00460    0.09861
       860    2.18682    0.06772    0.00459    0.09858
       861    2.18593    0.06809    0.00465    0.10022
       862    2.18684    0.06808    0.00464    0.09949
       863    2.18671    0.06776    0.00460    0.09501
       864    2.18651    0.06771    0.00459    0.09496
       865    2.18638    0.06783    0.00461    0.09418
       866    2.18698    0.06761    0.00458    0.09537
       867    2.18587    0.06736    0.00455    0.09871
       868    2.18739    0.06754    0.00457    0.09857
       869    2.18616    0.06700    0.00450    0.09427
       870    2.18726    0.06705    0.00450    0.09400
       871    2.18668    0.06746    0.00456    0.09006
       872    2.18559    0.06732    0.00454    0.10358
       873    2.18728    0.06734    0.00454    0.09172
       874    2.18717    0.06720    0.00452    0.09036
       875    2.18656    0.06716    0.00452    0.08750
       876    2.18670    0.06708    0.00451    0.08793
       877    2.18656    0.06719    0.00452    0.08712
       878    2.18707    0.06670    0.00445    0.08576
       879    2.18641    0.06709    0.00451    0.08686
       880    2.18676    0.06716    0.00452    0.08425
       881    2.18700    0.06695    0.00449    0.08389
       882    2.18671    0.06674    0.00446    0.08312
       883    2.18709    0.06652    0.00443    0.08280
       884    2.18695    0.06657    0.00444    0.08202
       885    2.18701    0.06593    0.00435    0.08074
       886    2.18701    0.06608    0.00437    0.07996
       887    2.18628    0.06683    0.00447    0.08540
       888    2.18730    0.06646    0.00442    0.08230
       889    2.18660    0.06688    0.00448    0.08075
       890    2.18693    0.06618    0.00438    0.07889
       891    2.18727    0.06635    0.00441    0.08007
       892    2.18704    0.06614    0.00438    0.07616
       893    2.18699    0.06625    0.00439    0.07597
       894    2.18687    0.06639    0.00441    0.07672
       895    2.18720    0.06659    0.00444    0.07550
       896    2.18677    0.06602    0.00436    0.07602
       897    2.18728    0.06587    0.00434    0.07565
       898    2.18687    0.06601    0.00436    0.07511
       899    2.18728    0.06609    0.00437    0.07552
       900    2.18752    0.06589    0.00434    0.07655
       901    2.18656    0.06604    0.00437    0.07742
       902    2.18714    0.06590    0.00435    0.07302
       903    2.18705    0.06540    0.00428    0.07134
       904    2.18742    0.06575    0.00433    0.07289
       905    2.18714    0.06516    0.00425    0.07068
       906    2.18674    0.06571    0.00432    0.07397
       907    2.18753    0.06576    0.00433    0.07231
       908    2.18698    0.06550    0.00430    0.07189
       909    2.18733    0.06542    0.00428    0.07006
       910    2.18735    0.06531    0.00427    0.06915
       911    2.18684    0.06559    0.00431    0.07191
       912    2.18693    0.06512    0.00425    0.06963
       913    2.18692    0.06528    0.00427    0.06939
       914    2.18806    0.06463    0.00418    0.07603
       915    2.18730    0.06518    0.00425    0.06726
       916    2.18710    0.06504    0.00423    0.06800
       917    2.18725    0.06508    0.00424    0.06689
       918    2.18783    0.06527    0.00426    0.07128
       919    2.18635    0.06515    0.00425    0.07993
       920    2.18769    0.06486    0.00421    0.06979
       921    2.18731    0.06532    0.00427    0.06559
       922    2.18725    0.06492    0.00422    0.06562
       923    2.18711    0.06484    0.00421    0.06579
       924    2.18786    0.06485    0.00421    0.06783
       925    2.18734    0.06485    0.00421    0.06422
       926    2.18728    0.06492    0.00422    0.06436
       927    2.18689    0.06488    0.00421    0.06741
       928    2.18779    0.06496    0.00422    0.06672
       929    2.18691    0.06463    0.00418    0.06709
       930    2.18770    0.06430    0.00414    0.06485
       931    2.18746    0.06521    0.00426    0.06390
       932    2.18681    0.06493    0.00422    0.06830
       933    2.18804    0.06487    0.00421    0.06875
       934    2.18711    0.06457    0.00417    0.06302
       935    2.18741    0.06473    0.00419    0.06135
       936    2.18813    0.06480    0.00420    0.06980
       937    2.18652    0.06474    0.00420    0.07479
       938    2.18795    0.06476    0.00420    0.06645
       939    2.18752    0.06442    0.00415    0.06119
       940    2.18713    0.06411    0.00411    0.06165
       941    2.18744    0.06442    0.00415    0.06085
       942    2.18773    0.06451    0.00416    0.06138
       943    2.18725    0.06456    0.00417    0.06086
       944    2.18752    0.06442    0.00415    0.05770
       945    2.18728    0.06417    0.00412    0.05970
       946    2.18756    0.06441    0.00415    0.05922
       947    2.18801    0.06392    0.00409    0.06069
       948    2.18723    0.06444    0.00416    0.06010
       949    2.18756    0.06439    0.00415    0.05962
       950    2.18756    0.06433    0.00414    0.05836
       951    2.18771    0.06440    0.00415    0.05817
       952    2.18746    0.06462    0.00418    0.05811
       953    2.18720    0.06423    0.00413    0.05963
       954    2.18780    0.06394    0.00409    0.05963
       955    2.18703    0.06398    0.00410    0.06233
       956    2.18850    0.06402    0.00410    0.07003
       957    2.18697    0.06385    0.00408    0.06322
       958    2.18799    0.06358    0.00404    0.05826
       959    2.18712    0.06368    0.00406    0.05983
       960    2.18788    0.06385    0.00408    0.05763
       961    2.18760    0.06439    0.00415    0.05569
       962    2.18804    0.06391    0.00409    0.06008
       963    2.18714    0.06359    0.00405    0.05991
       964    2.18788    0.06386    0.00408    0.05747
       965    2.18783    0.06402    0.00410    0.05612
       966    2.18769    0.06355    0.00404    0.05393
       967    2.18689    0.06352    0.00404    0.06533
       968    2.18816    0.06391    0.00409    0.05988
       969    2.18766    0.06389    0.00408    0.05463
       970    2.18736    0.06366    0.00406    0.05636
       971    2.18805    0.06385    0.00408    0.05726
       972    2.18803    0.06332    0.00401    0.05675
       973    2.18697    0.06394    0.00409    0.06352
       974    2.18838    0.06384    0.00408    0.06346
       975    2.18730    0.06351    0.00404    0.05637
       976    2.18761    0.06350    0.00403    0.05340
       977    2.18724    0.06329    0.00401    0.05746
       978    2.18791    0.06358    0.00404    0.05376
       979    2.18827    0.06358    0.00404    0.05955
       980    2.18733    0.06390    0.00409    0.05634
       981    2.18719    0.06366    0.00406    0.05808
       982    2.18835    0.06341    0.00402    0.05987
       983    2.18772    0.06337    0.00402    0.05306
       984    2.18762    0.06353    0.00404    0.05321
       985    2.18777    0.06341    0.00402    0.05224
       986    2.18741    0.06312    0.00399    0.05420
       987    2.18833    0.06336    0.00401    0.06030
       988    2.18742    0.06338    0.00402    0.05433
       989    2.18776    0.06295    0.00397    0.05129
       990    2.18733    0.06366    0.00406    0.05586
       991    2.18753    0.06348    0.00403    0.05256
       992    2.18821    0.06324    0.00400    0.05645
       993    2.18793    0.06330    0.00401    0.05237
       994    2.18767    0.06297    0.00397    0.05152
       995    2.18800    0.06321    0.00400    0.05288
       996    2.18767    0.06281    0.00395    0.05060
       997    2.18803    0.06298    0.00397    0.05298
       998    2.18734    0.06292    0.00396    0.05510
       999    2.18746    0.06322    0.00400    0.05353

Final Weights:         0.4428647821         0.1410603007         0.1632286363        -0.7460782449 