# Cycles, Average Predicted Temperature, Stddev Predicted Temperature, Mean Squared Error, || MSE Gradient ||
         0 3.3520001e-02 1.0998622e-02 4.4080808e+00 3.4024888e+00
         1 3.4733026e-02 1.1325918e-02 4.4029961e+00 3.4911344e+00
         2 3.6039094e-02 1.1677074e-02 4.3975248e+00 3.5842484e+00
         3 3.7407508e-02 1.2043735e-02 4.3917963e+00 3.6812671e+00
         4 3.8731376e-02 1.2385483e-02 4.3862577e+00 3.7745017e+00
         5 4.0164637e-02 1.2774623e-02 4.3802662e+00 3.8746421e+00
         6 4.1636674e-02 1.3151374e-02 4.3741166e+00 3.9749485e+00
         7 4.3125570e-02 1.3536226e-02 4.3679013e+00 4.0755376e+00
         8 4.4686080e-02 1.3931652e-02 4.3613919e+00 4.1798533e+00
         9 4.6237294e-02 1.4346335e-02 4.3549271e+00 4.2836614e+00
        10 4.7945856e-02 1.4731201e-02 4.3478104e+00 4.3944820e+00
        11 4.9567061e-02 1.5174270e-02 4.3410656e+00 4.5004882e+00
        12 5.1342922e-02 1.5603381e-02 4.3336820e+00 4.6145166e+00
        13 5.3111758e-02 1.6058531e-02 4.3263352e+00 4.7267096e+00
        14 5.4956601e-02 1.6508827e-02 4.3186790e+00 4.8430144e+00
        15 5.6863930e-02 1.6975858e-02 4.3107712e+00 4.9613116e+00
        16 5.8849039e-02 1.7457103e-02 4.3025488e+00 5.0828911e+00
        17 6.0843112e-02 1.7964364e-02 4.2942986e+00 5.2047510e+00
        18 6.2918944e-02 1.8439674e-02 4.2857172e+00 5.3291880e+00
        19 6.5067621e-02 1.8960054e-02 4.2768452e+00 5.4568030e+00
        20 6.7282198e-02 1.9472521e-02 4.2677105e+00 5.5866508e+00
        21 6.9559074e-02 2.0051124e-02 4.2583316e+00 5.7179943e+00
        22 7.1938671e-02 2.0584255e-02 4.2485385e+00 5.8550061e+00
        23 7.4372514e-02 2.1172546e-02 4.2385362e+00 5.9929567e+00
        24 7.6886880e-02 2.1730261e-02 4.2282140e+00 6.1342431e+00
        25 7.9392950e-02 2.2342105e-02 4.2179415e+00 6.2748558e+00
        26 8.2093605e-02 2.2937626e-02 4.2068834e+00 6.4217582e+00
        27 8.4819856e-02 2.3544565e-02 4.1957363e+00 6.5687282e+00
        28 8.7683930e-02 2.4215398e-02 4.1840441e+00 6.7230826e+00
        29 9.0682618e-02 2.4900967e-02 4.1718200e+00 6.8805243e+00
        30 9.3709247e-02 2.5533193e-02 4.1594982e+00 7.0381888e+00
        31 9.6800031e-02 2.6230750e-02 4.1469376e+00 7.1981657e+00
        32 9.9928471e-02 2.6933807e-02 4.1342443e+00 7.3594309e+00
        33 1.0331444e-01 2.7673746e-02 4.1205281e+00 7.5283509e+00
        34 1.0676023e-01 2.8396605e-02 4.1065926e+00 7.6990251e+00
        35 1.1027494e-01 2.9210858e-02 4.0924083e+00 7.8726838e+00
        36 1.1389015e-01 2.9987776e-02 4.0778419e+00 8.0475900e+00
        37 1.1775779e-01 3.0807039e-02 4.0622881e+00 8.2314210e+00
        38 1.2153174e-01 3.1594296e-02 4.0471403e+00 8.4096269e+00
        39 1.2550471e-01 3.2427321e-02 4.0312262e+00 8.5956208e+00
        40 1.2970477e-01 3.3311254e-02 4.0144384e+00 8.7873504e+00
        41 1.3394171e-01 3.4253572e-02 3.9975441e+00 8.9801942e+00
        42 1.3836810e-01 3.5100965e-02 3.9799249e+00 9.1758210e+00
        43 1.4291073e-01 3.6081833e-02 3.9618933e+00 9.3787300e+00
        44 1.4754892e-01 3.7004493e-02 3.9435211e+00 9.5790944e+00
        45 1.5241547e-01 3.8041639e-02 3.9242977e+00 9.7878250e+00
        46 1.5724423e-01 3.9008447e-02 3.9052676e+00 9.9922364e+00
        47 1.6244250e-01 4.0091869e-02 3.8848390e+00 1.0205519e+01
        48 1.6772510e-01 4.1092787e-02 3.8641284e+00 1.0422333e+01
        49 1.7313357e-01 4.2207637e-02 3.8429919e+00 1.0641577e+01
        50 1.7897462e-01 4.3308733e-02 3.8202245e+00 1.0867965e+01
        51 1.8463736e-01 4.4458513e-02 3.7982268e+00 1.1092344e+01
        52 1.9047736e-01 4.5552632e-02 3.7756021e+00 1.1316547e+01
        53 1.9657618e-01 4.6813258e-02 3.7520611e+00 1.1547371e+01
        54 2.0299085e-01 4.7939646e-02 3.7273655e+00 1.1783748e+01
        55 2.0944970e-01 4.9219521e-02 3.7025999e+00 1.2019813e+01
        56 2.1636742e-01 5.0542555e-02 3.6761661e+00 1.2265848e+01
        57 2.2315054e-01 5.1877323e-02 3.6503468e+00 1.2505117e+01
        58 2.3008219e-01 5.3155493e-02 3.6240518e+00 1.2747252e+01
        59 2.3750486e-01 5.4542781e-02 3.5960064e+00 1.2997249e+01
        60 2.4506009e-01 5.5997676e-02 3.5675820e+00 1.3248356e+01
        61 2.5273814e-01 5.7405848e-02 3.5388087e+00 1.3500078e+01
        62 2.6060135e-01 5.8793163e-02 3.5094614e+00 1.3750813e+01
        63 2.6881084e-01 6.0318376e-02 3.4789670e+00 1.4007584e+01
        64 2.7711930e-01 6.1809402e-02 3.4482405e+00 1.4263009e+01
        65 2.8596189e-01 6.3474002e-02 3.4157051e+00 1.4528269e+01
        66 2.9469909e-01 6.4974733e-02 3.3836977e+00 1.4786087e+01
        67 3.0393617e-01 6.6660091e-02 3.3500431e+00 1.5047621e+01
        68 3.1320177e-01 6.8361514e-02 3.3164634e+00 1.5310122e+01
        69 3.2312975e-01 7.0084380e-02 3.2806659e+00 1.5582199e+01
        70 3.3306785e-01 7.1899930e-02 3.2450484e+00 1.5847684e+01
        71 3.4324291e-01 7.3613478e-02 3.2087718e+00 1.6109666e+01
        72 3.5355695e-01 7.5281162e-02 3.1722065e+00 1.6373677e+01
        73 3.6433286e-01 7.7219103e-02 3.1342672e+00 1.6637085e+01
        74 3.7555268e-01 7.9108084e-02 3.0949994e+00 1.6909361e+01
        75 3.8665031e-01 8.1031419e-02 3.0564228e+00 1.7167661e+01
        76 3.9856891e-01 8.3068511e-02 3.0152702e+00 1.7437624e+01
        77 4.1032805e-01 8.4985311e-02 2.9749390e+00 1.7694461e+01
        78 4.2253847e-01 8.7089808e-02 2.9333803e+00 1.7956168e+01
        79 4.3521679e-01 8.9188781e-02 2.8905386e+00 1.8214483e+01
        80 4.4804119e-01 9.1216894e-02 2.8475219e+00 1.8466933e+01
        81 4.6101729e-01 9.3410877e-02 2.8043661e+00 1.8720969e+01
        82 4.7450849e-01 9.5665379e-02 2.7598594e+00 1.8970334e+01
        83 4.8842801e-01 9.7888260e-02 2.7143116e+00 1.9216557e+01
        84 5.0254692e-01 1.0004537e-01 2.6684978e+00 1.9455832e+01
        85 5.1726618e-01 1.0244140e-01 2.6212005e+00 1.9695076e+01
        86 5.3218149e-01 1.0503289e-01 2.5737613e+00 1.9928263e+01
        87 5.4665793e-01 1.0728050e-01 2.5280987e+00 2.0150095e+01
        88 5.6255019e-01 1.0981442e-01 2.4784792e+00 2.0368928e+01
        89 5.7859205e-01 1.1217526e-01 2.4288737e+00 2.0584052e+01
        90 5.9479631e-01 1.1459575e-01 2.3793080e+00 2.0790745e+01
        91 6.1126134e-01 1.1735237e-01 2.3295642e+00 2.0985186e+01
        92 6.2831264e-01 1.1991854e-01 2.2785674e+00 2.1179193e+01
        93 6.4569023e-01 1.2247239e-01 2.2271916e+00 2.1359832e+01
        94 6.6311916e-01 1.2535240e-01 2.1763634e+00 2.1524876e+01
        95 6.8143211e-01 1.2821545e-01 2.1235878e+00 2.1695201e+01
        96 6.9974739e-01 1.3071273e-01 2.0713969e+00 2.1840490e+01
        97 7.1824667e-01 1.3366755e-01 2.0194908e+00 2.1978310e+01
        98 7.3775411e-01 1.3648172e-01 1.9654338e+00 2.2109585e+01
        99 7.5768415e-01 1.3948184e-01 1.9110429e+00 2.2224888e+01
       100 7.7726618e-01 1.4217855e-01 1.8583217e+00 2.2326061e+01
       101 7.9777483e-01 1.4537383e-01 1.8040511e+00 2.2411371e+01
       102 8.1810792e-01 1.4822162e-01 1.7510008e+00 2.2486815e+01
       103 8.3923249e-01 1.5121454e-01 1.6967887e+00 2.2543683e+01
       104 8.6111783e-01 1.5443685e-01 1.6416220e+00 2.2582228e+01
       105 8.8277102e-01 1.5745156e-01 1.5879490e+00 2.2612366e+01
       106 9.0421294e-01 1.6061590e-01 1.5357992e+00 2.2618832e+01
       107 9.2741371e-01 1.6403334e-01 1.4804277e+00 2.2605663e+01
       108 9.4976709e-01 1.6683331e-01 1.4279544e+00 2.2582799e+01
       109 9.7242589e-01 1.7008713e-01 1.3759413e+00 2.2535696e+01
       110 9.9631419e-01 1.7347733e-01 1.3222268e+00 2.2469932e+01
       111 1.0204407e+00 1.7675186e-01 1.2691056e+00 2.2382906e+01
       112 1.0444409e+00 1.8008110e-01 1.2174645e+00 2.2274271e+01
       113 1.0690628e+00 1.8324407e-01 1.1656134e+00 2.2146441e+01
       114 1.0929580e+00 1.8673408e-01 1.1166282e+00 2.2006842e+01
       115 1.1180781e+00 1.9003845e-01 1.0662506e+00 2.1831427e+01
       116 1.1435627e+00 1.9356227e-01 1.0165201e+00 2.1638968e+01
       117 1.1685110e+00 1.9642985e-01 9.6888969e-01 2.1428371e+01
       118 1.1945964e+00 2.0020477e-01 9.2074748e-01 2.1188656e+01
       119 1.2208032e+00 2.0354012e-01 8.7359396e-01 2.0922392e+01
       120 1.2474047e+00 2.0709752e-01 8.2722907e-01 2.0632595e+01
       121 1.2731639e+00 2.1019300e-01 7.8355794e-01 2.0334530e+01
       122 1.2993921e+00 2.1361828e-01 7.4059184e-01 2.0006599e+01
       123 1.3255279e+00 2.1667404e-01 6.9901410e-01 1.9662349e+01
       124 1.3530697e+00 2.2022960e-01 6.5684575e-01 1.9270071e+01
       125 1.3797093e+00 2.2354440e-01 6.1747053e-01 1.8880819e+01
       126 1.4064808e+00 2.2689849e-01 5.7936273e-01 1.8466676e+01
       127 1.4332712e+00 2.3014588e-01 5.4263538e-01 1.8023207e+01
       128 1.4597756e+00 2.3346317e-01 5.0778216e-01 1.7575697e+01
       129 1.4866888e+00 2.3663081e-01 4.7375653e-01 1.7092079e+01
       130 1.5138575e+00 2.3994252e-01 4.4095217e-01 1.6582637e+01
       131 1.5396520e+00 2.4265058e-01 4.1098178e-01 1.6081906e+01
       132 1.5660402e+00 2.4549131e-01 3.8174821e-01 1.5556303e+01
       133 1.5932247e+00 2.4875604e-01 3.5327385e-01 1.4986893e+01
       134 1.6181663e+00 2.5120344e-01 3.2819207e-01 1.4455526e+01
       135 1.6447843e+00 2.5437419e-01 3.0309417e-01 1.3862833e+01
       136 1.6692458e+00 2.5675403e-01 2.8102226e-01 1.3307067e+01
       137 1.6944917e+00 2.5942649e-01 2.5962165e-01 1.2711191e+01
       138 1.7190924e+00 2.6221843e-01 2.4010631e-01 1.2117875e+01
       139 1.7432024e+00 2.6449684e-01 2.2192738e-01 1.1518124e+01
       140 1.7660577e+00 2.6668138e-01 2.0579067e-01 1.0938423e+01
       141 1.7904738e+00 2.6915602e-01 1.8979256e-01 1.0305085e+01
       142 1.8126908e+00 2.7104747e-01 1.7608664e-01 9.7167829e+00
       143 1.8354917e+00 2.7339384e-01 1.6327572e-01 9.0981273e+00
       144 1.8559154e+00 2.7510541e-01 1.5247781e-01 8.5337378e+00
       145 1.8773411e+00 2.7657512e-01 1.4187274e-01 7.9315415e+00
       146 1.8982133e+00 2.7827061e-01 1.3257536e-01 7.3359901e+00
       147 1.9153419e+00 2.7927389e-01 1.2538384e-01 6.8425945e+00
       148 1.9359940e+00 2.8071422e-01 1.1762533e-01 6.2369615e+00
       149 1.9525194e+00 2.8181955e-01 1.1200786e-01 5.7459741e+00
       150 1.9694847e+00 2.8270259e-01 1.0666921e-01 5.2366188e+00
       151 1.9855244e+00 2.8328807e-01 1.0201126e-01 4.7556799e+00
       152 2.0005950e+00 2.8408881e-01 9.8246600e-02 4.2951368e+00
       153 2.0158345e+00 2.8515820e-01 9.5050976e-02 3.8297657e+00
       154 2.0292676e+00 2.8505493e-01 9.2023815e-02 3.4221216e+00
       155 2.0422156e+00 2.8496269e-01 8.9451747e-02 3.0321367e+00
       156 2.0549263e+00 2.8531776e-01 8.7507066e-02 2.6501519e+00
       157 2.0655131e+00 2.8481923e-01 8.5681088e-02 2.3410723e+00
       158 2.0754835e+00 2.8485278e-01 8.4453195e-02 2.0554278e+00
       159 2.0845236e+00 2.8425364e-01 8.3153410e-02 1.8098196e+00
       160 2.0938260e+00 2.8388363e-01 8.2127201e-02 1.5772151e+00
       161 2.1023803e+00 2.8290732e-01 8.0976213e-02 1.3867022e+00
       162 2.1085208e+00 2.8178507e-01 8.0003736e-02 1.2670808e+00
       163 2.1147368e+00 2.8104810e-01 7.9322827e-02 1.1767528e+00
       164 2.1207431e+00 2.8044398e-01 7.8799894e-02 1.1175272e+00
       165 2.1236722e+00 2.7841051e-01 7.7600061e-02 1.0920937e+00
       166 2.1305038e+00 2.7783387e-01 7.7198062e-02 1.0886126e+00
       167 2.1326382e+00 2.7602955e-01 7.6192467e-02 1.0889014e+00
       168 2.1359163e+00 2.7488072e-01 7.5567718e-02 1.1064790e+00
       169 2.1387707e+00 2.7302796e-01 7.4577175e-02 1.1251403e+00
       170 2.1408780e+00 2.7163120e-01 7.3845033e-02 1.1447178e+00
       171 2.1421436e+00 2.7010892e-01 7.3041809e-02 1.1545425e+00
       172 2.1430179e+00 2.6842044e-01 7.2149209e-02 1.1582949e+00
       173 2.1430542e+00 2.6634938e-01 7.1042391e-02 1.1495584e+00
       174 2.1454585e+00 2.6468223e-01 7.0211048e-02 1.1785516e+00
       175 2.1443223e+00 2.6291892e-01 6.9253779e-02 1.1523483e+00
       176 2.1437480e+00 2.6060869e-01 6.8031677e-02 1.1320542e+00
       177 2.1441033e+00 2.5876503e-01 6.7081864e-02 1.1293128e+00
       178 2.1420183e+00 2.5680293e-01 6.6028461e-02 1.0909118e+00
       179 2.1413970e+00 2.5510572e-01 6.5148865e-02 1.0766646e+00
       180 2.1398944e+00 2.5249973e-01 6.3803175e-02 1.0472008e+00
       181 2.1393748e+00 2.5131944e-01 6.3201666e-02 1.0384595e+00
       182 2.1375153e+00 2.4934816e-01 6.2194585e-02 1.0140528e+00
       183 2.1372267e+00 2.4700402e-01 6.1028562e-02 1.0022266e+00
       184 2.1348328e+00 2.4477727e-01 5.9919145e-02 9.8157779e-01
       185 2.1323933e+00 2.4256986e-01 5.8840546e-02 9.6832239e-01
       186 2.1301004e+00 2.4070015e-01 5.7945168e-02 9.6470578e-01
       187 2.1296031e+00 2.3906809e-01 5.7165326e-02 9.6178151e-01
       188 2.1271335e+00 2.3699123e-01 5.6199663e-02 9.6832628e-01
       189 2.1256808e+00 2.3510834e-01 5.5330006e-02 9.7523936e-01
       190 2.1241439e+00 2.3278712e-01 5.4268882e-02 9.8387537e-01
       191 2.1216655e+00 2.3046308e-01 5.3242477e-02 1.0073166e+00
       192 2.1214456e+00 2.2934128e-01 5.2731716e-02 1.0126535e+00
       193 2.1200881e+00 2.2720643e-01 5.1790365e-02 1.0284028e+00
       194 2.1187350e+00 2.2540634e-01 5.1012485e-02 1.0470990e+00
       195 2.1172725e+00 2.2317859e-01 5.0057116e-02 1.0686985e+00
       196 2.1155094e+00 2.2125963e-01 4.9262941e-02 1.0990836e+00
       197 2.1138054e+00 2.1971251e-01 4.8643335e-02 1.1312325e+00
       198 2.1131172e+00 2.1741602e-01 4.7666413e-02 1.1457451e+00
       199 2.1121925e+00 2.1587990e-01 4.7038507e-02 1.1639336e+00
       200 2.1117491e+00 2.1373174e-01 4.6134313e-02 1.1723016e+00
       201 2.1119950e+00 2.1209871e-01 4.5428511e-02 1.1673027e+00
       202 2.1096706e+00 2.1044512e-01 4.4833010e-02 1.2181549e+00
       203 2.1088781e+00 2.0851890e-01 4.4063648e-02 1.2343906e+00
       204 2.1083939e+00 2.0644820e-01 4.3228005e-02 1.2456791e+00
       205 2.1088664e+00 2.0463671e-01 4.2460264e-02 1.2330048e+00
       206 2.1070941e+00 2.0309759e-01 4.1921521e-02 1.2748990e+00
       207 2.1074793e+00 2.0179176e-01 4.1372968e-02 1.2650725e+00
       208 2.1073263e+00 1.9972281e-01 4.0550100e-02 1.2680046e+00
       209 2.1073025e+00 1.9854261e-01 4.0081287e-02 1.2677751e+00
       210 2.1070554e+00 1.9654883e-01 3.9306338e-02 1.2725275e+00
       211 2.1065388e+00 1.9522121e-01 3.8813329e-02 1.2806581e+00
       212 2.1074996e+00 1.9365300e-01 3.8153496e-02 1.2558248e+00
       213 2.1077427e+00 1.9213119e-01 3.7554054e-02 1.2516357e+00
       214 2.1071942e+00 1.9073259e-01 3.7046628e-02 1.2630616e+00
       215 2.1074402e+00 1.8912928e-01 3.6424935e-02 1.2538697e+00
       216 2.1080093e+00 1.8734945e-01 3.5726059e-02 1.2374219e+00
       217 2.1079751e+00 1.8578298e-01 3.5143271e-02 1.2364809e+00
       218 2.1088593e+00 1.8394504e-01 3.4420204e-02 1.2091353e+00
       219 2.1094203e+00 1.8309866e-01 3.4082736e-02 1.1946108e+00
       220 2.1094113e+00 1.8085157e-01 3.3265333e-02 1.1922416e+00
       221 2.1099566e+00 1.7943822e-01 3.2730650e-02 1.1751087e+00
       222 2.1099540e+00 1.7818335e-01 3.2282004e-02 1.1717435e+00
       223 2.1110450e+00 1.7630712e-01 3.1567726e-02 1.1419008e+00
       224 2.1114416e+00 1.7538556e-01 3.1226337e-02 1.1288024e+00
       225 2.1118091e+00 1.7363826e-01 3.0600753e-02 1.1158719e+00
       226 2.1114521e+00 1.7239696e-01 3.0186499e-02 1.1235271e+00
       227 2.1122130e+00 1.7087454e-01 2.9631630e-02 1.0984987e+00
       228 2.1125706e+00 1.6943783e-01 2.9127938e-02 1.0865671e+00
       229 2.1134828e+00 1.6804997e-01 2.8623052e-02 1.0623335e+00
       230 2.1141723e+00 1.6721555e-01 2.8316812e-02 1.0420824e+00
       231 2.1144300e+00 1.6534830e-01 2.7686175e-02 1.0305301e+00
       232 2.1147137e+00 1.6382144e-01 2.7173106e-02 1.0200069e+00
       233 2.1146821e+00 1.6240540e-01 2.6712314e-02 1.0166965e+00
       234 2.1155448e+00 1.6149128e-01 2.6385309e-02 9.9337526e-01
       235 2.1157895e+00 1.5993287e-01 2.5875902e-02 9.8143361e-01
       236 2.1159210e+00 1.5871577e-01 2.5483558e-02 9.7535912e-01
       237 2.1169283e+00 1.5710595e-01 2.4941682e-02 9.4585417e-01
       238 2.1173818e+00 1.5597962e-01 2.4574642e-02 9.3111088e-01
       239 2.1179147e+00 1.5479606e-01 2.4190419e-02 9.1424846e-01
       240 2.1185394e+00 1.5315128e-01 2.3665414e-02 8.9454369e-01
       241 2.1184153e+00 1.5193169e-01 2.3296950e-02 8.9319693e-01
       242 2.1185400e+00 1.5089224e-01 2.2978548e-02 8.8695853e-01
       243 2.1188730e+00 1.4956197e-01 2.2569322e-02 8.7355254e-01
       244 2.1197341e+00 1.4782303e-01 2.2028540e-02 8.4979284e-01
       245 2.1200445e+00 1.4711207e-01 2.1810691e-02 8.3870505e-01
       246 2.1197432e+00 1.4551051e-01 2.1349958e-02 8.4123955e-01
       247 2.1203554e+00 1.4474120e-01 2.1110768e-02 8.2251215e-01
       248 2.1202596e+00 1.4292510e-01 2.0590776e-02 8.1921260e-01
       249 2.1213645e+00 1.4209680e-01 2.0327684e-02 7.9051593e-01
       250 2.1219677e+00 1.4040829e-01 1.9836956e-02 7.7196165e-01
       251 2.1221444e+00 1.3924114e-01 1.9506682e-02 7.6260175e-01
       252 2.1223478e+00 1.3816758e-01 1.9204480e-02 7.5284383e-01
       253 2.1223771e+00 1.3700803e-01 1.8884775e-02 7.5024283e-01
       254 2.1214156e+00 1.3606283e-01 1.8648086e-02 7.6524562e-01
       255 2.1222049e+00 1.3456079e-01 1.8223880e-02 7.4297805e-01
       256 2.1227870e+00 1.3352817e-01 1.7934776e-02 7.2490193e-01
       257 2.1222139e+00 1.3257480e-01 1.7693157e-02 7.3432292e-01
       258 2.1228769e+00 1.3150786e-01 1.7397488e-02 7.1551477e-01
       259 2.1228165e+00 1.3046445e-01 1.7125374e-02 7.1100283e-01
       260 2.1229321e+00 1.2928217e-01 1.6815932e-02 7.0380520e-01
       261 2.1228398e+00 1.2808073e-01 1.6508599e-02 6.9995271e-01
       262 2.1233922e+00 1.2689987e-01 1.6196546e-02 6.8483158e-01
       263 2.1222925e+00 1.2624079e-01 1.6052122e-02 7.0481396e-01
       264 2.1229995e+00 1.2482454e-01 1.5681863e-02 6.8303634e-01
       265 2.1230059e+00 1.2427706e-01 1.5545353e-02 6.7828726e-01
       266 2.1238589e+00 1.2296862e-01 1.5205467e-02 6.5439183e-01
       267 2.1236751e+00 1.2218565e-01 1.5016926e-02 6.5224389e-01
       268 2.1240220e+00 1.2073195e-01 1.4657423e-02 6.4150421e-01
       269 2.1237800e+00 1.1979712e-01 1.4436989e-02 6.4218677e-01
       270 2.1241673e+00 1.1913108e-01 1.4270836e-02 6.2670112e-01
       271 2.1242872e+00 1.1847323e-01 1.4112416e-02 6.2030856e-01
       272 2.1242674e+00 1.1687476e-01 1.3736568e-02 6.1552499e-01
       273 2.1255595e+00 1.1642112e-01 1.3609747e-02 5.8390044e-01
       274 2.1250002e+00 1.1539093e-01 1.3379613e-02 5.8977383e-01
       275 2.1248642e+00 1.1431724e-01 1.3135180e-02 5.8894524e-01
       276 2.1255650e+00 1.1350020e-01 1.2938085e-02 5.6842656e-01
       277 2.1249588e+00 1.1183037e-01 1.2571244e-02 5.7625765e-01
       278 2.1247877e+00 1.1147455e-01 1.2494580e-02 5.7529477e-01
       279 2.1251178e+00 1.1054840e-01 1.2283618e-02 5.6336862e-01
       280 2.1251598e+00 1.1003718e-01 1.2170186e-02 5.5784865e-01
       281 2.1251490e+00 1.0908284e-01 1.1961242e-02 5.5466306e-01
       282 2.1246405e+00 1.0843641e-01 1.1828909e-02 5.6289172e-01
       283 2.1258959e+00 1.0718798e-01 1.1540217e-02 5.2594891e-01
       284 2.1251647e+00 1.0683877e-01 1.1476450e-02 5.3864731e-01
       285 2.1256781e+00 1.0578973e-01 1.1245579e-02 5.2353993e-01
       286 2.1260957e+00 1.0472068e-01 1.1014563e-02 5.0979078e-01
       287 2.1254164e+00 1.0448638e-01 1.0975435e-02 5.2061819e-01
       288 2.1258576e+00 1.0333893e-01 1.0730437e-02 5.0352934e-01
       289 2.1260033e+00 1.0266599e-01 1.0589740e-02 4.9755482e-01
       290 2.1265477e+00 1.0197076e-01 1.0440110e-02 4.7915796e-01
       291 2.1256614e+00 1.0159147e-01 1.0375184e-02 4.9842685e-01
       292 2.1265606e+00 1.0040896e-01 1.0123866e-02 4.7062364e-01
       293 2.1264341e+00 9.9638902e-02 9.9714714e-03 4.6882763e-01
       294 2.1263567e+00 9.8970147e-02 9.8396787e-03 4.6810216e-01
       295 2.1261874e+00 9.8599832e-02 9.7688060e-03 4.6583789e-01
       296 2.1256479e+00 9.7993325e-02 9.6572496e-03 4.7222808e-01
       297 2.1266037e+00 9.7436828e-02 9.5352867e-03 4.4727148e-01
       298 2.1263642e+00 9.6533559e-02 9.3632163e-03 4.5053312e-01
       299 2.1269897e+00 9.6092735e-02 9.2703502e-03 4.2957472e-01
       300 2.1261839e+00 9.6022143e-02 9.2671788e-03 4.4490534e-01
       301 2.1270735e+00 9.5091219e-02 9.0778693e-03 4.2022971e-01
       302 2.1270266e+00 9.4219590e-02 8.9134220e-03 4.1531984e-01
       303 2.1267528e+00 9.3884023e-02 8.8536662e-03 4.1781169e-01
       304 2.1263365e+00 9.3577506e-02 8.8016085e-03 4.2393876e-01
       305 2.1264110e+00 9.2899787e-02 8.6742377e-03 4.1687301e-01
       306 2.1270896e+00 9.2271095e-02 8.5492934e-03 3.9803057e-01
       307 2.1274966e+00 9.1646319e-02 8.4297132e-03 3.8409478e-01
       308 2.1273867e+00 9.1075840e-02 8.3267027e-03 3.8152835e-01
       309 2.1267620e+00 9.0763831e-02 8.2774136e-03 3.9421160e-01
       310 2.1276573e+00 9.0209711e-02 8.1667027e-03 3.6864491e-01
       311 2.1273867e+00 8.9529168e-02 8.0473661e-03 3.7063631e-01
       312 2.1276016e+00 8.9137542e-02 7.9750144e-03 3.6169910e-01
       313 2.1276137e+00 8.8802982e-02 7.9153515e-03 3.5779972e-01
       314 2.1274012e+00 8.8539890e-02 7.8710427e-03 3.5642692e-01
       315 2.1275677e+00 8.8325068e-02 7.8312003e-03 3.5144310e-01
       316 2.1276038e+00 8.7659083e-02 7.7136044e-03 3.4630005e-01
       317 2.1277821e+00 8.7219923e-02 7.6348994e-03 3.3709639e-01
       318 2.1273671e+00 8.6529137e-02 7.5194074e-03 3.4315123e-01
       319 2.1285328e+00 8.6298209e-02 7.4676437e-03 3.1271978e-01
       320 2.1277770e+00 8.6324569e-02 7.4795690e-03 3.2617919e-01
       321 2.1282896e+00 8.5240973e-02 7.2885351e-03 3.0970135e-01
       322 2.1272957e+00 8.5049628e-02 7.2663691e-03 3.3130050e-01
       323 2.1287496e+00 8.4268330e-02 7.1195092e-03 2.9103466e-01
       324 2.1280384e+00 8.4109170e-02 7.0993106e-03 3.0339788e-01
       325 2.1278599e+00 8.4170039e-02 7.1113691e-03 3.0582155e-01
       326 2.1283980e+00 8.4031135e-02 7.0827256e-03 2.9033138e-01
       327 2.1281494e+00 8.3859712e-02 7.0563129e-03 2.9238845e-01
       328 2.1284623e+00 8.2911630e-02 6.8952407e-03 2.8212803e-01
       329 2.1286435e+00 8.2912072e-02 6.8936902e-03 2.7118729e-01
       330 2.1284214e+00 8.2201870e-02 6.7784249e-03 2.7323668e-01
       331 2.1285783e+00 8.2327566e-02 6.7976832e-03 2.6760264e-01
       332 2.1291569e+00 8.2041503e-02 6.7458413e-03 2.4980418e-01
       333 2.1297538e+00 8.0847822e-02 6.5471316e-03 2.3413457e-01
       334 2.1289992e+00 8.1152759e-02 6.6020517e-03 2.4634763e-01
       335 2.1285007e+00 8.1087859e-02 6.5957932e-03 2.5432152e-01
       336 2.1282352e+00 8.0973016e-02 6.5796601e-03 2.5862442e-01
       337 2.1292537e+00 8.0220955e-02 6.4496940e-03 2.3239694e-01
       338 2.1288376e+00 8.0004026e-02 6.4182554e-03 2.3963401e-01
       339 2.1287835e+00 8.0078586e-02 6.4306482e-03 2.3689876e-01
       340 2.1290137e+00 7.9834336e-02 6.3896854e-03 2.2594574e-01
       341 2.1294993e+00 7.9316124e-02 6.3035433e-03 2.1384182e-01
       342 2.1287375e+00 7.9421714e-02 6.3262705e-03 2.2948806e-01
       343 2.1292482e+00 7.9044665e-02 6.2623926e-03 2.1292006e-01
       344 2.1303152e+00 7.8436090e-02 6.1596133e-03 1.8799629e-01
       345 2.1289315e+00 7.8822940e-02 6.2298884e-03 2.1399778e-01
       346 2.1291796e+00 7.8192661e-02 6.1289500e-03 2.0699021e-01
       347 2.1290104e+00 7.8406569e-02 6.1637807e-03 2.0721723e-01
       348 2.1291057e+00 7.8321482e-02 6.1496878e-03 2.0323745e-01
       349 2.1295902e+00 7.7931367e-02 6.0851589e-03 1.8979586e-01
       350 2.1293704e+00 7.7337121e-02 5.9944538e-03 1.9152582e-01
       351 2.1289992e+00 7.7700486e-02 6.0536463e-03 1.9786162e-01
       352 2.1290890e+00 7.7322389e-02 5.9943161e-03 1.9300407e-01
       353 2.1298886e+00 7.7122102e-02 5.9577133e-03 1.7229879e-01
       354 2.1290352e+00 7.7492864e-02 6.0211362e-03 1.8969940e-01
       355 2.1298648e+00 7.6635818e-02 5.8830938e-03 1.6792865e-01
       356 2.1292059e+00 7.6274404e-02 5.8324405e-03 1.7894799e-01
       357 2.1287065e+00 7.6629046e-02 5.8907393e-03 1.8928621e-01
       358 2.1294823e+00 7.6327883e-02 5.8385618e-03 1.6753499e-01
       359 2.1292817e+00 7.6515859e-02 5.8687581e-03 1.6906486e-01
       360 2.1292554e+00 7.6221104e-02 5.8239359e-03 1.6700994e-01
       361 2.1293914e+00 7.6089466e-02 5.8028771e-03 1.6207033e-01
       362 2.1293707e+00 7.6041482e-02 5.7957279e-03 1.6003489e-01
       363 2.1298549e+00 7.5017139e-02 5.6376791e-03 1.4771170e-01
       364 2.1293466e+00 7.5827898e-02 5.7634684e-03 1.5626710e-01
       365 2.1297553e+00 7.5366723e-02 5.6908939e-03 1.4427543e-01
       366 2.1293429e+00 7.5801579e-02 5.7595051e-03 1.5160528e-01
       367 2.1297637e+00 7.5026023e-02 5.6396004e-03 1.3936846e-01
       368 2.1298528e+00 7.4923129e-02 5.6235967e-03 1.3849575e-01
       369 2.1299008e+00 7.5266746e-02 5.6749011e-03 1.3480703e-01
       370 2.1293966e+00 7.5146302e-02 5.6601988e-03 1.4270851e-01
       371 2.1300833e+00 7.4710250e-02 5.5903291e-03 1.2424368e-01
       372 2.1300332e+00 7.4524507e-02 5.5629083e-03 1.2282462e-01
       373 2.1297416e+00 7.4397181e-02 5.5457819e-03 1.2810878e-01
       374 2.1291316e+00 7.5362517e-02 5.6947390e-03 1.4061386e-01
       375 2.1291378e+00 7.5001250e-02 5.6403694e-03 1.3834116e-01
       376 2.1293683e+00 7.4572149e-02 5.5744445e-03 1.2830186e-01
       377 2.1295605e+00 7.4211372e-02 5.5193943e-03 1.2488662e-01
       378 2.1294242e+00 7.4379208e-02 5.5452988e-03 1.2656481e-01
       379 2.1294698e+00 7.4812093e-02 5.6095544e-03 1.2200325e-01
       380 2.1297987e+00 7.3886233e-02 5.4696441e-03 1.1293637e-01
       381 2.1302237e+00 7.4123001e-02 5.5021184e-03 1.0207182e-01
       382 2.1302741e+00 7.3584585e-02 5.4223095e-03 9.8330884e-02
       383 2.1303567e+00 7.3850710e-02 5.4610965e-03 9.4027307e-02
       384 2.1300399e+00 7.4236663e-02 5.5200480e-03 9.9461620e-02
       385 2.1302068e+00 7.3890781e-02 5.4678416e-03 9.5935267e-02
       386 2.1294327e+00 7.3884784e-02 5.4719322e-03 1.1286688e-01
       387 2.1298497e+00 7.3796787e-02 5.4561070e-03 1.0049222e-01
       388 2.1288677e+00 7.4262173e-02 5.5322303e-03 1.2270510e-01
       389 2.1304473e+00 7.3670278e-02 5.4340021e-03 8.4918602e-02
       390 2.1295913e+00 7.4013443e-02 5.4898436e-03 1.0330950e-01
       391 2.1303938e+00 7.3408657e-02 5.3958024e-03 8.2658611e-02
       392 2.1306846e+00 7.3291886e-02 5.3772214e-03 7.5780315e-02
       393 2.1301477e+00 7.3502388e-02 5.4109326e-03 8.1854089e-02
       394 2.1298956e+00 7.4017361e-02 5.4884201e-03 8.5335169e-02
       395 2.1309421e+00 7.3337465e-02 5.3827606e-03 6.8659815e-02
       396 2.1301060e+00 7.3402481e-02 5.3964988e-03 8.0552421e-02
       397 2.1302612e+00 7.3572797e-02 5.4206463e-03 7.7247793e-02
       398 2.1303210e+00 7.3305574e-02 5.3810684e-03 7.0826446e-02
       399 2.1310033e+00 7.2816987e-02 5.3064381e-03 5.8481879e-02
       400 2.1299932e+00 7.3477226e-02 5.4081504e-03 7.6381836e-02
       401 2.1304668e+00 7.3168348e-02 5.3601986e-03 6.7911238e-02
       402 2.1301454e+00 7.3490741e-02 5.4092340e-03 7.2148740e-02
       403 2.1306966e+00 7.2950397e-02 5.3272247e-03 5.8803087e-02
       404 2.1302793e+00 7.2717848e-02 5.2954749e-03 6.6908445e-02
       405 2.1299022e+00 7.3684500e-02 5.4392152e-03 7.1361339e-02
       406 2.1297911e+00 7.3039135e-02 5.3452326e-03 7.6762725e-02
       407 2.1302749e+00 7.3021499e-02 5.3397529e-03 6.2291956e-02
       408 2.1303533e+00 7.3127558e-02 5.3548267e-03 6.0241471e-02
       409 2.1301010e+00 7.3119896e-02 5.3551228e-03 6.4137495e-02
       410 2.1297780e+00 7.3003121e-02 5.3400585e-03 7.2169550e-02
       411 2.1300653e+00 7.3043847e-02 5.3442177e-03 6.3022537e-02
       412 2.1301082e+00 7.2935476e-02 5.3281454e-03 6.0561338e-02
       413 2.1295870e+00 7.3527288e-02 5.4181454e-03 7.1848785e-02
       414 2.1294146e+00 7.3470233e-02 5.4109768e-03 7.6668922e-02
       415 2.1302785e+00 7.3260266e-02 5.3746606e-03 5.3517617e-02
       416 2.1307019e+00 7.2529357e-02 5.2659475e-03 4.3958810e-02
       417 2.1299121e+00 7.3122427e-02 5.3566370e-03 5.8778456e-02
       418 2.1298040e+00 7.3044117e-02 5.3458771e-03 6.3265199e-02
       419 2.1302347e+00 7.3032104e-02 5.3415253e-03 5.2890656e-02
       420 2.1298765e+00 7.2588857e-02 5.2791129e-03 6.2294842e-02
       421 2.1305721e+00 7.2497783e-02 5.2619905e-03 4.4899274e-02
       422 2.1303018e+00 7.2954112e-02 5.3297684e-03 4.5576902e-02
       423 2.1295690e+00 7.3145061e-02 5.3622077e-03 6.4908788e-02
       424 2.1300897e+00 7.2574993e-02 5.2757994e-03 4.9987642e-02
       425 2.1300460e+00 7.2878431e-02 5.3201950e-03 5.0265746e-02
       426 2.1299663e+00 7.2711709e-02 5.2964046e-03 5.2809338e-02
       427 2.1294993e+00 7.2974845e-02 5.3378237e-03 6.2624401e-02
       428 2.1302505e+00 7.2814059e-02 5.3096364e-03 4.2031195e-02
       429 2.1301062e+00 7.2920292e-02 5.3259423e-03 4.6447132e-02
       430 2.1301404e+00 7.2785303e-02 5.3060742e-03 4.4001459e-02
       431 2.1299361e+00 7.3221439e-02 5.3709771e-03 4.9149480e-02
       432 2.1302805e+00 7.2511603e-02 5.2655152e-03 3.9952298e-02
       433 2.1304056e+00 7.2834646e-02 5.3117950e-03 3.5917858e-02
       434 2.1303454e+00 7.2559362e-02 5.2720908e-03 3.6590217e-02
       435 2.1302751e+00 7.2550705e-02 5.2712176e-03 3.6835522e-02
       436 2.1305239e+00 7.2628229e-02 5.2811614e-03 3.3247616e-02
       437 2.1304705e+00 7.2625240e-02 5.2809981e-03 3.1809743e-02
       438 2.1301970e+00 7.3042430e-02 5.3432464e-03 3.7929558e-02
       439 2.1303403e+00 7.2348919e-02 5.2416230e-03 3.2263640e-02
       440 2.1307743e+00 7.2569247e-02 5.2714028e-03 2.6904732e-02
       441 2.1309064e+00 7.2724457e-02 5.2933743e-03 2.6419391e-02
       442 2.1309690e+00 7.2197144e-02 5.2166926e-03 2.5186583e-02
       443 2.1301513e+00 7.2645737e-02 5.2857140e-03 3.6039430e-02
       444 2.1306572e+00 7.2371259e-02 5.2432493e-03 2.5158305e-02
       445 2.1307259e+00 7.2526446e-02 5.2654137e-03 2.5590787e-02
       446 2.1306226e+00 7.2580578e-02 5.2737560e-03 2.5573511e-02
       447 2.1305894e+00 7.1978834e-02 5.1869298e-03 2.3376406e-02
       448 2.1303058e+00 7.2462861e-02 5.2583107e-03 2.8984751e-02
       449 2.1302515e+00 7.2711564e-02 5.2947148e-03 2.9283872e-02
       450 2.1313018e+00 7.1911224e-02 5.1742254e-03 2.5567140e-02
       451 2.1306663e+00 7.2333434e-02 5.2377326e-03 2.3918356e-02
       452 2.1307679e+00 7.2363512e-02 5.2416137e-03 2.0902383e-02
       453 2.1307645e+00 7.2563921e-02 5.2706741e-03 2.1029650e-02
       454 2.1300199e+00 7.2915971e-02 5.3258249e-03 3.4366868e-02
       455 2.1301198e+00 7.2494746e-02 5.2639819e-03 3.1396732e-02
       456 2.1302709e+00 7.2733072e-02 5.2977358e-03 2.7327027e-02
       457 2.1296199e+00 7.2743935e-02 5.3033373e-03 4.6381947e-02
       458 2.1302548e+00 7.2453620e-02 5.2572519e-03 2.6935178e-02
       459 2.1302000e+00 7.2218589e-02 5.2235572e-03 3.0398040e-02
       460 2.1304119e+00 7.2110914e-02 5.2068605e-03 2.3920230e-02
       461 2.1301314e+00 7.2330044e-02 5.2400616e-03 3.1072175e-02
       462 2.1296347e+00 7.2768903e-02 5.3068700e-03 4.4137527e-02
       463 2.1300406e+00 7.2892556e-02 5.3222865e-03 2.8768379e-02
       464 2.1304507e+00 7.2168141e-02 5.2149151e-03 2.1853046e-02
       465 2.1302778e+00 7.2322179e-02 5.2380953e-03 2.4856611e-02
       466 2.1299979e+00 7.2747848e-02 5.3014685e-03 3.2069217e-02
       467 2.1301507e+00 7.2716963e-02 5.2960712e-03 2.5570189e-02
       468 2.1305166e+00 7.2707905e-02 5.2927775e-03 1.8538494e-02
       469 2.1297753e+00 7.2608256e-02 5.2825794e-03 3.5632423e-02
       470 2.1299828e+00 7.2595411e-02 5.2794048e-03 3.0175357e-02
       471 2.1305061e+00 7.2438671e-02 5.2537523e-03 1.6620525e-02
       472 2.1300282e+00 7.2544437e-02 5.2717312e-03 2.8055895e-02
       473 2.1301887e+00 7.2554514e-02 5.2722543e-03 2.4436180e-02
       474 2.1309084e+00 7.1936421e-02 5.1793676e-03 1.6938583e-02
       475 2.1306395e+00 7.2581140e-02 5.2737566e-03 1.8369019e-02
       476 2.1303894e+00 7.2251220e-02 5.2272338e-03 1.9979688e-02
       477 2.1306129e+00 7.2327369e-02 5.2371108e-03 1.5578496e-02
       478 2.1300098e+00 7.2540923e-02 5.2713328e-03 2.9132728e-02
       479 2.1303433e+00 7.2470218e-02 5.2591734e-03 1.8171366e-02
       480 2.1305644e+00 7.2636313e-02 5.2821338e-03 1.6539461e-02
       481 2.1305097e+00 7.2315193e-02 5.2358602e-03 1.6869577e-02
       482 2.1304954e+00 7.2220768e-02 5.2222850e-03 1.6967560e-02
       483 2.1308947e+00 7.2209257e-02 5.2187541e-03 1.7215399e-02
       484 2.1313062e+00 7.1793351e-02 5.1572713e-03 2.5894605e-02
       485 2.1303359e+00 7.2443541e-02 5.2553473e-03 1.7917058e-02
       486 2.1301930e+00 7.2595509e-02 5.2781804e-03 2.0178793e-02
       487 2.1301735e+00 7.2675156e-02 5.2898621e-03 2.1584843e-02
       488 2.1306170e+00 7.2585029e-02 5.2744293e-03 1.4575832e-02
       489 2.1308907e+00 7.2390685e-02 5.2450059e-03 1.7999337e-02
       490 2.1305593e+00 7.2438214e-02 5.2534199e-03 1.4846894e-02
       491 2.1306696e+00 7.2390200e-02 5.2459324e-03 1.4961850e-02
       492 2.1297117e+00 7.2666758e-02 5.2914966e-03 3.4601653e-02
       493 2.1307766e+00 7.2098076e-02 5.2032292e-03 1.5234525e-02
       494 2.1304091e+00 7.2703095e-02 5.2926312e-03 1.6135642e-02
       495 2.1303342e+00 7.2882931e-02 5.3192119e-03 1.6594626e-02
       496 2.1309063e+00 7.2151049e-02 5.2103019e-03 1.7396825e-02
       497 2.1303055e+00 7.2622346e-02 5.2814510e-03 1.6944479e-02
       498 2.1302457e+00 7.2347771e-02 5.2419754e-03 1.7941104e-02
       499 2.1311883e+00 7.1772117e-02 5.1546442e-03 2.3824316e-02
       500 2.1306162e+00 7.2494170e-02 5.2612516e-03 1.4479919e-02
       501 2.1302881e+00 7.2425370e-02 5.2529754e-03 1.7000630e-02
       502 2.1308799e+00 7.2213957e-02 5.2194967e-03 1.7116226e-02
       503 2.1302988e+00 7.2221837e-02 5.2234761e-03 1.7234528e-02
       504 2.1301418e+00 7.2498592e-02 5.2644119e-03 1.9735267e-02
       505 2.1303760e+00 7.2307488e-02 5.2354390e-03 1.5075002e-02
       506 2.1304993e+00 7.2164529e-02 5.2141448e-03 1.4402892e-02
       507 2.1305343e+00 7.2591175e-02 5.2757282e-03 1.3749626e-02
       508 2.1310240e+00 7.1657319e-02 5.1388124e-03 1.9338470e-02
       509 2.1301779e+00 7.2526997e-02 5.2683239e-03 1.9023545e-02
       510 2.1304062e+00 7.1810744e-02 5.1636891e-03 1.4855548e-02
       511 2.1305679e+00 7.2006812e-02 5.1910635e-03 1.3672223e-02
       512 2.1312024e+00 7.1702045e-02 5.1445386e-03 2.5005375e-02
       513 2.1302334e+00 7.2843975e-02 5.3140891e-03 1.6973626e-02
       514 2.1305978e+00 7.2198804e-02 5.2186034e-03 1.3703930e-02
       515 2.1305712e+00 7.2119207e-02 5.2072464e-03 1.3613244e-02
       516 2.1301528e+00 7.2288706e-02 5.2339596e-03 1.9749891e-02
       517 2.1305107e+00 7.2140650e-02 5.2106416e-03 1.3594406e-02
       518 2.1303804e+00 7.2480635e-02 5.2604850e-03 1.4947446e-02
       519 2.1304492e+00 7.1744524e-02 5.1539590e-03 1.3844679e-02
       520 2.1296458e+00 7.2392839e-02 5.2522042e-03 3.3335159e-02
       521 2.1302682e+00 7.1950797e-02 5.1845680e-03 1.6699017e-02
       522 2.1304150e+00 7.2054368e-02 5.1986920e-03 1.4242094e-02
       523 2.1304582e+00 7.2073477e-02 5.2012219e-03 1.4108849e-02
       524 2.1300536e+00 7.2103707e-02 5.2078287e-03 2.0960552e-02
       525 2.1307385e+00 7.1958136e-02 5.1832435e-03 1.4794882e-02
       526 2.1305089e+00 7.1640456e-02 5.1387322e-03 1.3291338e-02
       527 2.1307616e+00 7.1948357e-02 5.1817308e-03 1.4964678e-02
       528 2.1299002e+00 7.2267376e-02 5.2323954e-03 2.4437344e-02
       529 2.1298374e+00 7.2542372e-02 5.2726153e-03 2.7481748e-02
       530 2.1307667e+00 7.1878137e-02 5.1716082e-03 1.4811256e-02
       531 2.1304573e+00 7.2058711e-02 5.1990982e-03 1.3749362e-02
       532 2.1309553e+00 7.1898757e-02 5.1737532e-03 1.8890044e-02
       533 2.1306015e+00 7.2303907e-02 5.2337727e-03 1.4097924e-02
       534 2.1302474e+00 7.2337809e-02 5.2405247e-03 1.6832478e-02
       535 2.1308799e+00 7.2209401e-02 5.2188385e-03 1.8302833e-02
       536 2.1304221e+00 7.2626274e-02 5.2813989e-03 1.3663837e-02
       537 2.1310013e+00 7.1812996e-02 5.1612389e-03 2.1102584e-02
       538 2.1307922e+00 7.2076208e-02 5.2000062e-03 1.5749531e-02
       539 2.1304254e+00 7.2492611e-02 5.2619844e-03 1.3872286e-02
       540 2.1306096e+00 7.2284231e-02 5.2308890e-03 1.3739147e-02
       541 2.1305693e+00 7.2248873e-02 5.2259752e-03 1.3497319e-02
       542 2.1305987e+00 7.2091310e-02 5.2030888e-03 1.3525472e-02
       543 2.1306859e+00 7.1485989e-02 5.1157613e-03 1.3513972e-02
       544 2.1308394e+00 7.2154719e-02 5.2111207e-03 1.7973513e-02
       545 2.1301348e+00 7.2487939e-02 5.2629081e-03 1.7787667e-02
       546 2.1303421e+00 7.2156349e-02 5.2137864e-03 1.4546990e-02
       547 2.1303816e+00 7.2360456e-02 5.2430718e-03 1.4039911e-02
       548 2.1303341e+00 7.2414771e-02 5.2511897e-03 1.5940875e-02
       549 2.1305337e+00 7.2560041e-02 5.2712122e-03 1.3618634e-02
       550 2.1307034e+00 7.1796439e-02 5.1601614e-03 1.4289914e-02
       551 2.1310173e+00 7.1366413e-02 5.0972329e-03 1.9652274e-02
       552 2.1306790e+00 7.2171469e-02 5.2142681e-03 1.4775486e-02
       553 2.1309802e+00 7.1845293e-02 5.1659651e-03 2.0823951e-02
       554 2.1308367e+00 7.1879223e-02 5.1714517e-03 1.7832758e-02
       555 2.1308083e+00 7.2415542e-02 5.2489652e-03 1.7078065e-02
       556 2.1305101e+00 7.1838594e-02 5.1671548e-03 1.3314471e-02
       557 2.1302638e+00 7.2228296e-02 5.2246020e-03 1.5341771e-02
       558 2.1303260e+00 7.2250383e-02 5.2274520e-03 1.4538747e-02
       559 2.1304525e+00 7.2188243e-02 5.2178075e-03 1.3537610e-02
       560 2.1307684e+00 7.1650424e-02 5.1389171e-03 1.5594416e-02
       561 2.1312366e+00 7.1288118e-02 5.0852269e-03 2.7655623e-02
       562 2.1297596e+00 7.2397168e-02 5.2520727e-03 2.7486150e-02
       563 2.1306843e+00 7.1758765e-02 5.1548424e-03 1.4057011e-02
       564 2.1302465e+00 7.2713850e-02 5.2950753e-03 1.5816286e-02
       565 2.1302703e+00 7.2273486e-02 5.2310956e-03 1.5575439e-02
       566 2.1297358e+00 7.2487730e-02 5.2653501e-03 2.8258736e-02
       567 2.1301817e+00 7.2340345e-02 5.2412623e-03 1.7784903e-02
       568 2.1303134e+00 7.2201069e-02 5.2203970e-03 1.5006320e-02
       569 2.1305514e+00 7.2138919e-02 5.2101877e-03 1.3569539e-02
       570 2.1306124e+00 7.1995088e-02 5.1891576e-03 1.3760652e-02
       571 2.1303070e+00 7.2190167e-02 5.2188578e-03 1.5766398e-02
       572 2.1304082e+00 7.1722828e-02 5.1510601e-03 1.3957558e-02
       573 2.1302708e+00 7.2031086e-02 5.1961136e-03 1.5932623e-02
       574 2.1304218e+00 7.2017068e-02 5.1932830e-03 1.3768948e-02
       575 2.1306153e+00 7.1971353e-02 5.1857266e-03 1.3499197e-02
       576 2.1301976e+00 7.2272608e-02 5.2313758e-03 1.6764514e-02
       577 2.1309000e+00 7.1714145e-02 5.1474734e-03 1.7711583e-02
       578 2.1304452e+00 7.1628055e-02 5.1372809e-03 1.3422682e-02
       579 2.1302132e+00 7.2002742e-02 5.1923527e-03 1.7046538e-02
       580 2.1304396e+00 7.2135663e-02 5.2102859e-03 1.3532101e-02
       581 2.1300548e+00 7.2353935e-02 5.2439688e-03 2.0190568e-02
       582 2.1308892e+00 7.1907894e-02 5.1753460e-03 1.9493927e-02
       583 2.1300028e+00 7.2468949e-02 5.2609382e-03 1.9867362e-02
       584 2.1303438e+00 7.2219059e-02 5.2228309e-03 1.4077489e-02
       585 2.1306897e+00 7.2310819e-02 5.2343512e-03 1.5200239e-02
       586 2.1312137e+00 7.1749220e-02 5.1512648e-03 2.7717898e-02
       587 2.1306543e+00 7.2091041e-02 5.2027819e-03 1.4437162e-02
       588 2.1309762e+00 7.1487842e-02 5.1147468e-03 2.1807311e-02
       589 2.1310018e+00 7.1887492e-02 5.1719423e-03 2.1099713e-02
       590 2.1308898e+00 7.2061933e-02 5.1975208e-03 1.8908639e-02
       591 2.1302872e+00 7.2416289e-02 5.2516647e-03 1.5007007e-02
       592 2.1299151e+00 7.2116203e-02 5.2104755e-03 2.2996461e-02
       593 2.1311886e+00 7.1698923e-02 5.1441417e-03 2.6522158e-02
       594 2.1300860e+00 7.2369813e-02 5.2460819e-03 1.8674545e-02
       595 2.1307461e+00 7.1709572e-02 5.1474978e-03 1.5724056e-02
       596 2.1311327e+00 7.1942718e-02 5.1793704e-03 2.5960613e-02
       597 2.1295723e+00 7.2405558e-02 5.2545499e-03 3.3955473e-02
       598 2.1306069e+00 7.2395238e-02 5.2469622e-03 1.4468784e-02
       599 2.1306846e+00 7.1969055e-02 5.1850656e-03 1.4846043e-02
       600 2.1301620e+00 7.2288449e-02 5.2338695e-03 1.6942124e-02
       601 2.1304056e+00 7.1755345e-02 5.1557388e-03 1.3833302e-02
       602 2.1300667e+00 7.2051870e-02 5.2002778e-03 2.0462835e-02
       603 2.1302994e+00 7.1726091e-02 5.1521111e-03 1.5170468e-02
       604 2.1302261e+00 7.2260142e-02 5.2294133e-03 1.5534536e-02
       605 2.1309144e+00 7.2105080e-02 5.2036361e-03 2.0967405e-02
       606 2.1307800e+00 7.1896745e-02 5.1742232e-03 1.7179088e-02
       607 2.1301204e+00 7.2172047e-02 5.2172944e-03 1.8005236e-02
       608 2.1306392e+00 7.1805180e-02 5.1617199e-03 1.4432864e-02
       609 2.1305328e+00 7.1943768e-02 5.1821629e-03 1.3269517e-02
       610 2.1308199e+00 7.2005704e-02 5.1897247e-03 1.8014565e-02
       611 2.1299277e+00 7.2679549e-02 5.2919670e-03 2.2246648e-02
       612 2.1314510e+00 7.1964592e-02 5.1814088e-03 3.7527803e-02
       613 2.1313818e+00 7.1409056e-02 5.1019837e-03 3.2186968e-02
       614 2.1306267e+00 7.2038168e-02 5.1952936e-03 1.4083455e-02
       615 2.1301598e+00 7.2109350e-02 5.2080203e-03 1.7452866e-02
       616 2.1297166e+00 7.2100181e-02 5.2094425e-03 3.0522134e-02
       617 2.1310119e+00 7.2110620e-02 5.2040312e-03 2.2907875e-02
       618 2.1305396e+00 7.1618396e-02 5.1354178e-03 1.3150232e-02
       619 2.1301248e+00 7.2052842e-02 5.2000769e-03 1.8526057e-02
       620 2.1303100e+00 7.1747788e-02 5.1551662e-03 1.4857528e-02
       621 2.1305908e+00 7.1753814e-02 5.1545798e-03 1.3390220e-02
       622 2.1303578e+00 7.2089573e-02 5.2040698e-03 1.4042344e-02
       623 2.1302215e+00 7.2054570e-02 5.1997720e-03 1.6079556e-02
       624 2.1306960e+00 7.2253881e-02 5.2260905e-03 1.4994169e-02
       625 2.1307098e+00 7.1795307e-02 5.1599691e-03 1.4939831e-02
       626 2.1304939e+00 7.2001308e-02 5.1906417e-03 1.3718833e-02
       627 2.1298868e+00 7.2106911e-02 5.2093127e-03 2.5065793e-02
       628 2.1303478e+00 7.1748637e-02 5.1550834e-03 1.4250855e-02
       629 2.1304295e+00 7.2182751e-02 5.2171340e-03 1.3550044e-02
       630 2.1304041e+00 7.2343314e-02 5.2404722e-03 1.3682331e-02
       631 2.1307164e+00 7.2076768e-02 5.2004327e-03 1.5393300e-02
       632 2.1301121e+00 7.2309795e-02 5.2372451e-03 1.7936512e-02
       633 2.1305825e+00 7.1989614e-02 5.1885152e-03 1.3966289e-02
       634 2.1311373e+00 7.1383818e-02 5.0992477e-03 2.5309070e-02
       635 2.1308173e+00 7.2199134e-02 5.2176297e-03 1.8468379e-02
       636 2.1304911e+00 7.1879335e-02 5.1731059e-03 1.3170769e-02
       637 2.1305634e+00 7.2282828e-02 5.2309120e-03 1.3634245e-02
       638 2.1305216e+00 7.1877946e-02 5.1727526e-03 1.3774043e-02
       639 2.1301009e+00 7.1986571e-02 5.1906708e-03 1.8628687e-02
       640 2.1306482e+00 7.2115176e-02 5.2062914e-03 1.5445721e-02
       641 2.1302804e+00 7.2496931e-02 5.2633887e-03 1.4927034e-02
       642 2.1305200e+00 7.1922217e-02 5.1791265e-03 1.3260244e-02
       643 2.1305480e+00 7.1693448e-02 5.1461317e-03 1.3366407e-02
       644 2.1302416e+00 7.2086828e-02 5.2043095e-03 1.6483200e-02
       645 2.1304655e+00 7.2155340e-02 5.2129914e-03 1.3612786e-02
       646 2.1309242e+00 7.1834395e-02 5.1646326e-03 1.8784351e-02
       647 2.1305847e+00 7.1975496e-02 5.1864721e-03 1.3724264e-02
       648 2.1309341e+00 7.1773834e-02 5.1558938e-03 2.0252212e-02
       649 2.1302929e+00 7.2203146e-02 5.2208091e-03 1.4894135e-02
       650 2.1304111e+00 7.2221814e-02 5.2228710e-03 1.3819518e-02
       651 2.1304091e+00 7.1925841e-02 5.1802179e-03 1.3792269e-02
       652 2.1302416e+00 7.1703375e-02 5.1491728e-03 1.6181901e-02
       653 2.1308100e+00 7.1806087e-02 5.1610613e-03 1.7232243e-02
       654 2.1312323e+00 7.1151104e-02 5.0657265e-03 2.7887223e-02
       655 2.1301201e+00 7.2396444e-02 5.2497368e-03 1.8053539e-02
       656 2.1304237e+00 7.1967401e-02 5.1861215e-03 1.3453466e-02
       657 2.1302929e+00 7.2115099e-02 5.2081022e-03 1.4778312e-02
       658 2.1308010e+00 7.1473937e-02 5.1135110e-03 1.8003171e-02
       659 2.1299336e+00 7.2097938e-02 5.2077264e-03 2.3201111e-02
       660 2.1305002e+00 7.1920768e-02 5.1790183e-03 1.3299319e-02
       661 2.1305385e+00 7.1760572e-02 5.1558081e-03 1.3243169e-02
       662 2.1307128e+00 7.1941898e-02 5.1810258e-03 1.5756188e-02
       663 2.1304053e+00 7.1895923e-02 5.1759350e-03 1.3854428e-02
       664 2.1305846e+00 7.1595424e-02 5.1319053e-03 1.3113961e-02
       665 2.1305697e+00 7.2121966e-02 5.2076519e-03 1.3651576e-02
       666 2.1303529e+00 7.2609542e-02 5.2793347e-03 1.3887886e-02
       667 2.1303462e+00 7.1741764e-02 5.1541061e-03 1.4443869e-02
       668 2.1308297e+00 7.1694932e-02 5.1450229e-03 1.8338943e-02
       669 2.1300188e+00 7.2909193e-02 5.3248427e-03 1.9708203e-02
       670 2.1306786e+00 7.1705725e-02 5.1472600e-03 1.4551149e-02
       671 2.1310864e+00 7.1865277e-02 5.1684121e-03 2.4256169e-02
       672 2.1309539e+00 7.1566064e-02 5.1260293e-03 2.0235875e-02
       673 2.1306321e+00 7.1948738e-02 5.1823909e-03 1.4269457e-02
       674 2.1298190e+00 7.2519837e-02 5.2694642e-03 2.6236277e-02
       675 2.1304207e+00 7.1878474e-02 5.1733456e-03 1.3422621e-02
       676 2.1306208e+00 7.1972842e-02 5.1859146e-03 1.4182824e-02
       677 2.1313079e+00 7.1415211e-02 5.1031123e-03 2.9661525e-02
       678 2.1309986e+00 7.1689274e-02 5.1434955e-03 2.0438942e-02
       679 2.1304576e+00 7.1518619e-02 5.1215517e-03 1.3500347e-02
       680 2.1302604e+00 7.2063519e-02 5.2008446e-03 1.5152167e-02
       681 2.1302336e+00 7.1999683e-02 5.1917975e-03 1.5640380e-02
       682 2.1309194e+00 7.1612058e-02 5.1327591e-03 1.9401064e-02
       683 2.1308215e+00 7.1751818e-02 5.1532196e-03 1.7689104e-02
       684 2.1305942e+00 7.1653734e-02 5.1402113e-03 1.3651640e-02
       685 2.1304275e+00 7.1969267e-02 5.1863703e-03 1.3616559e-02
       686 2.1300481e+00 7.1858848e-02 5.1726107e-03 1.9950896e-02
       687 2.1311974e+00 7.1562628e-02 5.1245837e-03 2.6893423e-02
       688 2.1309298e+00 7.1715442e-02 5.1475330e-03 2.0634904e-02
       689 2.1306428e+00 7.1755103e-02 5.1545137e-03 1.3699890e-02
       690 2.1301337e+00 7.1898918e-02 5.1778676e-03 1.7959751e-02
       691 2.1300687e+00 7.1541899e-02 5.1270377e-03 1.9263447e-02
       692 2.1307711e+00 7.1353690e-02 5.0964707e-03 1.6771178e-02
       693 2.1305618e+00 7.2234843e-02 5.2239852e-03 1.3567239e-02
       694 2.1308013e+00 7.1944595e-02 5.1810107e-03 1.7514088e-02
       695 2.1310422e+00 7.1648633e-02 5.1374947e-03 2.2515097e-02
       696 2.1302582e+00 7.1967962e-02 5.1870937e-03 1.5467008e-02
       697 2.1298529e+00 7.1808661e-02 5.1666042e-03 2.5812039e-02
       698 2.1302607e+00 7.1995805e-02 5.1910882e-03 1.5072576e-02
       699 2.1305484e+00 7.1747936e-02 5.1539453e-03 1.3162952e-02
       700 2.1300807e+00 7.1749936e-02 5.1567762e-03 1.8805327e-02
       701 2.1307878e+00 7.1687331e-02 5.1441195e-03 1.6543441e-02
       702 2.1303857e+00 7.2070503e-02 5.2011723e-03 1.3713291e-02
       703 2.1307891e+00 7.1427756e-02 5.1069650e-03 1.5432370e-02
       704 2.1300374e+00 7.1848574e-02 5.1711985e-03 2.0787158e-02
       705 2.1305624e+00 7.1730015e-02 5.1513048e-03 1.3272506e-02
       706 2.1298081e+00 7.1937788e-02 5.1854530e-03 2.6623206e-02
       707 2.1305861e+00 7.1553001e-02 5.1258252e-03 1.3368635e-02
       708 2.1308326e+00 7.1490965e-02 5.1158052e-03 1.7345733e-02
       709 2.1310712e+00 7.1585168e-02 5.1282897e-03 2.3377841e-02
       710 2.1305522e+00 7.2218368e-02 5.2216531e-03 1.3935333e-02
       711 2.1306108e+00 7.1316568e-02 5.0919257e-03 1.3207452e-02
       712 2.1307303e+00 7.1416491e-02 5.1056231e-03 1.4700945e-02
       713 2.1303279e+00 7.1793847e-02 5.1616806e-03 1.4622563e-02
       714 2.1305836e+00 7.0804331e-02 5.0192585e-03 1.3011554e-02
       715 2.1304421e+00 7.1803359e-02 5.1624414e-03 1.3642418e-02
       716 2.1308724e+00 7.1794906e-02 5.1591818e-03 1.7774319e-02
       717 2.1310096e+00 7.1735585e-02 5.1500932e-03 2.1102474e-02
       718 2.1306827e+00 7.1891401e-02 5.1739030e-03 1.5782549e-02
       719 2.1306557e+00 7.1744951e-02 5.1529952e-03 1.4302606e-02
       720 2.1306480e+00 7.1774165e-02 5.1572247e-03 1.4485767e-02
       721 2.1308647e+00 7.1644213e-02 5.1376001e-03 1.8212386e-02
       722 2.1310732e+00 7.1389731e-02 5.1003394e-03 2.2219659e-02
       723 2.1305064e+00 7.1552330e-02 5.1261255e-03 1.3203355e-02
       724 2.1302590e+00 7.2332094e-02 5.2396334e-03 1.5208639e-02
       725 2.1306187e+00 7.1716387e-02 5.1490749e-03 1.3826673e-02
       726 2.1306438e+00 7.1509654e-02 5.1193448e-03 1.3573193e-02
       727 2.1301411e+00 7.1569888e-02 5.1306187e-03 1.8034105e-02
       728 2.1298452e+00 7.2551347e-02 5.2738679e-03 2.4617865e-02
       729 2.1302301e+00 7.1247504e-02 5.0840695e-03 1.7122611e-02
       730 2.1306826e+00 7.1499278e-02 5.1176767e-03 1.3746663e-02
       731 2.1307910e+00 7.1377622e-02 5.0997971e-03 1.5813300e-02
       732 2.1300121e+00 7.1850809e-02 5.1716720e-03 2.1162020e-02
       733 2.1306334e+00 7.1744601e-02 5.1530516e-03 1.3915904e-02
       734 2.1304318e+00 7.1503518e-02 5.1195256e-03 1.3732995e-02
       735 2.1300466e+00 7.2514964e-02 5.2673459e-03 1.9591069e-02
       736 2.1304322e+00 7.2259065e-02 5.2281429e-03 1.3416734e-02
       737 2.1299583e+00 7.1791866e-02 5.1635332e-03 2.3371067e-02
       738 2.1305991e+00 7.1867825e-02 5.1709141e-03 1.3575969e-02
       739 2.1299629e+00 7.2457485e-02 5.2595203e-03 2.0874893e-02
       740 2.1300634e+00 7.1740639e-02 5.1555447e-03 2.0797370e-02
       741 2.1307726e+00 7.1535595e-02 5.1224564e-03 1.5253204e-02
       742 2.1301753e+00 7.2022577e-02 5.1954247e-03 1.7778228e-02
       743 2.1307017e+00 7.1618258e-02 5.1346155e-03 1.4844382e-02
       744 2.1306729e+00 7.1653709e-02 5.1398299e-03 1.4224049e-02
       745 2.1309051e+00 7.1279377e-02 5.0852827e-03 1.8707810e-02
       746 2.1311235e+00 7.1738013e-02 5.1499932e-03 2.5164347e-02
       747 2.1309144e+00 7.1614319e-02 5.1331044e-03 1.9958345e-02
       748 2.1304538e+00 7.2145872e-02 5.2116851e-03 1.3416602e-02
       749 2.1305993e+00 7.1546438e-02 5.1248216e-03 1.3357283e-02
       750 2.1309780e+00 7.1409545e-02 5.1035513e-03 2.0844319e-02
       751 2.1308981e+00 7.1558876e-02 5.1252357e-03 1.9242571e-02
       752 2.1309831e+00 7.1480162e-02 5.1136205e-03 2.0862541e-02
       753 2.1302641e+00 7.1991363e-02 5.1904299e-03 1.5746186e-02
       754 2.1309325e+00 7.1031257e-02 5.0498567e-03 1.7435961e-02
       755 2.1302580e+00 7.2670229e-02 5.2886695e-03 1.4965374e-02
       756 2.1298815e+00 7.2239158e-02 5.2284353e-03 2.4170615e-02
       757 2.1310773e+00 7.1702531e-02 5.1450825e-03 2.4591865e-02
       758 2.1302489e+00 7.1720973e-02 5.1516559e-03 1.5703915e-02
       759 2.1308733e+00 7.1667343e-02 5.1408775e-03 1.7618353e-02
       760 2.1301758e+00 7.1816299e-02 5.1657513e-03 1.7223330e-02
       761 2.1305569e+00 7.1754899e-02 5.1549026e-03 1.3608170e-02
       762 2.1306466e+00 7.1570790e-02 5.1280789e-03 1.3695232e-02
       763 2.1300868e+00 7.1842789e-02 5.1700735e-03 1.9036918e-02
       764 2.1306387e+00 7.1461015e-02 5.1124151e-03 1.3842400e-02
       765 2.1299867e+00 7.2021844e-02 5.1964329e-03 2.1770412e-02
       766 2.1300835e+00 7.2059231e-02 5.2012396e-03 1.9756882e-02
       767 2.1306115e+00 7.1547780e-02 5.1249542e-03 1.4035048e-02
       768 2.1305024e+00 7.1659923e-02 5.1415548e-03 1.3000545e-02
       769 2.1309707e+00 7.1444697e-02 5.1086025e-03 2.0602403e-02
       770 2.1302355e+00 7.1636331e-02 5.1395968e-03 1.6285715e-02
       771 2.1304367e+00 7.1556368e-02 5.1270608e-03 1.3465127e-02
       772 2.1311740e+00 7.1217123e-02 5.0753390e-03 2.5130887e-02
       773 2.1306116e+00 7.2196916e-02 5.2182635e-03 1.4650899e-02
       774 2.1303176e+00 7.2048616e-02 5.1983831e-03 1.4478487e-02
       775 2.1305094e+00 7.2005727e-02 5.1911994e-03 1.3290616e-02
       776 2.1303071e+00 7.1912220e-02 5.1788044e-03 1.4614667e-02
       777 2.1309132e+00 7.1141517e-02 5.0656142e-03 1.7951178e-02
       778 2.1305615e+00 7.1472027e-02 5.1143647e-03 1.3113096e-02
       779 2.1307256e+00 7.1391502e-02 5.1020764e-03 1.4207105e-02
       780 2.1307871e+00 7.1945854e-02 5.1812551e-03 1.5900599e-02
       781 2.1305093e+00 7.1755798e-02 5.1552699e-03 1.3360105e-02
       782 2.1309299e+00 7.1792303e-02 5.1585628e-03 2.1022061e-02
       783 2.1307455e+00 7.1465584e-02 5.1125677e-03 1.4869472e-02
       784 2.1301413e+00 7.1870403e-02 5.1737240e-03 1.8050776e-02
       785 2.1308329e+00 7.1476384e-02 5.1137190e-03 1.6722920e-02
       786 2.1311555e+00 7.1521843e-02 5.1189036e-03 2.5302317e-02
       787 2.1309288e+00 7.1387837e-02 5.1006561e-03 1.9394396e-02
       788 2.1301787e+00 7.1527239e-02 5.1242996e-03 1.7380681e-02
       789 2.1305478e+00 7.1718109e-02 5.1496691e-03 1.3792149e-02
       790 2.1303539e+00 7.1707601e-02 5.1491643e-03 1.5487646e-02
       791 2.1301132e+00 7.1530803e-02 5.1251880e-03 1.9319444e-02
       792 2.1308903e+00 7.1547622e-02 5.1236585e-03 1.8139676e-02
       793 2.1304902e+00 7.1226450e-02 5.0796793e-03 1.3080140e-02
       794 2.1297048e+00 7.1458134e-02 5.1173498e-03 3.0815894e-02
       795 2.1303723e+00 7.1766712e-02 5.1575468e-03 1.3814543e-02
       796 2.1296303e+00 7.1799416e-02 5.1667428e-03 3.3434232e-02
       797 2.1302539e+00 7.2116563e-02 5.2085287e-03 1.5697792e-02
       798 2.1308276e+00 7.1394868e-02 5.1020961e-03 1.7436237e-02
       799 2.1307042e+00 7.1985214e-02 5.1873001e-03 1.5371358e-02
       800 2.1311059e+00 7.1486666e-02 5.1140617e-03 2.4569375e-02
       801 2.1303803e+00 7.1744358e-02 5.1542959e-03 1.4124994e-02
       802 2.1305675e+00 7.1588144e-02 5.1309471e-03 1.3133531e-02
       803 2.1300038e+00 7.1340021e-02 5.0985819e-03 2.2637404e-02
       804 2.1298497e+00 7.1764914e-02 5.1603438e-03 2.5964800e-02
       805 2.1303879e+00 7.1567269e-02 5.1288769e-03 1.3668558e-02
       806 2.1307409e+00 7.1751750e-02 5.1535727e-03 1.5202049e-02
       807 2.1310870e+00 7.1231558e-02 5.0777263e-03 2.2720513e-02
       808 2.1303025e+00 7.1757745e-02 5.1566364e-03 1.5138619e-02
       809 2.1309466e+00 7.1234402e-02 5.0786982e-03 1.8574154e-02
       810 2.1305608e+00 7.1758411e-02 5.1553871e-03 1.3372007e-02
       811 2.1310438e+00 7.1385692e-02 5.0998786e-03 2.2927471e-02
       812 2.1305067e+00 7.2400895e-02 5.2482779e-03 1.3463674e-02
       813 2.1309063e+00 7.0750952e-02 5.0102252e-03 1.6507502e-02
       814 2.1302230e+00 7.1638408e-02 5.1399643e-03 1.6382758e-02
       815 2.1303923e+00 7.1634390e-02 5.1384656e-03 1.4006445e-02
       816 2.1305501e+00 7.1730452e-02 5.1514282e-03 1.3740300e-02
       817 2.1309312e+00 7.1545043e-02 5.1231156e-03 1.8554806e-02
       818 2.1304480e+00 7.1518361e-02 5.1215641e-03 1.3281918e-02
       819 2.1310437e+00 7.1058770e-02 5.0533111e-03 2.0918989e-02
       820 2.1308711e+00 7.1200146e-02 5.0741398e-03 1.6340249e-02
       821 2.1310445e+00 7.0968271e-02 5.0404546e-03 2.1761281e-02
       822 2.1309481e+00 7.0935349e-02 5.0361755e-03 1.9470520e-02
       823 2.1307294e+00 7.1711210e-02 5.1478096e-03 1.5128388e-02
       824 2.1306522e+00 7.1269778e-02 5.0850553e-03 1.3654869e-02
       825 2.1302978e+00 7.2115107e-02 5.2080766e-03 1.4627489e-02
       826 2.1302921e+00 7.0846292e-02 5.0267161e-03 1.6095979e-02
       827 2.1308104e+00 7.1453769e-02 5.1105865e-03 1.6393640e-02
       828 2.1305266e+00 7.1511974e-02 5.1202504e-03 1.3474250e-02
       829 2.1303681e+00 7.1559928e-02 5.1279313e-03 1.3908166e-02
       830 2.1302178e+00 7.1636474e-02 5.1397163e-03 1.6848911e-02
       831 2.1304552e+00 7.1562871e-02 5.1278959e-03 1.3367890e-02
       832 2.1302092e+00 7.1647014e-02 5.1412754e-03 1.7239983e-02
       833 2.1304168e+00 7.1325637e-02 5.0941972e-03 1.3503625e-02
       834 2.1302593e+00 7.1658661e-02 5.1426639e-03 1.6096217e-02
       835 2.1307216e+00 7.1326940e-02 5.0928802e-03 1.5164454e-02
       836 2.1304225e+00 7.1626926e-02 5.1372377e-03 1.3634033e-02
       837 2.1303554e+00 7.1338775e-02 5.0963966e-03 1.4321876e-02
       838 2.1301644e+00 7.1723376e-02 5.1524781e-03 1.8095004e-02
       839 2.1301838e+00 7.1985953e-02 5.1901019e-03 1.7512271e-02
       840 2.1300084e+00 7.1680702e-02 5.1472786e-03 2.1487592e-02
       841 2.1305176e+00 7.1405508e-02 5.1050799e-03 1.2963758e-02
       842 2.1301583e+00 7.1382190e-02 5.1036878e-03 1.7939822e-02
       843 2.1316239e+00 7.0856987e-02 5.0227014e-03 4.0346380e-02
       844 2.1294456e+00 7.2253392e-02 5.2334309e-03 3.8100719e-02
       845 2.1303960e+00 7.1828487e-02 5.1662914e-03 1.3702857e-02
       846 2.1301042e+00 7.1233313e-02 5.0827696e-03 1.9316181e-02
       847 2.1303890e+00 7.1558838e-02 5.1276644e-03 1.3819758e-02
       848 2.1303363e+00 7.1412363e-02 5.1070044e-03 1.4888814e-02
       849 2.1312297e+00 7.1528969e-02 5.1196497e-03 2.7324408e-02
       850 2.1307454e+00 7.1497766e-02 5.1171692e-03 1.5441619e-02
       851 2.1308736e+00 7.1010026e-02 5.0470919e-03 1.6407215e-02
       852 2.1306259e+00 7.1087638e-02 5.0592522e-03 1.3648620e-02
       853 2.1316963e+00 7.1015625e-02 5.0450090e-03 4.2624000e-02
       854 2.1310135e+00 7.1049287e-02 5.0520846e-03 2.0820164e-02
       855 2.1305091e+00 7.1954639e-02 5.1838463e-03 1.3348604e-02
       856 2.1308365e+00 7.1127889e-02 5.0640065e-03 1.5549526e-02
       857 2.1307345e+00 7.1293929e-02 5.0881129e-03 1.4509507e-02
       858 2.1305426e+00 7.1823239e-02 5.1647859e-03 1.3483848e-02
       859 2.1306802e+00 7.1449802e-02 5.1106154e-03 1.5041383e-02
       860 2.1309225e+00 7.1256040e-02 5.0818826e-03 1.8593073e-02
       861 2.1304933e+00 7.1549401e-02 5.1257728e-03 1.3384851e-02
       862 2.1306975e+00 7.0916768e-02 5.0346481e-03 1.3923307e-02
       863 2.1311115e+00 7.1175859e-02 5.0696997e-03 2.2130447e-02
       864 2.1308147e+00 7.1307551e-02 5.0896930e-03 1.5386448e-02
       865 2.1304301e+00 7.1160651e-02 5.0706198e-03 1.3590321e-02
       866 2.1308369e+00 7.1110967e-02 5.0615976e-03 1.6548393e-02
       867 2.1311014e+00 7.0960422e-02 5.0391170e-03 2.2471600e-02
       868 2.1307052e+00 7.1033339e-02 5.0511596e-03 1.4187957e-02
       869 2.1304046e+00 7.1423146e-02 5.1081806e-03 1.3589172e-02
       870 2.1303712e+00 7.1399619e-02 5.1049970e-03 1.3994182e-02
       871 2.1300843e+00 7.1528200e-02 5.1249850e-03 1.8917051e-02
       872 2.1302371e+00 7.1332119e-02 5.0960950e-03 1.6036978e-02
       873 2.1309554e+00 7.1032769e-02 5.0499755e-03 1.9240471e-02
       874 2.1299286e+00 7.1637704e-02 5.1416052e-03 2.3497160e-02
       875 2.1302689e+00 7.1317163e-02 5.0937844e-03 1.5263643e-02
       876 2.1301066e+00 7.1308044e-02 5.0934078e-03 1.9222626e-02
       877 2.1298888e+00 7.1539513e-02 5.1277952e-03 2.5309151e-02
       878 2.1307927e+00 7.1270333e-02 5.0844846e-03 1.5828929e-02
       879 2.1306792e+00 7.1083132e-02 5.0583578e-03 1.4062292e-02
       880 2.1309236e+00 7.1048235e-02 5.0523062e-03 1.7900574e-02
       881 2.1311140e+00 7.0844280e-02 5.0225991e-03 2.3713342e-02
       882 2.1298698e+00 7.1857894e-02 5.1735701e-03 2.5383205e-02
       883 2.1310380e+00 7.1434941e-02 5.1069357e-03 2.1630508e-02
       884 2.1303789e+00 7.1440636e-02 5.1108151e-03 1.4026860e-02
       885 2.1295414e+00 7.1345544e-02 5.1023863e-03 3.6745214e-02
       886 2.1302094e+00 7.1499216e-02 5.1201171e-03 1.7535357e-02
       887 2.1305560e+00 7.1297634e-02 5.0894939e-03 1.2962630e-02
       888 2.1304644e+00 7.1163667e-02 5.0708711e-03 1.3057010e-02
       889 2.1310220e+00 7.1307690e-02 5.0888354e-03 2.0872917e-02
       890 2.1304795e+00 7.1264847e-02 5.0852050e-03 1.3306002e-02
       891 2.1308547e+00 7.1147696e-02 5.0667447e-03 1.7121296e-02
       892 2.1306070e+00 7.0853312e-02 5.0260828e-03 1.2803291e-02
       893 2.1295869e+00 7.1691181e-02 5.1515092e-03 3.4025866e-02
       894 2.1303279e+00 7.1468047e-02 5.1150057e-03 1.4401919e-02
       895 2.1311395e+00 7.0886388e-02 5.0284699e-03 2.3466301e-02
       896 2.1306534e+00 7.1077548e-02 5.0576857e-03 1.3106683e-02
       897 2.1306605e+00 7.0877101e-02 5.0291981e-03 1.3303157e-02
       898 2.1307827e+00 7.0987379e-02 5.0442770e-03 1.5231550e-02
       899 2.1302698e+00 7.1493366e-02 5.1189432e-03 1.5848194e-02
       900 2.1315411e+00 7.0978297e-02 5.0401481e-03 3.6092646e-02
       901 2.1303074e+00 7.1441396e-02 5.1113088e-03 1.5018959e-02
       902 2.1302473e+00 7.1253304e-02 5.0847998e-03 1.6798204e-02
       903 2.1306261e+00 7.1392379e-02 5.1026709e-03 1.3670573e-02
       904 2.1305167e+00 7.1737619e-02 5.1526236e-03 1.2998584e-02
       905 2.1309025e+00 7.0476073e-02 4.9714212e-03 1.6752375e-02
       906 2.1304318e+00 7.1094116e-02 5.0611459e-03 1.3632057e-02
       907 2.1304000e+00 7.1460999e-02 5.1136136e-03 1.3527723e-02
       908 2.1308899e+00 7.1271027e-02 5.0841572e-03 1.8703616e-02
       909 2.1304844e+00 7.1141697e-02 5.0676424e-03 1.3167301e-02
       910 2.1307393e+00 7.1469828e-02 5.1132028e-03 1.4710183e-02
       911 2.1308411e+00 7.0670660e-02 4.9991520e-03 1.4993094e-02
       912 2.1308068e+00 7.0701825e-02 5.0037092e-03 1.5128530e-02
       913 2.1305975e+00 7.1596278e-02 5.1319644e-03 1.3290769e-02
       914 2.1307049e+00 7.0918172e-02 5.0348125e-03 1.3622365e-02
       915 2.1308324e+00 7.0844461e-02 5.0237857e-03 1.6367978e-02
       916 2.1302756e+00 7.1249407e-02 5.0840875e-03 1.5693982e-02
       917 2.1305851e+00 7.0951077e-02 5.0400534e-03 1.2763636e-02
       918 2.1307582e+00 7.1093508e-02 5.0594672e-03 1.4462677e-02
       919 2.1304616e+00 7.1213980e-02 5.0780493e-03 1.3241563e-02
       920 2.1304920e+00 7.1268758e-02 5.0856988e-03 1.2918244e-02
       921 2.1303705e+00 7.1328678e-02 5.0948757e-03 1.3895640e-02
       922 2.1302695e+00 7.1018213e-02 5.0512303e-03 1.6492113e-02
       923 2.1299417e+00 7.1651871e-02 5.1435541e-03 2.3743430e-02
       924 2.1308505e+00 7.0996796e-02 5.0453134e-03 1.6710444e-02
       925 2.1310224e+00 7.1016961e-02 5.0474560e-03 2.0421418e-02
       926 2.1308899e+00 7.1342902e-02 5.0944076e-03 1.9737162e-02
       927 2.1299638e+00 7.1440396e-02 5.1131575e-03 2.3197134e-02
       928 2.1308379e+00 7.1290639e-02 5.0871789e-03 1.7121165e-02
       929 2.1302381e+00 7.1055186e-02 5.0566575e-03 1.6669059e-02
       930 2.1304260e+00 7.1246245e-02 5.0828303e-03 1.3348865e-02
       931 2.1300265e+00 7.1266200e-02 5.0879175e-03 2.0911688e-02
       932 2.1307093e+00 7.0998204e-02 5.0461503e-03 1.4227132e-02
       933 2.1307050e+00 7.1134260e-02 5.0655080e-03 1.4004160e-02
       934 2.1299988e+00 7.1780339e-02 5.1616306e-03 2.1449678e-02
       935 2.1302486e+00 7.1271409e-02 5.0873730e-03 1.6211370e-02
       936 2.1306333e+00 7.0935154e-02 5.0375605e-03 1.3179689e-02
       937 2.1304543e+00 7.0876868e-02 5.0301863e-03 1.3434031e-02
       938 2.1304865e+00 7.1266486e-02 5.0854029e-03 1.3159547e-02
       939 2.1312657e+00 7.0878877e-02 5.0269429e-03 2.8022354e-02
       940 2.1307298e+00 7.0842204e-02 5.0239283e-03 1.4113051e-02
       941 2.1309563e+00 7.1073658e-02 5.0557825e-03 1.9371498e-02
       942 2.1313186e+00 7.1097399e-02 5.0577834e-03 2.9619947e-02
       943 2.1303781e+00 7.1716945e-02 5.1503749e-03 1.4625652e-02
       944 2.1310721e+00 7.1204700e-02 5.0739593e-03 2.2300997e-02
       945 2.1305841e+00 7.1134058e-02 5.0660573e-03 1.3250595e-02
       946 2.1310520e+00 7.0842127e-02 5.0225363e-03 2.3004523e-02
       947 2.1310018e+00 7.0877182e-02 5.0277055e-03 1.8940137e-02
       948 2.1298991e+00 7.1222098e-02 5.0824160e-03 2.6357268e-02
       949 2.1301757e+00 7.1585778e-02 5.1326948e-03 1.7297219e-02
       950 2.1301093e+00 7.1526195e-02 5.1245516e-03 2.0287649e-02
       951 2.1303016e+00 7.1030289e-02 5.0527688e-03 1.5850471e-02
       952 2.1306389e+00 7.1116928e-02 5.0633549e-03 1.3166047e-02
       953 2.1302177e+00 7.1148706e-02 5.0700707e-03 1.7945058e-02
       954 2.1300906e+00 7.1122461e-02 5.0670693e-03 2.0251610e-02
       955 2.1305504e+00 7.1306311e-02 5.0907593e-03 1.3285132e-02
       956 2.1304702e+00 7.1051227e-02 5.0548510e-03 1.3510824e-02
       957 2.1298022e+00 7.1401970e-02 5.1086872e-03 2.7199441e-02
       958 2.1303739e+00 7.0898861e-02 5.0337255e-03 1.4345758e-02
       959 2.1310092e+00 7.1091181e-02 5.0580567e-03 2.1465212e-02
       960 2.1307035e+00 7.0709006e-02 5.0051955e-03 1.3667512e-02
       961 2.1311042e+00 7.0779597e-02 5.0134762e-03 2.3743160e-02
       962 2.1305291e+00 7.0961164e-02 5.0417624e-03 1.3007650e-02
       963 2.1305652e+00 7.1138056e-02 5.0667188e-03 1.2878850e-02
       964 2.1304819e+00 7.1252254e-02 5.0833977e-03 1.3627784e-02
       965 2.1301595e+00 7.1377473e-02 5.1030073e-03 1.7378374e-02
       966 2.1301246e+00 7.1247513e-02 5.0846737e-03 1.8780138e-02
       967 2.1304116e+00 7.1279502e-02 5.0876455e-03 1.3918510e-02
       968 2.1310198e+00 7.0420803e-02 4.9631474e-03 2.0440489e-02
       969 2.1309918e+00 7.1053656e-02 5.0527934e-03 2.0332847e-02
       970 2.1305307e+00 7.0767670e-02 5.0143307e-03 1.3066207e-02
       971 2.1308697e+00 7.1048252e-02 5.0525389e-03 1.7400852e-02
       972 2.1309864e+00 7.0683508e-02 5.0003516e-03 1.8465554e-02
       973 2.1302266e+00 7.1108391e-02 5.0642856e-03 1.6925005e-02
       974 2.1306246e+00 7.0588380e-02 4.9885254e-03 1.2676279e-02
       975 2.1311385e+00 7.0874789e-02 5.0268293e-03 2.3203574e-02
       976 2.1313897e+00 7.0941746e-02 5.0354358e-03 3.2200760e-02
       977 2.1304973e+00 7.0915705e-02 5.0354731e-03 1.3039157e-02
       978 2.1313970e+00 7.0631836e-02 4.9915365e-03 3.0280957e-02
       979 2.1306511e+00 7.1239059e-02 5.0806829e-03 1.3203080e-02
       980 2.1302014e+00 7.0814063e-02 5.0226564e-03 1.7507044e-02
       981 2.1307503e+00 7.0819930e-02 5.0206789e-03 1.4082335e-02
       982 2.1309849e+00 7.1065741e-02 5.0545393e-03 1.8584567e-02
       983 2.1305985e+00 7.1227302e-02 5.0792613e-03 1.3070025e-02
       984 2.1305386e+00 7.1048655e-02 5.0541395e-03 1.2904356e-02
       985 2.1302583e+00 7.1285177e-02 5.0892822e-03 1.6460146e-02
       986 2.1307388e+00 7.1263668e-02 5.0837790e-03 1.5358919e-02
       987 2.1307213e+00 7.0972477e-02 5.0424418e-03 1.3944634e-02
       988 2.1305443e+00 7.1533486e-02 5.1232393e-03 1.3232077e-02
       989 2.1302953e+00 7.1354283e-02 5.0989354e-03 1.5255370e-02
       990 2.1300639e+00 7.1417377e-02 5.1092642e-03 2.0991760e-02
       991 2.1304995e+00 7.0902477e-02 5.0335862e-03 1.3250976e-02
       992 2.1308726e+00 7.0938530e-02 5.0369474e-03 1.6430959e-02
       993 2.1304344e+00 7.1168933e-02 5.0717760e-03 1.3359097e-02
       994 2.1309312e+00 7.0946542e-02 5.0378342e-03 1.8510695e-02
       995 2.1304377e+00 7.1009944e-02 5.0491542e-03 1.3470449e-02
       996 2.1309394e+00 7.0499705e-02 4.9745967e-03 1.7265798e-02
       997 2.1307598e+00 7.0432796e-02 4.9659514e-03 1.4115726e-02
       998 2.1304329e+00 7.1008501e-02 5.0489742e-03 1.3315005e-02
       999 2.1304502e+00 7.0910614e-02 5.0349920e-03 1.3164851e-02
      1000 2.1305324e+00 7.0720213e-02 5.0076077e-03 1.2793937e-02

Final Weights:        -0.3924434983        -0.2219774716         0.2321598739         0.3828023115 