# Initial Weights:         0.4249990945        0.4271107754        0.4284777393        0.4321970766
# Cycles, Avg Output L, Var Output L, Avg Output S, Var Output S, MSE, || MSE Gradient ||
         0  2.6303097e-01  9.2088351e-03  2.8597439e-01  1.8799138e-02  5.2640029e-04  7.7438030e-03
         1  2.6694603e-01  9.4129896e-03  2.8502227e-01  1.8820471e-02  3.2675039e-04  7.9707371e-03
         2  2.6907374e-01  8.9165630e-03  2.9782125e-01  1.8332972e-02  8.2641919e-04  7.1785760e-03
         3  2.6864349e-01  9.5712457e-03  2.8220503e-01  2.0472525e-02  1.8391521e-04  6.9960588e-03
         4  2.7131244e-01  8.9373042e-03  2.8037368e-01  2.1762010e-02  8.2106092e-05  5.4887635e-03
         5  2.7451032e-01  8.7144766e-03  2.8350913e-01  2.2622557e-02  8.0978679e-05  5.4008489e-03
         6  2.7599163e-01  1.0051085e-02  2.9490724e-01  2.1608949e-02  3.5780026e-04  8.4047528e-03
         7  2.8109967e-01  9.7643578e-03  2.9336588e-01  2.1704753e-02  1.5045998e-04  7.0473819e-03
         8  2.9744027e-01  8.3904696e-03  2.9574473e-01  2.3198391e-02  2.8748742e-06  1.4561467e-03
         9  2.7977143e-01  1.0960520e-02  3.1332073e-01  1.9923457e-02  1.1255561e-03  6.9183367e-03
        10  2.8820629e-01  1.1329257e-02  3.0581552e-01  2.1394444e-02  3.1008495e-04  8.8933684e-03
        11  2.9919413e-01  1.0158439e-02  3.0998694e-01  2.3001772e-02  1.1648482e-04  7.1668573e-03
        12  3.0058220e-01  1.0749156e-02  3.1456936e-01  2.3132519e-02  1.9564072e-04  8.3913912e-03
        13  3.0265325e-01  1.1586862e-02  3.1739053e-01  2.3767070e-02  2.1718745e-04  8.8192046e-03
        14  3.1225778e-01  1.1760343e-02  3.1930929e-01  2.4763925e-02  4.9723781e-05  5.3581044e-03
        15  3.1173914e-01  1.1903247e-02  3.2383440e-01  2.5154396e-02  1.4629552e-04  8.1666300e-03
        16  3.1950635e-01  1.2469540e-02  3.2615339e-01  2.7201535e-02  4.4183169e-05  5.2198383e-03
        17  3.2716823e-01  1.1948476e-02  3.3547768e-01  2.5929536e-02  6.9046873e-05  6.4811196e-03
        18  3.2742189e-01  1.3068725e-02  3.4036546e-01  2.7636742e-02  1.6753611e-04  9.1112764e-03
        19  3.3504912e-01  1.3445162e-02  3.4184954e-01  2.8408780e-02  4.6245764e-05  5.7517491e-03
        20  3.4041671e-01  1.5083148e-02  3.5108186e-01  2.8252828e-02  1.1374545e-04  8.3275943e-03
        21  3.4914559e-01  1.4811137e-02  3.5870725e-01  3.0038148e-02  9.1425315e-05  7.8191409e-03
        22  3.5582121e-01  1.4594319e-02  3.6496532e-01  3.1088551e-02  8.3614814e-05  7.8001356e-03
        23  3.6409362e-01  1.6442995e-02  3.7506821e-01  3.2551834e-02  1.2044171e-04  9.2723091e-03
        24  3.6563017e-01  1.7233891e-02  3.7404873e-01  3.2248663e-02  7.0872109e-05  7.4559037e-03
        25  3.8301136e-01  1.6037168e-02  3.9991206e-01  3.0781739e-02  2.8563396e-04  1.3595652e-02
        26  3.8410717e-01  1.8051290e-02  3.9265693e-01  3.4748038e-02  7.3098270e-05  8.0761750e-03
        27  3.9875984e-01  1.7671005e-02  4.0607456e-01  3.5715276e-02  5.3505244e-05  7.3271022e-03
        28  4.1563552e-01  1.7559114e-02  3.9297192e-01  4.0652668e-02  5.1363896e-04  3.5095828e-02
        29  4.1035649e-01  1.8536963e-02  4.0188624e-01  4.1020096e-02  7.1745135e-05  1.1080923e-02
        30  4.2418853e-01  1.8410046e-02  4.1479910e-01  3.6827108e-02  8.8161389e-05  1.2867746e-02
        31  4.1894184e-01  1.8704118e-02  4.1343215e-01  3.8507420e-02  3.0356717e-05  7.0469794e-03
        32  4.2216918e-01  1.7044870e-02  4.2517753e-01  3.5968072e-02  9.0502049e-06  3.4588789e-03
        33  4.2220978e-01  1.7343513e-02  4.1248758e-01  4.0271754e-02  9.4521108e-05  1.3223562e-02
        34  4.1765475e-01  1.9229688e-02  4.1795904e-01  3.4744755e-02  9.2589379e-08  3.6193887e-04
        35  4.2083383e-01  1.6957898e-02  4.1814509e-01  3.6404726e-02  7.2293258e-06  3.3189219e-03
        36  4.1444540e-01  1.9419133e-02  4.0903281e-01  3.8774727e-02  2.9296167e-05  6.8722675e-03
        37  4.0927314e-01  1.8132943e-02  4.0753175e-01  3.7461954e-02  3.0324417e-06  2.0619883e-03
        38  4.1062683e-01  1.7637984e-02  4.0626095e-01  3.7066258e-02  1.9060895e-05  5.4149731e-03
        39  4.0568644e-01  1.8527654e-02  4.0773451e-01  3.6492939e-02  4.1946266e-06  2.2700553e-03
        40  3.9749810e-01  1.8112434e-02  4.0156522e-01  3.7164341e-02  1.6541424e-05  4.3298840e-03
        41  3.9042133e-01  1.8639025e-02  4.0399912e-01  3.6195636e-02  1.8435651e-04  1.1857815e-02
        42  3.9496482e-01  1.8543576e-02  3.9651190e-01  3.5457851e-02  2.3934500e-06  1.6889847e-03
        43  4.0315327e-01  1.8726118e-02  4.0185256e-01  3.7012721e-02  1.6918525e-06  1.5146565e-03
        44  3.9622933e-01  1.8151462e-02  3.9762303e-01  3.8628430e-02  1.9424041e-06  1.5218048e-03
        45  3.9772413e-01  1.9386795e-02  3.8767756e-01  3.7133312e-02  1.0093370e-04  1.3104815e-02
        46  3.9702728e-01  1.8869179e-02  3.9144036e-01  3.6014929e-02  3.1213694e-05  6.8340372e-03
        47  3.9571405e-01  1.6576273e-02  3.9159666e-01  3.7490919e-02  1.6952958e-05  4.8905071e-03
        48  3.8829731e-01  1.7602253e-02  3.9053965e-01  3.7451830e-02  5.0280801e-06  2.3801601e-03
        49  3.9110371e-01  1.7053063e-02  3.9853611e-01  3.6599605e-02  5.5240521e-05  7.2922980e-03
        50  3.9062061e-01  1.8084329e-02  3.9594951e-01  3.5480241e-02  2.8397168e-05  5.4190564e-03
        51  3.8823135e-01  1.7660503e-02  3.9837485e-01  3.3889223e-02  1.0289065e-04  9.3383920e-03
        52  3.9758591e-01  1.7431434e-02  3.9192206e-01  3.6743351e-02  3.2079148e-05  6.8712048e-03
        53  3.9160885e-01  1.8331275e-02  3.8464542e-01  3.8322974e-02  4.8489450e-05  8.4890659e-03
        54  3.9509222e-01  1.7860579e-02  3.9614888e-01  3.5893106e-02  1.1165316e-06  1.1743310e-03
        55  3.8439794e-01  1.8086571e-02  4.0156086e-01  3.1678116e-02  2.9456603e-04  1.3888529e-02
        56  3.9127936e-01  1.7749522e-02  3.8896620e-01  3.6681306e-02  5.3506996e-06  2.6369041e-03
        57  3.9921105e-01  1.6900086e-02  3.9259222e-01  3.5885254e-02  4.3808951e-05  8.2349735e-03
        58  3.8888416e-01  1.7255452e-02  3.9724122e-01  3.5945047e-02  6.9840514e-05  8.1050927e-03
        59  3.8877822e-01  1.9270004e-02  3.9034064e-01  3.5168103e-02  2.4411359e-06  1.6708552e-03
        60  3.9248064e-01  1.8188576e-02  3.9281859e-01  3.5477843e-02  1.1420681e-07  3.7308337e-04
        61  3.8786290e-01  1.8821425e-02  4.0002030e-01  3.3411585e-02  1.4780232e-04  1.1004363e-02
        62  3.8953925e-01  1.8261373e-02  3.9339941e-01  3.8259462e-02  1.4900841e-05  3.9695227e-03
        63  4.0752428e-01  1.6342126e-02  3.9767591e-01  3.7872912e-02  9.6990488e-05  1.3034916e-02
        64  4.0307862e-01  1.7262899e-02  4.1198230e-01  3.6070782e-02  7.9275560e-05  8.8318522e-03
        65  4.0158806e-01  1.7036660e-02  3.9528628e-01  3.7856011e-02  3.9712553e-05  7.8045753e-03
        66  3.9745284e-01  1.7338818e-02  4.1048835e-01  3.5471798e-02  1.6992463e-04  1.1781634e-02
        67  3.9855671e-01  1.8557977e-02  3.9147767e-01  3.7644216e-02  5.0112843e-05  8.7300627e-03
        68  3.9903086e-01  1.8323313e-02  3.9544987e-01  3.8687419e-02  1.2823489e-05  4.2105891e-03
        69  4.1056274e-01  1.7564500e-02  4.0176956e-01  3.6361711e-02  7.7320086e-05  1.1573531e-02
        70  4.0725619e-01  1.6036866e-02  4.0520006e-01  3.6061924e-02  4.2276926e-06  2.4444127e-03
        71  3.9906279e-01  1.7892112e-02  3.9991939e-01  3.7731510e-02  7.3376346e-07  9.5365906e-04
        72  3.8974511e-01  1.9294408e-02  4.0184881e-01  3.7896291e-02  1.4649960e-04  1.0854276e-02
        73  3.9088336e-01  1.9738587e-02  3.9954631e-01  3.6730123e-02  7.5046622e-05  8.3382161e-03
        74  3.9441739e-01  1.9142271e-02  3.9188980e-01  3.7117919e-02  6.3887116e-06  2.9244261e-03
        75  4.0325182e-01  1.7401620e-02  4.1165008e-01  3.5188075e-02  7.0530845e-05  8.4275834e-03
        76  3.9426190e-01  2.0363132e-02  3.9784240e-01  3.7634038e-02  1.2819923e-05  3.7661558e-03
        77  3.9809864e-01  2.0612634e-02  4.1394053e-01  3.4978162e-02  2.5096522e-04  1.3749525e-02
        78  4.0809647e-01  1.9379875e-02  4.0468648e-01  3.9192606e-02  1.1628017e-05  4.1364619e-03
        79  4.2714295e-01  1.7132083e-02  3.9384551e-01  3.9189666e-02  1.1087192e-03  5.8723319e-02
        80  4.0986788e-01  1.6839395e-02  3.9244479e-01  4.0566816e-02  3.0356406e-04  2.5210933e-02
        81  4.0272316e-01  1.5870283e-02  3.9546054e-01  3.6669177e-02  5.2745628e-05  9.2153711e-03
        82  3.8599845e-01  1.6849958e-02  4.0248888e-01  3.3179022e-02  2.7193433e-04  1.3423753e-02
        83  3.9128922e-01  1.7180324e-02  3.9008132e-01  3.5925358e-02  1.4590243e-06  1.3635741e-03
        84  3.8544509e-01  1.6434776e-02  3.8936417e-01  3.3206142e-02  1.5359218e-05  4.0058880e-03
        85  3.7847221e-01  1.6239881e-02  3.8533192e-01  3.2626190e-02  4.7055572e-05  6.5459074e-03
        86  3.8488133e-01  1.5978587e-02  3.8273468e-01  3.3843228e-02  4.6080801e-06  2.4069351e-03
        87  3.6134978e-01  1.7838554e-02  3.6735595e-01  3.4985369e-02  3.6074146e-05  5.4953091e-03
        88  3.7778463e-01  1.5916146e-02  3.6021830e-01  3.5014650e-02  3.0857578e-04  2.3921907e-02
        89  3.7033525e-01  1.5371516e-02  3.7351199e-01  3.0678309e-02  1.0091723e-05  3.1175581e-03
        90  3.7330022e-01  1.5501982e-02  3.7487366e-01  3.0541793e-02  2.4757253e-06  1.6204707e-03
        91  3.6982177e-01  1.4127323e-02  3.6741439e-01  3.0471959e-02  5.7954866e-06  2.6320099e-03
        92  3.7059547e-01  1.3809599e-02  3.6537027e-01  3.2256985e-02  2.7302707e-05  5.9367583e-03
        93  3.5790202e-01  1.4386120e-02  3.6744251e-01  3.1034815e-02  9.1020995e-05  8.1363893e-03
        94  3.6029877e-01  1.4430536e-02  3.6406115e-01  3.1189013e-02  1.4155446e-05  3.5686846e-03
        95  3.5406978e-01  1.4810976e-02  3.5096118e-01  3.2223818e-02  9.6634014e-06  3.2477522e-03
        96  3.6108957e-01  1.3021683e-02  3.5547489e-01  3.0677802e-02  3.1524627e-05  6.3145348e-03
        97  3.4646581e-01  1.4803770e-02  3.5371778e-01  3.1008682e-02  5.2591032e-05  6.1961755e-03
        98  3.4691052e-01  1.4469232e-02  3.5143620e-01  2.9322997e-02  2.0481838e-05  4.0764298e-03
        99  3.4455355e-01  1.4378350e-02  3.6770897e-01  2.7869682e-02  5.3617330e-04  1.3575504e-02
       100  3.4980959e-01  1.4302431e-02  3.5813554e-01  3.0178649e-02  6.9321564e-05  7.0629075e-03
       101  3.5035431e-01  1.5209325e-02  3.5279257e-01  3.1063232e-02  5.9451430e-06  2.3120573e-03
       102  3.4533801e-01  1.5578362e-02  3.7128627e-01  2.7751968e-02  6.7331212e-04  1.3940240e-02
       103  3.5129532e-01  1.4237844e-02  3.6178701e-01  3.0946095e-02  1.1007554e-04  8.5356537e-03
       104  3.5178083e-01  1.5794902e-02  3.6943539e-01  2.9390112e-02  3.1168352e-04  1.2320061e-02
       105  3.7269298e-01  1.3743087e-02  3.7977374e-01  3.0384623e-02  5.0137153e-05  6.6823828e-03
       106  3.7209173e-01  1.4738538e-02  3.7186349e-01  3.2582178e-02  5.2095313e-08  2.4301979e-04
       107  3.6818536e-01  1.6629343e-02  3.6553427e-01  3.2979448e-02  7.0282840e-06  2.9026782e-03
       108  3.7072244e-01  1.7069709e-02  3.7549246e-01  3.4969320e-02  2.2753118e-05  4.5838708e-03
       109  3.7980331e-01  1.5767939e-02  3.8498668e-01  3.4987801e-02  2.6867323e-05  5.1057398e-03
       110  3.8394520e-01  1.6205564e-02  3.9622298e-01  3.2229562e-02  1.5074392e-04  1.0831471e-02
       111  3.9379308e-01  1.5819939e-02  3.7936349e-01  3.6933446e-02  2.0821314e-04  1.9541609e-02
       112  3.8993838e-01  1.6881875e-02  3.9433846e-01  3.6434415e-02  1.9360640e-05  4.5196546e-03
       113  3.9217227e-01  1.6881999e-02  3.8607383e-01  3.6409856e-02  3.7190982e-05  7.3981019e-03
       114  3.9413295e-01  1.7064754e-02  3.8856258e-01  3.5237956e-02  3.1029051e-05  6.7488091e-03
       115  3.8580523e-01  1.9066322e-02  3.8462908e-01  3.6924452e-02  1.3833424e-06  1.3076374e-03
       116  3.8597560e-01  1.8042264e-02  4.0285887e-01  3.3689904e-02  2.8504470e-04  1.3796858e-02
       117  4.0595643e-01  1.6863176e-02  3.9301338e-01  3.6245815e-02  1.6752242e-04  1.7645961e-02
       118  3.9077273e-01  1.7513591e-02  3.9834967e-01  3.4443855e-02  5.7409972e-05  7.4303350e-03
       119  3.8599435e-01  1.7461505e-02  3.7967259e-01  3.8793900e-02  3.9964632e-05  7.4865355e-03
       120  3.9065349e-01  1.7918092e-02  4.0063287e-01  3.3689249e-02  9.9587897e-05  9.3710843e-03
       121  3.9787438e-01  1.6795389e-02  3.7876334e-01  3.8297271e-02  3.6523211e-04  2.7662278e-02
       122  3.8826721e-01  1.9107795e-02  4.0027745e-01  3.3606602e-02  1.4424591e-04  1.0795100e-02
       123  3.8818560e-01  1.7091672e-02  3.9608460e-01  3.5982281e-02  6.2394248e-05  7.5727849e-03
       124  3.9008570e-01  1.7906045e-02  4.0118287e-01  3.4006382e-02  1.2314711e-04  1.0277795e-02
       125  3.9375898e-01  1.7429512e-02  4.0047322e-01  3.4446746e-02  4.5081089e-05  6.7663554e-03
       126  3.9983242e-01  1.7041136e-02  4.0019480e-01  3.4069863e-02  1.3131699e-07  4.0957765e-04
       127  3.9108606e-01  1.8377692e-02  3.9403185e-01  3.6043883e-02  8.6776766e-06  3.1244797e-03
       128  4.0429112e-01  1.6630080e-02  3.9802005e-01  3.5813862e-02  3.9326360e-05  7.8394907e-03
       129  4.0750239e-01  1.7114575e-02  3.9549467e-01  3.6210243e-02  1.4418547e-04  1.6237196e-02
       130  4.0142455e-01  1.7764154e-02  4.0092380e-01  3.6431911e-02  2.5075393e-07  5.7713206e-04
       131  3.9950868e-01  1.7738189e-02  3.8770398e-01  3.7933248e-02  1.3935114e-04  1.5719342e-02
       132  3.9749969e-01  1.8315351e-02  3.9141551e-01  3.5744884e-02  3.7017248e-05  7.4756464e-03
       133  3.9314903e-01  1.6302042e-02  3.8809683e-01  3.6498068e-02  2.5524783e-05  6.0700314e-03
       134  3.8830290e-01  1.6002311e-02  3.7751199e-01  3.8269073e-02  1.1644374e-04  1.3748815e-02
       135  3.8445807e-01  1.6545287e-02  3.8231419e-01  3.7805786e-02  4.5961944e-06  2.4123283e-03
       136  3.7865146e-01  1.5333016e-02  3.8958467e-01  3.2586081e-02  1.1953523e-04  9.8755907e-03
       137  3.6813468e-01  1.7897736e-02  3.8262894e-01  3.3024599e-02  2.1008363e-04  1.1598225e-02
       138  3.7363857e-01  1.6505036e-02  3.8716081e-01  3.2817775e-02  1.8285102e-04  1.1281576e-02
       139  3.7330965e-01  1.5653825e-02  3.7794556e-01  3.1825730e-02  2.1491686e-05  4.5552325e-03
       140  3.7690958e-01  1.6227599e-02  3.8226524e-01  3.3337465e-02  2.8683132e-05  5.2488400e-03
       141  3.6976087e-01  1.6831665e-02  3.7493951e-01  3.3722146e-02  2.6818339e-05  4.9920158e-03
       142  3.8497514e-01  1.5906030e-02  3.8411340e-01  3.1814183e-02  7.4260095e-07  9.6093594e-04
       143  3.8323722e-01  1.5331428e-02  3.8282482e-01  3.4427766e-02  1.7006730e-07  4.5232068e-04
       144  3.7678041e-01  1.7366107e-02  3.8058740e-01  3.2981865e-02  1.4493181e-05  3.8093444e-03
       145  3.7858863e-01  1.6281901e-02  3.8944360e-01  3.3038336e-02  1.1783035e-04  9.6421466e-03
       146  3.8962966e-01  1.6007771e-02  3.9041998e-01  3.4591419e-02  6.2461359e-07  8.6648387e-04
       147  3.8626880e-01  1.6116101e-02  3.7983286e-01  3.4839325e-02  4.1421271e-05  7.6945931e-03
       148  3.8362211e-01  1.7538440e-02  3.8555173e-01  3.4443260e-02  3.7234487e-06  2.0270342e-03
       149  3.9015229e-01  1.6128718e-02  3.8653301e-01  3.5266510e-02  1.3099189e-05  4.1860300e-03
       150  3.8799662e-01  1.7760855e-02  3.9448609e-01  3.4314436e-02  4.2113095e-05  6.4300000e-03
       151  3.8461194e-01  1.7248478e-02  3.8907635e-01  3.5656688e-02  1.9930906e-05  4.5199586e-03
       152  3.8708160e-01  1.7842452e-02  3.9151801e-01  3.4522306e-02  1.9681694e-05  4.4901371e-03
       153  3.9120759e-01  1.8009923e-02  4.0404928e-01  3.3796405e-02  1.6490885e-04  1.1548551e-02
       154  3.9953768e-01  1.8079645e-02  3.8877532e-01  3.7019422e-02  1.1582826e-04  1.4084389e-02
       155  3.9861486e-01  1.7212173e-02  3.8049812e-01  3.7531414e-02  3.2821616e-04  2.5703942e-02
       156  4.0055356e-01  1.6814142e-02  4.0020826e-01  3.5398601e-02  1.1922934e-07  3.9554981e-04
       157  3.9375911e-01  1.6792357e-02  4.0882582e-01  3.2329469e-02  2.2700573e-04  1.2965571e-02
       158  3.8833854e-01  1.7642207e-02  4.0019427e-01  3.4491221e-02  1.4055828e-04  1.0647904e-02
       159  3.9538979e-01  1.6897620e-02  3.9090920e-01  3.5316427e-02  2.0075748e-05  5.3518088e-03
       160  3.8055740e-01  1.9543446e-02  3.8820866e-01  3.6600113e-02  5.8541776e-05  7.2809616e-03
       161  4.0131321e-01  1.6414378e-02  3.9366131e-01  3.8181696e-02  5.8551584e-05  9.5723022e-03
       162  3.9865033e-01  1.7180455e-02  3.9240645e-01  3.6261177e-02  3.8986004e-05  7.6676253e-03
       163  3.9786910e-01  1.6782848e-02  3.9499317e-01  3.6914042e-02  8.2709760e-06  3.3771693e-03
       164  3.9104765e-01  1.7592702e-02  3.9745161e-01  3.5614656e-02  4.1010693e-05  6.3607322e-03
       165  3.8876514e-01  1.8036606e-02  3.9618133e-01  3.4128661e-02  5.4999876e-05  7.2390991e-03
       166  3.9803399e-01  1.6894491e-02  3.8783114e-01  3.5270769e-02  1.0409813e-04  1.3217070e-02
       167  4.0084457e-01  1.6228862e-02  3.9481837e-01  3.4270966e-02  3.6315155e-05  7.4584680e-03
       168  3.8977766e-01  1.7627021e-02  3.9037306e-01  3.6252143e-02  3.5450376e-07  6.5038040e-04
       169  3.9055257e-01  1.7102436e-02  3.9678047e-01  3.3464104e-02  3.8786695e-05  6.2936554e-03
       170  3.9533021e-01  1.5898197e-02  3.9340298e-01  3.5540831e-02  3.7142292e-06  2.2123290e-03
       171  3.8872159e-01  1.6504590e-02  3.8872542e-01  3.2713450e-02  1.4649913e-11  4.1954548e-06
       172  3.8610272e-01  1.6544173e-02  4.0360634e-01  3.2973580e-02  3.0637651e-04  1.4126569e-02
       173  3.9101977e-01  1.6235171e-02  3.8857834e-01  3.4915704e-02  5.9605784e-06  2.8067402e-03
       174  3.9272228e-01  1.6739905e-02  3.7962883e-01  3.6599069e-02  1.7143837e-04  1.7359140e-02
       175  3.8822283e-01  1.6978347e-02  3.9805400e-01  3.4074734e-02  9.6651937e-05  9.1621606e-03
       176  3.8639615e-01  1.6680627e-02  3.8239612e-01  3.6135133e-02  1.6000253e-05  4.7132471e-03
       177  3.8256880e-01  1.7506927e-02  3.8028803e-01  3.6859127e-02  5.2018933e-06  2.5322785e-03
       178  3.9353669e-01  1.6750809e-02  3.8393460e-01  3.4640293e-02  9.2200052e-05  1.2182341e-02
       179  3.8296591e-01  1.6865323e-02  3.8933766e-01  3.3837129e-02  4.0599180e-05  6.2639476e-03
       180  3.7397939e-01  1.7153520e-02  3.8611151e-01  3.1737934e-02  1.4718828e-04  1.0477013e-02
       181  3.8035938e-01  1.6986743e-02  3.7082840e-01  3.6073592e-02  9.0839589e-05  1.1683806e-02
       182  3.8093394e-01  1.6929117e-02  3.6560982e-01  3.8713409e-02  2.3482839e-04  2.0259096e-02
       183  3.8529194e-01  1.5874550e-02  3.7496427e-01  3.4492168e-02  1.0666082e-04  1.3116468e-02
       184  3.7848765e-01  1.6178338e-02  3.7021965e-01  3.2972703e-02  6.8359701e-05  1.0008056e-02
       185  3.6921435e-01  1.5451277e-02  3.7573972e-01  3.2116853e-02  4.2580419e-05  6.0524433e-03
       186  3.7350442e-01  1.4209339e-02  3.7515810e-01  3.0795011e-02  2.7346363e-06  1.7121868e-03
       187  3.6636675e-01  1.5184253e-02  3.5338249e-01  3.2426081e-02  1.6859094e-04  1.6349949e-02
       188  3.6241388e-01  1.5185619e-02  3.6215284e-01  3.1302510e-02  6.8138562e-08  2.6847534e-04
       189  3.6367584e-01  1.4040467e-02  3.6509257e-01  2.8932250e-02  2.0071166e-06  1.4143871e-03
       190  3.5902834e-01  1.4442101e-02  3.5722970e-01  2.9964925e-02  3.2350976e-06  1.8915912e-03
       191  3.4555996e-01  1.4330774e-02  3.5731861e-01  3.0670911e-02  1.3826577e-04  9.1898064e-03
       192  3.5310332e-01  1.4001165e-02  3.4279884e-01  3.2951468e-02  1.0618245e-04  1.1994696e-02
       193  3.4481843e-01  1.4344639e-02  3.5076865e-01  2.8884369e-02  3.5405073e-05  5.2238313e-03
       194  3.5508616e-01  1.2549196e-02  3.5809656e-01  2.7787282e-02  9.0624892e-06  2.8996834e-03
       195  3.5346293e-01  1.2065056e-02  3.5050227e-01  2.8231482e-02  8.7654978e-06  3.1310101e-03
       196  3.3991140e-01  1.3229852e-02  3.6034299e-01  2.5984451e-02  4.1744982e-04  1.2768851e-02
       197  3.3788465e-01  1.4118805e-02  3.4981432e-01  2.8256122e-02  1.4231704e-04  9.0485782e-03
       198  3.4702380e-01  1.2974338e-02  3.4600963e-01  2.8533191e-02  1.0285452e-06  1.0249321e-03
       199  3.3973167e-01  1.3143248e-02  3.5523676e-01  2.7445918e-02  2.4040783e-04  1.0796690e-02
       200  3.4169066e-01  1.3860374e-02  3.5713966e-01  2.6519581e-02  2.3867168e-04  1.1075856e-02
       201  3.4036130e-01  1.3718996e-02  3.5050957e-01  2.9647151e-02  1.0298736e-04  8.0833088e-03
       202  3.3917684e-01  1.4397181e-02  3.5092612e-01  2.8658682e-02  1.3804546e-04  8.8569607e-03
       203  3.4483867e-01  1.5605005e-02  3.6851080e-01  2.7636044e-02  5.6036997e-04  1.3680683e-02
       204  3.5474378e-01  1.4912570e-02  3.5505416e-01  3.0516735e-02  9.6337491e-08  3.1052390e-04
       205  3.6192654e-01  1.4163141e-02  3.5998741e-01  3.0257061e-02  3.7602054e-06  2.0312462e-03
       206  3.5854586e-01  1.6029432e-02  3.6574986e-01  3.1369497e-02  5.1897651e-05  6.4366631e-03
       207  3.7952954e-01  1.3560377e-02  3.7559948e-01  3.1385784e-02  1.5445355e-05  4.4987268e-03
       208  3.7314375e-01  1.4945141e-02  3.6989060e-01  3.1303222e-02  1.0582988e-05  3.6639228e-03
       209  3.7268665e-01  1.5697936e-02  3.6813971e-01  3.3609167e-02  2.0674703e-05  5.1443934e-03
       210  3.7409313e-01  1.5593986e-02  3.8113734e-01  3.0409226e-02  4.9620913e-05  6.6108175e-03
       211  3.6913827e-01  1.5514054e-02  3.7634226e-01  3.2098394e-02  5.1897387e-05  6.6580077e-03
       212  3.7243431e-01  1.6878096e-02  3.7204801e-01  3.3420136e-02  1.4922258e-07  4.1130716e-04
       213  3.8178969e-01  1.5752525e-02  3.8406910e-01  3.1483671e-02  5.1956755e-06  2.3716951e-03
       214  3.8398496e-01  1.5549442e-02  3.8909003e-01  3.1667183e-02  2.6061789e-05  5.1240192e-03
       215  3.8689032e-01  1.4849348e-02  3.7646823e-01  3.5156704e-02  1.0861978e-04  1.3209912e-02
       216  3.7332752e-01  1.8401723e-02  3.8634104e-01  3.5126116e-02  1.6935175e-04  1.0785091e-02
       217  3.9282643e-01  1.5436074e-02  3.9364517e-01  3.3250141e-02  6.7034569e-07  9.0871999e-04
       218  3.7988121e-01  1.7594752e-02  3.8725046e-01  3.4230475e-02  5.4305811e-05  7.0550146e-03
       219  3.9313361e-01  1.5865684e-02  3.9304858e-01  3.4782334e-02  7.2309902e-09  9.5242374e-05
       220  3.8802784e-01  1.7650608e-02  3.6950750e-01  3.9724034e-02  3.4300310e-04  2.6003921e-02
       221  3.9264830e-01  1.7474755e-02  3.8285218e-01  3.8034129e-02  9.5964003e-05  1.2443393e-02
       222  3.8809354e-01  1.8828987e-02  3.8740089e-01  3.7067238e-02  4.7975845e-07  7.7108695e-04
       223  3.8634205e-01  1.6520087e-02  3.8574460e-01  3.7006468e-02  3.5694020e-07  6.5684042e-04
       224  3.8452025e-01  1.7350623e-02  3.9735091e-01  3.2498384e-02  1.6462567e-04  1.1360755e-02
       225  3.8475394e-01  1.7275715e-02  3.7206655e-01  3.7474350e-02  1.6096968e-04  1.6423443e-02
       226  3.8973917e-01  1.5685197e-02  3.8757549e-01  3.3574821e-02  4.6815098e-06  2.4591900e-03
       227  3.8965849e-01  1.5487538e-02  3.8889568e-01  3.2510363e-02  5.8187201e-07  8.5931668e-04
       228  3.9063231e-01  1.5785978e-02  3.7594930e-01  3.4718004e-02  2.1559086e-04  1.9894433e-02
       229  3.7781403e-01  1.5574232e-02  3.7191730e-01  3.3515131e-02  3.4771443e-05  6.8713794e-03
       230  3.7825649e-01  1.6202649e-02  3.8039056e-01  3.3790337e-02  4.5542682e-06  2.2139406e-03
       231  3.7124284e-01  1.5069445e-02  3.5914381e-01  3.4230814e-02  1.4638647e-04  1.5089958e-02
       232  3.5723169e-01  1.7118503e-02  3.6345155e-01  3.2674941e-02  3.8686740e-05  5.6461784e-03
       233  3.5994766e-01  1.6181830e-02  3.6839481e-01  2.8955461e-02  7.1354260e-05  7.4835173e-03
       234  3.5737809e-01  1.5158065e-02  3.6190764e-01  3.2363275e-02  2.0516861e-05  4.2406189e-03
       235  3.6728196e-01  1.2624224e-02  3.6346837e-01  3.0288720e-02  1.4543495e-05  4.2254856e-03
       236  3.6369376e-01  1.4003216e-02  3.7236519e-01  2.8494494e-02  7.5193854e-05  7.7476908e-03
       237  3.5393863e-01  1.4430866e-02  3.5994348e-01  3.1813337e-02  3.6058193e-05  5.3217665e-03
       238  3.5830423e-01  1.3383692e-02  3.6128227e-01  3.0208209e-02  8.8687254e-06  2.9037327e-03
       239  3.5588310e-01  1.4326524e-02  3.5950114e-01  3.0982045e-02  1.3090258e-05  3.4443367e-03
       240  3.5135096e-01  1.4845239e-02  3.5857430e-01  3.1196354e-02  5.2176510e-05  6.2416017e-03
       241  3.5494155e-01  1.5142369e-02  3.6584639e-01  2.9876494e-02  1.1891550e-04  8.8241425e-03
       242  3.5967318e-01  1.4771571e-02  3.5573972e-01  3.2420243e-02  1.5472106e-05  4.2300533e-03
       243  3.5925903e-01  1.4726166e-02  3.7004010e-01  2.8862510e-02  1.1623139e-04  9.0383719e-03
       244  3.6176040e-01  1.5354156e-02  3.5349748e-01  3.2361162e-02  6.8275730e-05  9.6253882e-03
       245  3.6525416e-01  1.4159344e-02  3.6598835e-01  3.0082800e-02  5.3903112e-07  7.5988877e-04
       246  3.6490240e-01  1.4808909e-02  3.4578134e-01  3.4935618e-02  3.6561480e-04  2.5793030e-02
       247  3.5946990e-01  1.5129013e-02  3.7356348e-01  3.0357429e-02  1.9862897e-04  1.0862097e-02
       248  3.6653437e-01  1.4800640e-02  3.7156039e-01  2.8598325e-02  2.5260816e-05  4.8195621e-03
       249  3.6773744e-01  1.4587298e-02  3.4886883e-01  3.2378110e-02  3.5602448e-04  2.5655737e-02
       250  3.5935272e-01  1.3697565e-02  3.6630653e-01  2.8398074e-02  4.8355509e-05  6.2341137e-03
       251  3.5156855e-01  1.5112898e-02  3.6174606e-01  3.0773895e-02  1.0358181e-04  8.4574884e-03
       252  3.5293690e-01  1.5237982e-02  3.5141851e-01  3.3317462e-02  2.3055240e-06  1.5627194e-03
       253  3.5184702e-01  1.5092081e-02  3.6506607e-01  2.9345736e-02  1.7474338e-04  1.0203691e-02
       254  3.5839509e-01  1.3979718e-02  3.6517413e-01  2.9701385e-02  4.5955384e-05  6.1929088e-03
       255  3.6476461e-01  1.2885040e-02  3.6335683e-01  2.8333299e-02  1.9818473e-06  1.5060499e-03
       256  3.5218499e-01  1.5434233e-02  3.5473893e-01  3.0009221e-02  6.5226256e-06  2.4249326e-03
       257  3.5500814e-01  1.4527876e-02  3.5537842e-01  3.1643983e-02  1.3711194e-07  3.6493404e-04
       258  3.5761553e-01  1.4694021e-02  3.7256893e-01  2.9385501e-02  2.2360419e-04  1.1474477e-02
       259  3.6155238e-01  1.4171405e-02  3.6212047e-01  2.9687902e-02  3.2272607e-07  5.7185325e-04
       260  3.5458691e-01  1.5732225e-02  3.6441923e-01  3.0210730e-02  9.6674472e-05  8.3108854e-03
       261  3.6488238e-01  1.4296223e-02  3.5769322e-01  3.3523542e-02  5.1683984e-05  8.2384514e-03
       262  3.5471424e-01  1.6791997e-02  3.7007122e-01  3.0236983e-02  2.3583685e-04  1.1436322e-02
       263  3.6522836e-01  1.6578702e-02  3.7375463e-01  3.0059032e-02  7.2697224e-05  7.6369892e-03
       264  3.7936117e-01  1.4487527e-02  3.7268239e-01  3.1218000e-02  4.4606189e-05  7.9642269e-03
       265  3.6888965e-01  1.6141336e-02  3.7269476e-01  3.2160683e-02  1.4478912e-05  3.7510644e-03
       266  3.6354076e-01  1.6580296e-02  3.8398717e-01  3.0899834e-02  4.1805549e-04  1.4057401e-02
       267  3.7427803e-01  1.6061630e-02  3.7536812e-01  3.3231612e-02  1.1882879e-06  1.1282238e-03
       268  3.7307622e-01  1.7358804e-02  3.8257665e-01  3.4106095e-02  9.0258285e-05  8.5334232e-03
       269  3.8074881e-01  1.6175291e-02  3.7407023e-01  3.3381867e-02  4.4603533e-05  7.9224969e-03
       270  3.8825744e-01  1.6356114e-02  3.8877493e-01  3.4376524e-02  2.6779963e-07  5.6461225e-04
       271  3.8337406e-01  1.8103606e-02  3.8498758e-01  3.3970729e-02  2.6034572e-06  1.7085949e-03
       272  3.7998742e-01  1.8296958e-02  3.8833103e-01  3.5894889e-02  6.9615895e-05  7.7308924e-03
       273  3.8569166e-01  1.7304149e-02  3.8816035e-01  3.4556803e-02  6.0944100e-06  2.6136114e-03
       274  3.8826230e-01  1.8039500e-02  3.9963349e-01  3.4233574e-02  1.2930410e-04  1.0386209e-02
       275  3.9000548e-01  1.8217771e-02  3.8355828e-01  3.6843258e-02  4.1566385e-05  7.8054117e-03
       276  3.9490658e-01  1.7757542e-02  3.8927268e-01  3.7873649e-02  3.1740894e-05  6.7899298e-03
       277  4.1542533e-01  1.6051620e-02  3.8795155e-01  4.0506015e-02  7.5480858e-04  4.4644604e-02
       278  3.9161935e-01  1.9044014e-02  3.9453970e-01  3.7698047e-02  8.5284427e-06  3.0663908e-03
       279  3.9164798e-01  1.6985260e-02  3.8330262e-01  3.8483310e-02  6.9645065e-05  1.0358921e-02
       280  3.8438327e-01  1.6835729e-02  3.8962191e-01  3.5130303e-02  2.7443370e-05  5.2805687e-03
       281  3.7948756e-01  1.9060901e-02  3.8170490e-01  3.7217084e-02  4.9166385e-06  2.2870030e-03
       282  3.7887637e-01  1.8461086e-02  3.8305353e-01  3.5765649e-02  1.7448725e-05  4.1568481e-03
       283  3.8807971e-01  1.5978259e-02  3.8862309e-01  3.4334523e-02  2.9526694e-07  5.9803756e-04
       284  3.8517957e-01  1.6779523e-02  3.9850123e-01  3.1185878e-02  1.7746647e-04  1.1768044e-02
       285  3.9606126e-01  1.5060148e-02  3.7993542e-01  3.4089427e-02  2.6004274e-04  2.2573132e-02
       286  3.8522077e-01  1.5477873e-02  3.9149965e-01  3.2124600e-02  3.9424303e-05  6.1490001e-03
       287  3.7567731e-01  1.7148286e-02  3.8420991e-01  3.4803618e-02  7.2805279e-05  7.7803269e-03
       288  3.7630057e-01  1.7206209e-02  3.7346106e-01  3.6523069e-02  8.0628201e-06  3.1893062e-03
       289  3.7839562e-01  1.6900892e-02  3.7329377e-01  3.5347365e-02  2.6028846e-05  5.9120785e-03
       290  3.7079049e-01  1.7528360e-02  3.7671166e-01  3.4148938e-02  3.5060221e-05  5.5728281e-03
       291  3.7993133e-01  1.5728866e-02  3.8154927e-01  3.3653457e-02  2.6177268e-06  1.6900245e-03
       292  3.8067087e-01  1.7049186e-02  3.7765868e-01  3.3701298e-02  9.0732910e-06  3.4322671e-03
       293  3.8328314e-01  1.5537107e-02  3.7361779e-01  3.4344975e-02  9.3418963e-05  1.2036437e-02
       294  3.7935875e-01  1.5380921e-02  3.7710909e-01  3.4040208e-02  5.0609418e-06  2.4988426e-03
       295  3.7784297e-01  1.4016736e-02  3.7964721e-01  3.2849967e-02  3.2552672e-06  1.8804781e-03
       296  3.7652909e-01  1.5248220e-02  3.7029063e-01  3.3981029e-02  3.8918333e-05  7.3032401e-03
       297  3.7350255e-01  1.5380871e-02  3.8500804e-01  3.1427746e-02  1.3237649e-04  9.8969290e-03
       298  3.6500110e-01  1.6450800e-02  3.6841624e-01  3.2602063e-02  1.1663175e-05  3.3454819e-03
       299  3.7231009e-01  1.4656109e-02  3.7525585e-01  3.2403636e-02  8.6774776e-06  2.9489342e-03
       300  3.7089214e-01  1.5560345e-02  3.6239487e-01  3.3912719e-02  7.2203594e-05  1.0203596e-02
       301  3.7004738e-01  1.4788684e-02  3.7390260e-01  3.2199835e-02  1.4862668e-05  3.7713008e-03
       302  3.6697098e-01  1.6175111e-02  3.7615460e-01  3.0618502e-02  8.4338866e-05  8.1277861e-03
       303  3.6652865e-01  1.5152269e-02  3.7645686e-01  3.1469606e-02  9.8569380e-05  8.6371833e-03
       304  3.6969878e-01  1.4987648e-02  3.7788293e-01  3.0694980e-02  6.6980364e-05  7.4929327e-03
       305  3.6756167e-01  1.6015141e-02  3.8127471e-01  3.0808149e-02  1.8804729e-04  1.1156983e-02
       306  3.7824021e-01  1.4789846e-02  3.7202512e-01  3.4324419e-02  3.8627303e-05  7.2223658e-03
       307  3.7018526e-01  1.6852532e-02  3.8427520e-01  2.9700278e-02  1.9852633e-04  1.1597835e-02
       308  3.7118298e-01  1.6819814e-02  3.7434178e-01  3.5246554e-02  9.9780504e-06  3.1550239e-03
       309  3.7741931e-01  1.6213614e-02  3.7651747e-01  3.4938765e-02  8.1331749e-07  9.8019882e-04
       310  3.7457318e-01  1.7578517e-02  3.8659060e-01  3.4566633e-02  1.4441848e-04  1.0334620e-02
       311  3.8268237e-01  1.6417351e-02  3.8458253e-01  3.3230573e-02  3.6106001e-06  2.0084860e-03
       312  3.8813290e-01  1.6959263e-02  3.8565023e-01  3.5692848e-02  6.1636481e-06  2.8117313e-03
       313  3.9012789e-01  1.6288278e-02  3.9764600e-01  3.3203904e-02  5.6521887e-05  7.3589765e-03
       314  3.9826522e-01  1.6337146e-02  3.9618587e-01  3.5238798e-02  4.3237040e-06  2.4085219e-03
       315  3.9914588e-01  1.5880552e-02  3.9830575e-01  3.5333186e-02  7.0582841e-07  9.6292707e-04
       316  3.8864867e-01  1.8007702e-02  3.9425324e-01  3.7949202e-02  3.1411135e-05  5.6309917e-03
       317  3.9747631e-01  1.7983537e-02  3.9841712e-01  3.6486015e-02  8.8511101e-07  1.0447861e-03
       318  3.9619748e-01  1.9115658e-02  4.0226133e-01  3.5178558e-02  3.6770260e-05  6.2476608e-03
       319  3.9397526e-01  2.0172300e-02  3.9948081e-01  3.7961343e-02  3.0311030e-05  5.6686834e-03
       320  4.1834009e-01  1.7077398e-02  4.0364266e-01  3.8671492e-02  2.1601451e-04  2.0786021e-02
       321  4.1746112e-01  1.7188160e-02  3.9799945e-01  3.9393586e-02  3.7875654e-04  2.9245029e-02
       322  4.0373856e-01  1.9570513e-02  3.9823128e-01  3.8210783e-02  3.0330181e-05  6.8048103e-03
       323  3.8979984e-01  2.0483356e-02  4.0852673e-01  3.6129879e-02  3.5069619e-04  1.4758166e-02
       324  3.9255014e-01  1.9441041e-02  4.0855492e-01  3.5100462e-02  2.5615295e-04  1.3708828e-02
       325  4.0010718e-01  1.7180361e-02  3.9676020e-01  3.9145559e-02  1.1202292e-05  3.9611540e-03
       326  3.9869719e-01  1.7985177e-02  3.9824321e-01  3.8725291e-02  2.0609548e-07  5.1393132e-04
       327  4.0226319e-01  1.6817609e-02  4.0628323e-01  3.6814319e-02  1.6160682e-05  4.3316624e-03
       328  3.9838113e-01  1.8231137e-02  4.0304863e-01  3.7472790e-02  2.1785540e-05  4.8784744e-03
       329  3.9753495e-01  1.9531300e-02  3.8595669e-01  3.7716650e-02  1.3405596e-04  1.5301524e-02
       330  3.9455866e-01  1.8923011e-02  4.0286252e-01  3.4445968e-02  6.8954082e-05  8.1575182e-03
       331  3.9084234e-01  1.9854412e-02  4.0454616e-01  3.4839011e-02  1.8779464e-04  1.2120137e-02
       332  3.9864097e-01  1.8595396e-02  4.0331199e-01  3.6245350e-02  2.1818354e-05  4.9540462e-03
       333  4.0099460e-01  1.8521293e-02  3.9895732e-01  3.7496355e-02  4.1505172e-06  2.3783741e-03
       334  4.2182843e-01  1.6103101e-02  4.1611416e-01  3.4638299e-02  3.2652906e-05  7.4567146e-03
       335  4.1143092e-01  1.7831973e-02  3.9553862e-01  3.9081297e-02  2.5256539e-04  2.2744513e-02
       336  4.0847182e-01  1.8110190e-02  4.0483738e-01  3.7326466e-02  1.3209182e-05  4.3944397e-03
       337  4.0414558e-01  1.6902256e-02  4.2162485e-01  3.2038396e-02  3.0552473e-04  1.5110129e-02
       338  4.1185297e-01  1.5358368e-02  4.1162303e-01  3.4897508e-02  5.2874772e-08  2.7063402e-04
       339  3.9590741e-01  1.7312072e-02  4.0294352e-01  3.5587406e-02  4.9506938e-05  7.1142932e-03
       340  4.1193486e-01  1.5977017e-02  3.9231448e-01  3.8606359e-02  3.8495965e-04  2.9312656e-02
       341  4.0165415e-01  1.6503172e-02  3.9863855e-01  3.4895310e-02  9.0938087e-06  3.6144734e-03
       342  4.0618069e-01  1.6705689e-02  3.9651300e-01  3.6698173e-02  9.3464135e-05  1.2700798e-02
       343  4.0236256e-01  1.5985561e-02  3.8921877e-01  3.7188994e-02  1.7275922e-04  1.7816407e-02
       344  3.8355251e-01  1.7591478e-02  3.9030881e-01  3.6112010e-02  4.5647540e-05  6.5494704e-03
       345  3.8652152e-01  1.6418446e-02  3.8933431e-01  3.3579785e-02  7.9117954e-06  2.9471085e-03
       346  3.7732711e-01  1.7768736e-02  3.8595388e-01  3.2756569e-02  7.4421049e-05  7.9412881e-03
       347  3.8047517e-01  1.7160350e-02  3.8593234e-01  3.1275384e-02  2.9780782e-05  5.3662688e-03
       348  3.8146355e-01  1.5830078e-02  3.7349041e-01  3.5329944e-02  6.3570937e-05  9.6459867e-03
       349  3.7705827e-01  1.6933250e-02  3.7739116e-01  3.4925263e-02  1.1081757e-07  3.5147714e-04
       350  3.8014135e-01  1.5828220e-02  3.8327907e-01  3.3350927e-02  9.8453006e-06  3.2424427e-03
       351  3.7125873e-01  1.6873135e-02  3.7427907e-01  3.2541636e-02  9.1224037e-06  3.0312037e-03
       352  3.7324290e-01  1.5969865e-02  3.7544286e-01  3.4318787e-02  4.8397931e-06  2.2356973e-03
       353  3.7309740e-01  1.6290503e-02  3.8321806e-01  3.0122440e-02  1.0242777e-04  9.0213309e-03
       354  3.7156709e-01  1.6705691e-02  3.7527122e-01  3.4954591e-02  1.3720583e-05  3.6347142e-03
       355  3.8138565e-01  1.3849701e-02  3.8120403e-01  3.2176871e-02  3.2985831e-08  1.9760216e-04
       356  3.7608835e-01  1.5666983e-02  3.7578258e-01  3.4442265e-02  9.3490953e-08  3.2797208e-04
       357  3.7747111e-01  1.5833204e-02  3.8184973e-01  3.2171208e-02  1.9172282e-05  4.3782337e-03
       358  3.8799338e-01  1.4971057e-02  3.8202371e-01  3.2840379e-02  3.5636986e-05  7.1573366e-03
       359  3.6878952e-01  1.7792278e-02  3.8196211e-01  3.2497037e-02  1.7351716e-04  1.0845965e-02
       360  3.7695850e-01  1.6295342e-02  3.8261136e-01  3.3389680e-02  3.1954771e-05  5.5063017e-03
       361  3.6678910e-01  1.6742939e-02  3.9538621e-01  2.9907167e-02  8.1779490e-04  1.5835487e-02
       362  3.8998268e-01  1.4953948e-02  3.7636135e-01  3.5400313e-02  1.8554069e-04  1.8206211e-02
       363 