# Cycles, Average Predicted Temperature, Stddev Predicted Temperature, Mean Squared Error, || MSE Gradient ||
         0 1.2239888e+00 1.1155460e+00 2.2440685e+00 1.0249429e+00
         1 1.2178511e+00 1.1084677e+00 2.2406370e+00 9.1303993e-01
         2 1.2144253e+00 1.1086300e+00 2.2479009e+00 9.0267979e-01
         3 1.2134529e+00 1.1052134e+00 2.2423011e+00 8.7054198e-01
         4 1.2144515e+00 1.1045811e+00 2.2388870e+00 8.7103144e-01
         5 1.2123815e+00 1.1011333e+00 2.2354653e+00 8.6492078e-01
         6 1.2111169e+00 1.1040703e+00 2.2445015e+00 8.5105317e-01
         7 1.2115042e+00 1.1005178e+00 2.2358855e+00 8.4904716e-01
         8 1.2150670e+00 1.1036288e+00 2.2355419e+00 8.4363615e-01
         9 1.2101034e+00 1.1012026e+00 2.2402311e+00 8.5653224e-01
        10 1.2135141e+00 1.1016880e+00 2.2343975e+00 8.5941637e-01
        11 1.2112008e+00 1.1031645e+00 2.2423322e+00 8.5028916e-01
        12 1.2079589e+00 1.0990713e+00 2.2398940e+00 8.5510788e-01
        13 1.2146314e+00 1.1024174e+00 2.2337486e+00 8.6724486e-01
        14 1.2137773e+00 1.1014183e+00 2.2332713e+00 8.4314608e-01
        15 1.2159083e+00 1.1014909e+00 2.2291311e+00 8.3770612e-01
        16 1.2135674e+00 1.1008010e+00 2.2323360e+00 8.4215790e-01
        17 1.2137008e+00 1.1024478e+00 2.2356948e+00 8.3171834e-01
        18 1.2145264e+00 1.1027816e+00 2.2347637e+00 8.3684518e-01
        19 1.2139123e+00 1.1004782e+00 2.2309286e+00 8.2473071e-01
        20 1.2158317e+00 1.1010159e+00 2.2282393e+00 8.4034732e-01
        21 1.2133305e+00 1.0999441e+00 2.2309288e+00 8.4256548e-01
        22 1.2161862e+00 1.0991647e+00 2.2234517e+00 8.4624214e-01
        23 1.2152917e+00 1.1032558e+00 2.2342657e+00 8.3437813e-01
        24 1.2148668e+00 1.0998817e+00 2.2276891e+00 8.3072926e-01
        25 1.2127972e+00 1.0997954e+00 2.2316797e+00 8.4147051e-01
        26 1.2168666e+00 1.1022030e+00 2.2287696e+00 8.3215402e-01
        27 1.2192084e+00 1.1003466e+00 2.2199702e+00 8.2976381e-01
        28 1.2179614e+00 1.0989577e+00 2.2194225e+00 8.2178690e-01
        29 1.2170210e+00 1.1001656e+00 2.2239716e+00 8.2725937e-01
        30 1.2177259e+00 1.1005460e+00 2.2233898e+00 8.2691925e-01
        31 1.2190039e+00 1.1013110e+00 2.2225044e+00 8.2227961e-01
        32 1.2132950e+00 1.0998631e+00 2.2308223e+00 8.3479060e-01
        33 1.2190219e+00 1.1015235e+00 2.2229363e+00 8.1879987e-01
        34 1.2165661e+00 1.0997412e+00 2.2239541e+00 8.2608272e-01
        35 1.2181426e+00 1.1008291e+00 2.2231748e+00 8.1310019e-01
        36 1.2163813e+00 1.1014952e+00 2.2281872e+00 7.9779758e-01
        37 1.2166442e+00 1.0991229e+00 2.2224371e+00 7.9733427e-01
        38 1.2190006e+00 1.1012181e+00 2.2223062e+00 7.9986374e-01
        39 1.2192009e+00 1.0989580e+00 2.2169311e+00 8.0744006e-01
        40 1.2221216e+00 1.0988423e+00 2.2108172e+00 8.1654667e-01
        41 1.2194956e+00 1.0988951e+00 2.2162010e+00 8.1423676e-01
        42 1.2230944e+00 1.0997220e+00 2.2108034e+00 7.9651381e-01
        43 1.2211740e+00 1.0983160e+00 2.2115601e+00 8.0499777e-01
        44 1.2232312e+00 1.0995294e+00 2.2101062e+00 8.0221366e-01
        45 1.2214581e+00 1.1003084e+00 2.2153711e+00 8.0424553e-01
        46 1.2187293e+00 1.0996866e+00 2.2194810e+00 7.9459165e-01
        47 1.2229909e+00 1.0995080e+00 2.2105398e+00 8.0555736e-01
        48 1.2216711e+00 1.0995665e+00 2.2133121e+00 7.9850412e-01
        49 1.2220226e+00 1.0998973e+00 2.2133353e+00 7.9225064e-01
        50 1.2203724e+00 1.0974597e+00 2.2112879e+00 7.8818792e-01
        51 1.2239478e+00 1.1013491e+00 2.2126774e+00 7.9611654e-01
        52 1.2221501e+00 1.0983002e+00 2.2095691e+00 7.9307234e-01
        53 1.2223188e+00 1.0992926e+00 2.2114121e+00 7.9042651e-01
        54 1.2274354e+00 1.0979490e+00 2.1982375e+00 7.9678709e-01
        55 1.2233400e+00 1.0971201e+00 2.2045959e+00 7.9562614e-01
        56 1.2242547e+00 1.0989495e+00 2.2067840e+00 7.7432983e-01
        57 1.2251332e+00 1.0974533e+00 2.2017424e+00 7.8058872e-01
        58 1.2248435e+00 1.0981872e+00 2.2039325e+00 7.9390321e-01
        59 1.2262938e+00 1.0982134e+00 2.2010944e+00 7.8845322e-01
        60 1.2251240e+00 1.0994989e+00 2.2062547e+00 7.8483136e-01
        61 1.2256641e+00 1.1002671e+00 2.2068660e+00 7.8755722e-01
        62 1.2243179e+00 1.0970588e+00 2.2025058e+00 7.7973294e-01
        63 1.2254861e+00 1.0980124e+00 2.2022652e+00 7.7690009e-01
        64 1.2271127e+00 1.0983545e+00 2.1997713e+00 7.7534782e-01
        65 1.2268671e+00 1.0992385e+00 2.2022036e+00 7.7118574e-01
        66 1.2274273e+00 1.0998357e+00 2.2024002e+00 7.5696267e-01
        67 1.2252931e+00 1.0968299e+00 2.2000550e+00 7.6382680e-01
        68 1.2275759e+00 1.0990216e+00 2.2003143e+00 7.8157901e-01
        69 1.2293448e+00 1.0972090e+00 2.1928118e+00 7.6626150e-01
        70 1.2250482e+00 1.0970593e+00 2.2010476e+00 7.5603670e-01
        71 1.2270273e+00 1.0993737e+00 2.2021815e+00 7.7267558e-01
        72 1.2273877e+00 1.0970422e+00 2.1963422e+00 7.7337649e-01
        73 1.2288123e+00 1.0972273e+00 2.1939114e+00 7.7603570e-01
        74 1.2281228e+00 1.0980068e+00 2.1969954e+00 7.6358739e-01
        75 1.2283995e+00 1.0985121e+00 2.1975541e+00 7.5517606e-01
        76 1.2264137e+00 1.0956429e+00 2.1952161e+00 7.5207997e-01
        77 1.2300514e+00 1.0978787e+00 2.1928770e+00 7.5985566e-01
        78 1.2280017e+00 1.0974488e+00 2.1960114e+00 7.6396546e-01
        79 1.2306774e+00 1.0988426e+00 2.1937507e+00 7.3658928e-01
        80 1.2295182e+00 1.0985788e+00 2.1954749e+00 7.4787609e-01
        81 1.2319650e+00 1.0967639e+00 2.1866309e+00 7.5007681e-01
        82 1.2288909e+00 1.0979691e+00 2.1953836e+00 7.4589141e-01
        83 1.2319178e+00 1.0974990e+00 2.1883376e+00 7.5735911e-01
        84 1.2278613e+00 1.0973433e+00 2.1960592e+00 7.4340338e-01
        85 1.2297900e+00 1.0976063e+00 2.1927988e+00 7.5355209e-01
        86 1.2293854e+00 1.0984069e+00 2.1953612e+00 7.1650067e-01
        87 1.2324716e+00 1.0982223e+00 2.1888272e+00 7.2837109e-01
        88 1.2291855e+00 1.0962787e+00 2.1910880e+00 7.3957048e-01
        89 1.2303644e+00 1.0970106e+00 2.1903498e+00 7.2641059e-01
        90 1.2310753e+00 1.0964562e+00 2.1877218e+00 7.2560512e-01
        91 1.2342823e+00 1.0972670e+00 2.1831434e+00 7.2914171e-01
        92 1.2337554e+00 1.0982625e+00 2.1863721e+00 7.3152049e-01
        93 1.2317161e+00 1.0967576e+00 2.1871108e+00 7.2598648e-01
        94 1.2298713e+00 1.0958448e+00 2.1887733e+00 7.2335153e-01
        95 1.2335148e+00 1.0949571e+00 2.1795989e+00 7.2559386e-01
        96 1.2311306e+00 1.0962573e+00 2.1871758e+00 1.1333864e+00
        97 1.2299002e+00 1.0937125e+00 2.1840471e+00 1.1119233e+00
        98 1.2349316e+00 1.0935859e+00 2.1737941e+00 1.1043195e+00
        99 1.2279255e+00 1.0899861e+00 2.1798390e+00 1.1086177e+00
       100 1.2309198e+00 1.0902656e+00 2.1744934e+00 1.0964180e+00
       101 1.2275760e+00 1.0906741e+00 2.1820354e+00 1.1018505e+00
       102 1.2289884e+00 1.0880514e+00 2.1735091e+00 1.1158674e+00
       103 1.2294459e+00 1.0891984e+00 2.1750964e+00 1.1066988e+00
       104 1.2298170e+00 1.0884839e+00 2.1728024e+00 1.1200319e+00
       105 1.2282565e+00 1.0894120e+00 2.1779286e+00 1.1170271e+00
       106 1.2280168e+00 1.0884101e+00 2.1762238e+00 1.1064945e+00
       107 1.2314387e+00 1.0881107e+00 2.1687691e+00 1.1165260e+00
       108 1.2277041e+00 1.0861564e+00 2.1719460e+00 1.1199022e+00
       109 1.2319010e+00 1.0888855e+00 2.1695385e+00 1.1079870e+00
       110 1.2336760e+00 1.0867575e+00 2.1613905e+00 1.1061370e+00
       111 1.2347734e+00 1.0883287e+00 2.1626362e+00 1.1072054e+00
       112 1.2332434e+00 1.0866946e+00 2.1621107e+00 1.1147096e+00
       113 1.2341757e+00 1.0868688e+00 2.1606431e+00 1.1165362e+00
       114 1.2357446e+00 1.0870150e+00 2.1578581e+00 1.1206743e+00
       115 1.2387750e+00 1.0873989e+00 2.1527138e+00 1.1327272e+00
       116 1.2362766e+00 1.0860545e+00 2.1547200e+00 1.1268985e+00
       117 1.2364073e+00 1.0866406e+00 2.1557355e+00 1.1146729e+00
       118 1.2352511e+00 1.0868256e+00 2.1584220e+00 1.1188955e+00
       119 1.2358287e+00 1.0875908e+00 2.1589442e+00 1.1190488e+00
       120 1.2387886e+00 1.0856114e+00 2.1488026e+00 1.1235337e+00
       121 1.2374466e+00 1.0870352e+00 2.1545416e+00 1.1249994e+00
       122 1.2395105e+00 1.0855001e+00 2.1471396e+00 1.1183979e+00
       123 1.2366729e+00 1.0851541e+00 2.1519825e+00 1.1217788e+00
       124 1.2401192e+00 1.0848302e+00 2.1444876e+00 1.1294987e+00
       125 1.2351803e+00 1.0851106e+00 2.1548371e+00 1.1275412e+00
       126 1.2410599e+00 1.0848769e+00 2.1427392e+00 1.1391096e+00
       127 1.2369130e+00 1.0850857e+00 2.1513602e+00 1.1313555e+00
       128 1.2405704e+00 1.0832485e+00 2.1401707e+00 1.1472104e+00
       129 1.2405180e+00 1.0859107e+00 2.1460487e+00 1.1309181e+00
       130 1.2405071e+00 1.0858902e+00 2.1460255e+00 1.1248482e+00
       131 1.2406019e+00 1.0834399e+00 2.1405236e+00 1.1316932e+00
       132 1.2424520e+00 1.0824328e+00 2.1347079e+00 1.1331133e+00
       133 1.2410989e+00 1.0823718e+00 2.1372333e+00 1.1268212e+00
       134 1.2445564e+00 1.0849798e+00 2.1361024e+00 1.1282555e+00
       135 1.2418144e+00 1.0818326e+00 2.1346607e+00 1.1396824e+00
       136 1.2449274e+00 1.0831108e+00 2.1313237e+00 1.1524822e+00
       137 1.2428599e+00 1.0840863e+00 2.1374896e+00 1.1483830e+00
       138 1.2452476e+00 1.0829086e+00 2.1302589e+00 1.1488339e+00
       139 1.2441617e+00 1.0838337e+00 2.1343899e+00 1.1381334e+00
       140 1.2456243e+00 1.0828926e+00 2.1294872e+00 1.1364503e+00
       141 1.2471659e+00 1.0832069e+00 2.1271546e+00 1.1456115e+00
       142 1.2431858e+00 1.0813578e+00 2.1309419e+00 1.1515891e+00
       143 1.2471833e+00 1.0827339e+00 2.1260959e+00 1.1393645e+00
       144 1.2466106e+00 1.0801170e+00 2.1215549e+00 1.1489190e+00
       145 1.2475462e+00 1.0823116e+00 2.1244731e+00 1.1395301e+00
       146 1.2492365e+00 1.0800558e+00 2.1162977e+00 1.1595365e+00
       147 1.2473808e+00 1.0811906e+00 2.1223707e+00 1.1621515e+00
       148 1.2497038e+00 1.0808494e+00 2.1171020e+00 1.1538804e+00
       149 1.2494026e+00 1.0809664e+00 2.1179419e+00 1.1586099e+00
       150 1.2513442e+00 1.0817646e+00 2.1158880e+00 1.1517343e+00
       151 1.2513244e+00 1.0808181e+00 2.1138797e+00 1.1443197e+00
       152 1.2504889e+00 1.0790901e+00 2.1117731e+00 1.1609727e+00
       153 1.2535105e+00 1.0797752e+00 2.1073794e+00 1.1567081e+00
       154 1.2545769e+00 1.0812964e+00 2.1085984e+00 1.1694450e+00
       155 1.2524792e+00 1.0772136e+00 2.1038563e+00 1.1718980e+00
       156 1.2525773e+00 1.0797458e+00 2.1091277e+00 1.1735632e+00
       157 1.2560320e+00 1.0780320e+00 2.0987311e+00 1.1823674e+00
       158 1.2542232e+00 1.0801896e+00 2.1068919e+00 1.1619040e+00
       159 1.2540906e+00 1.0785150e+00 2.1035340e+00 1.1783237e+00
       160 1.2546118e+00 1.0777297e+00 2.1008303e+00 1.1888129e+00
       161 1.2552953e+00 1.0787387e+00 2.1016816e+00 1.1864394e+00
       162 1.2567992e+00 1.0798147e+00 2.1010934e+00 1.1577500e+00
       163 1.2557452e+00 1.0771727e+00 2.0974342e+00 1.1797666e+00
       164 1.2562442e+00 1.0788596e+00 2.1001055e+00 1.1620336e+00
       165 1.2559820e+00 1.0777730e+00 2.0982694e+00 1.1824057e+00
       166 1.2553676e+00 1.0752547e+00 2.0940372e+00 1.1870245e+00
       167 1.2585587e+00 1.0774904e+00 2.0926793e+00 1.1948368e+00
       168 1.2615729e+00 1.0768099e+00 2.0854038e+00 1.1903749e+00
       169 1.2602800e+00 1.0781549e+00 2.0907918e+00 1.1752342e+00
       170 1.2571788e+00 1.0765010e+00 2.0932141e+00 1.1804104e+00
       171 1.2580125e+00 1.0757374e+00 2.0899594e+00 1.1987859e+00
       172 1.2600046e+00 1.0766273e+00 2.0880310e+00 1.1900339e+00
       173 1.2620557e+00 1.0754687e+00 2.0815881e+00 1.2040632e+00
       174 1.2613452e+00 1.0749333e+00 2.0818039e+00 1.1976324e+00
       175 1.2631588e+00 1.0746387e+00 2.0776828e+00 1.1982492e+00
       176 1.2637577e+00 1.0756937e+00 2.0788011e+00 1.1965368e+00
       177 1.2635147e+00 1.0747542e+00 2.0772476e+00 1.1953440e+00
       178 1.2640872e+00 1.0768696e+00 2.0806998e+00 1.1979366e+00
       179 1.2645710e+00 1.0743856e+00 2.0744277e+00 1.1966174e+00
       180 1.2637422e+00 1.0751572e+00 2.0776770e+00 1.1932848e+00
       181 1.2642326e+00 1.0721269e+00 2.0702288e+00 1.1974503e+00
       182 1.2673272e+00 1.0738571e+00 2.0680123e+00 1.2091135e+00
       183 1.2643037e+00 1.0751916e+00 2.0766733e+00 1.1899410e+00
       184 1.2640268e+00 1.0713238e+00 2.0689023e+00 1.2039864e+00
       185 1.2682563e+00 1.0732247e+00 2.0648782e+00 1.1869563e+00
       186 1.2673110e+00 1.0738774e+00 2.0680870e+00 1.2192226e+00
       187 1.2665543e+00 1.0750079e+00 2.0719643e+00 1.2100994e+00
       188 1.2680700e+00 1.0687650e+00 2.0556816e+00 1.2248205e+00
       189 1.2725667e+00 1.0728329e+00 2.0558183e+00 1.2239991e+00
       190 1.2697752e+00 1.0717768e+00 2.0588718e+00 1.2123130e+00
       191 1.2686057e+00 1.0715456e+00 2.0606091e+00 1.2299464e+00
       192 1.2710384e+00 1.0712674e+00 2.0553715e+00 1.2332524e+00
       193 1.2750296e+00 1.0729099e+00 2.0513040e+00 1.2018315e+00
       194 1.2683240e+00 1.0709971e+00 2.0599722e+00 1.2247761e+00
       195 1.2722204e+00 1.0720299e+00 2.0547550e+00 1.2064609e+00
       196 1.2725454e+00 1.0716957e+00 2.0534200e+00 1.2246220e+00
       197 1.2723415e+00 1.0718832e+00 2.0542100e+00 1.2068019e+00
       198 1.2733448e+00 1.0711242e+00 2.0506752e+00 1.2234319e+00
       199 1.2734013e+00 1.0689976e+00 2.0460165e+00 1.2304567e+00
       200 1.2759689e+00 1.0691311e+00 2.0414283e+00 1.2392526e+00
       201 1.2773478e+00 1.0708303e+00 2.0424522e+00 1.2246983e+00
       202 1.2766224e+00 1.0692897e+00 2.0405288e+00 1.2393066e+00
       203 1.2760372e+00 1.0687408e+00 2.0404642e+00 1.2278137e+00
       204 1.2764669e+00 1.0693035e+00 2.0408528e+00 1.2293870e+00
       205 1.2775532e+00 1.0680487e+00 2.0361139e+00 1.2477895e+00
       206 1.2805802e+00 1.0684062e+00 2.0311585e+00 1.2397461e+00
       207 1.2762907e+00 1.0686267e+00 2.0397399e+00 1.2475785e+00
       208 1.2800031e+00 1.0657313e+00 2.0265388e+00 1.2460677e+00
       209 1.2803738e+00 1.0686109e+00 2.0319852e+00 1.2258986e+00
       210 1.2821973e+00 1.0675158e+00 2.0262086e+00 1.2524739e+00
       211 1.2793999e+00 1.0670991e+00 2.0305951e+00 1.2468157e+00
       212 1.2793720e+00 1.0676582e+00 2.0318413e+00 1.2545882e+00
       213 1.2798914e+00 1.0642436e+00 2.0235809e+00 1.2625681e+00
       214 1.2832135e+00 1.0669802e+00 2.0231528e+00 1.2553716e+00
       215 1.2864499e+00 1.0670066e+00 2.0171313e+00 1.2558752e+00
       216 1.2817002e+00 1.0648306e+00 2.0214194e+00 1.2569394e+00
       217 1.2823088e+00 1.0657194e+00 2.0221664e+00 1.2569652e+00
       218 1.2851586e+00 1.0649101e+00 2.0150842e+00 1.2563278e+00
       219 1.2883775e+00 1.0645846e+00 2.0083587e+00 1.2577265e+00
       220 1.2886190e+00 1.0665747e+00 2.0121480e+00 1.2476789e+00
       221 1.2871686e+00 1.0644904e+00 2.0104212e+00 1.2535679e+00
       222 1.2888966e+00 1.0631454e+00 2.0043255e+00 1.2527222e+00
       223 1.2846854e+00 1.0663964e+00 2.0191404e+00 1.2476091e+00
       224 1.2876418e+00 1.0637105e+00 2.0078753e+00 1.2474204e+00
       225 1.2913780e+00 1.0629364e+00 1.9992477e+00 1.2637069e+00
       226 1.2900265e+00 1.0617767e+00 1.9993057e+00 1.2795289e+00
       227 1.2902157e+00 1.0639990e+00 2.0036766e+00 1.2696482e+00
       228 1.2910776e+00 1.0636042e+00 2.0012279e+00 1.2587042e+00
       229 1.2914771e+00 1.0615801e+00 1.9961814e+00 1.2593449e+00
       230 1.2912447e+00 1.0628823e+00 1.9993813e+00 1.2624367e+00
       231 1.2962297e+00 1.0615605e+00 1.9873004e+00 1.2734599e+00
       232 1.2915321e+00 1.0627880e+00 1.9986447e+00 1.2578905e+00
       233 1.2945986e+00 1.0603932e+00 1.9878520e+00 1.2733467e+00
       234 1.2939980e+00 1.0611759e+00 1.9906290e+00 1.2574241e+00
       235 1.2957614e+00 1.0630787e+00 1.9913951e+00 1.2624032e+00
       236 1.2934676e+00 1.0618946e+00 1.9931416e+00 1.2745998e+00
       237 1.2948712e+00 1.0604211e+00 1.9874046e+00 1.2749938e+00
       238 1.2966862e+00 1.0604775e+00 1.9841555e+00 1.2661099e+00
       239 1.3006921e+00 1.0602292e+00 1.9762172e+00 1.2774958e+00
       240 1.2996391e+00 1.0590352e+00 1.9756319e+00 1.2670205e+00
       241 1.2963700e+00 1.0594661e+00 1.9825979e+00 1.2743644e+00
       242 1.3014007e+00 1.0613751e+00 1.9773406e+00 1.2597562e+00
       243 1.2996777e+00 1.0583640e+00 1.9741394e+00 1.2782067e+00
       244 1.3003430e+00 1.0591391e+00 1.9745515e+00 1.2738733e+00
       245 1.2983029e+00 1.0586811e+00 1.9773537e+00 1.2761718e+00
       246 1.3016909e+00 1.0587276e+00 1.9711922e+00 1.2611254e+00
       247 1.3040957e+00 1.0583805e+00 1.9660282e+00 1.2600745e+00
       248 1.3023985e+00 1.0576936e+00 1.9676994e+00 1.2880444e+00
       249 1.3032502e+00 1.0584601e+00 1.9677526e+00 1.2762174e+00
       250 1.3037861e+00 1.0553634e+00 1.9602204e+00 1.2798442e+00
       251 1.3071711e+00 1.0576291e+00 1.9587907e+00 1.2827095e+00
       252 1.3080375e+00 1.0580064e+00 1.9580015e+00 1.2685789e+00
       253 1.3042791e+00 1.0550074e+00 1.9585623e+00 1.2673649e+00
       254 1.3071481e+00 1.0572732e+00 1.9580803e+00 1.2626972e+00
       255 1.3091501e+00 1.0570585e+00 1.9539601e+00 1.2571154e+00
       256 1.3095661e+00 1.0568810e+00 1.9528239e+00 1.2665574e+00
       257 1.3062088e+00 1.0551033e+00 1.9552195e+00 1.2739707e+00
       258 1.3083807e+00 1.0548852e+00 1.9507783e+00 1.2793931e+00
       259 1.3083580e+00 1.0560487e+00 1.9532758e+00 1.2718539e+00
       260 1.3103116e+00 1.0545347e+00 1.9465075e+00 1.2761062e+00
       261 1.3071966e+00 1.0558530e+00 1.9549903e+00 1.2741164e+00
       262 1.3104560e+00 1.0555179e+00 1.9483183e+00 1.3325129e+00
       263 1.3125636e+00 1.0533657e+00 1.9399339e+00 1.3408413e+00
       264 1.3118884e+00 1.0530115e+00 1.9404190e+00 1.3734824e+00
       265 1.3107625e+00 1.0528060e+00 1.9420408e+00 1.3966273e+00
       266 1.3104950e+00 1.0516558e+00 1.9401087e+00 1.3973660e+00
       267 1.3125241e+00 1.0512806e+00 1.9356176e+00 1.4006072e+00
       268 1.3130903e+00 1.0495813e+00 1.9310160e+00 1.4015310e+00
       269 1.3163996e+00 1.0487397e+00 1.9232334e+00 1.4121699e+00
       270 1.3144880e+00 1.0508973e+00 1.9312364e+00 1.4043489e+00
       271 1.3181230e+00 1.0506201e+00 1.9240563e+00 1.3895467e+00
       272 1.3162641e+00 1.0480206e+00 1.9219714e+00 1.3934700e+00
       273 1.3134486e+00 1.0491433e+00 1.9294444e+00 1.4019702e+00
       274 1.3144180e+00 1.0493821e+00 1.9281815e+00 1.4047742e+00
       275 1.3150887e+00 1.0486163e+00 1.9253554e+00 1.3946120e+00
       276 1.3160585e+00 1.0481141e+00 1.9225407e+00 1.3975916e+00
       277 1.3199324e+00 1.0472197e+00 1.9136486e+00 1.3942625e+00
       278 1.3211836e+00 1.0474229e+00 1.9118140e+00 1.3916144e+00
       279 1.3213050e+00 1.0475290e+00 1.9118172e+00 1.3881765e+00
       280 1.3232318e+00 1.0456345e+00 1.9043776e+00 1.4007902e+00
       281 1.3219268e+00 1.0474300e+00 1.9104877e+00 1.3976250e+00
       282 1.3194532e+00 1.0451491e+00 1.9101827e+00 1.3940905e+00
       283 1.3225968e+00 1.0474263e+00 1.9092719e+00 1.3832275e+00
       284 1.3277182e+00 1.0447850e+00 1.8945412e+00 1.4049976e+00
       285 1.3239037e+00 1.0441807e+00 1.9001296e+00 1.4050640e+00
       286 1.3292623e+00 1.0429810e+00 1.8880099e+00 1.4048786e+00
       287 1.3292254e+00 1.0446659e+00 1.8915934e+00 1.3950471e+00
       288 1.3296459e+00 1.0450168e+00 1.8915746e+00 1.4038813e+00
       289 1.3281280e+00 1.0432672e+00 1.8906377e+00 1.4034786e+00
       290 1.3330897e+00 1.0426869e+00 1.8805636e+00 1.4049322e+00
       291 1.3294949e+00 1.0432679e+00 1.8881925e+00 1.3921807e+00
       292 1.3319896e+00 1.0456794e+00 1.8887741e+00 1.3873356e+00
       293 1.3317184e+00 1.0421223e+00 1.8818313e+00 1.4002117e+00
       294 1.3338899e+00 1.0455291e+00 1.8850741e+00 1.3853191e+00
       295 1.3322934e+00 1.0419100e+00 1.8803632e+00 1.3924936e+00
       296 1.3326926e+00 1.0408187e+00 1.8773789e+00 1.3921352e+00
       297 1.3355718e+00 1.0414125e+00 1.8734921e+00 1.3892747e+00
       298 1.3341513e+00 1.0412453e+00 1.8756695e+00 1.3844303e+00
       299 1.3337194e+00 1.0392718e+00 1.8723321e+00 1.4072293e+00
       300 1.3376518e+00 1.0420677e+00 1.8711665e+00 1.3973846e+00
       301 1.3338220e+00 1.0421920e+00 1.8782279e+00 1.3889892e+00
       302 1.3389744e+00 1.0379306e+00 1.8602189e+00 1.4137910e+00
       303 1.3416998e+00 1.0399057e+00 1.8595075e+00 1.4070561e+00
       304 1.3402551e+00 1.0405012e+00 1.8632972e+00 1.3908513e+00
       305 1.3403093e+00 1.0392474e+00 1.8605937e+00 1.4100649e+00
       306 1.3390233e+00 1.0399149e+00 1.8642558e+00 1.4108855e+00
       307 1.3411045e+00 1.0400725e+00 1.8609049e+00 1.3962924e+00
       308 1.3362039e+00 1.0367118e+00 1.8626009e+00 1.4101069e+00
       309 1.3406000e+00 1.0388652e+00 1.8592859e+00 1.3996694e+00
       310 1.3436731e+00 1.0383880e+00 1.8528758e+00 1.3975251e+00
       311 1.3437988e+00 1.0364347e+00 1.8486018e+00 1.4060588e+00
       312 1.3465749e+00 1.0394131e+00 1.8499063e+00 1.4002340e+00
       313 1.3479142e+00 1.0374750e+00 1.8435331e+00 1.3946969e+00
       314 1.3500233e+00 1.0374175e+00 1.8397236e+00 1.3922289e+00
       315 1.3458693e+00 1.0374331e+00 1.8470326e+00 1.3948665e+00
       316 1.3472412e+00 1.0354943e+00 1.8406067e+00 1.4034422e+00
       317 1.3459099e+00 1.0356200e+00 1.8432025e+00 1.3978349e+00
       318 1.3474833e+00 1.0354197e+00 1.8400278e+00 1.4021181e+00
       319 1.3510814e+00 1.0357356e+00 1.8343888e+00 1.3994456e+00
       320 1.3514400e+00 1.0366084e+00 1.8355718e+00 1.3911969e+00
       321 1.3502655e+00 1.0342771e+00 1.8327944e+00 1.3963261e+00
       322 1.3499882e+00 1.0346473e+00 1.8340449e+00 1.3942698e+00
       323 1.3531315e+00 1.0349739e+00 1.8292374e+00 1.3950815e+00
       324 1.3573490e+00 1.0323378e+00 1.8164616e+00 1.3949015e+00
       325 1.3566678e+00 1.0336392e+00 1.8203310e+00 1.3897707e+00
       326 1.3553768e+00 1.0338542e+00 1.8230162e+00 1.3880269e+00
       327 1.3567288e+00 1.0308724e+00 1.8145132e+00 1.4039719e+00
       328 1.3560847e+00 1.0323929e+00 1.8187678e+00 1.3997454e+00
       329 1.3642966e+00 1.0338866e+00 1.8076703e+00 1.3758606e+00
       330 1.3624712e+00 1.0315674e+00 1.8060214e+00 1.3815631e+00
       331 1.3579828e+00 1.0304514e+00 1.8114722e+00 1.3947140e+00
       332 1.3623757e+00 1.0312161e+00 1.8054613e+00 1.3835493e+00
       333 1.3642506e+00 1.0313920e+00 1.8025974e+00 1.3897064e+00
       334 1.3626705e+00 1.0304724e+00 1.8034202e+00 1.3921666e+00
       335 1.3622054e+00 1.0302599e+00 1.8037835e+00 1.3911961e+00
       336 1.3621793e+00 1.0300971e+00 1.8034930e+00 1.3970370e+00
       337 1.3634173e+00 1.0291515e+00 1.7994138e+00 1.3886460e+00
       338 1.3652741e+00 1.0316338e+00 1.8013378e+00 1.3834655e+00
       339 1.3624317e+00 1.0291274e+00 1.8010614e+00 1.3912676e+00
       340 1.3646107e+00 1.0296215e+00 1.7983294e+00 1.3870257e+00
       341 1.3662400e+00 1.0291903e+00 1.7946446e+00 1.3928149e+00
       342 1.3703207e+00 1.0289285e+00 1.7871235e+00 1.3876526e+00
       343 1.3704795e+00 1.0285337e+00 1.7860402e+00 1.3920911e+00
       344 1.3686063e+00 1.0282155e+00 1.7885862e+00 1.3843370e+00
       345 1.3742422e+00 1.0283753e+00 1.7793070e+00 1.3821055e+00
       346 1.3709154e+00 1.0283000e+00 1.7848158e+00 1.3728567e+00
       347 1.3704709e+00 1.0289351e+00 1.7868806e+00 1.3798206e+00
       348 1.3704715e+00 1.0273446e+00 1.7836091e+00 1.3804485e+00
       349 1.3713503e+00 1.0252698e+00 1.7778514e+00 1.3964600e+00
       350 1.3744282e+00 1.0250758e+00 1.7722155e+00 1.3952367e+00
       351 1.3720091e+00 1.0276068e+00 1.7815263e+00 1.3891836e+00
       352 1.3760917e+00 1.0266619e+00 1.7726468e+00 1.3759851e+00
       353 1.3768532e+00 1.0226899e+00 1.7632162e+00 1.3919557e+00
       354 1.3769929e+00 1.0229466e+00 1.7635049e+00 1.3945886e+00
       355 1.3771449e+00 1.0256965e+00 1.7688810e+00 1.3787901e+00
       356 1.3797188e+00 1.0245547e+00 1.7621881e+00 1.3847968e+00
       357 1.3807368e+00 1.0222895e+00 1.7558342e+00 1.3884203e+00
       358 1.3771141e+00 1.0227688e+00 1.7629359e+00 1.3868339e+00
       359 1.3845328e+00 1.0223169e+00 1.7495038e+00 1.3875340e+00
       360 1.3824484e+00 1.0256222e+00 1.7597763e+00 1.3622117e+00
       361 1.3813135e+00 1.0228021e+00 1.7559104e+00 1.4250282e+00
       362 1.3840079e+00 1.0214568e+00 1.7486274e+00 1.4335464e+00
       363 1.3853131e+00 1.0208773e+00 1.7452535e+00 1.4229464e+00
       364 1.3846488e+00 1.0222534e+00 1.7491794e+00 1.4365841e+00
       365 1.3854844e+00 1.0197206e+00 1.7426057e+00 1.4281837e+00
       366 1.3844626e+00 1.0223329e+00 1.7496546e+00 1.4157666e+00
       367 1.3884824e+00 1.0195952e+00 1.7373326e+00 1.4225522e+00
       368 1.3861649e+00 1.0207496e+00 1.7435650e+00 1.4096655e+00
       369 1.3871207e+00 1.0197568e+00 1.7399389e+00 1.4090673e+00
       370 1.3892451e+00 1.0195791e+00 1.7360261e+00 1.4097458e+00
       371 1.3904903e+00 1.0193051e+00 1.7333906e+00 1.4000709e+00
       372 1.3922131e+00 1.0197062e+00 1.7313400e+00 1.3958988e+00
       373 1.3906314e+00 1.0205996e+00 1.7357960e+00 1.3880799e+00
       374 1.3883493e+00 1.0186513e+00 1.7356311e+00 1.4043565e+00
       375 1.3912005e+00 1.0175813e+00 1.7286963e+00 1.3989246e+00
       376 1.3942042e+00 1.0188654e+00 1.7263186e+00 1.3884776e+00
       377 1.3971889e+00 1.0152810e+00 1.7140840e+00 1.3989453e+00
       378 1.3976302e+00 1.0183607e+00 1.7196176e+00 1.3870758e+00
       379 1.3958928e+00 1.0190834e+00 1.7239640e+00 1.3729434e+00
       380 1.4001706e+00 1.0157552e+00 1.7101266e+00 1.3801580e+00
       381 1.3966203e+00 1.0171463e+00 1.7188156e+00 1.3708201e+00
       382 1.4007314e+00 1.0174914e+00 1.7127334e+00 1.3736451e+00
       383 1.3978847e+00 1.0158771e+00 1.7141449e+00 1.3845602e+00
       384 1.4000969e+00 1.0152981e+00 1.7093196e+00 1.3578166e+00
       385 1.4036237e+00 1.0151279e+00 1.7031765e+00 1.3546463e+00
       386 1.4058703e+00 1.0169511e+00 1.7032012e+00 1.3513808e+00
       387 1.4057086e+00 1.0146357e+00 1.6987618e+00 1.3609042e+00
       388 1.4066735e+00 1.0171893e+00 1.7023724e+00 1.3371704e+00
       389 1.4093527e+00 1.0153912e+00 1.6943464e+00 1.3419518e+00
       390 1.4063429e+00 1.0157966e+00 1.7000815e+00 1.3271825e+00
       391 1.4058355e+00 1.0150430e+00 1.6993808e+00 1.3350454e+00
       392 1.4099624e+00 1.0132690e+00 1.6890482e+00 1.3405989e+00
       393 1.4150702e+00 1.0149294e+00 1.6841283e+00 1.3178763e+00
       394 1.4110677e+00 1.0144299e+00 1.6896044e+00 1.3300717e+00
       395 1.4105815e+00 1.0155667e+00 1.6927027e+00 1.3193879e+00
       396 1.4103995e+00 1.0134688e+00 1.6887418e+00 1.3297650e+00
       397 1.4148021e+00 1.0146740e+00 1.6840436e+00 1.3127664e+00
       398 1.4123086e+00 1.0154580e+00 1.6896759e+00 1.3105090e+00
       399 1.4128846e+00 1.0133888e+00 1.6845433e+00 1.3078589e+00
       400 1.4166798e+00 1.0163985e+00 1.6845116e+00 1.2717014e+00
       401 1.4174430e+00 1.0165741e+00 1.6836371e+00 1.2854362e+00
       402 1.4169231e+00 1.0128320e+00 1.6768816e+00 1.2888496e+00
       403 1.4199612e+00 1.0152114e+00 1.6768135e+00 1.2725343e+00
       404 1.4183425e+00 1.0128314e+00 1.6745918e+00 1.2796429e+00
       405 1.4185985e+00 1.0138038e+00 1.6761503e+00 1.2774002e+00
       406 1.4213247e+00 1.0116801e+00 1.6674658e+00 1.2667088e+00
       407 1.4221519e+00 1.0155564e+00 1.6739969e+00 1.2549226e+00
       408 1.4247758e+00 1.0147212e+00 1.6681013e+00 1.2592027e+00
       409 1.4227968e+00 1.0134990e+00 1.6687889e+00 1.2531832e+00
       410 1.4230368e+00 1.0140962e+00 1.6696154e+00 1.2559351e+00
       411 1.4300195e+00 1.0117823e+00 1.6537934e+00 1.2494435e+00
       412 1.4306297e+00 1.0121901e+00 1.6536506e+00 1.2366479e+00
       413 1.4298568e+00 1.0129130e+00 1.6563411e+00 1.2263711e+00
       414 1.4296174e+00 1.0117023e+00 1.6542702e+00 1.2349894e+00
       415 1.4274138e+00 1.0130579e+00 1.6605198e+00 1.2325314e+00
       416 1.4286576e+00 1.0107717e+00 1.6539133e+00 1.2344877e+00
       417 1.4324818e+00 1.0125686e+00 1.6514823e+00 1.2152072e+00
       418 1.4302793e+00 1.0105654e+00 1.6509201e+00 1.2147671e+00
       419 1.4309772e+00 1.0104630e+00 1.6496061e+00 1.2117221e+00
       420 1.4307059e+00 1.0103935e+00 1.6498959e+00 1.2125540e+00
       421 1.4338764e+00 1.0116011e+00 1.6473186e+00 1.2026325e+00
       422 1.4352858e+00 1.0119573e+00 1.6458149e+00 1.2038019e+00
       423 1.4338653e+00 1.0127695e+00 1.6497015e+00 1.1916625e+00
       424 1.4366570e+00 1.0128060e+00 1.6453726e+00 1.1780883e+00
       425 1.4404643e+00 1.0116098e+00 1.6369717e+00 1.1847548e+00
       426 1.4378437e+00 1.0095615e+00 1.6369443e+00 1.1888752e+00
       427 1.4357441e+00 1.0108012e+00 1.6427537e+00 1.1763904e+00
       428 1.4411284e+00 1.0107630e+00 1.6342191e+00 1.1649167e+00
       429 1.4444351e+00 1.0112153e+00 1.6299687e+00 1.1627204e+00
       430 1.4387054e+00 1.0104753e+00 1.6374364e+00 1.1672770e+00
       431 1.4373231e+00 1.0112430e+00 1.6411608e+00 1.1612282e+00
       432 1.4435946e+00 1.0110624e+00 1.6309702e+00 1.1564363e+00
       433 1.4406573e+00 1.0100487e+00 1.6335135e+00 1.1567196e+00
       434 1.4454953e+00 1.0110069e+00 1.6278958e+00 1.1483140e+00
       435 1.4474242e+00 1.0115813e+00 1.6260587e+00 1.1444285e+00
       436 1.4441877e+00 1.0089781e+00 1.6258345e+00 1.1491144e+00
       437 1.4464700e+00 1.0102268e+00 1.6248026e+00 1.1410384e+00
       438 1.4469562e+00 1.0103302e+00 1.6242559e+00 7.2584685e+00
       439 1.4542629e+00 9.8695655e-01 1.5662731e+00 6.9928811e+00
       440 1.4604731e+00 9.7234076e-01 1.5281170e+00 6.8126540e+00
       441 1.4743908e+00 9.5484222e-01 1.4733402e+00 6.6064100e+00
       442 1.4858322e+00 9.4368664e-01 1.4351434e+00 6.4613084e+00
       443 1.5059831e+00 9.3510363e-01 1.3896823e+00 6.3134810e+00
       444 1.5189212e+00 9.2326841e-01 1.3492810e+00 6.1493774e+00
       445 1.5319573e+00 9.1412083e-01 1.3142655e+00 6.0374312e+00
       446 1.5504483e+00 9.0806558e-01 1.2779878e+00 5.9107646e+00
       447 1.5643513e+00 8.9885303e-01 1.2428115e+00 5.7212513e+00
       448 1.5840315e+00 8.9425483e-01 1.2089976e+00 5.5948684e+00
       449 1.5928631e+00 8.8781346e-01 1.1862962e+00 5.5213899e+00
       450 1.6095135e+00 8.7863879e-01 1.1493560e+00 5.3742406e+00
       451 1.6241108e+00 8.7324860e-01 1.1221922e+00 5.3046313e+00
       452 1.6390802e+00 8.6810088e-01 1.0954982e+00 5.2189667e+00
       453 1.6516293e+00 8.6027087e-01 1.0674471e+00 5.1569596e+00
       454 1.6635695e+00 8.5248817e-01 1.0405961e+00 5.0439154e+00
       455 1.6770293e+00 8.4711377e-01 1.0165616e+00 4.9634910e+00
       456 1.6895893e+00 8.4070564e-01 9.9216882e-01 5.0005978e+00
       457 1.7005047e+00 8.3045817e-01 9.6350046e-01 4.8987505e+00
       458 1.7098697e+00 8.2228453e-01 9.4027787e-01 4.8377875e+00
       459 1.7227555e+00 8.1767167e-01 9.1963420e-01 4.7839245e+00
       460 1.7342431e+00 8.1156381e-01 8.9830334e-01 4.7099208e+00
       461 1.7440869e+00 8.0211665e-01 8.7351730e-01 4.6228176e+00
       462 1.7529203e+00 7.9774941e-01 8.5813334e-01 4.6459791e+00
       463 1.7623438e+00 7.8807690e-01 8.3400847e-01 4.5740880e+00
       464 1.7714477e+00 7.8142630e-01 8.1525115e-01 4.5320729e+00
       465 1.7845737e+00 7.7395053e-01 7.9192058e-01 4.4835925e+00
       466 1.7960717e+00 7.6542625e-01 7.6883022e-01 4.4059609e+00
       467 1.8030725e+00 7.5713469e-01 7.5026593e-01 4.4915205e+00
       468 1.8130774e+00 7.5092359e-01 7.3258060e-01 4.4623339e+00
       469 1.8237762e+00 7.4063749e-01 7.0856425e-01 4.3990883e+00
       470 1.8341844e+00 7.3293164e-01 6.8899038e-01 4.3448841e+00
       471 1.8430940e+00 7.2620281e-01 6.7230878e-01 4.3952129e+00
       472 1.8480648e+00 7.1678423e-01 6.5495780e-01 4.3557683e+00
       473 1.8585795e+00 7.0800311e-01 6.3465558e-01 4.3403479e+00
       474 1.8689970e+00 6.9991857e-01 6.1577234e-01 4.2623909e+00
       475 1.8765092e+00 6.9223697e-01 5.9980404e-01 4.2316144e+00
       476 1.8860519e+00 6.8342727e-01 5.8114768e-01 4.1561980e+00
       477 1.8933968e+00 6.7553957e-01 5.6552107e-01 4.1296187e+00
       478 1.9024726e+00 6.6601103e-01 5.4682303e-01 4.0383572e+00
       479 1.9109002e+00 6.5839694e-01 5.3139383e-01 4.3123296e+00
       480 1.9219830e+00 6.4851190e-01 5.1166215e-01 4.2140700e+00
       481 1.9279632e+00 6.3801904e-01 4.9458865e-01 4.1528156e+00
       482 1.9376974e+00 6.2922503e-01 4.7777977e-01 4.0778561e+00
       483 1.9471350e+00 6.1979123e-01 4.6068560e-01 3.9936671e+00
       484 1.9548240e+00 6.1119598e-01 4.4590946e-01 3.9217843e+00
       485 1.9611787e+00 6.0090702e-01 4.3006003e-01 3.8184574e+00
       486 1.9707852e+00 5.9263708e-01 4.1523603e-01 3.7442716e+00
       487 1.9773946e+00 5.8454484e-01 4.0240911e-01 3.7001944e+00
       488 1.9820514e+00 5.7504168e-01 3.8911609e-01 3.6269511e+00
       489 1.9904177e+00 5.6563403e-01 3.7440993e-01 3.5437569e+00
       490 1.9985217e+00 5.5805335e-01 3.6217459e-01 3.4617205e+00
       491 2.0027259e+00 5.5041990e-01 3.5183652e-01 3.4138190e+00
       492 2.0100852e+00 5.4181759e-01 3.3924101e-01 3.3707062e+00
       493 2.0164703e+00 5.3266743e-01 3.2672087e-01 3.2944554e+00
       494 2.0225928e+00 5.2581035e-01 3.1696152e-01 3.2365082e+00
       495 2.0283182e+00 5.1790434e-01 3.0643866e-01 3.1704171e+00
       496 2.0327253e+00 5.1012689e-01 2.9673961e-01 3.1052940e+00
       497 2.0366743e+00 5.0262417e-01 2.8764766e-01 3.0538727e+00
       498 2.0418927e+00 4.9413482e-01 2.7726007e-01 2.9845521e+00
       499 2.0451124e+00 4.8775446e-01 2.6983426e-01 2.9401654e+00
       500 2.0511130e+00 4.8085980e-01 2.6104749e-01 2.8730353e+00
       501 2.0556267e+00 4.7434333e-01 2.5328438e-01 2.8221289e+00
       502 2.0619048e+00 4.6651960e-01 2.4385112e-01 2.7533900e+00
       503 2.0652333e+00 4.6046266e-01 2.3716976e-01 2.7122961e+00
       504 2.0676080e+00 4.5349015e-01 2.3004975e-01 2.6594433e+00
       505 2.0726845e+00 4.4715673e-01 2.2278553e-01 2.6082988e+00
       506 2.0755388e+00 4.4087061e-01 2.1634877e-01 2.5633016e+00
       507 2.0797643e+00 4.3410019e-01 2.0918972e-01 2.5097711e+00
       508 2.0820049e+00 4.2818399e-01 2.0344785e-01 2.4724383e+00
       509 2.0874930e+00 4.2175736e-01 1.9645932e-01 2.4142800e+00
       510 2.0899659e+00 4.1642595e-01 1.9132258e-01 2.3769613e+00
       511 2.0934968e+00 4.1030444e-01 1.8532908e-01 2.3320173e+00
       512 2.0951161e+00 4.0571317e-01 1.8116313e-01 2.2986313e+00
       513 2.1009903e+00 3.9913674e-01 1.7439276e-01 2.2413774e+00
       514 2.1028536e+00 3.9301079e-01 1.6908590e-01 2.1949538e+00
       515 2.1044064e+00 3.8867475e-01 1.6532329e-01 2.1696310e+00
       516 2.1091862e+00 3.8389272e-01 1.6051031e-01 2.1317705e+00
       517 2.1086326e+00 3.7863343e-01 1.5662718e-01 2.0988587e+00
       518 2.1105811e+00 3.7416219e-01 1.5281622e-01 2.0609876e+00
       519 2.1155111e+00 3.6946944e-01 1.4823449e-01 2.0287857e+00
       520 2.1180645e+00 3.6392606e-01 1.4362252e-01 1.9805698e+00
       521 2.1208476e+00 3.5899009e-01 1.3947340e-01 1.9386361e+00
       522 2.1223396e+00 3.5416357e-01 1.3572637e-01 1.9090444e+00
       523 2.1237121e+00 3.4929043e-01 1.3202171e-01 1.8722403e+00
       524 2.1267656e+00 3.4529516e-01 1.2864474e-01 1.8469327e+00
       525 2.1285482e+00 3.4086257e-01 1.2526049e-01 1.8103309e+00
       526 2.1308596e+00 3.3706495e-01 1.2225099e-01 1.7836051e+00
       527 2.1320099e+00 3.3314152e-01 1.1940898e-01 1.7551049e+00
       528 2.1341295e+00 3.2829850e-01 1.1582099e-01 1.7191036e+00
       529 2.1363035e+00 3.2478244e-01 1.1313954e-01 1.6932441e+00
       530 2.1387993e+00 3.2086767e-01 1.1018146e-01 1.6602549e+00
       531 2.1396609e+00 3.1687935e-01 1.0749218e-01 1.6440381e+00
       532 2.1407698e+00 3.1313134e-01 1.0494552e-01 1.6113848e+00
       533 2.1423985e+00 3.0941796e-01 1.0236594e-01 1.5860277e+00
       534 2.1436303e+00 3.0645050e-01 1.0033935e-01 1.5689020e+00
       535 2.1460448e+00 3.0220708e-01 9.7375232e-02 1.5320498e+00
       536 2.1477910e+00 2.9853214e-01 9.4899048e-02 1.5051342e+00
       537 2.1489669e+00 2.9610314e-01 9.3277303e-02 1.4876611e+00
       538 2.1515873e+00 2.9139259e-01 9.0124548e-02 1.4528570e+00
       539 2.1527551e+00 2.8775116e-01 8.7848332e-02 1.4322968e+00
       540 2.1539409e+00 2.8562241e-01 8.6460685e-02 1.4085418e+00
       541 2.1554224e+00 2.8157604e-01 8.3960776e-02 1.3891292e+00
       542 2.1563547e+00 2.7868880e-01 8.2216534e-02 1.3641372e+00
       543 2.1566071e+00 2.7664376e-01 8.1046873e-02 1.3493409e+00
       544 2.1581734e+00 2.7320548e-01 7.8948292e-02 1.3259452e+00
       545 2.1598824e+00 2.7030987e-01 7.7153089e-02 1.3017718e+00
       546 2.1606574e+00 2.6738581e-01 7.5482365e-02 1.2847530e+00
       547 2.1632906e+00 2.6414894e-01 7.3436240e-02 1.2629664e+00
       548 2.1625750e+00 2.6090995e-01 7.1822706e-02 1.2416036e+00
       549 2.1627842e+00 2.5968054e-01 7.1157113e-02 1.2293813e+00
       550 2.1647095e+00 2.5788529e-01 6.9996695e-02 1.2044868e+00
       551 2.1670268e+00 2.5393887e-01 6.7708326e-02 1.1870887e+00
       552 2.1657664e+00 2.5239105e-01 6.7069335e-02 1.1735726e+00
       553 2.1683559e+00 2.4850418e-01 6.4828555e-02 1.1496534e+00
       554 2.1677833e+00 2.4620370e-01 6.3754309e-02 1.1349101e+00
       555 2.1714137e+00 2.4375932e-01 6.2163098e-02 1.1185388e+00
       556 2.1710347e+00 2.4138374e-01 6.1050454e-02 1.0979152e+00
       557 2.1698688e+00 2.3957272e-01 6.0303835e-02 1.0904686e+00
       558 2.1726417e+00 2.3711110e-01 5.8839013e-02 1.0604117e+00
       559 2.1748286e+00 2.3547754e-01 5.7848022e-02 1.0505917e+00
       560 2.1743731e+00 2.3321502e-01 5.6832424e-02 1.0382484e+00
       561 2.1757063e+00 2.3050167e-01 5.5444181e-02 1.0212346e+00
       562 2.1748218e+00 2.2918533e-01 5.4924932e-02 1.0064902e+00
       563 2.1769098e+00 2.2641733e-01 5.3463646e-02 9.8658300e-01
       564 2.1774385e+00 2.2512400e-01 5.2830351e-02 9.7740630e-01
       565 2.1776215e+00 2.2293002e-01 5.1830394e-02 9.6094148e-01
       566 2.1795918e+00 2.2061925e-01 5.0627365e-02 9.4645516e-01
       567 2.1790145e+00 2.1880909e-01 4.9883305e-02 9.3017762e-01
       568 2.1803824e+00 2.1704419e-01 4.8993409e-02 9.1517254e-01
       569 2.1810618e+00 2.1452890e-01 4.7849342e-02 9.0807756e-01
       570 2.1817577e+00 2.1317470e-01 4.7211146e-02 8.9132123e-01
       571 2.1802702e+00 2.1204650e-01 4.6858705e-02 8.8321980e-01
       572 2.1826496e+00 2.0973421e-01 4.5681924e-02 8.6538504e-01
       573 2.1845319e+00 2.0838147e-01 4.4964952e-02 8.5876566e-01
       574 2.1843060e+00 2.0632566e-01 4.4130181e-02 8.4183935e-01
       575 2.1859400e+00 2.0480869e-01 4.3380106e-02 8.2980016e-01
       576 2.1849408e+00 2.0314110e-01 4.2776466e-02 8.2034361e-01
       577 2.1852400e+00 2.0172421e-01 4.2179657e-02 8.0642971e-01
       578 2.1853636e+00 2.0011253e-01 4.1522504e-02 8.0024552e-01
       579 2.1855672e+00 1.9922782e-01 4.1153593e-02 7.8939195e-01
       580 2.1875347e+00 1.9776141e-01 4.0424862e-02 7.7570277e-01
       581 2.1890702e+00 1.9478345e-01 3.9146860e-02 7.6386204e-01
       582 2.1882196e+00 1.9467602e-01 3.9164834e-02 7.5407668e-01
       583 2.1885920e+00 1.9396484e-01 3.8862077e-02 7.4581652e-01
       584 2.1883394e+00 1.9315290e-01 3.8565611e-02 7.3633460e-01
       585 2.1904681e+00 1.9066381e-01 3.7463811e-02 7.2717572e-01
       586 2.1904019e+00 1.8907527e-01 3.6865001e-02 7.1724606e-01
       587 2.1912590e+00 1.8793410e-01 3.6378247e-02 7.0477374e-01
       588 2.1905808e+00 1.8713576e-01 3.6123414e-02 6.9700782e-01
       589 2.1913696e+00 1.8556811e-01 3.5487358e-02 6.8198375e-01
       590 2.1912256e+00 1.8394109e-01 3.4895522e-02 6.7510986e-01
       591 2.1917858e+00 1.8348648e-01 3.4692301e-02 6.6816191e-01
       592 2.1927876e+00 1.8189483e-01 3.4047599e-02 6.5550696e-01
       593 2.1932551e+00 1.8153155e-01 3.3886789e-02 6.5097482e-01
       594 2.1949878e+00 1.7935951e-01 3.3000068e-02 6.3874408e-01
       595 2.1926654e+00 1.7942244e-01 3.3161876e-02 6.3532236e-01
       596 2.1952838e+00 1.7729279e-01 3.2245998e-02 6.2208477e-01
       597 2.1938182e+00 1.7723782e-01 3.2312247e-02 6.1372687e-01
       598 2.1953853e+00 1.7541182e-01 3.1576792e-02 6.0794621e-01
       599 2.1950680e+00 1.7467317e-01 3.1336336e-02 6.0005183e-01
       600 2.1961551e+00 1.7401771e-01 3.1046497e-02 5.8967027e-01
       601 2.1964731e+00 1.7203459e-01 3.0342748e-02 5.8318854e-01
       602 2.1968436e+00 1.7244146e-01 3.0462790e-02 5.7843153e-01
       603 2.1961509e+00 1.7112770e-01 3.0049252e-02 5.6778040e-01
       604 2.1973951e+00 1.6987519e-01 2.9554886e-02 5.6028430e-01
       605 2.1974192e+00 1.6963530e-01 2.9472164e-02 5.5123821e-01
       606 2.1976811e+00 1.6852095e-01 2.9081590e-02 5.4925634e-01
       607 2.1979810e+00 1.6727388e-01 2.8647255e-02 5.3656004e-01
       608 2.1994840e+00 1.6692525e-01 2.8455385e-02 5.3251167e-01
       609 2.1989815e+00 1.6648976e-01 2.8334879e-02 5.2686907e-01
       610 2.1995932e+00 1.6509941e-01 2.7843862e-02 5.2011684e-01
       611 2.1985467e+00 1.6418691e-01 2.7595154e-02 5.1127650e-01
       612 2.2002502e+00 1.6283742e-01 2.7070695e-02 5.0576958e-01
       613 2.1995175e+00 1.6332219e-01 2.7263855e-02 4.9872551e-01
       614 2.2011025e+00 1.6156136e-01 2.6617324e-02 4.9370822e-01
       615 2.2000357e+00 1.6114069e-01 2.6531141e-02 4.8471831e-01
       616 2.1997566e+00 1.6134297e-01 2.6609718e-02 4.8379827e-01
       617 2.2011681e+00 1.6043600e-01 2.6251987e-02 4.7621801e-01
       618 2.2009005e+00 1.5974321e-01 2.6042352e-02 4.6664840e-01
       619 2.2015565e+00 1.5904498e-01 2.5790151e-02 4.6368517e-01
       620 2.2004456e+00 1.5878704e-01 2.5758827e-02 4.5917264e-01
       621 2.2018126e+00 1.5737905e-01 2.5251682e-02 4.5100816e-01
       622 2.2009494e+00 1.5712706e-01 2.5211137e-02 4.4573177e-01
       623 2.2024650e+00 1.5662649e-01 2.4987110e-02 4.4024697e-01
       624 2.2031875e+00 1.5561878e-01 2.4642146e-02 4.3164647e-01
       625 2.2039165e+00 1.5529836e-01 2.4513000e-02 4.3052233e-01
       626 2.2033680e+00 1.5487035e-01 2.4402356e-02 4.2521074e-01
       627 2.2025052e+00 1.5456505e-01 2.4343892e-02 4.2017589e-01
       628 2.2025828e+00 1.5397616e-01 2.4158897e-02 4.1134631e-01
       629 2.2032386e+00 1.5321567e-01 2.3897877e-02 4.1137171e-01
       630 2.2041325e+00 1.5248159e-01 2.3637510e-02 4.0495850e-01
       631 2.2039296e+00 1.5225045e-01 2.3575098e-02 3.9925034e-01
       632 2.2042245e+00 1.5108072e-01 2.3208650e-02 3.9494273e-01
       633 2.2043790e+00 1.5171817e-01 2.3395640e-02 3.9176486e-01
       634 2.2041158e+00 1.5156118e-01 2.3358324e-02 3.8834242e-01
       635 2.2046552e+00 1.4935079e-01 2.2672244e-02 3.7671523e-01
       636 2.2056323e+00 1.4916361e-01 2.2579909e-02 3.7441583e-01
       637 2.2052070e+00 1.4961922e-01 2.2731671e-02 3.6967221e-01
       638 2.2055447e+00 1.4840604e-01 2.2357670e-02 3.6778695e-01
       639 2.2050154e+00 1.4707888e-01 2.1985116e-02 3.6132039e-01
       640 2.2060881e+00 1.4673289e-01 2.1844310e-02 3.5273571e-01
       641 2.2065014e+00 1.4715995e-01 2.1955347e-02 3.5290882e-01
       642 2.2062592e+00 1.4684020e-01 2.1869780e-02 3.5149267e-01
       643 2.2060349e+00 1.4662569e-01 2.1814748e-02 3.4574698e-01
       644 2.2056491e+00 1.4605337e-01 2.1661102e-02 3.4142885e-01
       645 2.2065530e+00 1.4614693e-01 2.1656441e-02 3.3566914e-01
       646 2.2061957e+00 1.4604332e-01 2.1638620e-02 3.3252677e-01
       647 2.2071712e+00 1.4502234e-01 2.1308051e-02 3.3439034e-01
       648 2.2061266e+00 1.4535988e-01 2.1441900e-02 3.2633555e-01
       649 2.2072880e+00 1.4395358e-01 2.0995334e-02 3.1971524e-01
       650 2.2075444e+00 1.4402306e-01 2.1006938e-02 3.1943883e-01
       651 2.2078534e+00 1.4341250e-01 2.0821490e-02 3.1180791e-01
       652 2.2074305e+00 1.4335428e-01 2.0818460e-02 3.1005586e-01
       653 2.2078581e+00 1.4289790e-01 2.0674007e-02 3.0683115e-01
       654 2.2079276e+00 1.4262371e-01 2.0593507e-02 3.0529582e-01
       655 2.2073413e+00 1.4255002e-01 2.0591451e-02 2.9828889e-01
       656 2.2078922e+00 1.4208126e-01 2.0440196e-02 2.9519996e-01
       657 2.2082539e+00 1.4211909e-01 2.0439569e-02 2.9585504e-01
       658 2.2089674e+00 1.4184469e-01 2.0339969e-02 2.9101522e-01
       659 2.2077669e+00 1.4138395e-01 2.0246532e-02 2.8320956e-01
       660 2.2090823e+00 1.4074016e-01 2.0024452e-02 2.8081996e-01
       661 2.2080638e+00 1.4093832e-01 2.0111289e-02 2.8184557e-01
       662 2.2082270e+00 1.4080456e-01 2.0068490e-02 2.7552831e-01
       663 2.2089698e+00 1.4018698e-01 1.9872372e-02 2.7375229e-01
       664 2.2084765e+00 1.4076648e-01 2.0050062e-02 2.7265734e-01
       665 2.2091323e+00 1.4029955e-01 1.9899151e-02 2.7074202e-01
       666 2.2102982e+00 1.3944466e-01 1.9627157e-02 2.6718114e-01
       667 2.2093074e+00 1.3926038e-01 1.9603534e-02 2.5890052e-01
       668 2.2091754e+00 1.3850907e-01 1.9398687e-02 2.6083524e-01
       669 2.2084334e+00 1.3976760e-01 1.9771165e-02 2.5990072e-01
       670 2.2099407e+00 1.3925561e-01 1.9584249e-02 2.5834771e-01
       671 2.2106300e+00 1.3831497e-01 1.9304523e-02 2.5209966e-01
       672 2.2097847e+00 1.3789397e-01 1.9211222e-02 2.4865476e-01
       673 2.2088574e+00 1.3898572e-01 1.9540359e-02 2.4484031e-01
       674 2.2101475e+00 1.3769326e-01 1.9145869e-02 2.3890066e-01
       675 2.2100872e+00 1.3794293e-01 1.9216335e-02 2.4034041e-01
       676 2.2100576e+00 1.3781249e-01 1.9181179e-02 2.3674376e-01
       677 2.2111046e+00 1.3651362e-01 1.8797182e-02 2.3304545e-01
       678 2.2109954e+00 1.3606951e-01 1.8678909e-02 2.3045700e-01
       679 2.2103587e+00 1.3655175e-01 1.8827091e-02 2.3042423e-01
       680 2.2110129e+00 1.3636537e-01 1.8759064e-02 2.2792080e-01
       681 2.2110416e+00 1.3654246e-01 1.8806662e-02 2.2793991e-01
       682 2.2102359e+00 1.3605439e-01 1.8694826e-02 2.2162466e-01
       683 2.2112518e+00 1.3594818e-01 1.8639405e-02 2.2271807e-01
       684 2.2110643e+00 1.3575179e-01 1.8590789e-02 2.1386475e-01
       685 2.2105416e+00 1.3514370e-01 1.8439646e-02 2.1477311e-01
       686 2.2115440e+00 1.3588787e-01 1.8615762e-02 2.1499525e-01
       687 2.2115571e+00 1.3565826e-01 1.8553091e-02 2.1037862e-01
       688 2.2120762e+00 1.3462481e-01 1.8261326e-02 2.0934160e-01
       689 2.2102789e+00 1.3545008e-01 1.8529587e-02 2.0702199e-01
       690 2.2108066e+00 1.3584552e-01 1.8622875e-02 2.0269939e-01
       691 2.2116931e+00 1.3457530e-01 1.8257127e-02 2.0264071e-01
       692 2.2115243e+00 1.3520520e-01 1.8431179e-02 2.0216937e-01
       693 2.2123051e+00 1.3496836e-01 1.8348628e-02 1.9887319e-01
       694 2.2122467e+00 1.3390844e-01 1.8064988e-02 1.9686641e-01
       695 2.2126130e+00 1.3371599e-01 1.8005149e-02 1.9666123e-01
       696 2.2116260e+00 1.3381420e-01 1.8054486e-02 1.9447243e-01
       697 2.2122635e+00 1.3407037e-01 1.8107994e-02 1.9207038e-01
       698 2.2119116e+00 1.3373198e-01 1.8025617e-02 1.8729051e-01
       699 2.2114809e+00 1.3398067e-01 1.8102622e-02 1.8872507e-01
       700 2.2122591e+00 1.3334649e-01 1.7914517e-02 1.8650252e-01
       701 2.2118889e+00 1.3254532e-01 1.7710175e-02 1.8303883e-01
       702 2.2116103e+00 1.3373733e-01 1.8034304e-02 1.8206537e-01
       703 2.2127010e+00 1.3296646e-01 1.7803304e-02 1.7822053e-01
       704 2.2120030e+00 1.3388840e-01 1.8065310e-02 1.7968157e-01
       705 2.2126790e+00 1.3318918e-01 1.7863068e-02 1.7706313e-01
       706 2.2124504e+00 1.3299584e-01 1.7816746e-02 1.7765872e-01
       707 2.2136628e+00 1.3331906e-01 1.7876768e-02 1.7296562e-01
       708 2.2133488e+00 1.3277629e-01 1.7738804e-02 1.7375162e-01
       709 2.2122484e+00 1.3267122e-01 1.7735128e-02 1.7173237e-01
       710 2.2117339e+00 1.3317123e-01 1.7880207e-02 1.7187183e-01
       711 2.2131110e+00 1.3237352e-01 1.7637038e-02 1.6874781e-01
       712 2.2133842e+00 1.3221366e-01 1.7588976e-02 1.6616264e-01
       713 2.2145017e+00 1.3200164e-01 1.7510920e-02 1.6801752e-01
       714 2.2124188e+00 1.3242876e-01 1.7666946e-02 1.6127052e-01
       715 2.2133920e+00 1.3199316e-01 1.7530554e-02 1.6197074e-01
       716 2.2133071e+00 1.3124347e-01 1.7334982e-02 1.5512893e-01
       717 2.2136976e+00 1.3189671e-01 1.7498832e-02 1.5740778e-01
       718 2.2132281e+00 1.3194728e-01 1.7521885e-02 1.5681899e-01
       719 2.2124630e+00 1.3117279e-01 1.7334866e-02 1.5498210e-01
       720 2.2137720e+00 1.3086931e-01 1.7227370e-02 1.5361886e-01
       721 2.2136541e+00 1.3075343e-01 1.7199432e-02 1.4939955e-01
       722 2.2136251e+00 1.3124680e-01 1.7329285e-02 1.5177021e-01
       723 2.2133413e+00 1.3159265e-01 1.7426043e-02 1.4969706e-01
       724 2.2132401e+00 1.3130239e-01 1.7351863e-02 1.4835263e-01
       725 2.2135554e+00 1.3119073e-01 1.7315992e-02 1.5007987e-01
       726 2.2152234e+00 1.2955910e-01 1.6859146e-02 1.4350121e-01
       727 2.2138214e+00 1.3041991e-01 1.7108959e-02 1.4459239e-01
       728 2.2126830e+00 1.3199595e-01 1.7546553e-02 1.4599925e-01
       729 2.2134942e+00 1.3169276e-01 1.7449225e-02 1.4238971e-01
       730 2.2137973e+00 1.3095992e-01 1.7250586e-02 1.4060367e-01
       731 2.2139497e+00 1.3001594e-01 1.7001205e-02 1.3768470e-01
       732 2.2141570e+00 1.3070310e-01 1.7176320e-02 1.3575068e-01
       733 2.2144041e+00 1.3140236e-01 1.7354894e-02 1.3893445e-01
       734 2.2141293e+00 1.3021268e-01 1.7048895e-02 1.3773722e-01
       735 2.2144453e+00 1.3088621e-01 1.7218741e-02 1.3464967e-01
       736 2.2140463e+00 1.3048017e-01 1.7120241e-02 1.3373289e-01
       737 2.2142543e+00 1.2987372e-01 1.6958334e-02 1.3364120e-01
       738 2.2139695e+00 1.3039430e-01 1.7099345e-02 1.3152810e-01
       739 2.2129026e+00 1.3084416e-01 1.7238982e-02 1.3357025e-01
       740 2.2144565e+00 1.3040210e-01 1.7092039e-02 1.2740550e-01
       741 2.2145046e+00 1.2996307e-01 1.6976835e-02 1.2783802e-01
       742 2.2141281e+00 1.2932305e-01 1.6818027e-02 1.2851663e-01
       743 2.2143869e+00 1.3003839e-01 1.6998618e-02 1.2346709e-01
       744 2.2150608e+00 1.2952934e-01 1.6854253e-02 1.2381262e-01
       745 2.2154335e+00 1.2955126e-01 1.6853555e-02 1.2619461e-01
       746 2.2147194e+00 1.2954058e-01 1.6863249e-02 1.2228707e-01
       747 2.2146657e+00 1.2926180e-01 1.6792076e-02 1.2264703e-01
       748 2.2140067e+00 1.3088271e-01 1.7226223e-02 1.2299958e-01
       749 2.2149646e+00 1.2861677e-01 1.6620366e-02 1.2087140e-01
       750 2.2149743e+00 1.2888145e-01 1.6688348e-02 1.1793857e-01
       751 2.2144835e+00 1.2872107e-01 1.6655942e-02 1.1511867e-01
       752 2.2149583e+00 1.2917654e-01 1.6764783e-02 1.1761071e-01
       753 2.2155082e+00 1.2958749e-01 1.6861698e-02 1.1981664e-01
       754 2.2137611e+00 1.3021972e-01 1.7057989e-02 1.2147837e-01
       755 2.2149279e+00 1.3032643e-01 1.7063722e-02 1.1749014e-01
       756 2.2151637e+00 1.2870615e-01 1.6639886e-02 1.1504712e-01
       757 2.2142980e+00 1.2854232e-01 1.6613446e-02 1.1436490e-01
       758 2.2137355e+00 1.2953945e-01 1.6881795e-02 1.1663800e-01
       759 2.2155708e+00 1.2867804e-01 1.6625783e-02 1.1150426e-01
       760 2.2155391e+00 1.2926977e-01 1.6778943e-02 1.1186677e-01
       761 2.2151749e+00 1.2834957e-01 1.6548032e-02 1.1057142e-01
       762 2.2157648e+00 1.2911404e-01 1.6735027e-02 1.1148824e-01
       763 2.2152130e+00 1.2993673e-01 1.6957318e-02 1.1218900e-01
       764 2.2160515e+00 1.2803254e-01 1.6452396e-02 1.0953405e-01
       765 2.2149477e+00 1.2892800e-01 1.6700821e-02 1.0712195e-01
       766 2.2145300e+00 1.2869473e-01 1.6648296e-02 1.0657623e-01
       767 2.2157170e+00 1.2776003e-01 1.6387985e-02 1.0430176e-01
       768 2.2159436e+00 1.2800027e-01 1.6445818e-02 1.0737852e-01
       769 2.2144899e+00 1.2977840e-01 1.6929142e-02 1.0692552e-01
       770 2.2153794e+00 1.2835955e-01 1.6547108e-02 1.0440394e-01
       771 2.2155411e+00 1.2895970e-01 1.6698840e-02 1.0354907e-01
       772 2.2160093e+00 1.2863657e-01 1.6608088e-02 1.0400336e-01
       773 2.2140130e+00 1.2916582e-01 1.6779626e-02 1.0963831e-01
       774 2.2161893e+00 1.2811613e-01 1.6471691e-02 1.0285564e-01
       775 2.2156179e+00 1.2828195e-01 1.6523230e-02 1.0005090e-01
       776 2.2154791e+00 1.2796288e-01 1.6443761e-02 9.9745533e-02
       777 2.2165818e+00 1.2696464e-01 1.6172145e-02 1.0237493e-01
       778 2.2152716e+00 1.2821649e-01 1.6512229e-02 9.8826108e-02
       779 2.2161362e+00 1.2897284e-01 1.6692752e-02 1.0290750e-01
       780 2.2161752e+00 1.2744596e-01 1.6300636e-02 9.9064525e-02
       781 2.2147028e+00 1.2856216e-01 1.6611017e-02 1.0161629e-01
       782 2.2129205e+00 1.2952970e-01 1.6896340e-02 1.1546414e-01
       783 2.2155255e+00 1.2798537e-01 1.6448748e-02 9.7076969e-02
       784 2.2163240e+00 1.2754806e-01 1.6324421e-02 9.7928576e-02
       785 2.2158953e+00 1.2794541e-01 1.6432538e-02 9.4906175e-02
       786 2.2157920e+00 1.2791817e-01 1.6427212e-02 9.6179432e-02
       787 2.2162869e+00 1.2819505e-01 1.6490442e-02 9.6808702e-02
       788 2.2158761e+00 1.2764991e-01 1.6357312e-02 9.4663352e-02
       789 2.2159255e+00 1.2756738e-01 1.6335468e-02 9.4001459e-02
       790 2.2158812e+00 1.2805178e-01 1.6459992e-02 9.4864953e-02
       791 2.2156804e+00 1.2721232e-01 1.6248927e-02 9.3873267e-02
       792 2.2153978e+00 1.2802157e-01 1.6460145e-02 9.2966331e-02
       793 2.2165888e+00 1.2693673e-01 1.6164959e-02 9.2682573e-02
       794 2.2162762e+00 1.2756962e-01 1.6330640e-02 9.2893638e-02
       795 2.2157038e+00 1.2744452e-01 1.6307680e-02 9.0740403e-02
       796 2.2155183e+00 1.2828073e-01 1.6524561e-02 9.2126674e-02
       797 2.2163937e+00 1.2600387e-01 1.5931853e-02 8.8007235e-02
       798 2.2158210e+00 1.2843152e-01 1.6558344e-02 9.2312219e-02
       799 2.2149321e+00 1.2925515e-01 1.6785562e-02 9.5771372e-02
       800 2.2165049e+00 1.2769246e-01 1.6358607e-02 8.9967038e-02
       801 2.2168854e+00 1.2784465e-01 1.6392089e-02 9.1533194e-02
       802 2.2156468e+00 1.2821086e-01 1.6504525e-02 8.8344249e-02
       803 2.2165505e+00 1.2764235e-01 1.6345147e-02 9.0100118e-02
       804 2.2156508e+00 1.2716432e-01 1.6237201e-02 8.9520123e-02
       805 2.2155996e+00 1.2818239e-01 1.6497998e-02 8.7965441e-02
       806 2.2161467e+00 1.2774457e-01 1.6377273e-02 8.9111603e-02
       807 2.2173236e+00 1.2718884e-01 1.6218965e-02 9.0151119e-02
       808 2.2163133e+00 1.2643298e-01 1.6041374e-02 8.3881282e-02
       809 2.2159868e+00 1.2818109e-01 1.6491464e-02 8.6187152e-02
       810 2.2156235e+00 1.2780862e-01 1.6401924e-02 8.8157340e-02
       811 2.2169891e+00 1.2743515e-01 1.6286128e-02 8.7773334e-02
       812 2.2166538e+00 1.2732263e-01 1.6262142e-02 8.8779678e-02
       813 2.2164990e+00 1.2665558e-01 1.6094963e-02 8.3239422e-02
       814 2.2153867e+00 1.2822622e-01 1.6512775e-02 8.8094936e-02
       815 2.2160040e+00 1.2738329e-01 1.6287304e-02 8.5383050e-02
       816 2.2170181e+00 1.2685288e-01 1.6137669e-02 8.4832629e-02
       817 2.2153771e+00 1.2815977e-01 1.6495900e-02 8.6969131e-02
       818 2.2155741e+00 1.2756186e-01 1.6339721e-02 8.5961033e-02
       819 2.2164437e+00 1.2692611e-01 1.6164375e-02 8.1430438e-02
       820 2.2169901e+00 1.2662996e-01 1.6081542e-02 8.3498485e-02
       821 2.2165827e+00 1.2673798e-01 1.6114628e-02 8.0981273e-02
       822 2.2167778e+00 1.2694000e-01 1.6163097e-02 8.3131067e-02
       823 2.2168866e+00 1.2698992e-01 1.6174257e-02 8.2753447e-02
       824 2.2154965e+00 1.2643967e-01 1.6055966e-02 8.3727566e-02
       825 2.2163506e+00 1.2695554e-01 1.6173228e-02 8.1962283e-02
       826 2.2163088e+00 1.2671920e-01 1.6113898e-02 8.1461022e-02
       827 2.2159948e+00 1.2687685e-01 1.6158682e-02 8.2553061e-02
       828 2.2167867e+00 1.2720730e-01 1.6230907e-02 8.0135507e-02
       829 2.2162241e+00 1.2641541e-01 1.6038274e-02 8.0274655e-02
       830 2.2155534e+00 1.2737507e-01 1.6292440e-02 8.3680406e-02
       831 2.2168005e+00 1.2621251e-01 1.5978614e-02 7.7707813e-02
       832 2.2164195e+00 1.2719635e-01 1.6233406e-02 8.0484736e-02
       833 2.2165503e+00 1.2647835e-01 1.6049354e-02 7.9678416e-02
       834 2.2166020e+00 1.2720272e-01 1.6232365e-02 7.7490918e-02
       835 2.2161872e+00 1.2718021e-01 1.6232786e-02 7.9249875e-02
       836 2.2174715e+00 1.2607791e-01 1.5935710e-02 7.9600022e-02
       837 2.2166673e+00 1.2675153e-01 1.6116848e-02 7.7581697e-02
       838 2.2156998e+00 1.2617796e-01 1.5986516e-02 7.9574591e-02
       839 2.2167491e+00 1.2670698e-01 1.6104396e-02 7.6513414e-02
       840 2.2171043e+00 1.2697729e-01 1.6168086e-02 7.8977026e-02
       841 2.2172940e+00 1.2674911e-01 1.6107686e-02 7.8113319e-02
       842 2.2167617e+00 1.2593244e-01 1.5908541e-02 7.5933603e-02
       843 2.2163972e+00 1.2612476e-01 1.5962281e-02 7.7241783e-02
       844 2.2172263e+00 1.2579259e-01 1.5867009e-02 7.7292616e-02
       845 2.2169590e+00 1.2564755e-01 1.5834128e-02 7.4267549e-02
       846 2.2168581e+00 1.2660394e-01 1.6076772e-02 7.6847854e-02
       847 2.2160411e+00 1.2662564e-01 1.6094279e-02 7.7266236e-02
       848 2.2168420e+00 1.2674366e-01 1.6112393e-02 7.7771933e-02
       849 2.2160008e+00 1.2784546e-01 1.6405313e-02 7.7755540e-02
       850 2.2166412e+00 1.2679847e-01 1.6129124e-02 7.5380820e-02
       851 2.2165044e+00 1.2714459e-01 1.6218995e-02 7.5720263e-02
       852 2.2169032e+00 1.2642257e-01 1.6030254e-02 7.6512389e-02
       853 2.2164678e+00 1.2597953e-01 1.5924627e-02 7.5522996e-02
       854 2.2170863e+00 1.2564866e-01 1.5832681e-02 7.5552891e-02
       855 2.2166808e+00 1.2625283e-01 1.5990482e-02 7.2803288e-02
       856 2.2161254e+00 1.2717493e-01 1.6232388e-02 7.6192846e-02
       857 2.2174052e+00 1.2625740e-01 1.5981846e-02 7.6257579e-02
       858 2.2179818e+00 1.2501218e-01 1.5661915e-02 7.7318511e-02
       859 2.2162547e+00 1.2638724e-01 1.6030690e-02 7.4754373e-02
       860 2.2167438e+00 1.2548696e-01 1.5796790e-02 7.2869203e-02
       861 2.2170329e+00 1.2650224e-01 1.6048632e-02 7.5648097e-02
       862 2.2174286e+00 1.2492548e-01 1.5646992e-02 7.2654728e-02
       863 2.2173247e+00 1.2523931e-01 1.5726835e-02 7.3653479e-02
       864 2.2167685e+00 1.2534398e-01 1.5760580e-02 7.1846769e-02
       865 2.2156292e+00 1.2653645e-01 1.6078261e-02 7.7977627e-02
       866 2.2160239e+00 1.2640556e-01 1.6038858e-02 7.4907658e-02
       867 2.2174765e+00 1.2642083e-01 1.6022233e-02 7.5156091e-02
       868 2.2179531e+00 1.2494104e-01 1.5644469e-02 7.4664967e-02
       869 2.2168420e+00 1.2561172e-01 1.5826739e-02 7.2220712e-02
       870 2.2164605e+00 1.2563570e-01 1.5838221e-02 7.1949080e-02
       871 2.2171565e+00 1.2545845e-01 1.5783979e-02 7.2552285e-02
       872 2.2170686e+00 1.2592233e-01 1.5901766e-02 7.2317644e-02
       873 2.2162228e+00 1.2641026e-01 1.6036993e-02 7.3829491e-02
       874 2.2164668e+00 1.2649333e-01 1.6054363e-02 7.2740948e-02
       875 2.2180283e+00 1.2526009e-01 1.5723420e-02 7.5717750e-02
       876 2.2165124e+00 1.2605257e-01 1.5942383e-02 7.2172549e-02
       877 2.2169968e+00 1.2670202e-01 1.6099708e-02 7.3438485e-02
       878 2.2170096e+00 1.2552380e-01 1.5802356e-02 7.1996771e-02
       879 2.2180661e+00 1.2451930e-01 1.5537952e-02 7.3363799e-02
       880 2.2167562e+00 1.2611018e-01 1.5953415e-02 7.1723492e-02
       881 2.2171163e+00 1.2589268e-01 1.5893661e-02 7.1216107e-02
       882 2.2167496e+00 1.2561180e-01 1.5828055e-02 7.0815064e-02
       883 2.2176141e+00 1.2455560e-01 1.5552382e-02 6.9472242e-02
       884 2.2177553e+00 1.2547614e-01 1.5780819e-02 7.2147302e-02
       885 2.2154433e+00 1.2709071e-01 1.6221908e-02 7.8993604e-02
       886 2.2171976e+00 1.2486203e-01 1.5634140e-02 6.7128114e-02
       887 2.2167337e+00 1.2598010e-01 1.5920940e-02 7.0364614e-02
       888 2.2161044e+00 1.2680115e-01 1.6137779e-02 7.3150074e-02
       889 2.2168005e+00 1.2626134e-01 1.5990943e-02 7.0522438e-02
       890 2.2171522e+00 1.2532761e-01 1.5751225e-02 6.9045902e-02
       891 2.2173633e+00 1.2599393e-01 1.5915923e-02 7.0797886e-02
       892 2.2172923e+00 1.2521274e-01 1.5720603e-02 7.0549778e-02
       893 2.2170634e+00 1.2562954e-01 1.5828185e-02 6.9597084e-02
       894 2.2171589e+00 1.2556309e-01 1.5810215e-02 6.9874614e-02
       895 2.2166160e+00 1.2614313e-01 1.5963722e-02 6.9465805e-02
       896 2.2173975e+00 1.2476366e-01 1.5606984e-02 6.8607993e-02
       897 2.2173255e+00 1.2507079e-01 1.5684641e-02 6.8952681e-02
       898 2.2176620e+00 1.2493616e-01 1.5646739e-02 6.9419863e-02
       899 2.2167834e+00 1.2618780e-01 1.5972617e-02 6.9646690e-02
       900 2.2175134e+00 1.2522576e-01 1.5721034e-02 6.7514400e-02
       901 2.2162550e+00 1.2552550e-01 1.5813602e-02 7.0827572e-02
       902 2.2174795e+00 1.2508401e-01 1.5685980e-02 6.8208236e-02
       903 2.2170801e+00 1.2572576e-01 1.5852145e-02 6.7528806e-02
       904 2.2175450e+00 1.2474971e-01 1.5601635e-02 6.7967811e-02
       905 2.2175822e+00 1.2528704e-01 1.5735523e-02 6.7357057e-02
       906 2.2170144e+00 1.2593364e-01 1.5905348e-02 6.8764166e-02
       907 2.2175728e+00 1.2478328e-01 1.5609665e-02 6.6865489e-02
       908 2.2168368e+00 1.2547068e-01 1.5791399e-02 6.8909220e-02
       909 2.2163992e+00 1.2509226e-01 1.5702869e-02 6.9500443e-02
       910 2.2179785e+00 1.2416899e-01 1.5451847e-02 6.8311187e-02
       911 2.2171993e+00 1.2549076e-01 1.5791522e-02 6.7726801e-02
       912 2.2159693e+00 1.2558496e-01 1.5832928e-02 7.2718830e-02
       913 2.2177766e+00 1.2540263e-01 1.5762120e-02 6.9920700e-02
       914 2.2177523e+00 1.2471157e-01 1.5589570e-02 6.7252593e-02
       915 2.2169047e+00 1.2519795e-01 1.5722094e-02 6.7559120e-02
       916 2.2174145e+00 1.2466957e-01 1.5583297e-02 6.6995905e-02
       917 2.2168918e+00 1.2585626e-01 1.5887544e-02 6.8995484e-02
       918 2.2174147e+00 1.2501913e-01 1.5670575e-02 6.6446963e-02
       919 2.2171568e+00 1.2483682e-01 1.5628386e-02 6.7303002e-02
       920 2.2167921e+00 1.2544943e-01 1.5786691e-02 6.6399443e-02
       921 2.2177866e+00 1.2476237e-01 1.5601828e-02 6.6651218e-02
       922 2.2166881e+00 1.2491176e-01 1.5653551e-02 6.7526220e-02
       923 2.2181384e+00 1.2461350e-01 1.5560596e-02 6.7518385e-02
       924 2.2167412e+00 1.2511493e-01 1.5703596e-02 6.7150992e-02
       925 2.2176853e+00 1.2486164e-01 1.5627838e-02 6.7708429e-02
       926 2.2169280e+00 1.2464205e-01 1.5582887e-02 6.6227687e-02
       927 2.2173488e+00 1.2490127e-01 1.5641967e-02 6.5781961e-02
       928 2.2174512e+00 1.2476779e-01 1.5607329e-02 6.6301378e-02
       929 2.2178506e+00 1.2487640e-01 1.5629529e-02 6.7148304e-02
       930 2.2168505e+00 1.2534843e-01 1.5760547e-02 6.6201272e-02
       931 2.2170404e+00 1.2574018e-01 1.5856306e-02 6.6253765e-02
       932 2.2166615e+00 1.2522250e-01 1.5731655e-02 6.7386393e-02
       933 2.2184653e+00 1.2402110e-01 1.5409708e-02 6.8826548e-02
       934 2.2155302e+00 1.2546938e-01 1.5810982e-02 7.6552847e-02
       935 2.2179237e+00 1.2506804e-01 1.5676564e-02 6.7091527e-02
       936 2.2166097e+00 1.2541843e-01 1.5781507e-02 6.7279307e-02
       937 2.2188380e+00 1.2410170e-01 1.5425870e-02 7.3461077e-02
       938 2.2176848e+00 1.2428387e-01 1.5483895e-02 6.5637995e-02
       939 2.2164072e+00 1.2494616e-01 1.5666220e-02 6.7218992e-02
       940 2.2177027e+00 1.2494895e-01 1.5649436e-02 6.6201993e-02
       941 2.2176442e+00 1.2445907e-01 1.5527974e-02 6.4201062e-02
       942 2.2180516e+00 1.2336886e-01 1.5252937e-02 6.4974876e-02
       943 2.2175050e+00 1.2412281e-01 1.5446120e-02 6.3354016e-02
       944 2.2162725e+00 1.2393565e-01 1.5416733e-02 6.9333398e-02
       945 2.2182515e+00 1.2339458e-01 1.5257028e-02 6.5696016e-02
       946 2.2171547e+00 1.2502659e-01 1.5675829e-02 6.5292153e-02
       947 2.2168541e+00 1.2478221e-01 1.5618867e-02 6.6444917e-02
       948 2.2170104e+00 1.2475078e-01 1.5608878e-02 6.5405681e-02
       949 2.2169076e+00 1.2449895e-01 1.5547515e-02 6.3783954e-02
       950 2.2167287e+00 1.2491649e-01 1.5654155e-02 6.5390888e-02
       951 2.2180710e+00 1.2430851e-01 1.5485445e-02 6.5497492e-02
       952 2.2169095e+00 1.2497000e-01 1.5665002e-02 6.6265659e-02
       953 2.2180569e+00 1.2396721e-01 1.5400871e-02 6.5200213e-02
       954 2.2172003e+00 1.2471445e-01 1.5597270e-02 6.4784375e-02
       955 2.2170425e+00 1.2527096e-01 1.5738498e-02 6.5079915e-02
       956 2.2167857e+00 1.2485856e-01 1.5638882e-02 6.4455088e-02
       957 2.2177284e+00 1.2418052e-01 1.5457686e-02 6.3891679e-02
       958 2.2174454e+00 1.2462058e-01 1.5570690e-02 6.4095933e-02
       959 2.2179925e+00 1.2546287e-01 1.5774676e-02 6.8121099e-02
       960 2.2174590e+00 1.2393089e-01 1.5399094e-02 6.2745591e-02
       961 2.2171315e+00 1.2424830e-01 1.5482131e-02 6.3930536e-02
       962 2.2181529e+00 1.2418457e-01 1.5453715e-02 6.4793595e-02
       963 2.2169231e+00 1.2473408e-01 1.5605905e-02 6.4715914e-02
       964 2.2167101e+00 1.2417761e-01 1.5470369e-02 6.4573614e-02
       965 2.2172494e+00 1.2416575e-01 1.5460064e-02 6.3460550e-02
       966 2.2181738e+00 1.2461409e-01 1.5560343e-02 6.5735785e-02
       967 2.2171711e+00 1.2424345e-01 1.5480399e-02 6.3760331e-02
       968 2.2168109e+00 1.2437487e-01 1.5517978e-02 6.4746325e-02
       969 2.2176094e+00 1.2446922e-01 1.5530931e-02 6.3220080e-02
       970 2.2183046e+00 1.2405197e-01 1.5419109e-02 6.6671403e-02
       971 2.2163265e+00 1.2578459e-01 1.5877640e-02 6.8668461e-02
       972 2.2179834e+00 1.2516371e-01 1.5699807e-02 6.4079603e-02
       973 2.2177911e+00 1.2381251e-01 1.5365662e-02 6.2453604e-02
       974 2.2179080e+00 1.2335432e-01 1.5251021e-02 6.3855887e-02
       975 2.2172989e+00 1.2387144e-01 1.5386417e-02 6.2642919e-02
       976 2.2170305e+00 1.2421119e-01 1.5474267e-02 6.2658446e-02
       977 2.2171286e+00 1.2524500e-01 1.5730838e-02 6.3657618e-02
       978 2.2172281e+00 1.2459639e-01 1.5567472e-02 6.4378481e-02
       979 2.2182163e+00 1.2437204e-01 1.5499600e-02 6.5418223e-02
       980 2.2159274e+00 1.2559398e-01 1.5835851e-02 7.2171801e-02
       981 2.2179225e+00 1.2400996e-01 1.5413033e-02 6.3729886e-02
       982 2.2181836e+00 1.2377801e-01 1.5352558e-02 6.5129916e-02
       983 2.2175455e+00 1.2370074e-01 1.5341012e-02 6.3683589e-02
       984 2.2172803e+00 1.2453131e-01 1.5550575e-02 6.2921427e-02
       985 2.2170231e+00 1.2423724e-01 1.5480841e-02 6.3122460e-02
       986 2.2174220e+00 1.2425532e-01 1.5480084e-02 6.0993937e-02
       987 2.2170127e+00 1.2465550e-01 1.5585083e-02 6.3911414e-02
       988 2.2180599e+00 1.2349907e-01 1.5284988e-02 6.1698156e-02
       989 2.2181668e+00 1.2372641e-01 1.5339976e-02 6.3269646e-02
       990 2.2179959e+00 1.2362653e-01 1.5317224e-02 6.2344779e-02
       991 2.2183343e+00 1.2325293e-01 1.5221177e-02 6.4672420e-02
       992 2.2176453e+00 1.2273053e-01 1.5100683e-02 5.9898860e-02
       993 2.2175477e+00 1.2366693e-01 1.5332621e-02 6.2151765e-02
       994 2.2175323e+00 1.2368071e-01 1.5336222e-02 6.2550613e-02
       995 2.2173266e+00 1.2375373e-01 1.5356911e-02 6.2014866e-02
       996 2.2165221e+00 1.2399042e-01 1.5426616e-02 6.5328747e-02
       997 2.2178650e+00 1.2324539e-01 1.5224671e-02 6.1644096e-02
       998 2.2174254e+00 1.2398258e-01 1.5412335e-02 6.1436177e-02
       999 2.2167057e+00 1.2376285e-01 1.5367595e-02 6.4317309e-02

Final Weights:         0.4192260958         0.2398108045         0.0549436479        -0.7130912118 