# Cycles, Average Predicted Temperature, Stddev Predicted Temperature, Mean Squared Error, || MSE Gradient ||
         0 7.3757895e-04 1.9425058e-03 4.7422954e+00 1.0005362e-01
         1 7.6091041e-04 2.0033656e-03 4.7421940e+00 1.0165853e-01
         2 7.7219109e-04 2.0574074e-03 4.7421451e+00 1.0158156e-01
         3 8.0675189e-04 2.1361241e-03 4.7419949e+00 1.0449386e-01
         4 8.5085793e-04 2.2341153e-03 4.7418032e+00 1.0841216e-01
         5 8.5772933e-04 2.2803544e-03 4.7417735e+00 1.0780970e-01
         6 8.7174914e-04 2.3222834e-03 4.7417126e+00 1.0794267e-01
         7 9.2394771e-04 2.4532553e-03 4.7414859e+00 1.1285876e-01
         8 9.4256947e-04 2.5154833e-03 4.7414051e+00 1.1355876e-01
         9 9.9306479e-04 2.6259117e-03 4.7411858e+00 1.1783070e-01
        10 1.0213597e-03 2.6955162e-03 4.7410630e+00 1.1955886e-01
        11 1.0204373e-03 2.7343148e-03 4.7410672e+00 1.1820548e-01
        12 1.0818906e-03 2.8714512e-03 4.7408004e+00 1.2329803e-01
        13 1.1244083e-03 2.9678421e-03 4.7406158e+00 1.2655587e-01
        14 1.1228722e-03 2.9834548e-03 4.7406225e+00 1.2467349e-01
        15 1.1701678e-03 3.1186615e-03 4.7404174e+00 1.2829066e-01
        16 1.1935659e-03 3.1949036e-03 4.7403160e+00 1.2910274e-01
        17 1.2503396e-03 3.3049571e-03 4.7400695e+00 1.3335965e-01
        18 1.2573628e-03 3.3264647e-03 4.7400391e+00 1.3262947e-01
        19 1.3199716e-03 3.4817571e-03 4.7397675e+00 1.3734010e-01
        20 1.3597764e-03 3.6001143e-03 4.7395950e+00 1.3990658e-01
        21 1.3838074e-03 3.6473698e-03 4.7394908e+00 1.4064689e-01
        22 1.4484424e-03 3.8339301e-03 4.7392107e+00 1.4889752e-01
        23 1.4468241e-03 3.8214543e-03 4.7392177e+00 1.4691162e-01
        24 1.5482723e-03 4.0712933e-03 4.7387780e+00 1.5531618e-01
        25 1.5565472e-03 4.1216372e-03 4.7387423e+00 1.5400904e-01
        26 1.5998217e-03 4.2168747e-03 4.7385547e+00 1.5668595e-01
        27 1.6725978e-03 4.3747085e-03 4.7382393e+00 1.6122291e-01
        28 1.7104923e-03 4.5045332e-03 4.7380754e+00 1.6313226e-01
        29 1.7679638e-03 4.6241230e-03 4.7378263e+00 1.6692323e-01
        30 1.7591944e-03 4.6863333e-03 4.7378651e+00 1.6367997e-01
        31 1.8247270e-03 4.8071636e-03 4.7375810e+00 1.6795384e-01
        32 1.8704455e-03 4.9356984e-03 4.7373832e+00 1.7021471e-01
        33 1.9260413e-03 5.0933248e-03 4.7371428e+00 1.7321872e-01
        34 1.9661464e-03 5.2025085e-03 4.7369693e+00 1.7437226e-01
        35 2.0510745e-03 5.3904761e-03 4.7366016e+00 1.8047518e-01
        36 2.0947955e-03 5.5059326e-03 4.7364126e+00 1.8146934e-01
        37 2.1853122e-03 5.6552091e-03 4.7360203e+00 1.8736669e-01
        38 2.2021128e-03 5.8328447e-03 4.7359492e+00 1.8719115e-01
        39 2.2880049e-03 5.9595214e-03 4.7355768e+00 1.9178562e-01
        40 2.2785869e-03 6.0038065e-03 4.7356184e+00 1.8900077e-01
        41 2.3644411e-03 6.1788347e-03 4.7352468e+00 1.9388998e-01
        42 2.4665009e-03 6.4781893e-03 4.7348065e+00 1.9992366e-01
        43 2.5217020e-03 6.5957979e-03 4.7345678e+00 2.0259586e-01
        44 2.5971266e-03 6.7890909e-03 4.7342421e+00 2.0611283e-01
        45 2.6670513e-03 6.8913919e-03 4.7339393e+00 2.0988820e-01
        46 2.7581498e-03 7.2317886e-03 4.7335477e+00 2.1488522e-01
        47 2.8408845e-03 7.3831249e-03 4.7331899e+00 2.1852162e-01
        48 2.8451095e-03 7.4212865e-03 4.7331720e+00 2.1646095e-01
        49 2.9375912e-03 7.6389974e-03 4.7327729e+00 2.2110970e-01
        50 3.0344275e-03 7.8956698e-03 4.7323556e+00 2.2585919e-01
        51 3.1107058e-03 8.1132479e-03 4.7320272e+00 2.2862288e-01
        52 3.1186803e-03 8.1887636e-03 4.7319938e+00 2.2765008e-01
        53 3.2531833e-03 8.4185800e-03 4.7314124e+00 2.3487486e-01
        54 3.3070390e-03 8.6685913e-03 4.7311824e+00 2.3604867e-01
        55 3.4407072e-03 8.9109072e-03 4.7306052e+00 2.4277964e-01
        56 3.4777025e-03 9.0549296e-03 4.7304469e+00 2.4372036e-01
        57 3.6250901e-03 9.3403910e-03 4.7298110e+00 2.5068417e-01
        58 3.6083396e-03 9.3792809e-03 4.7298846e+00 2.4698356e-01
        59 3.7298927e-03 9.7913231e-03 4.7293638e+00 2.5204287e-01
        60 3.8613023e-03 1.0054941e-02 4.7287975e+00 2.5799088e-01
        61 3.8692741e-03 1.0211272e-02 4.7287660e+00 2.5697677e-01
        62 4.0214299e-03 1.0353802e-02 4.7281072e+00 2.6439761e-01
        63 4.1007812e-03 1.0709417e-02 4.7277696e+00 2.6653548e-01
        64 4.1854626e-03 1.0896484e-02 4.7274054e+00 2.6967796e-01
        65 4.2609395e-03 1.1058138e-02 4.7270808e+00 2.7211870e-01
        66 4.4958556e-03 1.1543612e-02 4.7260703e+00 2.8309248e-01
        67 4.4866925e-03 1.1673430e-02 4.7261132e+00 2.8053366e-01
        68 4.6068099e-03 1.1934240e-02 4.7255971e+00 2.8548332e-01
        69 4.7207863e-03 1.2202579e-02 4.7251081e+00 2.8879660e-01
        70 4.8064368e-03 1.2441868e-02 4.7247416e+00 2.9169430e-01
        71 4.8835626e-03 1.2669767e-02 4.7244120e+00 2.9434977e-01
        72 4.9984922e-03 1.2983469e-02 4.7239205e+00 2.9808068e-01
        73 5.1339518e-03 1.3306080e-02 4.7233402e+00 3.0274959e-01
        74 5.3560824e-03 1.3786713e-02 4.7223877e+00 4.3420849e-01
        75 5.4811589e-03 1.4021671e-02 4.7218507e+00 4.5147008e-01
        76 5.4639536e-03 1.4017426e-02 4.7219253e+00 4.4822124e-01
        77 5.7652779e-03 1.4671831e-02 4.7206347e+00 4.6156286e-01
        78 5.9710560e-03 1.5047009e-02 4.7197517e+00 4.7222000e-01
        79 6.1733027e-03 1.5372198e-02 4.7188829e+00 4.8023228e-01
        80 6.3928789e-03 1.5711844e-02 4.7179396e+00 4.8560893e-01
        81 6.5014376e-03 1.5983815e-02 4.7174766e+00 4.9049816e-01
        82 6.7096744e-03 1.6268159e-02 4.7165813e+00 4.9284997e-01
        83 6.8500065e-03 1.6443383e-02 4.7159775e+00 4.9997483e-01
        84 7.2014282e-03 1.7164201e-02 4.7144756e+00 5.1361948e-01
        85 7.3005350e-03 1.7153748e-02 4.7140449e+00 5.1086646e-01
        86 7.5686054e-03 1.7700742e-02 4.7129000e+00 5.2457106e-01
        87 7.7544427e-03 1.7949476e-02 4.7121020e+00 5.3513916e-01
        88 7.8811002e-03 1.8197982e-02 4.7115612e+00 5.3684229e-01
        89 8.3068780e-03 1.8863175e-02 4.7097377e+00 5.5083143e-01
        90 8.6091641e-03 1.9524348e-02 4.7084512e+00 5.6266235e-01
        91 8.8522588e-03 1.9836680e-02 4.7074086e+00 5.6776902e-01
        92 9.1461373e-03 2.0367696e-02 4.7061548e+00 5.7495307e-01
        93 9.4367030e-03 2.1056206e-02 4.7049228e+00 5.8129499e-01
        94 9.6315804e-03 2.1287711e-02 4.7040873e+00 5.9031034e-01
        95 9.9401421e-03 2.1682379e-02 4.7027659e+00 5.9943382e-01
        96 1.0194774e-02 2.2125921e-02 4.7016811e+00 6.0725392e-01
        97 1.0592580e-02 2.2844301e-02 4.6999885e+00 6.2217778e-01
        98 1.0831888e-02 2.3267998e-02 4.6989705e+00 6.2569406e-01
        99 1.0969311e-02 2.3482923e-02 4.6983848e+00 6.2724018e-01
       100 1.1447179e-02 2.4375187e-02 4.6963563e+00 6.3927693e-01
       101 1.1777270e-02 2.5003466e-02 4.6949568e+00 6.4762518e-01
       102 1.2006244e-02 2.5258629e-02 4.6939775e+00 6.5224755e-01
       103 1.2315546e-02 2.6200062e-02 4.6926859e+00 6.5926189e-01
       104 1.2587265e-02 2.6309238e-02 4.6915145e+00 6.6722326e-01
       105 1.2932832e-02 2.6970887e-02 4.6900530e+00 6.8382331e-01
       106 1.3345420e-02 2.7694438e-02 4.6883058e+00 6.9555113e-01
       107 1.3531077e-02 2.8131002e-02 4.6875263e+00 6.9789652e-01
       108 1.4173194e-02 2.9184050e-02 4.6848069e+00 7.1713414e-01
       109 1.4375445e-02 2.9495247e-02 4.6839497e+00 7.2122245e-01
       110 1.4948155e-02 3.0573650e-02 4.6815361e+00 7.3703763e-01
       111 1.5183962e-02 3.0919207e-02 4.6805371e+00 7.3836599e-01
       112 1.5666200e-02 3.1629869e-02 4.6784954e+00 7.5430327e-01
       113 1.5915483e-02 3.2147449e-02 4.6774502e+00 7.5454867e-01
       114 1.6222806e-02 3.2615393e-02 4.6761514e+00 7.6125728e-01
       115 1.6681556e-02 3.3573210e-02 4.6742312e+00 8.4572709e-01
       116 1.7020413e-02 3.4096537e-02 4.6728017e+00 8.5336338e-01
       117 1.7570754e-02 3.4910258e-02 4.6704791e+00 8.6633426e-01
       118 1.7905237e-02 3.5222276e-02 4.6690556e+00 8.7101707e-01
       119 1.8859919e-02 3.6472742e-02 4.6650209e+00 9.0206029e-01
       120 1.9255050e-02 3.7279725e-02 4.6633740e+00 9.0436621e-01
       121 1.9527393e-02 3.7943333e-02 4.6622479e+00 9.0706916e-01
       122 2.0200207e-02 3.8738837e-02 4.6594043e+00 9.2496415e-01
       123 2.0706818e-02 3.8991705e-02 4.6572375e+00 1.0259051e+00
       124 2.1346539e-02 3.9752754e-02 4.6545371e+00 1.1091809e+00
       125 2.1724021e-02 3.9942876e-02 4.6529239e+00 1.1991287e+00
       126 2.2919702e-02 4.1100848e-02 4.6478618e+00 1.3098697e+00
       127 2.3881631e-02 4.1727520e-02 4.6437677e+00 1.4199312e+00
       128 2.4736579e-02 4.2699192e-02 4.6401665e+00 1.5214829e+00
       129 2.6072241e-02 4.3579959e-02 4.6344911e+00 1.6676940e+00
       130 2.7194533e-02 4.4596239e-02 4.6297508e+00 1.7890168e+00
       131 2.8686506e-02 4.5870509e-02 4.6234492e+00 1.9149949e+00
       132 3.0030478e-02 4.6869208e-02 4.6177652e+00 1.9135021e+00
       133 3.1776655e-02 4.7983457e-02 4.6103711e+00 2.0552524e+00
       134 3.3344859e-02 4.8993703e-02 4.6037387e+00 2.2112120e+00
       135 3.5143509e-02 5.0134021e-02 4.5961385e+00 2.3790044e+00
       136 3.7364565e-02 5.2097107e-02 4.5868235e+00 2.6153172e+00
       137 3.9217611e-02 5.2516540e-02 4.5789359e+00 2.8104006e+00
       138 4.1473342e-02 5.4076643e-02 4.5694563e+00 2.9830944e+00
       139 4.4028810e-02 5.5763584e-02 4.5587264e+00 3.1850327e+00
       140 4.7177143e-02 5.7990076e-02 4.5455500e+00 3.5114920e+00
       141 5.0523852e-02 6.0275287e-02 4.5315662e+00 3.7146971e+00
       142 5.3616287e-02 6.2228345e-02 4.5186543e+00 3.9525430e+00
       143 5.7638099e-02 6.5120103e-02 4.5019476e+00 4.3577544e+00
       144 6.1473316e-02 6.7539828e-02 4.4860160e+00 4.5704495e+00
       145 6.5353628e-02 6.9742387e-02 4.4699046e+00 4.8161032e+00
       146 6.9861882e-02 7.2334981e-02 4.4512408e+00 5.0703757e+00
       147 7.5023095e-02 7.5324540e-02 4.4299435e+00 5.3193932e+00
       148 8.0517143e-02 7.9102758e-02 4.4074448e+00 5.6261413e+00
       149 8.6153320e-02 8.2993029e-02 4.3844589e+00 5.9504711e+00
       150 9.0962297e-02 8.5527897e-02 4.3647859e+00 6.1789576e+00
       151 9.7353136e-02 9.0108156e-02 4.3389500e+00 6.4956880e+00
       152 1.0406562e-01 9.4146838e-02 4.3118010e+00 6.8158803e+00
       153 1.1111710e-01 9.8104504e-02 4.2833571e+00 7.1072481e+00
       154 1.1744312e-01 1.0254812e-01 4.2581332e+00 7.3629959e+00
       155 1.2563427e-01 1.0781492e-01 4.2255447e+00 7.8651104e+00
       156 1.3340894e-01 1.1201177e-01 4.1946083e+00 8.2380029e+00
       157 1.4189803e-01 1.1760514e-01 4.1612442e+00 8.5309888e+00
       158 1.5058348e-01 1.2260643e-01 4.1271448e+00 8.9010507e+00
       159 1.6040013e-01 1.2891369e-01 4.0890145e+00 9.2594409e+00
       160 1.6991237e-01 1.3364686e-01 4.0519559e+00 9.6642322e+00
       161 1.7979840e-01 1.3954473e-01 4.0139526e+00 9.9715103e+00
       162 1.9113390e-01 1.4569632e-01 3.9705251e+00 1.0348990e+01
       163 2.0217898e-01 1.5183592e-01 3.9285744e+00 1.0666582e+01
       164 2.1355850e-01 1.5800883e-01 3.8856393e+00 1.1004444e+01
       165 2.2494405e-01 1.6485666e-01 3.8432378e+00 1.1336929e+01
       166 2.3808391e-01 1.7166839e-01 3.7943660e+00 1.1700800e+01
       167 2.5048675e-01 1.7905256e-01 3.7489784e+00 1.2010805e+01
       168 2.6354499e-01 1.8561448e-01 3.7011910e+00 1.2353903e+01
       169 2.7723893e-01 1.9371634e-01 3.6520075e+00 1.2681212e+01
       170 2.9230072e-01 2.0092092e-01 3.5978072e+00 1.3017886e+01
       171 3.0616441e-01 2.0853285e-01 3.5488191e+00 1.3306471e+01
       172 3.2214066e-01 2.1635754e-01 3.4925758e+00 1.3620411e+01
       173 3.3770505e-01 2.2340145e-01 3.4381320e+00 1.3925449e+01
       174 3.5251829e-01 2.3129690e-01 3.3874076e+00 1.4225548e+01
       175 3.7090544e-01 2.4093630e-01 3.3251516e+00 1.4478158e+01
       176 3.8594557e-01 2.4791074e-01 3.2744168e+00 1.4731952e+01
       177 4.0424055e-01 2.5638667e-01 3.2134394e+00 1.4990962e+01
       178 4.2399815e-01 2.6566806e-01 3.1485682e+00 1.5236996e+01
       179 4.4190634e-01 2.7448488e-01 3.0908144e+00 1.5508713e+01
       180 4.6136585e-01 2.8309077e-01 3.0284081e+00 1.5706496e+01
       181 4.8025109e-01 2.9243785e-01 2.9692904e+00 1.5885585e+01
       182 5.0019941e-01 3.0104404e-01 2.9070448e+00 1.6093499e+01
       183 5.2047231e-01 3.1077518e-01 2.8453648e+00 1.6255348e+01
       184 5.4084715e-01 3.1967733e-01 2.7838316e+00 1.6421185e+01
       185 5.6137127e-01 3.2887264e-01 2.7229970e+00 1.6533900e+01
       186 5.8157761e-01 3.3827325e-01 2.6643277e+00 1.6675398e+01
       187 6.0516930e-01 3.4888580e-01 2.5968325e+00 1.6772296e+01
       188 6.2868908e-01 3.5840348e-01 2.5301125e+00 1.6852685e+01
       189 6.5019806e-01 3.6829941e-01 2.4711003e+00 1.6909665e+01
       190 6.7377537e-01 3.7868489e-01 2.4073514e+00 1.6956522e+01
       191 6.9670989e-01 3.8827199e-01 2.3462138e+00 1.7018193e+01
       192 7.2136975e-01 3.9848913e-01 2.2817829e+00 1.7013518e+01
       193 7.4555084e-01 4.0844750e-01 2.2199374e+00 1.6997960e+01
       194 7.6979843e-01 4.1961374e-01 2.1602845e+00 1.6980995e+01
       195 7.9457930e-01 4.2958141e-01 2.0995495e+00 1.6941431e+01
       196 8.1853590e-01 4.3909428e-01 2.0420828e+00 1.6893457e+01
       197 8.4380029e-01 4.4983343e-01 1.9835543e+00 1.6808206e+01
       198 8.7021323e-01 4.6177891e-01 1.9246392e+00 1.6688685e+01
       199 8.9621464e-01 4.7097643e-01 1.8658640e+00 1.6586030e+01
       200 9.2134137e-01 4.8089054e-01 1.8114971e+00 1.6466271e+01
       201 9.4890071e-01 4.9227976e-01 1.7540519e+00 1.6282054e+01
       202 9.7416371e-01 5.0215797e-01 1.7023908e+00 1.6113837e+01
       203 1.0009883e+00 5.1388045e-01 1.6504137e+00 1.5925218e+01
       204 1.0279191e+00 5.2409964e-01 1.5983280e+00 1.5708451e+01
       205 1.0536459e+00 5.3415183e-01 1.5504302e+00 1.5510253e+01
       206 1.0805866e+00 5.4509797e-01 1.5023653e+00 1.5252958e+01
       207 1.1089922e+00 5.5548369e-01 1.4522334e+00 1.4981717e+01
       208 1.1348823e+00 5.6546879e-01 1.4087215e+00 1.4709590e+01
       209 1.1609869e+00 5.7614108e-01 1.3671044e+00 1.4416406e+01
       210 1.1897703e+00 5.8606968e-01 1.3209018e+00 1.4106537e+01
       211 1.2155917e+00 5.9607414e-01 1.2823386e+00 1.3790296e+01
       212 1.2412757e+00 6.0580599e-01 1.2452364e+00 1.3468533e+01
       213 1.2695045e+00 6.1710752e-01 1.2069453e+00 1.3098767e+01
       214 1.2957442e+00 6.2659737e-01 1.1717372e+00 1.2731670e+01
       215 1.3203539e+00 6.3452511e-01 1.1388959e+00 1.2400774e+01
       216 1.3465623e+00 6.4486056e-01 1.1078290e+00 1.2064870e+01
       217 1.3715608e+00 6.5452539e-01 1.0794219e+00 1.1685910e+01
       218 1.3988991e+00 6.6419999e-01 1.0488112e+00 1.1259334e+01
       219 1.4233878e+00 6.7195139e-01 1.0215891e+00 1.0884057e+01
       220 1.4468467e+00 6.8129107e-01 9.9935390e-01 1.0489443e+01
       221 1.4731462e+00 6.8996462e-01 9.7345933e-01 1.0054999e+01
       222 1.4950390e+00 6.9726807e-01 9.5318946e-01 9.6822632e+00
       223 1.5177309e+00 7.0471913e-01 9.3313632e-01 9.2882078e+00
       224 1.5411321e+00 7.1198040e-01 9.1304928e-01 8.8809189e+00
       225 1.5631500e+00 7.1880603e-01 8.9523666e-01 8.4855323e+00
       226 1.5855236e+00 7.2595059e-01 8.7852795e-01 8.0765220e+00
       227 1.6081454e+00 7.3260510e-01 8.6192096e-01 7.6570011e+00
       228 1.6277898e+00 7.3857597e-01 8.4868577e-01 7.2874501e+00
       229 1.6460323e+00 7.4457337e-01 8.3782396e-01 6.9497283e+00
       230 1.6646382e+00 7.5078357e-01 8.2764556e-01 6.5799721e+00
       231 1.6851860e+00 7.5643709e-01 8.1547477e-01 6.1832504e+00
       232 1.7041083e+00 7.6007740e-01 8.0268729e-01 5.8381817e+00
       233 1.7183404e+00 7.6321751e-01 7.9417228e-01 5.5694332e+00
       234 1.7344846e+00 7.6890147e-01 7.8828624e-01 5.2426913e+00
       235 1.7491367e+00 7.7149000e-01 7.7947918e-01 4.9698088e+00
       236 1.7646489e+00 7.7536589e-01 7.7239707e-01 4.6652790e+00
       237 1.7782573e+00 7.7830206e-01 7.6588258e-01 4.4176040e+00
       238 1.7925225e+00 7.8110482e-01 7.5903999e-01 4.1465509e+00
       239 1.8034420e+00 7.8359034e-01 7.5462077e-01 3.9451156e+00
       240 1.8133452e+00 7.8569453e-01 7.5059395e-01 3.7567712e+00
       241 1.8264453e+00 7.8561488e-01 7.4107544e-01 3.5394293e+00
       242 1.8381207e+00 7.8843624e-01 7.3743386e-01 3.3217571e+00
       243 1.8459531e+00 7.8871716e-01 7.3260758e-01 3.1990985e+00
       244 1.8568989e+00 7.9021368e-01 7.2781211e-01 3.0158151e+00
       245 1.8647311e+00 7.9075113e-01 7.2368676e-01 2.8866529e+00
       246 1.8715408e+00 7.8867417e-01 7.1618051e-01 2.8063665e+00
       247 1.8747094e+00 7.9100458e-01 7.1792710e-01 2.7578647e+00
       248 1.8846533e+00 7.8776007e-01 7.0686355e-01 2.6314592e+00
       249 1.8901730e+00 7.8956632e-01 7.0650011e-01 2.5423374e+00
       250 1.8945094e+00 7.8747460e-01 7.0072026e-01 2.5024708e+00
       251 1.9029622e+00 7.8646272e-01 6.9439948e-01 2.3999856e+00
       252 1.9067668e+00 7.8431528e-01 6.8894476e-01 2.3671619e+00
       253 1.9087783e+00 7.8312716e-01 6.8599366e-01 2.3567901e+00
       254 1.9119567e+00 7.8360780e-01 6.8504275e-01 2.3272010e+00
       255 1.9168229e+00 7.7865084e-01 6.7472909e-01 2.2953472e+00
       256 1.9172826e+00 7.7979481e-01 6.7627161e-01 2.3015252e+00
       257 1.9219181e+00 7.7692146e-01 6.6939910e-01 2.2626075e+00
       258 1.9225554e+00 7.7374265e-01 6.6414330e-01 2.2878537e+00
       259 1.9269110e+00 7.7166019e-01 6.5871520e-01 2.2531901e+00
       260 1.9279372e+00 7.6990827e-01 6.5549932e-01 2.2628854e+00
       261 1.9293554e+00 7.6751169e-01 6.5110634e-01 2.2722600e+00
       262 1.9325885e+00 7.6517793e-01 6.4592937e-01 2.2521101e+00
       263 1.9330817e+00 7.6178867e-01 6.4051183e-01 2.2758141e+00
       264 1.9372429e+00 7.5965759e-01 6.3524503e-01 2.2431169e+00
       265 1.9349588e+00 7.5678928e-01 6.3200234e-01 2.3067018e+00
       266 1.9386592e+00 7.5476561e-01 6.2715537e-01 2.2763200e+00
       267 1.9383848e+00 7.5188741e-01 6.2295058e-01 2.3104371e+00
       268 1.9365005e+00 7.4775303e-01 6.1765860e-01 2.3800916e+00
       269 1.9394060e+00 7.4641842e-01 6.1426713e-01 2.3555767e+00
       270 1.9407798e+00 7.4250986e-01 6.0779274e-01 2.3681493e+00
       271 1.9392924e+00 7.4157367e-01 6.0711254e-01 2.4098081e+00
       272 1.9419835e+00 7.3950095e-01 6.0276287e-01 2.3925345e+00
       273 1.9436062e+00 7.3470420e-01 5.9492680e-01 2.4151482e+00
       274 1.9434593e+00 7.3348990e-01 5.9321296e-01 2.4379242e+00
       275 1.9443982e+00 7.3027897e-01 5.8807259e-01 2.4546741e+00
       276 1.9448496e+00 7.2730035e-01 5.8351994e-01 2.4762871e+00
       277 1.9431971e+00 7.2376903e-01 5.7917043e-01 2.5365728e+00
       278 1.9455026e+00 7.2262819e-01 5.7644105e-01 2.5159624e+00
       279 1.9491345e+00 7.1921491e-01 5.6984096e-01 2.4990855e+00
       280 1.9453009e+00 7.1667963e-01 5.6797323e-01 2.5901605e+00
       281 1.9456998e+00 7.1225483e-01 5.6146465e-01 2.6153188e+00
       282 1.9485901e+00 7.1066890e-01 5.5787111e-01 2.5935872e+00
       283 1.9508213e+00 7.0855829e-01 5.5385504e-01 2.5842747e+00
       284 1.9505727e+00 7.0469854e-01 5.4851345e-01 2.6184414e+00
       285 1.9533425e+00 7.0238046e-01 5.4399724e-01 2.6039396e+00
       286 1.9569556e+00 7.0029402e-01 5.3945724e-01 2.5636254e+00
       287 1.9544312e+00 6.9716103e-01 5.3620355e-01 2.6379447e+00
       288 1.9561673e+00 6.9409935e-01 5.3116924e-01 2.6400965e+00
       289 1.9566028e+00 6.9138351e-01 5.2721310e-01 2.6566360e+00
       290 1.9574459e+00 6.8868362e-01 5.2311373e-01 2.6743632e+00
       291 1.9597006e+00 6.8638859e-01 5.1896654e-01 2.6668752e+00
       292 1.9617987e+00 6.8408435e-01 5.1489526e-01 2.6509176e+00
       293 1.9657376e+00 6.8104297e-01 5.0905244e-01 2.6138175e+00
       294 1.9637902e+00 6.7950730e-01 5.0779523e-01 2.6705673e+00
       295 1.9650213e+00 6.7610754e-01 5.0265951e-01 2.6799000e+00
       296 1.9647470e+00 6.7296176e-01 4.9853278e-01 2.7143247e+00
       297 1.9689053e+00 6.7067987e-01 4.9370701e-01 2.6652250e+00
       298 1.9716265e+00 6.6903041e-01 4.9036438e-01 2.6372260e+00
       299 1.9694981e+00 6.6482837e-01 4.8564426e-01 2.7090183e+00
       300 1.9726403e+00 6.6295868e-01 4.8185861e-01 2.6810610e+00
       301 1.9727338e+00 6.5996662e-01 4.7786190e-01 2.7044628e+00
       302 1.9750970e+00 6.5731589e-01 4.7340359e-01 2.6926041e+00
       303 1.9781388e+00 6.5389075e-01 4.6768485e-01 2.6669674e+00
       304 1.9768033e+00 6.5336738e-01 4.6753739e-01 2.7119048e+00
       305 1.9827662e+00 6.5085842e-01 4.6189626e-01 2.6371550e+00
       306 1.9827468e+00 6.4624714e-01 4.5592256e-01 2.6671903e+00
       307 1.9836931e+00 6.4567426e-01 4.5481300e-01 2.6658407e+00
       308 1.9874000e+00 6.4206990e-01 4.4874158e-01 2.6308597e+00
       309 1.9886960e+00 6.3958424e-01 4.4506241e-01 2.6281171e+00
       310 1.9903699e+00 6.3743557e-01 4.4168614e-01 2.6226537e+00
       311 1.9922803e+00 6.3389508e-01 4.3647018e-01 2.6185096e+00
       312 1.9948848e+00 6.3322735e-01 4.3466127e-01 2.5924287e+00
       313 1.9922110e+00 6.2973173e-01 4.3123504e-01 2.6586060e+00
       314 1.9988471e+00 6.2631015e-01 4.2451007e-01 2.5760546e+00
       315 1.9996826e+00 6.2412448e-01 4.2147767e-01 2.5802925e+00
       316 2.0010980e+00 6.2126649e-01 4.1741440e-01 2.5813628e+00
       317 2.0041237e+00 6.1902745e-01 4.1357345e-01 2.5550810e+00
       318 2.0044342e+00 6.1690797e-01 4.1084576e-01 2.5654094e+00
       319 2.0068215e+00 6.1407224e-01 4.0653003e-01 2.5501677e+00
       320 2.0083451e+00 6.1114056e-01 4.0241754e-01 2.5489297e+00
       321 2.0091852e+00 6.0679055e-01 3.9683448e-01 2.5563980e+00
       322 2.0101896e+00 6.0425685e-01 3.9342712e-01 2.5618274e+00
       323 2.0147762e+00 6.0341647e-01 3.9089004e-01 2.5047631e+00
       324 2.0164326e+00 5.9975533e-01 3.8594571e-01 2.5021755e+00
       325 2.0145427e+00 5.9602995e-01 3.8210677e-01 2.5523858e+00
       326 2.0189032e+00 5.9388762e-01 3.7814743e-01 2.4991313e+00
       327 2.0182405e+00 5.9114842e-01 3.7511325e-01 2.5293893e+00
       328 2.0222695e+00 5.8777808e-01 3.6986541e-01 2.4841827e+00
       329 2.0221930e+00 5.8552161e-01 3.6724177e-01 2.5027861e+00
       330 2.0270108e+00 5.8291413e-01 3.6271300e-01 2.4430343e+00
       331 2.0259497e+00 5.7997989e-01 3.5962323e-01 2.4803252e+00
       332 2.0272131e+00 5.7667980e-01 3.5542247e-01 2.4766074e+00
       333 2.0307436e+00 5.7582370e-01 3.5338064e-01 2.4360390e+00
       334 2.0314652e+00 5.7177778e-01 3.4852492e-01 2.4463900e+00
       335 2.0350978e+00 5.7012219e-01 3.4557996e-01 2.4038741e+00
       336 2.0373193e+00 5.6665385e-01 3.4100539e-01 2.3881925e+00
       337 2.0352378e+00 5.6421764e-01 3.3884210e-01 2.4382419e+00
       338 2.0377005e+00 5.6100768e-01 3.3453100e-01 2.4093071e+00
       339 2.0412936e+00 5.5900496e-01 3.3128962e-01 2.3700985e+00
       340 2.0422252e+00 5.5473668e-01 3.2628123e-01 2.3784171e+00
       341 2.0452553e+00 5.5210606e-01 3.2255339e-01 2.3431715e+00
       342 2.0463515e+00 5.4901954e-01 3.1886399e-01 2.3412344e+00
       343 2.0478470e+00 5.4520219e-01 3.1429418e-01 2.3337004e+00
       344 2.0465300e+00 5.4345410e-01 3.1273677e-01 2.3703234e+00
       345 2.0493298e+00 5.3976905e-01 3.0801436e-01 2.3418553e+00
       346 2.0516663e+00 5.3880803e-01 3.0638006e-01 2.3165834e+00
       347 2.0521153e+00 5.3450260e-01 3.0164537e-01 2.3297976e+00
       348 2.0529329e+00 5.3114260e-01 2.9785895e-01 2.3324011e+00
       349 2.0543369e+00 5.2975796e-01 2.9603958e-01 2.3203541e+00
       350 2.0556970e+00 5.2614674e-01 2.9189082e-01 2.3115661e+00
       351 2.0575445e+00 5.2309776e-01 2.8824165e-01 2.2986035e+00
       352 2.0599022e+00 5.2054347e-01 2.8501149e-01 2.2773782e+00
       353 2.0587341e+00 5.1742295e-01 2.8205071e-01 2.3083105e+00
       354 2.0644739e+00 5.1529386e-01 2.7851100e-01 2.2325802e+00
       355 2.0648838e+00 5.1087779e-01 2.7388611e-01 2.2346749e+00
       356 2.0632075e+00 5.0904749e-01 2.7240278e-01 2.2731819e+00
       357 2.0667168e+00 5.0683378e-01 2.6935761e-01 2.2321310e+00
       358 2.0686357e+00 5.0259042e-01 2.6464927e-01 2.2118587e+00
       359 2.0713780e+00 5.0058453e-01 2.6204242e-01 2.1808536e+00
       360 2.0700323e+00 4.9706156e-01 2.5881763e-01 2.2140901e+00
       361 2.0726042e+00 4.9388804e-01 2.5512193e-01 2.1867844e+00
       362 2.0711294e+00 4.9038022e-01 2.5198357e-01 2.2205727e+00
       363 2.0757620e+00 4.8794088e-01 2.4862455e-01 2.1582616e+00
       364 2.0762671e+00 4.8532075e-01 2.4597101e-01 2.1620198e+00
       365 2.0758974e+00 4.8217357e-01 2.4300180e-01 2.1777638e+00
       366 2.0786994e+00 4.7945520e-01 2.3982108e-01 2.1439707e+00
       367 2.0787328e+00 4.7609478e-01 2.3660335e-01 2.1584120e+00
       368 2.0805113e+00 4.7403968e-01 2.3429933e-01 2.1361300e+00
       369 2.0839369e+00 4.7107533e-01 2.3083864e-01 2.0927793e+00
       370 2.0848461e+00 4.6824470e-01 2.2800877e-01 2.0884371e+00
       371 2.0843066e+00 4.6448876e-01 2.2460675e-01 2.1031958e+00
       372 2.0884646e+00 4.6192536e-01 2.2146663e-01 2.0480703e+00
       373 2.0874972e+00 4.5914242e-01 2.1907834e-01 2.0755412e+00
       374 2.0891924e+00 4.5728028e-01 2.1706644e-01 2.0496633e+00
       375 2.0876642e+00 4.5300733e-01 2.1345187e-01 2.0838954e+00
       376 2.0898002e+00 4.4974268e-01 2.1012157e-01 2.0628789e+00
       377 2.0918369e+00 4.4712298e-01 2.0741522e-01 2.0399390e+00
       378 2.0926796e+00 4.4395533e-01 2.0444739e-01 2.0322158e+00
       379 2.0935527e+00 4.4115444e-01 2.0181935e-01 2.0233852e+00
       380 2.0938474e+00 4.3812961e-01 1.9910972e-01 2.0276088e+00
       381 2.0960236e+00 4.3618963e-01 1.9705022e-01 2.0006456e+00
       382 2.0983999e+00 4.3153447e-01 1.9262487e-01 1.9698568e+00
       383 2.0990322e+00 4.2975699e-01 1.9099317e-01 1.9670974e+00
       384 2.0978177e+00 4.2722410e-01 1.8901682e-01 1.9862629e+00
       385 2.1005216e+00 4.2464427e-01 1.8639059e-01 1.9522738e+00
       386 2.1001989e+00 4.2159646e-01 1.8386179e-01 1.9616333e+00
       387 2.1022049e+00 4.1860926e-01 1.8104214e-01 1.9359064e+00
       388 2.1034423e+00 4.1563490e-01 1.7837371e-01 1.9258589e+00
       389 2.1051060e+00 4.1282433e-01 1.7579857e-01 1.9037876e+00
       390 2.1044867e+00 4.0973204e-01 1.7334617e-01 1.9137327e+00
       391 2.1068710e+00 4.0595259e-01 1.6991646e-01 1.8857028e+00
       392 2.1079086e+00 4.0402087e-01 1.6820442e-01 1.8710173e+00
       393 2.1098500e+00 4.0075385e-01 1.6530521e-01 1.8494303e+00
       394 2.1102898e+00 3.9866676e-01 1.6357663e-01 1.8429381e+00
       395 2.1117276e+00 3.9641661e-01 1.6159373e-01 1.8280574e+00
       396 2.1122084e+00 3.9260304e-01 1.5852084e-01 1.8183742e+00
       397 2.1125491e+00 3.9081552e-01 1.5707548e-01 1.8162608e+00
       398 2.1146704e+00 3.8815649e-01 1.5472921e-01 1.7873735e+00
       399 2.1155913e+00 3.8343172e-01 1.5096706e-01 1.7779179e+00
       400 2.1166125e+00 3.8133703e-01 1.4923784e-01 1.7670121e+00
       401 2.1163033e+00 3.7782714e-01 1.4661158e-01 1.7698190e+00
       402 2.1182170e+00 3.7573016e-01 1.4479730e-01 1.7412420e+00
       403 2.1197987e+00 3.7323592e-01 1.4274127e-01 1.7213698e+00
       404 2.1187748e+00 3.6991403e-01 1.4039370e-01 1.7340085e+00
       405 2.1201237e+00 3.6656681e-01 1.3776944e-01 1.7186097e+00
       406 2.1213573e+00 3.6424681e-01 1.3593165e-01 1.7009096e+00
       407 2.1221281e+00 3.6236993e-01 1.3448051e-01 1.6865196e+00
       408 2.1234847e+00 3.5985118e-01 1.3251052e-01 1.6684600e+00
       409 2.1233152e+00 3.5664252e-01 1.3023020e-01 1.6683926e+00
       410 2.1237476e+00 3.5495364e-01 1.2898093e-01 1.6615308e+00
       411 2.1249809e+00 3.5128329e-01 1.2625546e-01 1.6475959e+00
       412 2.1250911e+00 3.4779761e-01 1.2380693e-01 1.6424254e+00
       413 2.1272861e+00 3.4612024e-01 1.2241368e-01 1.6090547e+00
       414 2.1265245e+00 3.4342826e-01 1.2063590e-01 1.6212492e+00
       415 2.1283295e+00 3.4055405e-01 1.1848591e-01 1.5943932e+00
       416 2.1283110e+00 3.3825965e-01 1.1693029e-01 1.5913594e+00
       417 2.1285053e+00 3.3446596e-01 1.1435875e-01 1.5848163e+00
       418 2.1305303e+00 3.3263578e-01 1.1293979e-01 1.5566791e+00
       419 2.1313125e+00 3.2935981e-01 1.1069680e-01 1.5442657e+00
       420 2.1321986e+00 3.2744365e-01 1.0935557e-01 1.5247136e+00
       421 2.1332723e+00 3.2469899e-01 1.0746757e-01 1.5100451e+00
       422 2.1326341e+00 3.2305933e-01 1.0646349e-01 1.5184651e+00
       423 2.1342905e+00 3.2078582e-01 1.0485077e-01 1.4899890e+00
       424 2.1335243e+00 3.1833834e-01 1.0335473e-01 1.4978381e+00
       425 2.1352898e+00 3.1574042e-01 1.0155205e-01 1.4684532e+00
       426 2.1357183e+00 3.1251757e-01 9.9490488e-02 1.4558488e+00
       427 2.1365973e+00 3.0957622e-01 9.7586403e-02 1.4434917e+00
       428 2.1373784e+00 3.0820392e-01 9.6673893e-02 1.4309511e+00
       429 2.1387953e+00 3.0483514e-01 9.4494412e-02 1.4063728e+00
       430 2.1393876e+00 3.0244216e-01 9.2994626e-02 1.3961909e+00
       431 2.1396347e+00 3.0065211e-01 9.1895829e-02 1.3871283e+00
       432 2.1404075e+00 2.9854269e-01 9.0572527e-02 1.3682825e+00
       433 2.1421785e+00 2.9641807e-01 8.9176969e-02 1.3472977e+00
       434 2.1410965e+00 2.9302535e-01 8.7256746e-02 1.3517099e+00
       435 2.1407218e+00 2.9143881e-01 8.6357574e-02 1.3509984e+00
       436 2.1419213e+00 2.8854184e-01 8.4588398e-02 1.3300901e+00
       437 2.1425266e+00 2.8790008e-01 8.4174642e-02 1.3211443e+00
       438 2.1418798e+00 2.8461578e-01 8.2341178e-02 1.3229778e+00
       439 2.1445715e+00 2.8205356e-01 8.0699789e-02 1.2764631e+00
       440 2.1439212e+00 2.7919181e-01 7.9138091e-02 1.2817575e+00
       441 2.1454443e+00 2.7662099e-01 7.7606427e-02 1.2568702e+00
       442 2.1456462e+00 2.7612965e-01 7.7321566e-02 1.2509176e+00
       443 2.1464574e+00 2.7385815e-01 7.6019764e-02 1.2304858e+00
       444 2.1464538e+00 2.7166493e-01 7.4823541e-02 1.2202255e+00
       445 2.1479426e+00 2.6859066e-01 7.3069690e-02 1.2023336e+00
       446 2.1465736e+00 2.6735629e-01 7.2493444e-02 1.2131315e+00
       447 2.1488231e+00 2.6445497e-01 7.0812283e-02 1.1779022e+00
       448 2.1488240e+00 2.6196498e-01 6.9501447e-02 1.1717571e+00
       449 2.1485625e+00 2.6107840e-01 6.9053273e-02 1.1670078e+00
       450 2.1500429e+00 2.5883591e-01 6.7801166e-02 1.1370378e+00
       451 2.1513068e+00 2.5615992e-01 6.6352917e-02 1.1166693e+00
       452 2.1508284e+00 2.5524737e-01 6.5912397e-02 1.1164385e+00
       453 2.1507238e+00 2.5240067e-01 6.4473060e-02 1.1123059e+00
       454 2.1505259e+00 2.5124487e-01 6.3901948e-02 1.1096149e+00
       455 2.1513730e+00 2.4957533e-01 6.3019272e-02 1.0909053e+00
       456 2.1522372e+00 2.4684637e-01 6.1618558e-02 1.0714083e+00
       457 2.1530268e+00 2.4479911e-01 6.0571314e-02 1.0551069e+00
       458 2.1537719e+00 2.4306855e-01 5.9689744e-02 1.0373021e+00
       459 2.1533773e+00 2.4189632e-01 5.9140859e-02 1.0352423e+00
       460 2.1538054e+00 2.3911150e-01 5.7780086e-02 1.0207487e+00
       461 2.1533258e+00 2.3818161e-01 5.7360096e-02 1.0199961e+00
       462 2.1537177e+00 2.3614080e-01 5.6372580e-02 1.0105504e+00
       463 2.1547420e+00 2.3423907e-01 5.5428491e-02 9.9153495e-01
       464 2.1548429e+00 2.3172430e-01 5.4251929e-02 9.7945622e-01
       465 2.1554666e+00 2.3143062e-01 5.4086895e-02 9.6679606e-01
       466 2.1558272e+00 2.2917882e-01 5.3033270e-02 9.5367191e-01
       467 2.1549782e+00 2.2791759e-01 5.2495847e-02 9.5973776e-01
       468 2.1566476e+00 2.2591214e-01 5.1510239e-02 9.2863838e-01
       469 2.1562772e+00 2.2522358e-01 5.1215872e-02 9.2911409e-01
       470 2.1550197e+00 2.2429558e-01 5.0855984e-02 9.3441915e-01
       471 2.1582804e+00 2.1911809e-01 4.8418254e-02 8.8881780e-01
       472 2.1583368e+00 2.1917827e-01 4.8442365e-02 8.7836442e-01
       473 2.1571919e+00 2.1998275e-01 4.8842952e-02 8.8245077e-01
       474 2.1581564e+00 2.1682551e-01 4.7423829e-02 8.6858613e-01
       475 2.1584723e+00 2.1578215e-01 4.6959764e-02 8.5170506e-01
       476 2.1594017e+00 2.1431631e-01 4.6293094e-02 8.3733803e-01
       477 2.1588060e+00 2.1359466e-01 4.6007305e-02 8.3303220e-01
       478 2.1596816e+00 2.0924206e-01 4.4133290e-02 8.1102264e-01
       479 2.1581887e+00 2.1108169e-01 4.4964699e-02 8.2527375e-01
       480 2.1596927e+00 2.0844008e-01 4.3797898e-02 8.0120481e-01
       481 2.1597019e+00 2.0640577e-01 4.2953629e-02 7.9241834e-01
       482 2.1599687e+00 2.0621677e-01 4.2865728e-02 7.7935724e-01
       483 2.1611660e+00 2.0326944e-01 4.1616092e-02 7.5891425e-01
       484 2.1601548e+00 2.0375909e-01 4.1851306e-02 7.6502444e-01
       485 2.1616741e+00 2.0145050e-01 4.0862658e-02 7.3945943e-01
       486 2.1592798e+00 2.0248420e-01 4.1366121e-02 7.5756977e-01
       487 2.1621244e+00 1.9868284e-01 3.9740349e-02 7.1496156e-01
       488 2.1625043e+00 1.9766283e-01 3.9323838e-02 7.0379416e-01
       489 2.1609577e+00 1.9890922e-01 3.9869735e-02 7.2101182e-01
       490 2.1618580e+00 1.9565024e-01 3.8553247e-02 6.9585154e-01
       491 2.1606403e+00 1.9704566e-01 3.9143036e-02 7.0732146e-01
       492 2.1615574e+00 1.9572055e-01 3.8590813e-02 6.8725893e-01
       493 2.1632104e+00 1.9280570e-01 3.7405306e-02 6.5767224e-01
       494 2.1629946e+00 1.9184908e-01 3.7043946e-02 6.5789303e-01
       495 2.1618065e+00 1.9159214e-01 3.6983488e-02 6.6213534e-01
       496 2.1627086e+00 1.9089622e-01 3.6688150e-02 6.4504952e-01
       497 2.1638886e+00 1.8970467e-01 3.6198960e-02 6.2332065e-01
       498 2.1633884e+00 1.8812968e-01 3.5618661e-02 6.2218786e-01
       499 2.1628191e+00 1.8871156e-01 3.5855377e-02 6.1843524e-01
       500 2.1631648e+00 1.8642676e-01 3.4987593e-02 6.1034417e-01
       501 2.1640203e+00 1.8558742e-01 3.4649981e-02 5.8920922e-01
       502 2.1634965e+00 1.8453031e-01 3.4274082e-02 5.8969532e-01
       503 2.1631864e+00 1.8491010e-01 3.4423746e-02 5.8828001e-01
       504 2.1637803e+00 1.8354035e-01 3.3901321e-02 5.7676364e-01
       505 2.1651588e+00 1.8148825e-01 3.3113788e-02 5.5046964e-01
       506 2.1643200e+00 1.8166906e-01 3.3202396e-02 5.5751715e-01
       507 2.1640910e+00 1.8176106e-01 3.3242344e-02 5.5322039e-01
       508 2.1647335e+00 1.7943246e-01 3.2383271e-02 5.3734098e-01
       509 2.1638530e+00 1.8136163e-01 3.3104177e-02 5.4293425e-01
       510 2.1641626e+00 1.8014517e-01 3.2655498e-02 5.2894359e-01
       511 2.1645766e+00 1.7818834e-01 3.1942665e-02 5.1637281e-01
       512 2.1643797e+00 1.7806159e-01 3.1903002e-02 5.1704757e-01
       513 2.1647650e+00 1.7796508e-01 3.1857971e-02 5.0514424e-01
       514 2.1654310e+00 1.7630930e-01 3.1253628e-02 4.9274652e-01
       515 2.1646761e+00 1.7706715e-01 3.1541611e-02 4.9510988e-01
       516 2.1653969e+00 1.7425616e-01 3.0534757e-02 4.7267392e-01
       517 2.1663652e+00 1.7423710e-01 3.0503837e-02 4.6165274e-01
       518 2.1657164e+00 1.7424997e-01 3.0524381e-02 4.6220351e-01
       519 2.1658264e+00 1.7376100e-01 3.0351431e-02 4.5139549e-01
       520 2.1642195e+00 1.7432657e-01 3.0591348e-02 4.6466736e-01
       521 2.1653262e+00 1.7288126e-01 3.0059322e-02 4.4266341e-01
       522 2.1667609e+00 1.7173626e-01 2.9629228e-02 4.2415374e-01
       523 2.1647535e+00 1.7231349e-01 2.9878657e-02 4.4642010e-01
       524 2.1673721e+00 1.7071082e-01 2.9264192e-02 4.0692093e-01
       525 2.1668344e+00 1.7201593e-01 2.9723656e-02 4.0601978e-01
       526 2.1663737e+00 1.6982089e-01 2.8984197e-02 4.0452556e-01
       527 2.1672813e+00 1.6879016e-01 2.8614140e-02 3.8911755e-01
       528 2.1663666e+00 1.6885254e-01 2.8656413e-02 3.9480803e-01
       529 2.1646069e+00 1.7009895e-01 2.9124398e-02 4.1133741e-01
       530 2.1671256e+00 1.6718321e-01 2.8077741e-02 3.7579839e-01
       531 2.1672191e+00 1.6727576e-01 2.8106594e-02 3.6669699e-01
       532 2.1667920e+00 1.6708963e-01 2.8054105e-02 3.6551974e-01
       533 2.1668797e+00 1.6900701e-01 2.8696499e-02 3.6356215e-01
       534 2.1672216e+00 1.6731987e-01 2.8121298e-02 3.5175628e-01
       535 2.1660807e+00 1.6693542e-01 2.8019640e-02 3.6015120e-01
       536 2.1667326e+00 1.6611216e-01 2.7729795e-02 3.5149528e-01
       537 2.1680722e+00 1.6478696e-01 2.7261774e-02 3.2494505e-01
       538 2.1678463e+00 1.6482206e-01 2.7278072e-02 3.2414691e-01
       539 2.1681850e+00 1.6449003e-01 2.7161681e-02 3.1241526e-01
       540 2.1664837e+00 1.6547464e-01 2.7524280e-02 3.3307303e-01
       541 2.1661975e+00 1.6500489e-01 2.7375952e-02 3.2708408e-01
       542 2.1666633e+00 1.6444217e-01 2.7179397e-02 3.2058129e-01
       543 2.1668751e+00 1.6472657e-01 2.7268079e-02 3.1462139e-01
       544 2.1679873e+00 1.6298377e-01 2.6672505e-02 2.9360086e-01
       545 2.1676263e+00 1.6344811e-01 2.6831745e-02 2.9561451e-01
       546 2.1663100e+00 1.6548883e-01 2.7533154e-02 3.1189154e-01
       547 2.1683293e+00 1.6257699e-01 2.6533056e-02 2.8145649e-01
       548 2.1680770e+00 1.6202027e-01 2.6357501e-02 2.7590956e-01
       549 2.1685598e+00 1.6142147e-01 2.6154072e-02 2.6910168e-01
       550 2.1668039e+00 1.6326012e-01 2.6788751e-02 2.8554658e-01
       551 2.1675255e+00 1.6145070e-01 2.6184974e-02 2.6981008e-01
       552 2.1682570e+00 1.6049693e-01 2.5862511e-02 2.5685305e-01
       553 2.1674593e+00 1.6290336e-01 2.6657597e-02 2.6129673e-01
       554 2.1671880e+00 1.6254224e-01 2.6546089e-02 2.6137589e-01
       555 2.1688413e+00 1.6027218e-01 2.5778882e-02 2.3975665e-01
       556 2.1672057e+00 1.6222727e-01 2.6443401e-02 2.5341009e-01
       557 2.1677349e+00 1.6023203e-01 2.5788431e-02 2.4537561e-01
       558 2.1683257e+00 1.6066507e-01 2.5915118e-02 2.3964454e-01
       559 2.1685587e+00 1.6042274e-01 2.5832658e-02 2.2886180e-01
       560 2.1692954e+00 1.5868477e-01 2.5264076e-02 2.1911018e-01
       561 2.1680818e+00 1.6071744e-01 2.5936931e-02 2.2950134e-01
       562 2.1670426e+00 1.6093396e-01 2.6029137e-02 2.3884557e-01
       563 2.1676445e+00 1.6096689e-01 2.6026404e-02 2.2613639e-01
       564 2.1685381e+00 1.5991551e-01 2.5670580e-02 2.1477373e-01
       565 2.1690447e+00 1.5802740e-01 2.5060515e-02 2.0242680e-01
       566 2.1680964e+00 1.5999507e-01 2.5704957e-02 2.0906609e-01
       567 2.1664774e+00 1.6029247e-01 2.5836250e-02 2.3095955e-01
       568 2.1679881e+00 1.5949434e-01 2.5547225e-02 2.0675620e-01
       569 2.1676871e+00 1.6052279e-01 2.5882717e-02 2.0739631e-01
       570 2.1675030e+00 1.5979320e-01 2.5653004e-02 2.0724136e-01
       571 2.1671051e+00 1.6035814e-01 2.5842713e-02 2.1200936e-01
       572 2.1676896e+00 1.5996393e-01 2.5703555e-02 2.0574137e-01
       573 2.1697883e+00 1.5772162e-01 2.4950579e-02 1.7178029e-01
       574 2.1684029e+00 1.5872503e-01 2.5293936e-02 1.8407890e-01
       575 2.1691498e+00 1.5691271e-01 2.4707497e-02 1.7369285e-01
       576 2.1691596e+00 1.5895505e-01 2.5352423e-02 1.7365593e-01
       577 2.1697407e+00 1.5704034e-01 2.4736961e-02 1.6539121e-01
       578 2.1688149e+00 1.5822103e-01 2.5126112e-02 1.7007083e-01
       579 2.1679507e+00 1.5886208e-01 2.5346724e-02 1.7766776e-01
       580 2.1679915e+00 1.5796683e-01 2.5062228e-02 1.7497454e-01
       581 2.1688923e+00 1.5718250e-01 2.4797076e-02 1.6601576e-01
       582 2.1679814e+00 1.5855087e-01 2.5247299e-02 1.7638047e-01
       583 2.1679382e+00 1.5907331e-01 2.5414141e-02 1.7104027e-01
       584 2.1681875e+00 1.5970017e-01 2.5608807e-02 1.6617528e-01
       585 2.1676026e+00 1.5955846e-01 2.5575871e-02 1.6613967e-01
       586 2.1694393e+00 1.5766391e-01 2.4938524e-02 1.5056528e-01
       587 2.1686431e+00 1.5871761e-01 2.5286827e-02 1.5704006e-01
       588 2.1672537e+00 1.5845336e-01 2.5232107e-02 1.7100998e-01
       589 2.1695772e+00 1.5635604e-01 2.4525369e-02 1.4069328e-01
       590 2.1685775e+00 1.5804228e-01 2.5074195e-02 1.5228289e-01
       591 2.1682621e+00 1.5857536e-01 2.5249285e-02 1.5400695e-01
       592 2.1686817e+00 1.5883164e-01 2.5322283e-02 1.4522075e-01
       593 2.1686072e+00 1.5727017e-01 2.4830156e-02 1.4574513e-01
       594 2.1683767e+00 1.5786502e-01 2.5022192e-02 1.4284010e-01
       595 2.1683993e+00 1.5786235e-01 2.5020896e-02 1.4432800e-01
       596 2.1698510e+00 1.5601313e-01 2.4413489e-02 1.3168373e-01
       597 2.1691877e+00 1.5770828e-01 2.4957096e-02 1.3397827e-01
       598 2.1686167e+00 1.5899523e-01 2.5375546e-02 1.3572566e-01
       599 2.1689541e+00 1.5698467e-01 2.4733752e-02 1.3393752e-01
       600 2.1669071e+00 1.5905819e-01 2.5432005e-02 1.5609830e-01
       601 2.1696097e+00 1.5704994e-01 2.4742268e-02 1.2427870e-01
       602 2.1703536e+00 1.5569609e-01 2.4306305e-02 1.1721767e-01
       603 2.1693836e+00 1.5766039e-01 2.4938418e-02 1.2255967e-01
       604 2.1698839e+00 1.5635855e-01 2.4520827e-02 1.1838173e-01
       605 2.1681139e+00 1.5903829e-01 2.5399351e-02 1.3444817e-01
       606 2.1687790e+00 1.5673221e-01 2.4657893e-02 1.2309714e-01
       607 2.1690279e+00 1.5712080e-01 2.4775119e-02 1.2392423e-01
       608 2.1697251e+00 1.5574501e-01 2.4332073e-02 1.1471928e-01
       609 2.1688424e+00 1.5779082e-01 2.4989634e-02 1.2038823e-01
       610 2.1690805e+00 1.5773115e-01 2.4966304e-02 1.1841225e-01
       611 2.1683437e+00 1.5710016e-01 2.4781950e-02 1.2355671e-01
       612 2.1703535e+00 1.5584866e-01 2.4353840e-02 1.0841858e-01
       613 2.1690742e+00 1.5681107e-01 2.4677017e-02 1.1237537e-01
       614 2.1697576e+00 1.5642965e-01 2.4545236e-02 1.1137904e-01
       615 2.1677443e+00 1.5813111e-01 2.5119375e-02 1.3044039e-01
       616 2.1677983e+00 1.5773879e-01 2.4994301e-02 1.2711722e-01
       617 2.1699226e+00 1.5535868e-01 2.4208488e-02 1.0782719e-01
       618 2.1687529e+00 1.5626922e-01 2.4513479e-02 1.1424105e-01
       619 2.1690432e+00 1.5742181e-01 2.4869509e-02 1.1429252e-01
       620 2.1681538e+00 1.5754502e-01 2.4925783e-02 1.1611917e-01
       621 2.1698627e+00 1.5608453e-01 2.4435572e-02 1.0411128e-01
       622 2.1689385e+00 1.5733437e-01 2.4843964e-02 1.1181679e-01
       623 2.1671386e+00 1.5837437e-01 2.5209663e-02 1.2799985e-01
       624 2.1693081e+00 1.5601795e-01 2.4424591e-02 1.0474958e-01
       625 2.1694826e+00 1.5596932e-01 2.4406267e-02 1.0325298e-01
       626 2.1686168e+00 1.5629935e-01 2.4525547e-02 1.1141898e-01
       627 2.1698977e+00 1.5628242e-01 2.4496791e-02 1.0320626e-01
       628 2.1695534e+00 1.5638804e-01 2.4535798e-02 1.0262845e-01
       629 2.1693529e+00 1.5634260e-01 2.4525182e-02 1.0314630e-01
       630 2.1687855e+00 1.5693263e-01 2.4720634e-02 1.0597755e-01
       631 2.1702881e+00 1.5546932e-01 2.4236805e-02 1.0023492e-01
       632 2.1696267e+00 1.5531144e-01 2.4198930e-02 1.0205621e-01
       633 2.1677450e+00 1.5839470e-01 2.5202791e-02 1.1700831e-01
       634 2.1674672e+00 1.5871963e-01 2.5311840e-02 1.1645890e-01
       635 2.1694274e+00 1.5483891e-01 2.4055917e-02 1.0010948e-01
       636 2.1699145e+00 1.5566695e-01 2.4304508e-02 9.7112470e-02
       637 2.1689460e+00 1.5659931e-01 2.4613063e-02 1.0138534e-01
       638 2.1693299e+00 1.5606361e-01 2.4438441e-02 9.9773224e-02
       639 2.1691345e+00 1.5647370e-01 2.4570198e-02 1.0063301e-01
       640 2.1689670e+00 1.5709406e-01 2.4767863e-02 1.0157870e-01
       641 2.1695289e+00 1.5581047e-01 2.4355916e-02 9.7404655e-02
       642 2.1687534e+00 1.5598902e-01 2.4425978e-02 1.0235838e-01
       643 2.1688556e+00 1.5617011e-01 2.4480542e-02 1.0056595e-01
       644 2.1694336e+00 1.5656464e-01 2.4593203e-02 9.6821548e-02
       645 2.1697985e+00 1.5565227e-01 2.4301924e-02 9.6941867e-02
       646 2.1689871e+00 1.5617976e-01 2.4481056e-02 1.0189821e-01
       647 2.1687043e+00 1.5696537e-01 2.4732481e-02 1.0195067e-01
       648 2.1690126e+00 1.5683397e-01 2.4685354e-02 1.0014127e-01
       649 2.1690360e+00 1.5578331e-01 2.4356459e-02 9.6684774e-02
       650 2.1685886e+00 1.5749672e-01 2.4901832e-02 1.0162360e-01
       651 2.1685760e+00 1.5679717e-01 2.4682216e-02 9.9998168e-02
       652 2.1695420e+00 1.5681731e-01 2.4670448e-02 9.6750178e-02
       653 2.1699107e+00 1.5490792e-01 2.4068835e-02 9.2706353e-02
       654 2.1677671e+00 1.5767635e-01 2.4975270e-02 1.0608559e-01
       655 2.1700848e+00 1.5492303e-01 2.4070585e-02 9.2552090e-02
       656 2.1690831e+00 1.5723145e-01 2.4808867e-02 9.8506844e-02
       657 2.1683668e+00 1.5794632e-01 2.5048066e-02 1.0286364e-01
       658 2.1683945e+00 1.5774545e-01 2.4984096e-02 1.0142861e-01
       659 2.1689973e+00 1.5671943e-01 2.4649728e-02 9.6959920e-02
       660 2.1696327e+00 1.5587247e-01 2.4373405e-02 9.4658650e-02
       661 2.1689226e+00 1.5645192e-01 2.4567364e-02 9.6197681e-02
       662 2.1687347e+00 1.5724855e-01 2.4820871e-02 9.9059693e-02
       663 2.1688611e+00 1.5612072e-01 2.4465011e-02 9.7537061e-02
       664 2.1703479e+00 1.5539892e-01 2.4213948e-02 9.5262430e-02
       665 2.1709522e+00 1.5414886e-01 2.3817608e-02 9.3433349e-02
       666 2.1696356e+00 1.5480242e-01 2.4040919e-02 9.2417551e-02
       667 2.1697262e+00 1.5469340e-01 2.4005595e-02 9.1616806e-02
       668 2.1698298e+00 1.5483692e-01 2.4048227e-02 9.3117818e-02
       669 2.1693940e+00 1.5665067e-01 2.4620864e-02 9.4659244e-02
       670 2.1697133e+00 1.5650266e-01 2.4568853e-02 9.5057114e-02
       671 2.1692290e+00 1.5537394e-01 2.4225499e-02 9.2912167e-02
       672 2.1702543e+00 1.5414325e-01 2.3826785e-02 9.1454922e-02
       673 2.1683758e+00 1.5702652e-01 2.4758172e-02 9.8722658e-02
       674 2.1679779e+00 1.5781539e-01 2.5014690e-02 1.0148645e-01
       675 2.1693730e+00 1.5494119e-01 2.4088582e-02 9.2722928e-02
       676 2.1685825e+00 1.5714687e-01 2.4791873e-02 9.7114648e-02
       677 2.1693971e+00 1.5580654e-01 2.4357051e-02 9.2710293e-02
       678 2.1693051e+00 1.5627006e-01 2.4503373e-02 9.3472959e-02
       679 2.1692273e+00 1.5545916e-01 2.4252017e-02 9.2660265e-02
       680 2.1687585e+00 1.5639273e-01 2.4551989e-02 9.5932364e-02
       681 2.1690617e+00 1.5580976e-01 2.4364222e-02 9.3327401e-02
       682 2.1687587e+00 1.5642203e-01 2.4561153e-02 9.4345025e-02
       683 2.1694923e+00 1.5518430e-01 2.4161835e-02 9.1672196e-02
       684 2.1687077e+00 1.5536391e-01 2.4232232e-02 9.3390674e-02
       685 2.1676684e+00 1.5775597e-01 2.5002497e-02 1.0184208e-01
       686 2.1687373e+00 1.5595207e-01 2.4414764e-02 9.4581321e-02
       687 2.1691534e+00 1.5567746e-01 2.4321304e-02 9.3789778e-02
       688 2.1698921e+00 1.5486319e-01 2.4055297e-02 9.1752816e-02
       689 2.1694217e+00 1.5566902e-01 2.4313775e-02 9.2031074e-02
       690 2.1683288e+00 1.5577865e-01 2.4368780e-02 9.7056893e-02
       691 2.1687075e+00 1.5555694e-01 2.4292255e-02 9.4677966e-02
       692 2.1693077e+00 1.5605579e-01 2.4436406e-02 9.3555947e-02
       693 2.1694709e+00 1.5482947e-01 2.4052215e-02 9.1537029e-02
       694 2.1674303e+00 1.5848459e-01 2.5238094e-02 1.0389718e-01
       695 2.1694748e+00 1.5625138e-01 2.4494472e-02 9.2966313e-02
       696 2.1686803e+00 1.5641427e-01 2.4560244e-02 9.4195252e-02
       697 2.1697279e+00 1.5559974e-01 2.4286794e-02 9.3029602e-02
       698 2.1687985e+00 1.5603646e-01 2.4439911e-02 9.2977337e-02
       699 2.1693113e+00 1.5574472e-01 2.4339346e-02 9.1996539e-02
       700 2.1684690e+00 1.5635758e-01 2.4546675e-02 9.5756860e-02
       701 2.1696874e+00 1.5605315e-01 2.4428805e-02 9.3173806e-02
       702 2.1694213e+00 1.5578665e-01 2.4350419e-02 9.2482965e-02
       703 2.1709055e+00 1.5371381e-01 2.3684371e-02 9.4884529e-02
       704 2.1687786e+00 1.5664081e-01 2.4629261e-02 9.4471853e-02
       705 2.1701530e+00 1.5423436e-01 2.3856546e-02 9.1700361e-02
       706 2.1692770e+00 1.5565479e-01 2.4311969e-02 9.2577111e-02
       707 2.1688953e+00 1.5578870e-01 2.4360797e-02 9.0616989e-02
       708 2.1685164e+00 1.5721319e-01 2.4814028e-02 9.6026625e-02
       709 2.1696398e+00 1.5467821e-01 2.4002404e-02 9.1326568e-02
       710 2.1689898e+00 1.5670422e-01 2.4645103e-02 9.3512954e-02
       711 2.1694216e+00 1.5595967e-01 2.4404350e-02 9.2480049e-02
       712 2.1690802e+00 1.5706569e-01 2.4756823e-02 9.4062732e-02
       713 2.1689584e+00 1.5715540e-01 2.4787303e-02 9.4038170e-02
       714 2.1686843e+00 1.5668554e-01 2.4645101e-02 9.4940309e-02
       715 2.1694293e+00 1.5592831e-01 2.4394434e-02 9.1501901e-02
       716 2.1701985e+00 1.5567521e-01 2.4302330e-02 9.3722664e-02
       717 2.1699102e+00 1.5525218e-01 2.4175619e-02 9.1995080e-02
       718 2.1696590e+00 1.5522165e-01 2.4170480e-02 9.0685897e-02
       719 2.1699474e+00 1.5454912e-01 2.3957179e-02 8.9892332e-02
       720 2.1695384e+00 1.5612545e-01 2.4454002e-02 9.2422519e-02
       721 2.1695738e+00 1.5581710e-01 2.4357185e-02 9.2799972e-02
       722 2.1684049e+00 1.5657170e-01 2.4614957e-02 9.3915768e-02
       723 2.1687844e+00 1.5621180e-01 2.4494931e-02 9.2018523e-02
       724 2.1695527e+00 1.5556870e-01 2.4280212e-02 9.1141070e-02
       725 2.1690031e+00 1.5518074e-01 2.4169701e-02 9.0565606e-02
       726 2.1690433e+00 1.5604028e-01 2.4436450e-02 9.1800554e-02
       727 2.1699910e+00 1.5582925e-01 2.4353769e-02 9.2641359e-02
       728 2.1707687e+00 1.5372773e-01 2.3690726e-02 9.3122960e-02
       729 2.1696171e+00 1.5548001e-01 2.4251486e-02 9.1479295e-02
       730 2.1702830e+00 1.5474412e-01 2.4011919e-02 9.1777659e-02
       731 2.1688422e+00 1.5641943e-01 2.4558732e-02 9.3091217e-02
       732 2.1682060e+00 1.5591361e-01 2.4413337e-02 9.5043409e-02
       733 2.1705088e+00 1.5344675e-01 2.3608458e-02 9.1426922e-02
       734 2.1692686e+00 1.5586010e-01 2.4376079e-02 9.1381239e-02
       735 2.1690438e+00 1.5594340e-01 2.4406216e-02 9.1933778e-02
       736 2.1691099e+00 1.5419827e-01 2.3863746e-02 8.9931326e-02
       737 2.1703807e+00 1.5473305e-01 2.4006912e-02 9.3550553e-02
       738 2.1684712e+00 1.5607297e-01 2.4457709e-02 9.2987426e-02
       739 2.1677394e+00 1.5882080e-01 2.5338075e-02 9.9209271e-02
       740 2.1691150e+00 1.5618202e-01 2.4479369e-02 9.3001361e-02
       741 2.1701479e+00 1.5516757e-01 2.4145369e-02 9.2023433e-02
       742 2.1689830e+00 1.5582553e-01 2.4370613e-02 9.2779695e-02
       743 2.1693560e+00 1.5458204e-01 2.3977726e-02 8.9994041e-02
       744 2.1693195e+00 1.5469845e-01 2.4014393e-02 9.0594569e-02
       745 2.1696374e+00 1.5415058e-01 2.3839498e-02 9.0009529e-02
       746 2.1704323e+00 1.5352420e-01 2.3633451e-02 9.1367778e-02
       747 2.1688407e+00 1.5574469e-01 2.4348132e-02 9.3295945e-02
       748 2.1681687e+00 1.5673271e-01 2.4670186e-02 9.7791663e-02
       749 2.1682940e+00 1.5611283e-01 2.4473707e-02 9.4555677e-02
       750 2.1698268e+00 1.5475158e-01 2.4021858e-02 9.1496562e-02
       751 2.1706272e+00 1.5463833e-01 2.3973709e-02 9.5170261e-02
       752 2.1687886e+00 1.5546554e-01 2.4262256e-02 9.2033100e-02
       753 2.1691074e+00 1.5540662e-01 2.4237903e-02 9.1290676e-02
       754 2.1679845e+00 1.5813140e-01 2.5114396e-02 9.6911797e-02
       755 2.1702698e+00 1.5331077e-01 2.3570584e-02 8.9857692e-02
       756 2.1690077e+00 1.5690423e-01 2.4707491e-02 9.1954719e-02
       757 2.1691063e+00 1.5620844e-01 2.4487782e-02 9.1361868e-02
       758 2.1683731e+00 1.5678289e-01 2.4681772e-02 9.4667659e-02
       759 2.1699541e+00 1.5525357e-01 2.4175307e-02 9.2940042e-02
       760 2.1694304e+00 1.5502253e-01 2.4112759e-02 9.1496216e-02
       761 2.1679252e+00 1.5653533e-01 2.4613405e-02 9.8247584e-02
       762 2.1698217e+00 1.5530353e-01 2.4193080e-02 9.0958122e-02
       763 2.1684088e+00 1.5667681e-01 2.4647805e-02 9.2389439e-02
       764 2.1683311e+00 1.5593510e-01 2.4417501e-02 9.3609010e-02
       765 2.1710512e+00 1.5255062e-01 2.3325959e-02 9.3874503e-02
       766 2.1694413e+00 1.5510272e-01 2.4137432e-02 9.1042396e-02
       767 2.1690276e+00 1.5618400e-01 2.4481618e-02 9.2277889e-02
       768 2.1697210e+00 1.5453934e-01 2.3958045e-02 8.9945733e-02
       769 2.1687535e+00 1.5527558e-01 2.4203906e-02 9.0825776e-02
       770 2.1688553e+00 1.5627230e-01 2.4512476e-02 9.1537623e-02
       771 2.1707172e+00 1.5342215e-01 2.3597657e-02 9.3895695e-02
       772 2.1699440e+00 1.5449139e-01 2.3939397e-02 9.0248699e-02
       773 2.1692679e+00 1.5546917e-01 2.4254386e-02 9.1470031e-02
       774 2.1695712e+00 1.5485584e-01 2.4058596e-02 9.0369532e-02
       775 2.1701359e+00 1.5400784e-01 2.3787007e-02 9.0917463e-02
       776 2.1704351e+00 1.5316088e-01 2.3521980e-02 9.0786571e-02
       777 2.1689149e+00 1.5588916e-01 2.4391738e-02 9.1778841e-02
       778 2.1692437e+00 1.5416447e-01 2.3850851e-02 8.8805626e-02
       779 2.1694161e+00 1.5432652e-01 2.3897707e-02 8.9156285e-02
       780 2.1709068e+00 1.5332571e-01 2.3565191e-02 9.4098034e-02
       781 2.1686815e+00 1.5531318e-01 2.4216983e-02 9.1836519e-02
       782 2.1680595e+00 1.5708172e-01 2.4781964e-02 9.5053084e-02
       783 2.1704197e+00 1.5372297e-01 2.3694723e-02 9.1038404e-02
       784 2.1702696e+00 1.5431007e-01 2.3877994e-02 9.2671088e-02
       785 2.1683088e+00 1.5600672e-01 2.4440289e-02 9.4290931e-02
       786 2.1703189e+00 1.5333290e-01 2.3576572e-02 9.0298081e-02
       787 2.1692029e+00 1.5474085e-01 2.4029647e-02 8.9105532e-02
       788 2.1688517e+00 1.5458818e-01 2.3989016e-02 8.8442043e-02
       789 2.1697289e+00 1.5488788e-01 2.4065754e-02 9.0359769e-02
       790 2.1685925e+00 1.5534397e-01 2.4228289e-02 9.1082518e-02
       791 2.1688567e+00 1.5482390e-01 2.4061857e-02 9.0893974e-02
       792 2.1699240e+00 1.5442312e-01 2.3918647e-02 8.9909877e-02
       793 2.1693298e+00 1.5447952e-01 2.3946515e-02 8.9449260e-02
       794 2.1705831e+00 1.5330653e-01 2.3564277e-02 9.1687600e-02
       795 2.1689478e+00 1.5449633e-01 2.3958800e-02 8.7948438e-02
       796 2.1693123e+00 1.5533663e-01 2.4212382e-02 9.0360234e-02
       797 2.1690769e+00 1.5408113e-01 2.3828251e-02 8.8300402e-02
       798 2.1703217e+00 1.5322818e-01 2.3544424e-02 8.9028999e-02
       799 2.1691884e+00 1.5520597e-01 2.4174078e-02 8.9922181e-02
       800 2.1678885e+00 1.5551713e-01 2.4296445e-02 9.4273284e-02
       801 2.1686725e+00 1.5510544e-01 2.4152668e-02 8.9812500e-02
       802 2.1698698e+00 1.5411274e-01 2.3823806e-02 9.0291652e-02
       803 2.1690848e+00 1.5549191e-01 2.4264841e-02 8.9164086e-02
       804 2.1705938e+00 1.5327802e-01 2.3555368e-02 9.0666996e-02
       805 2.1688495e+00 1.5410759e-01 2.3840706e-02 9.0297145e-02
       806 2.1693660e+00 1.5396867e-01 2.3788289e-02 8.7704977e-02
       807 2.1686044e+00 1.5528749e-01 2.4210509e-02 9.1175345e-02
       808 2.1692404e+00 1.5475210e-01 2.4032440e-02 8.9309552e-02
       809 2.1688209e+00 1.5488419e-01 2.4081217e-02 8.9710163e-02
       810 2.1696805e+00 1.5396792e-01 2.3782463e-02 8.8508948e-02
       811 2.1692470e+00 1.5399550e-01 2.3798719e-02 8.7780001e-02
       812 2.1691960e+00 1.5531613e-01 2.4208145e-02 8.9361092e-02
       813 2.1696929e+00 1.5358648e-01 2.3664932e-02 8.7548791e-02
       814 2.1677896e+00 1.5554167e-01 2.4306172e-02 9.5776257e-02
       815 2.1697124e+00 1.5363423e-01 2.3679263e-02 8.6860846e-02
       816 2.1695672e+00 1.5426832e-01 2.3877050e-02 8.8644564e-02
       817 2.1690107e+00 1.5550569e-01 2.4270516e-02 9.0272831e-02
       818 2.1688870e+00 1.5477597e-01 2.4046437e-02 9.1055918e-02
       819 2.1691263e+00 1.5319416e-01 2.3554785e-02 8.7842515e-02
       820 2.1695487e+00 1.5355473e-01 2.3657717e-02 8.7900054e-02
       821 2.1691255e+00 1.5430374e-01 2.3895993e-02 8.9303249e-02
       822 2.1688515e+00 1.5438423e-01 2.3926006e-02 8.9997649e-02
       823 2.1705468e+00 1.5300864e-01 2.3473597e-02 9.0680986e-02
       824 2.1705385e+00 1.5379180e-01 2.3714002e-02 9.1334050e-02
       825 2.1695125e+00 1.5435840e-01 2.3905823e-02 8.8833613e-02
       826 2.1686714e+00 1.5509602e-01 2.4149771e-02 8.9488981e-02
       827 2.1702004e+00 1.5356710e-01 2.3650382e-02 8.9128984e-02
       828 2.1686701e+00 1.5727361e-01 2.4830008e-02 9.3689379e-02
       829 2.1693859e+00 1.5522435e-01 2.4176174e-02 9.1054639e-02
       830 2.1686196e+00 1.5597889e-01 2.4425421e-02 9.1224282e-02
       831 2.1698369e+00 1.5386761e-01 2.3748874e-02 8.9591095e-02
       832 2.1705802e+00 1.5336613e-01 2.3582601e-02 9.1243361e-02
       833 2.1684252e+00 1.5566493e-01 2.4331425e-02 9.1644128e-02
       834 2.1692104e+00 1.5538481e-01 2.4229217e-02 8.8815712e-02
       835 2.1685736e+00 1.5503356e-01 2.4132316e-02 9.1004031e-02
       836 2.1699531e+00 1.5431196e-01 2.3883835e-02 8.9472348e-02
       837 2.1682464e+00 1.5579741e-01 2.4376291e-02 9.2249184e-02
       838 2.1687994e+00 1.5510804e-01 2.4151020e-02 8.9519106e-02
       839 2.1689953e+00 1.5392573e-01 2.3781917e-02 8.8226361e-02
       840 2.1691357e+00 1.5430380e-01 2.3895823e-02 8.8245498e-02
       841 2.1690591e+00 1.5488449e-01 2.4076790e-02 9.0096519e-02
       842 2.1694545e+00 1.5401617e-01 2.3801325e-02 8.9011705e-02
       843 2.1694264e+00 1.5537285e-01 2.4221570e-02 9.1200365e-02
       844 2.1687924e+00 1.5612341e-01 2.4467170e-02 9.1848601e-02
       845 2.1696548e+00 1.5539146e-01 2.4223298e-02 9.0870590e-02
       846 2.1702058e+00 1.5392291e-01 2.3759701e-02 8.9131932e-02
       847 2.1708925e+00 1.5449253e-01 2.3924575e-02 9.7674212e-02
       848 2.1686857e+00 1.5465474e-01 2.4012805e-02 8.8745657e-02
       849 2.1696150e+00 1.5321596e-01 2.3552622e-02 8.5439430e-02
       850 2.1682233e+00 1.5545188e-01 2.4269216e-02 9.1666700e-02
       851 2.1690557e+00 1.5392999e-01 2.3782093e-02 8.6341286e-02
       852 2.1711006e+00 1.5327211e-01 2.3545882e-02 9.4512610e-02
       853 2.1711384e+00 1.5288570e-01 2.3427030e-02 9.5877628e-02
       854 2.1682692e+00 1.5575157e-01 2.4361547e-02 9.2732970e-02
       855 2.1687130e+00 1.5518848e-01 2.4177649e-02 9.1499245e-02
       856 2.1701311e+00 1.5367192e-01 2.3683731e-02 8.9091679e-02
       857 2.1696418e+00 1.5386967e-01 2.3752897e-02 8.7395596e-02
       858 2.1696209e+00 1.5347155e-01 2.3630904e-02 8.7084143e-02
       859 2.1698591e+00 1.5452647e-01 2.3951682e-02 8.9241448e-02
       860 2.1690369e+00 1.5467643e-01 2.4012802e-02 8.8011566e-02
       861 2.1698374e+00 1.5404338e-01 2.3802989e-02 8.8724551e-02
       862 2.1702172e+00 1.5419002e-01 2.3841812e-02 9.0495633e-02
       863 2.1690483e+00 1.5334630e-01 2.3602878e-02 8.6273128e-02
       864 2.1685448e+00 1.5383220e-01 2.3761826e-02 8.9428478e-02
       865 2.1681146e+00 1.5541387e-01 2.4259630e-02 9.2352249e-02
       866 2.1681511e+00 1.5419983e-01 2.3882995e-02 8.9687731e-02
       867 2.1681152e+00 1.5518609e-01 2.4188868e-02 9.1978343e-02
       868 2.1693819e+00 1.5409879e-01 2.3828084e-02 8.8648709e-02
       869 2.1695646e+00 1.5291687e-01 2.3461949e-02 8.5666620e-02
       870 2.1692767e+00 1.5536143e-01 2.4220736e-02 8.9878696e-02
       871 2.1696050e+00 1.5509544e-01 2.4132265e-02 8.9230824e-02
       872 2.1689556e+00 1.5505871e-01 2.4132739e-02 8.7633639e-02
       873 2.1686048e+00 1.5570973e-01 2.4341815e-02 9.0593711e-02
       874 2.1699668e+00 1.5393642e-01 2.3767841e-02 8.8440541e-02
       875 2.1702395e+00 1.5308927e-01 2.3503212e-02 8.9234420e-02
       876 2.1693922e+00 1.5293551e-01 2.3470735e-02 8.6760248e-02
       877 2.1686544e+00 1.5501145e-01 2.4123876e-02 9.0448649e-02
       878 2.1702250e+00 1.5341244e-01 2.3602500e-02 8.8872897e-02
       879 2.1687524e+00 1.5391402e-01 2.3782949e-02 8.8165070e-02
       880 2.1699304e+00 1.5243435e-01 2.3308267e-02 8.6146349e-02
       881 2.1701091e+00 1.5330266e-01 2.3570743e-02 8.8611534e-02
       882 2.1706763e+00 1.5224557e-01 2.3238647e-02 8.9828654e-02
       883 2.1691774e+00 1.5472157e-01 2.4024151e-02 8.7710075e-02
       884 2.1697170e+00 1.5369851e-01 2.3698938e-02 8.8430373e-02
       885 2.1694357e+00 1.5461667e-01 2.3986992e-02 8.8983977e-02
       886 2.1683397e+00 1.5491944e-01 2.4101604e-02 9.0486090e-02
       887 2.1704586e+00 1.5284937e-01 2.3426281e-02 8.9042350e-02
       888 2.1700100e+00 1.5261444e-01 2.3361862e-02 8.6599741e-02
       889 2.1689419e+00 1.5522490e-01 2.4184563e-02 8.8764628e-02
       890 2.1694792e+00 1.5378615e-01 2.3730078e-02 8.7426770e-02
       891 2.1687091e+00 1.5507750e-01 2.4143292e-02 9.0366001e-02
       892 2.1692246e+00 1.5328495e-01 2.3580793e-02 8.6455364e-02
       893 2.1690523e+00 1.5517978e-01 2.4168480e-02 8.9646229e-02
       894 2.1687212e+00 1.5497326e-01 2.4110736e-02 8.9957764e-02
       895 2.1705643e+00 1.5235732e-01 2.3274431e-02 8.8583834e-02
       896 2.1694028e+00 1.5404135e-01 2.3810009e-02 8.8045491e-02
       897 2.1690544e+00 1.5458705e-01 2.3984833e-02 8.8071975e-02
       898 2.1696616e+00 1.5334606e-01 2.3591686e-02 8.6566590e-02
       899 2.1697967e+00 1.5271148e-01 2.3395119e-02 8.6574478e-02
       900 2.1686518e+00 1.5472274e-01 2.4034502e-02 8.9631211e-02
       901 2.1707110e+00 1.5247751e-01 2.3308787e-02 9.1008323e-02
       902 2.1698648e+00 1.5392497e-01 2.3766051e-02 8.8584076e-02
       903 2.1686733e+00 1.5379777e-01 2.3748710e-02 8.7220948e-02
       904 2.1689161e+00 1.5513779e-01 2.4158018e-02 8.8836782e-02
       905 2.1706074e+00 1.5162930e-01 2.3052447e-02 8.7103905e-02
       906 2.1690461e+00 1.5450738e-01 2.3960361e-02 8.8396678e-02
       907 2.1691312e+00 1.5268872e-01 2.3400087e-02 8.4686651e-02
       908 2.1698097e+00 1.5418336e-01 2.3846609e-02 8.7519538e-02
       909 2.1690583e+00 1.5305706e-01 2.3514065e-02 8.6267354e-02
       910 2.1711610e+00 1.5043173e-01 2.2682369e-02 9.0434173e-02
       911 2.1697796e+00 1.5319532e-01 2.3543425e-02 8.6615678e-02
       912 2.1703696e+00 1.5233980e-01 2.3272191e-02 8.6361643e-02
       913 2.1698112e+00 1.5273141e-01 2.3400960e-02 8.6392429e-02
       914 2.1700499e+00 1.5274732e-01 2.3401769e-02 8.7515724e-02
       915 2.1705218e+00 1.5219884e-01 2.3226835e-02 8.7179970e-02
       916 2.1696271e+00 1.5275196e-01 2.3410439e-02 8.6100151e-02
       917 2.1684170e+00 1.5415495e-01 2.3863767e-02 8.9411995e-02
       918 2.1697494e+00 1.5263020e-01 2.3371120e-02 8.5820963e-02
       919 2.1691813e+00 1.5456028e-01 2.3974196e-02 8.9478642e-02
       920 2.1680735e+00 1.5536295e-01 2.4244653e-02 9.3619908e-02
       921 2.1706778e+00 1.5239017e-01 2.3282673e-02 8.9914566e-02
       922 2.1683424e+00 1.5408917e-01 2.3844989e-02 8.9951277e-02
       923 2.1682167e+00 1.5459186e-01 2.4002708e-02 9.2772404e-02
       924 2.1692389e+00 1.5404391e-01 2.3813779e-02 8.7231009e-02
       925 2.1695485e+00 1.5293936e-01 2.3469113e-02 8.5102445e-02
       926 2.1689475e+00 1.5369652e-01 2.3712308e-02 8.5985085e-02
       927 2.1683484e+00 1.5439686e-01 2.3939786e-02 8.9197945e-02
       928 2.1687110e+00 1.5368626e-01 2.3713692e-02 8.8764158e-02
       929 2.1681623e+00 1.5387530e-01 2.3782787e-02 9.0956202e-02
       930 2.1691314e+00 1.5329043e-01 2.3584193e-02 8.5260438e-02
       931 2.1684491e+00 1.5486152e-01 2.4081468e-02 8.9252190e-02
       932 2.1696568e+00 1.5292099e-01 2.3461586e-02 8.5625579e-02
       933 2.1692842e+00 1.5341406e-01 2.3619299e-02 8.5928275e-02
       934 2.1693555e+00 1.5377752e-01 2.3729652e-02 8.7842699e-02
       935 2.1676011e+00 1.5425251e-01 2.3910841e-02 9.4089058e-02
       936 2.1688662e+00 1.5467841e-01 2.4016645e-02 8.8443370e-02
       937 2.1688462e+00 1.5446270e-01 2.3950344e-02 8.6948113e-02
       938 2.1704907e+00 1.5254163e-01 2.3331790e-02 8.7236704e-02
       939 2.1700523e+00 1.5226041e-01 2.3253215e-02 8.6093004e-02
       940 2.1698480e+00 1.5256428e-01 2.3349301e-02 8.4647435e-02
       941 2.1689187e+00 1.5308134e-01 2.3524131e-02 8.6538081e-02
       942 2.1696149e+00 1.5416826e-01 2.3845345e-02 8.6868478e-02
       943 2.1693358e+00 1.5237499e-01 2.3300623e-02 8.4286676e-02
       944 2.1693328e+00 1.5316602e-01 2.3542368e-02 8.4652387e-02
       945 2.1702420e+00 1.5305290e-01 2.3492035e-02 8.8116696e-02
       946 2.1701723e+00 1.5325731e-01 2.3555795e-02 8.8159423e-02
       947 2.1707117e+00 1.5224314e-01 2.3237359e-02 8.9778011e-02
       948 2.1700603e+00 1.5313397e-01 2.3519861e-02 8.6758369e-02
       949 2.1693689e+00 1.5308351e-01 2.3516445e-02 8.5287704e-02
       950 2.1687075e+00 1.5367057e-01 2.3708935e-02 8.8012553e-02
       951 2.1700674e+00 1.5250277e-01 2.3326827e-02 8.5874301e-02
       952 2.1693055e+00 1.5327909e-01 2.3577515e-02 8.6169306e-02
       953 2.1692986e+00 1.5325561e-01 2.3570442e-02 8.6858126e-02
       954 2.1684228e+00 1.5389254e-01 2.3782817e-02 8.9020665e-02
       955 2.1690936e+00 1.5340209e-01 2.3619142e-02 8.5897573e-02
       956 2.1693551e+00 1.5313329e-01 2.3531938e-02 8.5727133e-02
       957 2.1706851e+00 1.5363122e-01 2.3662348e-02 9.1513699e-02
       958 2.1703143e+00 1.5253058e-01 2.3331244e-02 8.7571736e-02
       959 2.1706029e+00 1.5211442e-01 2.3199871e-02 8.8823435e-02
       960 2.1688180e+00 1.5418484e-01 2.3865122e-02 8.7318356e-02
       961 2.1691638e+00 1.5342069e-01 2.3623547e-02 8.5030136e-02
       962 2.1700753e+00 1.5146797e-01 2.3012146e-02 8.4284087e-02
       963 2.1702164e+00 1.5215734e-01 2.3219120e-02 8.6486739e-02
       964 2.1701643e+00 1.5229917e-01 2.3263157e-02 8.4770097e-02
       965 2.1691420e+00 1.5231494e-01 2.3285884e-02 8.3750036e-02
       966 2.1700467e+00 1.5220749e-01 2.3237196e-02 8.4725273e-02
       967 2.1700453e+00 1.5260416e-01 2.3358129e-02 8.6164571e-02
       968 2.1682826e+00 1.5578709e-01 2.4372341e-02 9.0294533e-02
       969 2.1671418e+00 1.5532380e-01 2.4252634e-02 9.8130678e-02
       970 2.1693786e+00 1.5372271e-01 2.3712378e-02 8.5706869e-02
       971 2.1687438e+00 1.5319509e-01 2.3562325e-02 8.7480943e-02
       972 2.1700433e+00 1.5195476e-01 2.3160382e-02 8.3860371e-02
       973 2.1684891e+00 1.5345583e-01 2.3647273e-02 8.7558098e-02
       974 2.1688596e+00 1.5449400e-01 2.3959759e-02 8.9550307e-02
       975 2.1692077e+00 1.5309980e-01 2.3524376e-02 8.5499019e-02
       976 2.1686218e+00 1.5352292e-01 2.3665251e-02 8.6094314e-02
       977 2.1688410e+00 1.5401037e-01 2.3810913e-02 8.7896466e-02
       978 2.1697436e+00 1.5185369e-01 2.3134787e-02 8.4369592e-02
       979 2.1689831e+00 1.5470622e-01 2.4023031e-02 8.7816510e-02
       980 2.1694676e+00 1.5217836e-01 2.3238360e-02 8.4597690e-02
       981 2.1692192e+00 1.5358324e-01 2.3672430e-02 8.5664570e-02
       982 2.1689317e+00 1.5320335e-01 2.3561253e-02 8.5582730e-02
       983 2.1687590e+00 1.5416522e-01 2.3860208e-02 8.7429437e-02
       984 2.1704572e+00 1.5225225e-01 2.3244121e-02 8.7210288e-02
       985 2.1705209e+00 1.5131175e-01 2.2957608e-02 8.5834163e-02
       986 2.1705209e+00 1.5173466e-01 2.3085771e-02 8.6130794e-02
       987 2.1699044e+00 1.5418155e-01 2.3844430e-02 8.7718153e-02
       988 2.1696075e+00 1.5376783e-01 2.3722170e-02 8.6720990e-02
       989 2.1685570e+00 1.5472781e-01 2.4037933e-02 8.9116492e-02
       990 2.1707865e+00 1.5167810e-01 2.3064486e-02 8.6554123e-02
       991 2.1685505e+00 1.5469163e-01 2.4026866e-02 8.8015528e-02
       992 2.1699661e+00 1.5185494e-01 2.3131356e-02 8.3330737e-02
       993 2.1706990e+00 1.5121629e-01 2.2925949e-02 8.6388734e-02
       994 2.1678548e+00 1.5403748e-01 2.3839125e-02 9.1559319e-02
       995 2.1691212e+00 1.5292449e-01 2.3472329e-02 8.4627630e-02
       996 2.1697192e+00 1.5333177e-01 2.3586299e-02 8.5778485e-02
       997 2.1701774e+00 1.5089945e-01 2.2838551e-02 8.1929160e-02
       998 2.1702722e+00 1.5207879e-01 2.3194310e-02 8.6255550e-02
       999 2.1694159e+00 1.5274780e-01 2.3412926e-02 8.3645713e-02
      1000 2.1698814e+00 1.5142136e-01 2.3001300e-02 8.2620044e-02

Final Weights:        -0.1938546060        -0.4628197831         0.5356535259         0.1229370743 