# Cycles, Average Predicted Temperature, Stddev Predicted Temperature, Mean Squared Error, || MSE Gradient ||
         0 7.9776321e-03 1.4137686e-02 4.1385322e+00 3.8657469e-01
         1 8.0416551e-03 1.4240800e-02 4.1382747e+00 3.8946535e-01
         2 8.0443618e-03 1.4276734e-02 4.1382647e+00 3.8811064e-01
         3 8.0683128e-03 1.4370539e-02 4.1381699e+00 3.8906684e-01
         4 8.1715081e-03 1.4442217e-02 4.1377522e+00 3.9283520e-01
         5 8.1391079e-03 1.4422907e-02 4.1378834e+00 3.9157033e-01
         6 8.3309627e-03 1.4630634e-02 4.1371090e+00 4.0026833e-01
         7 8.2813409e-03 1.4544335e-02 4.1373083e+00 3.9671002e-01
         8 8.2892410e-03 1.4721996e-02 4.1372814e+00 3.9508409e-01
         9 8.3471066e-03 1.4687192e-02 4.1370450e+00 3.9891530e-01
        10 8.4296635e-03 1.4909822e-02 4.1367157e+00 3.9989204e-01
        11 8.5550388e-03 1.5145426e-02 4.1362128e+00 4.0558598e-01
        12 8.4405060e-03 1.5027565e-02 4.1366752e+00 3.9911151e-01
        13 8.4586220e-03 1.4955749e-02 4.1365993e+00 4.0058058e-01
        14 8.5579740e-03 1.5088209e-02 4.1361992e+00 4.0443937e-01
        15 8.5563342e-03 1.5131575e-02 4.1362072e+00 4.0321914e-01
        16 8.6258208e-03 1.5191935e-02 4.1359264e+00 4.0734098e-01
        17 8.5256970e-03 1.5063205e-02 4.1363297e+00 4.0133558e-01
        18 8.6846792e-03 1.5356331e-02 4.1356920e+00 4.0699808e-01
        19 8.8092321e-03 1.5511938e-02 4.1351902e+00 4.1149569e-01
        20 8.8488955e-03 1.5521356e-02 4.1350292e+00 4.1395915e-01
        21 8.9602919e-03 1.5748755e-02 4.1345833e+00 4.1791474e-01
        22 8.7779735e-03 1.5486258e-02 4.1353166e+00 4.0850888e-01
        23 8.9159967e-03 1.5651784e-02 4.1347604e+00 4.1502282e-01
        24 8.9596767e-03 1.5868285e-02 4.1345896e+00 4.1611144e-01
        25 8.9775643e-03 1.5783273e-02 4.1345142e+00 4.1592633e-01
        26 9.0049873e-03 1.5969098e-02 4.1344085e+00 4.1795142e-01
        27 9.0011471e-03 1.5962412e-02 4.1344239e+00 4.1483925e-01
        28 9.2084025e-03 1.6147161e-02 4.1335871e+00 4.2400822e-01
        29 9.1303767e-03 1.6150686e-02 4.1339045e+00 4.1864719e-01
        30 9.2439758e-03 1.6184213e-02 4.1334437e+00 4.2549179e-01
        31 9.2332358e-03 1.6243098e-02 4.1334892e+00 4.2252943e-01
        32 9.4154192e-03 1.6424918e-02 4.1327544e+00 4.3078115e-01
        33 9.3648821e-03 1.6488790e-02 4.1329620e+00 4.2791448e-01
        34 9.4085823e-03 1.6533262e-02 4.1327858e+00 4.2855897e-01
        35 9.4191548e-03 1.6619017e-02 4.1327457e+00 4.2813134e-01
        36 9.6175127e-03 1.6747391e-02 4.1319435e+00 4.3692917e-01
        37 9.4859255e-03 1.6538791e-02 4.1324715e+00 4.2968559e-01
        38 9.5280214e-03 1.6770529e-02 4.1323081e+00 4.2909782e-01
        39 9.5188756e-03 1.6740258e-02 4.1323443e+00 4.3190442e-01
        40 9.6448144e-03 1.6928268e-02 4.1318386e+00 4.3843191e-01
        41 9.5551269e-03 1.6790522e-02 4.1321986e+00 4.3278357e-01
        42 9.7931115e-03 1.7105818e-02 4.1312418e+00 4.4368115e-01
        43 9.7406569e-03 1.7102560e-02 4.1314550e+00 4.3968902e-01
        44 9.8680502e-03 1.7306903e-02 4.1309441e+00 4.4306735e-01
        45 9.8975449e-03 1.7140319e-02 4.1308185e+00 4.4474747e-01
        46 9.9319214e-03 1.7271776e-02 4.1306833e+00 4.4583145e-01
        47 9.9861418e-03 1.7294378e-02 4.1304637e+00 4.4702502e-01
        48 1.0062969e-02 1.7567081e-02 4.1301609e+00 4.5074271e-01
        49 1.0206724e-02 1.7769585e-02 4.1295838e+00 4.5649439e-01
        50 1.0321045e-02 1.7857942e-02 4.1291224e+00 4.5992847e-01
        51 1.0211194e-02 1.7835093e-02 4.1295680e+00 4.5358490e-01
        52 1.0247992e-02 1.7660187e-02 4.1294122e+00 4.5636571e-01
        53 1.0339410e-02 1.7869324e-02 4.1290482e+00 4.6035428e-01
        54 1.0335479e-02 1.7928482e-02 4.1290663e+00 4.5985071e-01
        55 1.0438851e-02 1.8162505e-02 4.1286546e+00 4.6281861e-01
        56 1.0476758e-02 1.8128264e-02 4.1284993e+00 4.6466738e-01
        57 1.0461483e-02 1.8061781e-02 4.1285590e+00 4.6177217e-01
        58 1.0533663e-02 1.8224830e-02 4.1282716e+00 4.6443770e-01
        59 1.0525299e-02 1.8238519e-02 4.1283061e+00 4.6188823e-01
        60 1.0799516e-02 1.8571725e-02 4.1272042e+00 4.7365069e-01
        61 1.0848504e-02 1.8808257e-02 4.1270140e+00 4.7262971e-01
        62 1.0892926e-02 1.8698671e-02 4.1268294e+00 4.7628679e-01
        63 1.0832438e-02 1.8764801e-02 4.1270776e+00 4.7228567e-01
        64 1.1066787e-02 1.8894495e-02 4.1261304e+00 4.8280877e-01
        65 1.0963312e-02 1.8792531e-02 4.1265469e+00 4.7617434e-01
        66 1.0992637e-02 1.8909807e-02 4.1264322e+00 4.7721760e-01
        67 1.0976790e-02 1.8940736e-02 4.1264978e+00 4.7665904e-01
        68 1.1022066e-02 1.8895329e-02 4.1263121e+00 4.7719789e-01
        69 1.1136276e-02 1.9044595e-02 4.1258538e+00 4.8070026e-01
        70 1.1167089e-02 1.9126800e-02 4.1257318e+00 5.0437480e-01
        71 1.1316438e-02 1.9290278e-02 4.1251314e+00 5.1231142e-01
        72 1.1362944e-02 1.9394031e-02 4.1249465e+00 5.1734808e-01
        73 1.1588252e-02 1.9683428e-02 4.1240427e+00 5.2409826e-01
        74 1.1569133e-02 1.9876037e-02 4.1241280e+00 5.1988555e-01
        75 1.1628428e-02 1.9872453e-02 4.1238870e+00 5.2699370e-01
        76 1.1663293e-02 1.9943577e-02 4.1237483e+00 5.2207441e-01
        77 1.1810863e-02 1.9972803e-02 4.1231502e+00 5.2958040e-01
        78 1.1883740e-02 2.0166200e-02 4.1228620e+00 5.3158810e-01
        79 1.1878341e-02 2.0035976e-02 4.1228787e+00 5.3364599e-01
        80 1.1888662e-02 2.0214160e-02 4.1228439e+00 5.3844618e-01
        81 1.2197789e-02 2.0505125e-02 4.1216006e+00 5.4455991e-01
        82 1.1998530e-02 2.0363769e-02 4.1224039e+00 5.3532069e-01
        83 1.2119023e-02 2.0325403e-02 4.1219130e+00 5.4343771e-01
        84 1.2254119e-02 2.0565503e-02 4.1213744e+00 5.4807485e-01
        85 1.2323583e-02 2.0778414e-02 4.1211011e+00 5.4890764e-01
        86 1.2481045e-02 2.0954978e-02 4.1204693e+00 5.5590951e-01
        87 1.2538141e-02 2.1108834e-02 4.1202439e+00 5.5790782e-01
        88 1.2527262e-02 2.1023049e-02 4.1202845e+00 5.5581367e-01
        89 1.2628535e-02 2.1069369e-02 4.1198753e+00 5.6123062e-01
        90 1.2668871e-02 2.1262266e-02 4.1197198e+00 5.6270325e-01
        91 1.2718945e-02 2.1323249e-02 4.1195191e+00 5.6366799e-01
        92 1.3052354e-02 2.1614757e-02 4.1181784e+00 5.7629492e-01
        93 1.3017249e-02 2.1562107e-02 4.1183186e+00 5.7311214e-01
        94 1.2981857e-02 2.1455518e-02 4.1184576e+00 5.7114984e-01
        95 1.3107571e-02 2.1858427e-02 4.1179649e+00 5.8017327e-01
        96 1.3050352e-02 2.1698450e-02 4.1181901e+00 5.7490483e-01
        97 1.3218289e-02 2.1801830e-02 4.1175131e+00 5.8018633e-01
        98 1.3343261e-02 2.1992577e-02 4.1170143e+00 5.8369076e-01
        99 1.3549793e-02 2.2348749e-02 4.1161921e+00 5.9069183e-01
       100 1.3664631e-02 2.2394265e-02 4.1157282e+00 5.9706877e-01
       101 1.3653648e-02 2.2464428e-02 4.1157759e+00 5.9608161e-01
       102 1.3651193e-02 2.2459326e-02 4.1157856e+00 5.9050706e-01
       103 1.3900827e-02 2.2900306e-02 4.1147929e+00 6.0400263e-01
       104 1.4006691e-02 2.2989239e-02 4.1143675e+00 6.0721158e-01
       105 1.3864732e-02 2.2637315e-02 4.1149273e+00 6.0193505e-01
       106 1.4024154e-02 2.2963432e-02 4.1142955e+00 6.0559225e-01
       107 1.4179079e-02 2.3127718e-02 4.1136746e+00 6.1434762e-01
       108 1.4287555e-02 2.3428142e-02 4.1132486e+00 6.1644598e-01
       109 1.4358380e-02 2.3481502e-02 4.1129639e+00 6.2061003e-01
       110 1.4331594e-02 2.3335921e-02 4.1130657e+00 6.1545156e-01
       111 1.4542247e-02 2.3709459e-02 4.1122289e+00 6.2619107e-01
       112 1.4715722e-02 2.3902284e-02 4.1115346e+00 6.2711205e-01
       113 1.4797724e-02 2.4132149e-02 4.1112131e+00 6.3085425e-01
       114 1.4712085e-02 2.3892598e-02 4.1115489e+00 6.2890722e-01
       115 1.5016632e-02 2.4258602e-02 4.1103317e+00 6.3718207e-01
       116 1.5188050e-02 2.4429574e-02 4.1096450e+00 6.4576214e-01
       117 1.4961536e-02 2.4317262e-02 4.1105579e+00 6.3726477e-01
       118 1.5207069e-02 2.4432123e-02 4.1095680e+00 6.5073681e-01
       119 1.5677692e-02 2.5177276e-02 4.1076972e+00 6.5860902e-01
       120 1.5450294e-02 2.4865233e-02 4.1086034e+00 6.5026392e-01
       121 1.5650046e-02 2.5225779e-02 4.1078117e+00 6.5776237e-01
       122 1.5671486e-02 2.5126244e-02 4.1077198e+00 5.5329872e-01
       123 1.5722645e-02 2.5255141e-02 4.1075190e+00 5.5442040e-01
       124 1.5916678e-02 2.5470579e-02 4.1067435e+00 5.5968882e-01
       125 1.5825456e-02 2.5478213e-02 4.1071136e+00 5.5668918e-01
       126 1.6080158e-02 2.5666649e-02 4.1060910e+00 5.6599323e-01
       127 1.6017811e-02 2.5728473e-02 4.1063469e+00 5.6011965e-01
       128 1.6203501e-02 2.6054666e-02 4.1056113e+00 5.7194034e-01
       129 1.6186460e-02 2.5993175e-02 4.1056771e+00 5.7058250e-01
       130 1.6332206e-02 2.6241576e-02 4.1050995e+00 5.7318241e-01
       131 1.6436978e-02 2.6134935e-02 4.1046694e+00 5.8293664e-01
       132 1.6431985e-02 2.6087110e-02 4.1046872e+00 5.8119830e-01
       133 1.6606084e-02 2.6540860e-02 4.1040057e+00 5.8724726e-01
       134 1.6550264e-02 2.6152781e-02 4.1042114e+00 5.8546514e-01
       135 1.6679185e-02 2.6312082e-02 4.1036974e+00 5.9494906e-01
       136 1.6641242e-02 2.6561899e-02 4.1038644e+00 5.9138620e-01
       137 1.7005550e-02 2.6884134e-02 4.1024058e+00 6.0250390e-01
       138 1.7046195e-02 2.6998295e-02 4.1022473e+00 6.0381091e-01
       139 1.7115030e-02 2.7039964e-02 4.1019708e+00 6.0790485e-01
       140 1.7157709e-02 2.7058605e-02 4.1017989e+00 6.1021602e-01
       141 1.7232790e-02 2.7162428e-02 4.1015005e+00 6.1385598e-01
       142 1.7461753e-02 2.7746770e-02 4.1006053e+00 6.2053972e-01
       143 1.7336735e-02 2.7506496e-02 4.1010983e+00 6.1742711e-01
       144 1.7772009e-02 2.7770029e-02 4.0993503e+00 6.3192884e-01
       145 1.7752297e-02 2.7971608e-02 4.0994413e+00 6.2905141e-01
       146 1.7708402e-02 2.7931593e-02 4.0996168e+00 6.3044114e-01
       147 1.7889981e-02 2.8199648e-02 4.0988967e+00 6.3598447e-01
       148 1.7947205e-02 2.8260780e-02 4.0986684e+00 6.3568827e-01
       149 1.7941982e-02 2.8237223e-02 4.0986882e+00 6.3702816e-01
       150 1.8395869e-02 2.8775772e-02 4.0968815e+00 6.5193598e-01
       151 1.8363567e-02 2.8760171e-02 4.0970114e+00 6.4983075e-01
       152 1.8516353e-02 2.9066730e-02 4.0964107e+00 6.5777455e-01
       153 1.8559546e-02 2.9130346e-02 4.0962396e+00 6.5892710e-01
       154 1.8640380e-02 2.9306013e-02 4.0959227e+00 6.5863508e-01
       155 1.8706958e-02 2.9286128e-02 4.0956520e+00 6.6804785e-01
       156 1.8850390e-02 2.9449790e-02 4.0950812e+00 6.6998800e-01
       157 1.8896650e-02 2.9581323e-02 4.0949018e+00 6.7327411e-01
       158 1.8848134e-02 2.9314183e-02 4.0950824e+00 6.6968601e-01
       159 1.9105652e-02 2.9999675e-02 4.0940809e+00 6.7815010e-01
       160 1.9339664e-02 2.9985312e-02 4.0931332e+00 6.8641025e-01
       161 1.9471269e-02 3.0241178e-02 4.0926162e+00 6.9311525e-01
       162 1.9620250e-02 3.0391048e-02 4.0920226e+00 6.9868702e-01
       163 1.9916035e-02 3.0683689e-02 4.0908440e+00 7.1421268e-01
       164 1.9868630e-02 3.0608861e-02 4.0910312e+00 7.1363736e-01
       165 1.9893729e-02 3.0859661e-02 4.0909451e+00 7.1122023e-01
       166 2.0150285e-02 3.1190444e-02 4.0899280e+00 7.1668324e-01
       167 2.0247357e-02 3.1191404e-02 4.0895355e+00 7.2568336e-01
       168 2.0195408e-02 3.1115305e-02 4.0897408e+00 7.2570665e-01
       169 2.0503462e-02 3.1557814e-02 4.0885228e+00 7.3559821e-01
       170 2.0477745e-02 3.1583778e-02 4.0886284e+00 7.3499035e-01
       171 2.0619764e-02 3.1786083e-02 4.0880670e+00 7.3903910e-01
       172 2.0847707e-02 3.1881160e-02 4.0871515e+00 7.4651823e-01
       173 2.1173997e-02 3.2378372e-02 4.0858644e+00 7.6028849e-01
       174 2.1207437e-02 3.2505115e-02 4.0857375e+00 7.6037876e-01
       175 2.1065129e-02 3.2230442e-02 4.0862949e+00 7.5784667e-01
       176 2.1458990e-02 3.2539660e-02 4.0847230e+00 7.7674842e-01
       177 2.1687035e-02 3.3055570e-02 4.0838352e+00 7.8155587e-01
       178 2.1847875e-02 3.3373737e-02 4.0832064e+00 7.8533370e-01
       179 2.2152197e-02 3.3510437e-02 4.0819859e+00 7.9883093e-01
       180 2.1905063e-02 3.3220788e-02 4.0829651e+00 7.9667114e-01
       181 2.2381311e-02 3.3902460e-02 4.0810867e+00 8.0804607e-01
       182 2.2399937e-02 3.3746402e-02 4.0810009e+00 8.1372804e-01
       183 2.2373761e-02 3.3915677e-02 4.0811181e+00 8.1384277e-01
       184 2.2617074e-02 3.4179356e-02 4.0801532e+00 8.2563825e-01
       185 2.3032683e-02 3.4694641e-02 4.0785101e+00 8.4223831e-01
       186 2.3101464e-02 3.4988079e-02 4.0782528e+00 8.4692794e-01
       187 2.3248640e-02 3.4859316e-02 4.0776494e+00 8.5310319e-01
       188 2.3549891e-02 3.5497554e-02 4.0764780e+00 8.6211724e-01
       189 2.3778429e-02 3.5608522e-02 4.0755632e+00 8.7155703e-01
       190 2.4010410e-02 3.5886799e-02 4.0746466e+00 8.8024835e-01
       191 2.3963580e-02 3.5833209e-02 4.0748318e+00 8.8221923e-01
       192 2.4393150e-02 3.6361989e-02 4.0731362e+00 8.9799383e-01
       193 2.4513484e-02 3.6628639e-02 4.0726700e+00 9.0090835e-01
       194 2.4791233e-02 3.6770219e-02 4.0715596e+00 9.1324070e-01
       195 2.5071812e-02 3.7120088e-02 4.0704535e+00 9.2905564e-01
       196 2.5100209e-02 3.7005148e-02 4.0703304e+00 9.2743165e-01
       197 2.5411274e-02 3.7739365e-02 4.0691304e+00 9.4033827e-01
       198 2.5507541e-02 3.7518622e-02 4.0687255e+00 9.4452903e-01
       199 2.5654906e-02 3.8091158e-02 4.0681744e+00 9.5507887e-01
       200 2.5766332e-02 3.7848531e-02 4.0677066e+00 9.6094922e-01
       201 2.6075677e-02 3.7979146e-02 4.0664690e+00 9.7458359e-01
       202 2.6591925e-02 3.9010334e-02 4.0644669e+00 9.9270195e-01
       203 2.6921314e-02 3.8951407e-02 4.0631346e+00 1.0096848e+00
       204 2.6855678e-02 3.8814952e-02 4.0633885e+00 1.0065399e+00
       205 2.6969450e-02 3.9232255e-02 4.0629625e+00 1.0178013e+00
       206 2.7347366e-02 3.9660352e-02 4.0614732e+00 1.0345136e+00
       207 2.7643202e-02 3.9861162e-02 4.0602971e+00 1.0453802e+00
       208 2.7981850e-02 4.0331408e-02 4.0589704e+00 1.0609831e+00
       209 2.8183785e-02 4.0704675e-02 4.0581872e+00 1.0738233e+00
       210 2.8500747e-02 4.0896153e-02 4.0569261e+00 1.0868464e+00
       211 2.9178692e-02 4.1536553e-02 4.0542489e+00 1.1081068e+00
       212 2.9143490e-02 4.1680477e-02 4.0544027e+00 1.1030341e+00
       213 2.9424932e-02 4.1905023e-02 4.0532883e+00 1.1220774e+00
       214 2.9960283e-02 4.2274235e-02 4.0511646e+00 1.1470600e+00
       215 3.0291484e-02 4.2691981e-02 4.0498672e+00 1.1208960e+00
       216 3.0330780e-02 4.2725714e-02 4.0497120e+00 1.1322915e+00
       217 3.1298121e-02 4.3857862e-02 4.0459185e+00 1.1619190e+00
       218 3.1333234e-02 4.4076440e-02 4.0457965e+00 1.1695161e+00
       219 3.1505844e-02 4.4218957e-02 4.0451149e+00 1.1790143e+00
       220 3.1882376e-02 4.4507219e-02 4.0436264e+00 1.1971676e+00
       221 3.2224168e-02 4.4714348e-02 4.0422707e+00 1.2139426e+00
       222 3.2801184e-02 4.5285839e-02 4.0400028e+00 1.2421937e+00
       223 3.3010276e-02 4.5240539e-02 4.0391584e+00 1.2506366e+00
       224 3.3315768e-02 4.6256614e-02 4.0380239e+00 1.2661083e+00
       225 3.4036744e-02 4.6845857e-02 4.0351824e+00 1.2911266e+00
       226 3.4061756e-02 4.6877705e-02 4.0350849e+00 1.3014866e+00
       227 3.4980102e-02 4.7731818e-02 4.0314781e+00 1.3383408e+00
       228 3.5534811e-02 4.8354563e-02 4.0293114e+00 1.3569230e+00
       229 3.5545158e-02 4.7940009e-02 4.0292299e+00 1.3657190e+00
       230 3.6272912e-02 4.9240501e-02 4.0264360e+00 1.3966127e+00
       231 3.6595244e-02 4.9284176e-02 4.0251473e+00 1.4193490e+00
       232 3.7134276e-02 4.9749936e-02 4.0230314e+00 1.4478578e+00
       233 3.7566730e-02 5.0204856e-02 4.0213428e+00 1.4632418e+00
       234 3.8149639e-02 5.0745903e-02 4.0190607e+00 1.4858954e+00
       235 3.8916230e-02 5.1702343e-02 4.0160866e+00 1.5219114e+00
       236 3.9470248e-02 5.2486297e-02 4.0139488e+00 1.5518457e+00
       237 3.9763753e-02 5.2232317e-02 4.0127466e+00 1.5649114e+00
       238 4.0687818e-02 5.3248017e-02 4.0091537e+00 1.6076319e+00
       239 4.1604478e-02 5.4415941e-02 4.0056108e+00 1.6508599e+00
       240 4.1753146e-02 5.4181271e-02 4.0049904e+00 1.6401738e+00
       241 4.2785601e-02 5.4942708e-02 4.0009437e+00 1.6888330e+00
       242 4.3634249e-02 5.5813141e-02 3.9976471e+00 1.7362855e+00
       243 4.4077585e-02 5.5795412e-02 3.9958732e+00 1.7687684e+00
       244 4.4841954e-02 5.6958059e-02 3.9929502e+00 1.7977808e+00
       245 4.5838122e-02 5.7478966e-02 3.9890312e+00 1.8430084e+00
       246 4.6536063e-02 5.8405223e-02 3.9863523e+00 1.8902181e+00
       247 4.7206997e-02 5.8972381e-02 3.9837413e+00 1.9256919e+00
       248 4.8702543e-02 6.0038744e-02 3.9779030e+00 1.9787787e+00
       249 4.9786310e-02 6.1021476e-02 3.9737021e+00 2.0306411e+00
       250 5.0584513e-02 6.1809774e-02 3.9706187e+00 2.0776575e+00
       251 5.2167551e-02 6.2972954e-02 3.9644605e+00 2.1529582e+00
       252 5.3049809e-02 6.3385713e-02 3.9610019e+00 2.2043284e+00
       253 5.4454857e-02 6.4246427e-02 3.9555239e+00 2.2538502e+00
       254 5.5532565e-02 6.5413570e-02 3.9513918e+00 2.3107637e+00
       255 5.7239837e-02 6.6671908e-02 3.9447771e+00 2.3967433e+00
       256 5.8606668e-02 6.7666328e-02 3.9394862e+00 2.4384490e+00
       257 6.0411662e-02 6.8962120e-02 3.9325055e+00 2.5335215e+00
       258 6.1657356e-02 7.0074828e-02 3.9277242e+00 2.6181917e+00
       259 6.3879651e-02 7.1446620e-02 3.9191203e+00 2.7293349e+00
       260 6.5905755e-02 7.3432264e-02 3.9113952e+00 2.8353812e+00
       261 6.7575131e-02 7.4333306e-02 3.9049326e+00 2.9173041e+00
       262 7.0204089e-02 7.5627167e-02 3.8947507e+00 3.0520158e+00
       263 7.2510329e-02 7.7451619e-02 3.8859392e+00 3.2303494e+00
       264 7.5086871e-02 7.8547672e-02 3.8759665e+00 3.3897871e+00
       265 7.7884162e-02 7.9931537e-02 3.8651881e+00 3.5205672e+00
       266 8.1589048e-02 8.2572677e-02 3.8510754e+00 3.6143212e+00
       267 8.5224254e-02 8.4889540e-02 3.8372217e+00 3.8091402e+00
       268 8.8612569e-02 8.6101225e-02 3.8241782e+00 4.0255515e+00
       269 9.4178703e-02 8.9386546e-02 3.8030371e+00 4.2405768e+00
       270 9.7572871e-02 9.0835708e-02 3.7900855e+00 4.4604689e+00
       271 1.0341132e-01 9.3491724e-02 3.7679012e+00 4.7544798e+00
       272 1.1026119e-01 9.7952758e-02 3.7422403e+00 5.0908519e+00
       273 1.1684063e-01 1.0029988e-01 3.7173259e+00 5.4420537e+00
       274 1.2576918e-01 1.0523759e-01 3.6840380e+00 5.8211221e+00
       275 1.3448603e-01 1.0833056e-01 3.6513629e+00 6.2202608e+00
       276 1.4592615e-01 1.1304346e-01 3.6088866e+00 6.7670270e+00
       277 1.5801824e-01 1.1744814e-01 3.5641866e+00 7.3472999e+00
       278 1.7417058e-01 1.2402349e-01 3.5051653e+00 8.0344218e+00
       279 1.9188171e-01 1.3015413e-01 3.4408650e+00 8.8078328e+00
       280 2.1517229e-01 1.3741190e-01 3.3571563e+00 9.6817787e+00
       281 2.4395086e-01 1.4626509e-01 3.2553336e+00 1.0822234e+01
       282 2.7930762e-01 1.5490336e-01 3.1320201e+00 1.2120323e+01
       283 3.2551284e-01 1.6425981e-01 2.9742254e+00 1.3661593e+01
       284 3.8402593e-01 1.7512795e-01 2.7804325e+00 1.5376379e+01
       285 4.6280193e-01 1.8555841e-01 2.5291411e+00 1.7268195e+01
       286 5.6658062e-01 1.9699823e-01 2.2164580e+00 1.9073557e+01
       287 7.0298913e-01 2.0594487e-01 1.8360779e+00 2.0469081e+01
       288 8.7505064e-01 2.1189981e-01 1.4072951e+00 2.1044761e+01
       289 1.0809768e+00 2.1716371e-01 9.7123845e-01 2.0305856e+01
       290 1.3123134e+00 2.2145474e-01 5.8187407e-01 1.7796225e+01
       291 1.5433329e+00 2.2195531e-01 2.9819923e-01 1.3729169e+01
       292 1.7421480e+00 2.2062425e-01 1.3874637e-01 9.0542309e+00
       293 1.8815926e+00 2.2137384e-01 7.4822579e-02 5.1426277e+00
       294 1.9643329e+00 2.2058766e-01 5.4732614e-02 2.6082692e+00
       295 2.0084741e+00 2.1983353e-01 4.9468729e-02 1.2445039e+00
       296 2.0258220e+00 2.1769618e-01 4.7662057e-02 7.6589778e-01
       297 2.0324918e+00 2.1865922e-01 4.7907405e-02 6.3668836e-01
       298 2.0387603e+00 2.1828900e-01 4.7662381e-02 5.6448090e-01
       299 2.0399347e+00 2.1748967e-01 4.7307197e-02 5.5330673e-01
       300 2.0403426e+00 2.1755461e-01 4.7333713e-02 5.5371997e-01
       301 2.0420517e+00 2.1644065e-01 4.6846601e-02 5.4751359e-01
       302 2.0410688e+00 2.1605548e-01 4.6681403e-02 5.4202859e-01
       303 2.0403520e+00 2.1524781e-01 4.6335285e-02 5.4531650e-01
       304 2.0410604e+00 2.1542288e-01 4.6408474e-02 5.4487719e-01
       305 2.0422494e+00 2.1300005e-01 4.5369020e-02 5.3456745e-01
       306 2.0401884e+00 2.1230584e-01 4.5078088e-02 5.3345367e-01
       307 2.0405409e+00 2.1253982e-01 4.5176154e-02 5.3225684e-01
       308 2.0423585e+00 2.1098539e-01 4.4514845e-02 5.2614336e-01
       309 2.0411719e+00 2.1151804e-01 4.4741081e-02 5.2725428e-01
       310 2.0420957e+00 2.0962033e-01 4.3940714e-02 5.1895749e-01
       311 2.0387753e+00 2.0963689e-01 4.3959814e-02 5.2145609e-01
       312 2.0422208e+00 2.0801565e-01 4.3270512e-02 5.1310768e-01
       313 2.0394682e+00 2.0898580e-01 4.3682897e-02 5.1577658e-01
       314 2.0432953e+00 2.0682989e-01 4.2779661e-02 5.1048003e-01
       315 2.0405840e+00 2.0734274e-01 4.2993845e-02 5.0626781e-01
       316 2.0411113e+00 2.0572692e-01 4.2324899e-02 4.9929201e-01
       317 2.0404395e+00 2.0619301e-01 4.2518895e-02 5.0012095e-01
       318 2.0395340e+00 2.0563193e-01 4.2291960e-02 4.9969780e-01
       319 2.0428813e+00 2.0541328e-01 4.2194992e-02 4.9958051e-01
       320 2.0404626e+00 2.0318687e-01 4.1288161e-02 4.8840647e-01
       321 2.0414147e+00 2.0398235e-01 4.1609525e-02 4.9099481e-01
       322 2.0401217e+00 2.0364906e-01 4.1477542e-02 4.8288631e-01
       323 2.0414893e+00 2.0267442e-01 4.1077525e-02 4.8100945e-01
       324 2.0397326e+00 2.0151382e-01 4.0614240e-02 4.7866008e-01
       325 2.0413000e+00 2.0121517e-01 4.0488479e-02 4.7487520e-01
       326 2.0405786e+00 2.0010421e-01 4.0044545e-02 4.7291875e-01
       327 2.0399008e+00 2.0054582e-01 4.0224224e-02 4.7239634e-01
       328 2.0418519e+00 1.9816522e-01 3.9269625e-02 4.6274572e-01
       329 2.0408370e+00 1.9987748e-01 3.9953051e-02 4.6682345e-01
       330 2.0407900e+00 1.9761355e-01 3.9053295e-02 4.5828226e-01
       331 2.0405295e+00 1.9692331e-01 3.8781807e-02 4.5498309e-01
       332 2.0406821e+00 1.9602150e-01 3.8426940e-02 4.5431359e-01
       333 2.0388623e+00 1.9657096e-01 3.8651732e-02 4.5718108e-01
       334 2.0405812e+00 1.9641054e-01 3.8579943e-02 4.5185194e-01
       335 2.0420000e+00 1.9465904e-01 3.7892213e-02 4.4686206e-01
       336 2.0390052e+00 1.9538897e-01 3.8187488e-02 4.4925513e-01
       337 2.0408752e+00 1.9433747e-01 3.7768989e-02 4.3960273e-01
       338 2.0416971e+00 1.9367050e-01 3.7508587e-02 4.4153948e-01
       339 2.0402683e+00 1.9346493e-01 3.7432675e-02 4.3598707e-01
       340 2.0406908e+00 1.9317115e-01 3.7317577e-02 4.3709826e-01
       341 2.0400522e+00 1.9370337e-01 3.7525899e-02 4.3815822e-01
       342 2.0402115e+00 1.9286911e-01 3.7202717e-02 4.3241993e-01
       343 2.0399830e+00 1.9203657e-01 3.6883259e-02 4.2968135e-01
       344 2.0405842e+00 1.9023307e-01 3.6191451e-02 4.2399368e-01
       345 2.0407745e+00 1.9043223e-01 3.6266661e-02 4.2418958e-01
       346 2.0384973e+00 1.9057372e-01 3.6332552e-02 4.2609632e-01
       347 2.0408853e+00 1.8946012e-01 3.5897047e-02 4.1899322e-01
       348 2.0413520e+00 1.8819306e-01 3.5417466e-02 4.1474773e-01
       349 2.0398784e+00 1.8829419e-01 3.5460406e-02 4.1499809e-01
       350 2.0407673e+00 1.8880075e-01 3.5647970e-02 4.1603180e-01
       351 2.0397973e+00 1.8770814e-01 3.5240445e-02 4.1060033e-01
       352 2.0403792e+00 1.8725213e-01 3.5066922e-02 4.0990537e-01
       353 2.0409315e+00 1.8755993e-01 3.5180509e-02 4.0909259e-01
       354 2.0402044e+00 1.8759002e-01 3.5194269e-02 4.0898141e-01
       355 2.0389510e+00 1.8603982e-01 3.4621808e-02 4.0711084e-01
       356 2.0413401e+00 1.8522493e-01 3.4309134e-02 4.0090657e-01
       357 2.0392282e+00 1.8583286e-01 3.4543086e-02 3.9976051e-01
       358 2.0386991e+00 1.8529119e-01 3.4345554e-02 3.9807416e-01
       359 2.0407537e+00 1.8528122e-01 3.4331418e-02 3.9906664e-01
       360 2.0409919e+00 1.8328796e-01 3.3596103e-02 3.9181368e-01
       361 2.0407306e+00 1.8309451e-01 3.3525959e-02 3.9214100e-01
       362 2.0397691e+00 1.8376600e-01 3.3776182e-02 3.9020944e-01
       363 2.0390158e+00 1.8272647e-01 3.3399532e-02 3.8755404e-01
       364 2.0394585e+00 1.8224367e-01 3.3220643e-02 3.8682492e-01
       365 2.0396954e+00 1.8173034e-01 3.3032530e-02 3.8288057e-01
       366 2.0400382e+00 1.8182652e-01 3.3065851e-02 3.8391380e-01
       367 2.0399093e+00 1.8000773e-01 3.2408340e-02 3.7607440e-01
       368 2.0403255e+00 1.8099562e-01 3.2763183e-02 3.7893482e-01
       369 2.0410660e+00 1.7877457e-01 3.1961787e-02 3.7326869e-01
       370 2.0388780e+00 1.7994368e-01 3.2391213e-02 3.7808613e-01
       371 2.0399278e+00 1.8018114e-01 3.2470715e-02 3.7646344e-01
       372 2.0395752e+00 1.7938375e-01 3.2185775e-02 3.7272311e-01
       373 2.0407515e+00 1.7851027e-01 3.1868212e-02 3.7047275e-01
       374 2.0393388e+00 1.7891205e-01 3.2018094e-02 3.7204565e-01
       375 2.0391642e+00 1.7852125e-01 3.1879464e-02 3.6983536e-01
       376 2.0396679e+00 1.7820866e-01 3.1765081e-02 3.6784211e-01
       377 2.0407124e+00 1.7859882e-01 3.1899953e-02 3.7168228e-01
       378 2.0390978e+00 1.7644403e-01 3.1142540e-02 3.6070254e-01
       379 2.0404347e+00 1.7666309e-01 3.1213203e-02 3.6540201e-01
       380 2.0387062e+00 1.7726526e-01 3.1435650e-02 3.6611165e-01
       381 2.0394121e+00 1.7628581e-01 3.1084835e-02 3.6095188e-01
       382 2.0407627e+00 1.7553506e-01 3.0814821e-02 3.5891046e-01
       383 2.0405175e+00 1.7514355e-01 3.0678323e-02 3.5713752e-01
       384 2.0396455e+00 1.7436591e-01 3.0410344e-02 3.5265726e-01
       385 2.0388854e+00 1.7420232e-01 3.0357883e-02 3.5093608e-01
       386 2.0388766e+00 1.7353960e-01 3.0127485e-02 3.4995889e-01
       387 2.0402066e+00 1.7294374e-01 2.9913783e-02 3.4704012e-01
       388 2.0395083e+00 1.7267429e-01 2.9824019e-02 3.4667684e-01
       389 2.0391512e+00 1.7252711e-01 2.9775311e-02 3.4553864e-01
       390 2.0396989e+00 1.7341492e-01 3.0079329e-02 3.4878933e-01
       391 2.0397523e+00 1.7171025e-01 2.9490734e-02 3.4200201e-01
       392 2.0392729e+00 1.7191944e-01 2.9565257e-02 3.4120487e-01
       393 2.0396623e+00 1.7103830e-01 2.9260883e-02 3.3874578e-01
       394 2.0384751e+00 1.7109468e-01 2.9287766e-02 3.3935467e-01
       395 2.0406084e+00 1.7131346e-01 2.9351051e-02 3.4222349e-01
       396 2.0399024e+00 1.7029948e-01 2.9007502e-02 3.3511867e-01
       397 2.0393486e+00 1.7016949e-01 2.8966172e-02 3.3634609e-01
       398 2.0399410e+00 1.6988577e-01 2.8866583e-02 3.3519995e-01
       399 2.0391736e+00 1.6989046e-01 2.8872335e-02 3.3268911e-01
       400 2.0380823e+00 1.7097690e-01 2.9250611e-02 3.4040522e-01
       401 2.0399943e+00 1.6926452e-01 2.8655641e-02 3.3149656e-01
       402 2.0387389e+00 1.6884570e-01 2.8521315e-02 3.3073309e-01
       403 2.0405147e+00 1.6812633e-01 2.8269534e-02 3.2918494e-01
       404 2.0394694e+00 1.6768788e-01 2.8127050e-02 3.2646692e-01
       405 2.0388906e+00 1.6646324e-01 2.7721409e-02 3.2247126e-01
       406 2.0395520e+00 1.6719417e-01 2.7961260e-02 3.2423424e-01
       407 2.0401576e+00 1.6615304e-01 2.7611280e-02 3.2127014e-01
       408 2.0387297e+00 1.6752414e-01 2.8076849e-02 3.2544320e-01
       409 2.0385160e+00 1.6575133e-01 2.7487572e-02 3.1813360e-01
       410 2.0400561e+00 1.6549621e-01 2.7393881e-02 3.1800553e-01
       411 2.0397458e+00 1.6509050e-01 2.7261230e-02 3.1653035e-01
       412 2.0396885e+00 1.6522944e-01 2.7307416e-02 3.1619580e-01
       413 2.0387236e+00 1.6648607e-01 2.7730165e-02 3.2146860e-01
       414 2.0401787e+00 1.6454026e-01 2.7077856e-02 3.1502110e-01
       415 2.0395083e+00 1.6430774e-01 2.7004643e-02 3.1375873e-01
       416 2.0396749e+00 1.6297961e-01 2.6569072e-02 3.0910630e-01
       417 2.0377402e+00 1.6471084e-01 2.7150149e-02 3.1827487e-01
       418 2.0399522e+00 1.6292113e-01 2.6548651e-02 3.0825932e-01
       419 2.0384037e+00 1.6289321e-01 2.6549122e-02 3.0889717e-01
       420 2.0399444e+00 1.6281831e-01 2.6515195e-02 3.0711703e-01
       421 2.0386845e+00 1.6209555e-01 2.6287800e-02 3.0533380e-01
       422 2.0410041e+00 1.6168787e-01 2.6144562e-02 3.0895779e-01
       423 2.0378445e+00 1.6289420e-01 2.6554077e-02 3.0900640e-01
       424 2.0390894e+00 1.6320248e-01 2.6645146e-02 3.1000413e-01
       425 2.0401923e+00 1.6034352e-01 2.5714348e-02 3.0002272e-01
       426 2.0385999e+00 1.6176105e-01 2.6180082e-02 3.0419619e-01
       427 2.0396145e+00 1.6078723e-01 2.5859569e-02 3.0029433e-01
       428 2.0384992e+00 1.6172695e-01 2.6169801e-02 3.0331668e-01
       429 2.0401007e+00 1.5957413e-01 2.5468596e-02 2.9674122e-01
       430 2.0389420e+00 1.6033084e-01 2.5717032e-02 2.9801292e-01
       431 2.0395587e+00 1.6104963e-01 2.5944316e-02 3.0175670e-01
       432 2.0386970e+00 1.6088934e-01 2.5898125e-02 2.9974627e-01
       433 2.0383044e+00 1.5928364e-01 2.5386978e-02 2.9544876e-01
       434 2.0396237e+00 1.5887166e-01 2.5247190e-02 2.9378146e-01
       435 2.0395170e+00 1.5798975e-01 2.4968324e-02 2.9027925e-01
       436 2.0382855e+00 1.5865316e-01 2.5186676e-02 2.9229794e-01
       437 2.0380665e+00 1.5977423e-01 2.5545448e-02 2.9620426e-01
       438 2.0394229e+00 1.5893586e-01 2.5268696e-02 2.9241812e-01
       439 2.0394713e+00 1.5834188e-01 2.5079965e-02 2.9145026e-01
       440 2.0390074e+00 1.5795341e-01 2.4959903e-02 2.8940382e-01
       441 2.0393329e+00 1.5795932e-01 2.4959754e-02 2.8965936e-01
       442 2.0400624e+00 1.5732804e-01 2.4756972e-02 2.8946109e-01
       443 2.0389827e+00 1.5569794e-01 2.4252633e-02 2.8282566e-01
       444 2.0389000e+00 1.5664408e-01 2.4548704e-02 2.8416576e-01
       445 2.0391725e+00 1.5674136e-01 2.4577429e-02 2.8568290e-01
       446 2.0404453e+00 1.5479320e-01 2.3964253e-02 2.8197207e-01
       447 2.0388226e+00 1.5524184e-01 2.4111892e-02 2.7944234e-01
       448 2.0387157e+00 1.5578730e-01 2.4282293e-02 2.8240557e-01
       449 2.0392339e+00 1.5568227e-01 2.4246166e-02 2.8201717e-01
       450 2.0387701e+00 1.5554117e-01 2.4205283e-02 2.8089297e-01
       451 2.0386506e+00 1.5528828e-01 2.4127528e-02 2.8016902e-01
       452 2.0389690e+00 1.5566705e-01 2.4243107e-02 2.8151504e-01
       453 2.0395415e+00 1.5492673e-01 2.4009718e-02 2.7962377e-01
       454 2.0389300e+00 1.5457853e-01 2.3905655e-02 2.7738798e-01
       455 2.0392411e+00 1.5371402e-01 2.3637154e-02 2.7587150e-01
       456 2.0398118e+00 1.5366306e-01 2.3618363e-02 2.7591434e-01
       457 2.0379119e+00 1.5287308e-01 2.3389143e-02 2.7361455e-01
       458 2.0397302e+00 1.5409032e-01 2.3750260e-02 2.7751755e-01
       459 2.0379263e+00 1.5341443e-01 2.3554827e-02 2.7542863e-01
       460 2.0377845e+00 1.5405019e-01 2.3751552e-02 2.7812356e-01
       461 2.0395974e+00 1.5242184e-01 2.3239542e-02 2.7022742e-01
       462 2.0386440e+00 1.5280894e-01 2.3363697e-02 2.7093616e-01
       463 2.0402401e+00 1.5050882e-01 2.2657013e-02 2.6652487e-01
       464 2.0391573e+00 1.5184238e-01 2.3065778e-02 2.6840405e-01
       465 2.0395255e+00 1.5113261e-01 2.2848580e-02 2.6681314e-01
       466 2.0392591e+00 1.5191973e-01 2.3088650e-02 2.6932488e-01
       467 2.0376367e+00 1.5123883e-01 2.2894621e-02 2.6953945e-01
       468 2.0394808e+00 1.5031177e-01 2.2601389e-02 2.6346477e-01
       469 2.0400128e+00 1.5068132e-01 2.2709939e-02 2.6666974e-01
       470 2.0373756e+00 1.5063971e-01 2.2716245e-02 2.6856007e-01
       471 2.0399016e+00 1.4965360e-01 2.2401795e-02 2.6277949e-01
       472 2.0393077e+00 1.4887483e-01 2.2172471e-02 2.5837622e-01
       473 2.0381137e+00 1.4891062e-01 2.2191621e-02 2.6015305e-01
       474 2.0396444e+00 1.4839659e-01 2.2028426e-02 2.5781343e-01
       475 2.0396128e+00 1.4862193e-01 2.2095520e-02 2.5855181e-01
       476 2.0392011e+00 1.4848501e-01 2.2057196e-02 2.5741556e-01
       477 2.0397134e+00 1.4924580e-01 2.2280829e-02 2.6097360e-01
       478 2.0391880e+00 1.4782368e-01 2.1861319e-02 2.5562409e-01
       479 2.0392805e+00 1.4754625e-01 2.1778813e-02 2.5474283e-01
       480 2.0377771e+00 1.4862207e-01 2.2108678e-02 2.6098145e-01
       481 2.0387823e+00 1.4850385e-01 2.2065535e-02 2.5684963e-01
       482 2.0383405e+00 1.4898449e-01 2.2211793e-02 2.5943957e-01
       483 2.0389940e+00 1.4773259e-01 2.1835628e-02 2.5487778e-01
       484 2.0383575e+00 1.4760679e-01 2.1803045e-02 2.5587584e-01
       485 2.0402464e+00 1.4603128e-01 2.1329218e-02 2.5277460e-01
       486 2.0393236e+00 1.4670511e-01 2.1531052e-02 2.5169477e-01
       487 2.0380614e+00 1.4675807e-01 2.1555616e-02 2.5332716e-01
       488 2.0395035e+00 1.4671588e-01 2.1533186e-02 2.5208514e-01
       489 2.0391465e+00 1.4543139e-01 2.1160024e-02 2.4785067e-01
       490 2.0389526e+00 1.4587211e-01 2.1289655e-02 2.4867402e-01
       491 2.0390222e+00 1.4486988e-01 2.0997810e-02 2.4489639e-01
       492 2.0382549e+00 1.4520638e-01 2.1100989e-02 2.4734446e-01
       493 2.0386936e+00 1.4554329e-01 2.1195617e-02 2.4772267e-01
       494 2.0393262e+00 1.4435534e-01 2.0847113e-02 2.4416316e-01
       495 2.0391153e+00 1.4464324e-01 2.0931600e-02 2.4527671e-01
       496 2.0398476e+00 1.4351610e-01 2.0602724e-02 2.4275344e-01
       497 2.0383289e+00 1.4459718e-01 2.0923852e-02 2.4610447e-01
       498 2.0400382e+00 1.4412773e-01 2.0777770e-02 2.4597595e-01
       499 2.0382411e+00 1.4379465e-01 2.0693108e-02 2.4355498e-01
       500 2.0394399e+00 1.4435089e-01 2.0845172e-02 2.4468996e-01
       501 2.0378762e+00 1.4343775e-01 2.0593667e-02 2.4326810e-01
       502 2.0388406e+00 1.4406978e-01 2.0767840e-02 2.4340880e-01
       503 2.0399025e+00 1.4361513e-01 2.0630896e-02 2.4391451e-01
       504 2.0376613e+00 1.4294392e-01 2.0454176e-02 2.4312363e-01
       505 2.0397087e+00 1.4355765e-01 2.0615342e-02 2.4318924e-01
       506 2.0394590e+00 1.4258441e-01 2.0338197e-02 2.3879811e-01
       507 2.0383747e+00 1.4322393e-01 2.0528244e-02 2.4109942e-01
       508 2.0403735e+00 1.4100134e-01 1.9884961e-02 2.3787553e-01
       509 2.0385640e+00 1.4140955e-01 2.0010371e-02 2.3509236e-01
       510 2.0393830e+00 1.4084688e-01 1.9846160e-02 2.3309041e-01
       511 2.0383176e+00 1.4096809e-01 1.9887599e-02 2.3373526e-01
       512 2.0394450e+00 1.4093309e-01 1.9870099e-02 2.3331866e-01
       513 2.0387021e+00 1.4130655e-01 1.9980248e-02 2.3558972e-01
       514 2.0384929e+00 1.4078652e-01 1.9835086e-02 2.3245624e-01
       515 2.0391744e+00 1.4070387e-01 1.9807141e-02 2.3267170e-01
       516 2.0393025e+00 1.4013624e-01 1.9646952e-02 2.3089635e-01
       517 2.0392606e+00 1.4010414e-01 1.9638206e-02 2.3114960e-01
       518 2.0385625e+00 1.4014857e-01 1.9655343e-02 2.3097081e-01
       519 2.0377096e+00 1.4058583e-01 1.9785144e-02 2.3455982e-01
       520 2.0400474e+00 1.3954748e-01 1.9478424e-02 2.3146542e-01
       521 2.0382312e+00 1.4045866e-01 1.9744922e-02 2.3315403e-01
       522 2.0400330e+00 1.3812895e-01 1.9084597e-02 2.2687129e-01
       523 2.0391294e+00 1.3960605e-01 1.9499691e-02 2.2945770e-01
       524 2.0385577e+00 1.3922630e-01 1.9397720e-02 2.2846178e-01
       525 2.0387410e+00 1.3921254e-01 1.9392561e-02 2.2748047e-01
       526 2.0398622e+00 1.3851840e-01 1.9193129e-02 2.2810821e-01
       527 2.0393894e+00 1.3839413e-01 1.9161215e-02 2.2656365e-01
       528 2.0387393e+00 1.3794368e-01 1.9040901e-02 2.2357643e-01
       529 2.0391207e+00 1.3821363e-01 1.9112906e-02 2.2506493e-01
       530 2.0388330e+00 1.3696018e-01 1.8769882e-02 2.2109006e-01
       531 2.0398116e+00 1.3678166e-01 1.8715251e-02 2.2237852e-01
       532 2.0386429e+00 1.3786041e-01 1.9018624e-02 2.2480535e-01
       533 2.0383966e+00 1.3754393e-01 1.8933312e-02 2.2359481e-01
       534 2.0382249e+00 1.3698303e-01 1.8780688e-02 2.2197297e-01
       535 2.0398629e+00 1.3709007e-01 1.8799466e-02 2.2390972e-01
       536 2.0388620e+00 1.3725141e-01 1.8849542e-02 2.2272314e-01
       537 2.0385944e+00 1.3670206e-01 1.8700939e-02 2.2036283e-01
       538 2.0394346e+00 1.3611249e-01 1.8534631e-02 2.1843925e-01
       539 2.0384320e+00 1.3593644e-01 1.8493421e-02 2.1959429e-01
       540 2.0394690e+00 1.3599784e-01 1.8503240e-02 2.1889933e-01
       541 2.0391943e+00 1.3617647e-01 1.8553472e-02 2.1947866e-01
       542 2.0394130e+00 1.3618855e-01 1.8555465e-02 2.1965911e-01
       543 2.0393691e+00 1.3495299e-01 1.8220706e-02 2.1537078e-01
       544 2.0381432e+00 1.3615075e-01 1.8554030e-02 2.2087395e-01
       545 2.0394685e+00 1.3461546e-01 1.8129152e-02 2.1525692e-01
       546 2.0388618e+00 1.3585586e-01 1.8468408e-02 2.1841480e-01
       547 2.0385893e+00 1.3499631e-01 1.8237528e-02 2.1565649e-01
       548 2.0382780e+00 1.3528493e-01 1.8317922e-02 2.1726692e-01
       549 2.0396541e+00 1.3387753e-01 1.7930018e-02 2.1337527e-01
       550 2.0396016e+00 1.3439655e-01 1.8069537e-02 2.1496241e-01
       551 2.0379620e+00 1.3408783e-01 1.7998078e-02 2.1616446e-01
       552 2.0397243e+00 1.3345677e-01 1.7817174e-02 2.1174049e-01
       553 2.0395666e+00 1.3423416e-01 1.8026102e-02 2.1434649e-01
       554 2.0389357e+00 1.3383022e-01 1.7921625e-02 2.1209599e-01
       555 2.0388684e+00 1.3435660e-01 1.8063246e-02 2.1287478e-01
       556 2.0387599e+00 1.3411838e-01 1.8000038e-02 2.1317626e-01
       557 2.0389744e+00 1.3294713e-01 1.7685778e-02 2.0904420e-01
       558 2.0399532e+00 1.3288740e-01 1.7664414e-02 2.1156791e-01
       559 2.0384508e+00 1.3285571e-01 1.7665203e-02 2.0984457e-01
       560 2.0391816e+00 1.3256566e-01 1.7583171e-02 2.0859592e-01
       561 2.0390785e+00 1.3233108e-01 1.7521680e-02 2.0747472e-01
       562 2.0395727e+00 1.3233397e-01 1.7519538e-02 2.0887478e-01
       563 2.0390798e+00 1.3234693e-01 1.7525866e-02 2.0756324e-01
       564 2.0391128e+00 1.3154025e-01 1.7312785e-02 2.0553037e-01
       565 2.0393091e+00 1.3146244e-01 1.7291121e-02 2.0566946e-01
       566 2.0386378e+00 1.3105604e-01 1.7188854e-02 2.0436547e-01
       567 2.0393182e+00 1.3219615e-01 1.7484515e-02 2.0757422e-01
       568 2.0377101e+00 1.3188891e-01 1.7415449e-02 2.1116075e-01
       569 2.0395902e+00 1.3131994e-01 1.7252091e-02 2.0582989e-01
       570 2.0388654e+00 1.3069687e-01 1.7093241e-02 2.0290412e-01
       571 2.0388099e+00 1.3100747e-01 1.7174908e-02 2.0341076e-01
       572 2.0394869e+00 1.3028980e-01 1.6983161e-02 2.0158106e-01
       573 2.0403151e+00 1.3006358e-01 1.6920344e-02 2.0538142e-01
       574 2.0392160e+00 1.3037219e-01 1.7006216e-02 2.0221039e-01
       575 2.0384903e+00 1.2988806e-01 1.6885170e-02 2.0192114e-01
       576 2.0385986e+00 1.3013616e-01 1.6948876e-02 2.0153039e-01
       577 2.0391981e+00 1.2949133e-01 1.6777421e-02 1.9985672e-01
       578 2.0383299e+00 1.2974855e-01 1.6850185e-02 2.0115970e-01
       579 2.0394949e+00 1.3048387e-01 1.7033725e-02 2.0318090e-01
       580 2.0380379e+00 1.2995775e-01 1.6906900e-02 2.0313749e-01
       581 2.0398341e+00 1.2978460e-01 1.6849960e-02 2.0228274e-01
       582 2.0392519e+00 1.2842189e-01 1.6501272e-02 1.9642636e-01
       583 2.0386221e+00 1.2926468e-01 1.6722641e-02 1.9927153e-01
       584 2.0391423e+00 1.2882923e-01 1.6606734e-02 1.9741519e-01
       585 2.0388227e+00 1.2925474e-01 1.6718649e-02 1.9935991e-01
       586 2.0393824e+00 1.2812912e-01 1.6425390e-02 1.9559190e-01
       587 2.0397529e+00 1.2895584e-01 1.6635927e-02 1.9953480e-01
       588 2.0386486e+00 1.2841636e-01 1.6503853e-02 1.9672313e-01
       589 2.0391279e+00 1.2898253e-01 1.6646346e-02 1.9819860e-01
       590 2.0384633e+00 1.2824040e-01 1.6460066e-02 1.9634868e-01
       591 2.0389788e+00 1.2793396e-01 1.6377910e-02 1.9465473e-01
       592 2.0395954e+00 1.2763577e-01 1.6298025e-02 1.9530455e-01
       593 2.0391776e+00 1.2735163e-01 1.6227980e-02 1.9348603e-01
       594 2.0395829e+00 1.2659236e-01 1.6032828e-02 1.9226822e-01
       595 2.0393205e+00 1.2757045e-01 1.6282901e-02 1.9450627e-01
       596 2.0394154e+00 1.2762370e-01 1.6295938e-02 1.9569618e-01
       597 2.0385730e+00 1.2637376e-01 1.5983970e-02 1.9198766e-01
       598 2.0391534e+00 1.2644386e-01 1.5997744e-02 1.9072606e-01
       599 2.0385630e+00 1.2718315e-01 1.6189270e-02 1.9347669e-01
       600 2.0398711e+00 1.2575165e-01 1.5819217e-02 1.9072602e-01
       601 2.0389219e+00 1.2603639e-01 1.5896359e-02 1.9016631e-01
       602 2.0392816e+00 1.2646263e-01 1.6001708e-02 1.9097736e-01
       603 2.0393296e+00 1.2552425e-01 1.5764964e-02 1.8870176e-01
       604 2.0391583e+00 1.2591497e-01 1.5864241e-02 1.8937753e-01
       605 2.0391843e+00 1.2614358e-01 1.5921705e-02 1.9070257e-01
       606 2.0383066e+00 1.2600395e-01 1.5892679e-02 1.9195420e-01
       607 2.0393374e+00 1.2508721e-01 1.5655391e-02 1.8711696e-01
       608 2.0387492e+00 1.2531265e-01 1.5715632e-02 1.8857089e-01
       609 2.0387686e+00 1.2576409e-01 1.5828843e-02 1.8921891e-01
       610 2.0385441e+00 1.2589200e-01 1.5862654e-02 1.8994823e-01
       611 2.0399876e+00 1.2557961e-01 1.5775432e-02 1.9164316e-01
       612 2.0393023e+00 1.2502727e-01 1.5640606e-02 1.8660763e-01
       613 2.0391301e+00 1.2420133e-01 1.5435810e-02 1.8447859e-01
       614 2.0391913e+00 1.2422749e-01 1.5441926e-02 1.8530209e-01
       615 2.0386816e+00 1.2509342e-01 1.5661216e-02 1.8811101e-01
       616 2.0401143e+00 1.2411602e-01 1.5409421e-02 1.8761458e-01
       617 2.0389718e+00 1.2418610e-01 1.5433044e-02 1.8509038e-01
       618 2.0395474e+00 1.2368279e-01 1.5304829e-02 1.8411554e-01
       619 2.0391624e+00 1.2368057e-01 1.5306521e-02 1.8373387e-01
       620 2.0390365e+00 1.2353368e-01 1.5271006e-02 1.8280640e-01
       621 2.0392624e+00 1.2411659e-01 1.5413953e-02 1.8458363e-01
       622 2.0397655e+00 1.2379182e-01 1.5330671e-02 1.8515379e-01
       623 2.0388244e+00 1.2342446e-01 1.5245447e-02 1.8422985e-01
       624 2.0379359e+00 1.2407125e-01 1.5412432e-02 1.8935549e-01
       625 2.0400771e+00 1.2204037e-01 1.4898647e-02 1.8097287e-01
       626 2.0385100e+00 1.2328124e-01 1.5212378e-02 1.8368855e-01
       627 2.0393217e+00 1.2248384e-01 1.5010966e-02 1.8028514e-01
       628 2.0388718e+00 1.2277422e-01 1.5085035e-02 1.8119207e-01
       629 2.0400545e+00 1.2322361e-01 1.5188953e-02 1.8510763e-01
       630 2.0387264e+00 1.2254340e-01 1.5029421e-02 1.8043159e-01
       631 2.0400144e+00 1.2237362e-01 1.4980377e-02 1.8217209e-01
       632 2.0390036e+00 1.2236030e-01 1.4982690e-02 1.8048719e-01
       633 2.0394534e+00 1.2100628e-01 1.4650434e-02 1.7636149e-01
       634 2.0396936e+00 1.2128566e-01 1.4716833e-02 1.7784038e-01
       635 2.0389552e+00 1.2195006e-01 1.4882784e-02 1.7899289e-01
       636 2.0394427e+00 1.2171200e-01 1.4821786e-02 1.7840666e-01
       637 2.0384249e+00 1.2226707e-01 1.4963996e-02 1.8178702e-01
       638 2.0398083e+00 1.2011381e-01 1.4433372e-02 1.7472467e-01
       639 2.0394686e+00 1.2060413e-01 1.4553185e-02 1.7542244e-01
       640 2.0388506e+00 1.2042332e-01 1.4513447e-02 1.7551907e-01
       641 2.0395525e+00 1.2101434e-01 1.4651837e-02 1.7683010e-01
       642 2.0398380e+00 1.2043197e-01 1.4509758e-02 1.7578425e-01
       643 2.0396051e+00 1.2073988e-01 1.4585202e-02 1.7695550e-01
       644 2.0382161e+00 1.2033562e-01 1.4497070e-02 1.7873941e-01
       645 2.0397380e+00 1.2105226e-01 1.4660044e-02 1.7760795e-01
       646 2.0390228e+00 1.2041805e-01 1.4511029e-02 1.7515296e-01
       647 2.0388743e+00 1.1958279e-01 1.4311554e-02 1.7292709e-01
       648 2.0400352e+00 1.1976029e-01 1.4347508e-02 1.7540035e-01
       649 2.0397813e+00 1.2021771e-01 1.4458476e-02 1.7520204e-01
       650 2.0388748e+00 1.1936687e-01 1.4259956e-02 1.7273074e-01
       651 2.0388726e+00 1.1953230e-01 1.4299492e-02 1.7334334e-01
       652 2.0394865e+00 1.1934715e-01 1.4251472e-02 1.7244998e-01
       653 2.0385313e+00 1.1895745e-01 1.4164828e-02 1.7268218e-01
       654 2.0391358e+00 1.1888465e-01 1.4143364e-02 1.7055851e-01
       655 2.0392549e+00 1.1938728e-01 1.4262393e-02 1.7249299e-01
       656 2.0394711e+00 1.1882182e-01 1.4126440e-02 1.7090235e-01
       657 2.0390394e+00 1.2008468e-01 1.4430746e-02 1.7447614e-01
       658 2.0396654e+00 1.1837449e-01 1.4019286e-02 1.7004410e-01
       659 2.0393335e+00 1.1822636e-01 1.3986076e-02 1.6888840e-01
       660 2.0390445e+00 1.1794201e-01 1.3920701e-02 1.6778064e-01
       661 2.0389860e+00 1.1836890e-01 1.4021959e-02 1.6958287e-01
       662 2.0391429e+00 1.1830254e-01 1.4005250e-02 1.6992559e-01
       663 2.0395727e+00 1.1804383e-01 1.3941604e-02 1.6888330e-01
       664 2.0391395e+00 1.1882378e-01 1.4128871e-02 1.7051100e-01
       665 2.0400484e+00 1.1737984e-01 1.3782948e-02 1.6881694e-01
       666 2.0397070e+00 1.1803718e-01 1.3939329e-02 1.6959667e-01
       667 2.0387574e+00 1.1782438e-01 1.3894899e-02 1.6920280e-01
       668 2.0394264e+00 1.1831720e-01 1.4007028e-02 1.6958895e-01
       669 2.0390030e+00 1.1712438e-01 1.3728772e-02 1.6649345e-01
       670 2.0396825e+00 1.1672036e-01 1.3630320e-02 1.6512307e-01
       671 2.0386356e+00 1.1707914e-01 1.3720710e-02 1.6708390e-01
       672 2.0395890e+00 1.1762020e-01 1.3841681e-02 1.6757935e-01
       673 2.0396394e+00 1.1663690e-01 1.3611070e-02 1.6499943e-01
       674 2.0397568e+00 1.1600509e-01 1.3463481e-02 1.6418560e-01
       675 2.0382113e+00 1.1749239e-01 1.3820907e-02 1.7077749e-01
       676 2.0400402e+00 1.1693683e-01 1.3679181e-02 1.6754728e-01
       677 2.0387807e+00 1.1714196e-01 1.3734392e-02 1.6744353e-01
       678 2.0383946e+00 1.1657657e-01 1.3605090e-02 1.6733407e-01
       679 2.0407530e+00 1.1540124e-01 1.3319739e-02 1.6787967e-01
       680 2.0399664e+00 1.1532388e-01 1.3304889e-02 1.6281355e-01
       681 2.0400416e+00 1.1547049e-01 1.3338386e-02 1.6352978e-01
       682 2.0384194e+00 1.1700155e-01 1.3704164e-02 1.6848042e-01
       683 2.0393776e+00 1.1561681e-01 1.3375594e-02 1.6273747e-01
       684 2.0393439e+00 1.1598979e-01 1.3462175e-02 1.6325887e-01
       685 2.0391749e+00 1.1605855e-01 1.3479148e-02 1.6366403e-01
       686 2.0397721e+00 1.1495144e-01 1.3220057e-02 1.6154176e-01
       687 2.0391771e+00 1.1486951e-01 1.3204550e-02 1.6022637e-01
       688 2.0400901e+00 1.1518087e-01 1.3271372e-02 1.6378654e-01
       689 2.0381154e+00 1.1577562e-01 1.3421227e-02 1.6784225e-01
       690 2.0402059e+00 1.1427591e-01 1.3063230e-02 1.6126038e-01
       691 2.0401609e+00 1.1452973e-01 1.3121493e-02 1.6177808e-01
       692 2.0386223e+00 1.1483366e-01 1.3200052e-02 1.6309480e-01
       693 2.0392341e+00 1.1528060e-01 1.3298814e-02 1.6184785e-01
       694 2.0392338e+00 1.1431641e-01 1.3077440e-02 1.5899333e-01
       695 2.0391746e+00 1.1491667e-01 1.3215402e-02 1.6077898e-01
       696 2.0402072e+00 1.1355153e-01 1.2898191e-02 1.5953774e-01
       697 2.0391183e+00 1.1393936e-01 1.2992091e-02 1.5815993e-01
       698 2.0399245e+00 1.1388465e-01 1.2975200e-02 1.5927978e-01
       699 2.0392320e+00 1.1347988e-01 1.2886894e-02 1.5707761e-01
       700 2.0386024e+00 1.1436658e-01 1.3093142e-02 1.6150324e-01
       701 2.0395528e+00 1.1416194e-01 1.3040314e-02 1.5893506e-01
       702 2.0401630e+00 1.1291203e-01 1.2753553e-02 1.5790561e-01
       703 2.0382732e+00 1.1409272e-01 1.3033097e-02 1.6270737e-01
       704 2.0395821e+00 1.1332608e-01 1.2850008e-02 1.5635817e-01
       705 2.0394655e+00 1.1267436e-01 1.2703358e-02 1.5491268e-01
       706 2.0402928e+00 1.1305436e-01 1.2785186e-02 1.5862899e-01
       707 2.0380026e+00 1.1423744e-01 1.3068375e-02 1.6533506e-01
       708 2.0397672e+00 1.1338783e-01 1.2863048e-02 1.5717555e-01
       709 2.0403714e+00 1.1237774e-01 1.2632349e-02 1.5696153e-01
       710 2.0392966e+00 1.1278871e-01 1.2730115e-02 1.5519398e-01
       711 2.0387607e+00 1.1335893e-01 1.2862539e-02 1.5808605e-01
       712 2.0398262e+00 1.1192795e-01 1.2533822e-02 1.5325478e-01
       713 2.0401528e+00 1.1234373e-01 1.2625582e-02 1.5589398e-01
       714 2.0399654e+00 1.1218770e-01 1.2591375e-02 1.5525825e-01
       715 2.0382006e+00 1.1291171e-01 1.2765588e-02 1.5988367e-01
       716 2.0396496e+00 1.1279826e-01 1.2730297e-02 1.5537249e-01
       717 2.0390912e+00 1.1263478e-01 1.2696677e-02 1.5471098e-01
       718 2.0389454e+00 1.1248684e-01 1.2664320e-02 1.5537585e-01
       719 2.0399631e+00 1.1188760e-01 1.2524141e-02 1.5392811e-01
       720 2.0399318e+00 1.1151171e-01 1.2440313e-02 1.5280445e-01
       721 2.0395385e+00 1.1110448e-01 1.2351649e-02 1.5130282e-01
       722 2.0389040e+00 1.1182892e-01 1.2517016e-02 1.5429139e-01
       723 2.0395346e+00 1.1165852e-01 1.2475089e-02 1.5245478e-01
       724 2.0392336e+00 1.1189084e-01 1.2528761e-02 1.5306462e-01
       725 2.0397394e+00 1.1154256e-01 1.2448130e-02 1.5286489e-01
       726 2.0395534e+00 1.1171207e-01 1.2486950e-02 1.5239692e-01
       727 2.0397263e+00 1.1025990e-01 1.2163699e-02 1.4901066e-01
       728 2.0402700e+00 1.1082243e-01 1.2285599e-02 1.5278739e-01
       729 2.0393399e+00 1.1073848e-01 1.2271577e-02 1.5069199e-01
       730 2.0392899e+00 1.1062475e-01 1.2246697e-02 1.4976747e-01
       731 2.0397417e+00 1.1043599e-01 1.2202483e-02 1.4946700e-01
       732 2.0391711e+00 1.0973352e-01 1.2051028e-02 1.4799206e-01
       733 2.0390145e+00 1.1100100e-01 1.2331799e-02 1.5157361e-01
       734 2.0391009e+00 1.1083561e-01 1.2294555e-02 1.5087761e-01
       735 2.0394857e+00 1.1051651e-01 1.2221633e-02 1.4934407e-01
       736 2.0406816e+00 1.0971065e-01 1.2038939e-02 1.5285819e-01
       737 2.0398227e+00 1.0936944e-01 1.1967647e-02 1.4697462e-01
       738 2.0389765e+00 1.1025689e-01 1.2167407e-02 1.5063558e-01
       739 2.0391543e+00 1.0980041e-01 1.2065817e-02 1.4889813e-01
       740 2.0393776e+00 1.1001539e-01 1.2111733e-02 1.4866857e-01
       741 2.0402410e+00 1.0983935e-01 1.2068786e-02 1.4991953e-01
       742 2.0398485e+00 1.0950448e-01 1.1997079e-02 1.4750829e-01
       743 2.0388520e+00 1.0930216e-01 1.1958623e-02 1.4843502e-01
       744 2.0398869e+00 1.0919037e-01 1.1928200e-02 1.4689866e-01
       745 2.0395876e+00 1.0914271e-01 1.1919310e-02 1.4684785e-01
       746 2.0387184e+00 1.0880383e-01 1.1850865e-02 1.4806485e-01
       747 2.0396157e+00 1.0994553e-01 1.2095047e-02 1.4836663e-01
       748 2.0391607e+00 1.0916966e-01 1.1927663e-02 1.4606485e-01
       749 2.0391987e+00 1.0991016e-01 1.2089657e-02 1.4870305e-01
       750 2.0402435e+00 1.0821078e-01 1.1713666e-02 1.4576051e-01
       751 2.0399114e+00 1.0834738e-01 1.1744703e-02 1.4519075e-01
       752 2.0393733e+00 1.0954659e-01 1.2008827e-02 1.4772248e-01
       753 2.0397600e+00 1.0700732e-01 1.1456850e-02 1.4104864e-01
       754 2.0386947e+00 1.0870803e-01 1.1830197e-02 1.4766521e-01
       755 2.0399885e+00 1.0855412e-01 1.1789187e-02 1.4560192e-01
       756 2.0393059e+00 1.0899195e-01 1.1888012e-02 1.4619481e-01
       757 2.0400149e+00 1.0725217e-01 1.1508099e-02 1.4244149e-01
       758 2.0390631e+00 1.0834286e-01 1.1748440e-02 1.4526897e-01
       759 2.0397412e+00 1.0847588e-01 1.1773396e-02 1.4500767e-01
       760 2.0393390e+00 1.0804416e-01 1.1682112e-02 1.4342315e-01
       761 2.0403442e+00 1.0694953e-01 1.1441898e-02 1.4295237e-01
       762 2.0393333e+00 1.0705945e-01 1.1470331e-02 1.4145540e-01
       763 2.0390256e+00 1.0761131e-01 1.1590700e-02 1.4338149e-01
       764 2.0399591e+00 1.0709210e-01 1.1474044e-02 1.4202720e-01
       765 2.0400175e+00 1.0684666e-01 1.1421268e-02 1.4163137e-01
       766 2.0393836e+00 1.0751621e-01 1.1568049e-02 1.4295600e-01
       767 2.0394059e+00 1.0730190e-01 1.1521882e-02 1.4219132e-01
       768 2.0398363e+00 1.0675503e-01 1.1402544e-02 1.4113013e-01
       769 2.0403822e+00 1.0628619e-01 1.1300306e-02 1.4182323e-01
       770 2.0393086e+00 1.0718341e-01 1.1497036e-02 1.4213397e-01
       771 2.0392488e+00 1.0696870e-01 1.1451411e-02 1.4172497e-01
       772 2.0406190e+00 1.0602730e-01 1.1244503e-02 1.4330437e-01
       773 2.0393370e+00 1.0605321e-01 1.1255867e-02 1.3944484e-01
       774 2.0388805e+00 1.0675032e-01 1.1407097e-02 1.4306694e-01
       775 2.0393549e+00 1.0638311e-01 1.1325845e-02 1.3975220e-01
       776 2.0397338e+00 1.0607276e-01 1.1257846e-02 1.3897194e-01
       777 2.0396967e+00 1.0638549e-01 1.1324478e-02 1.3997086e-01
       778 2.0398421e+00 1.0585178e-01 1.1210477e-02 1.3869127e-01
       779 2.0400003e+00 1.0612544e-01 1.1267745e-02 1.3950538e-01
       780 2.0391993e+00 1.0572115e-01 1.1186371e-02 1.3943638e-01
       781 2.0396064e+00 1.0642849e-01 1.1334102e-02 1.4006321e-01
       782 2.0399311e+00 1.0549535e-01 1.1134725e-02 1.3799369e-01
       783 2.0391085e+00 1.0612980e-01 1.1273510e-02 1.3996649e-01
       784 2.0399076e+00 1.0558198e-01 1.1153120e-02 1.3836290e-01
       785 2.0396629e+00 1.0550825e-01 1.1138772e-02 1.3797703e-01
       786 2.0402597e+00 1.0437847e-01 1.0898894e-02 1.3627644e-01
       787 2.0398100e+00 1.0506835e-01 1.1045394e-02 1.3647203e-01
       788 2.0390690e+00 1.0542445e-01 1.1124541e-02 1.3853261e-01
       789 2.0399618e+00 1.0515419e-01 1.1062717e-02 1.3696377e-01
       790 2.0397719e+00 1.0476366e-01 1.0981648e-02 1.3582805e-01
       791 2.0394337e+00 1.0509833e-01 1.1053685e-02 1.3730843e-01
       792 2.0392905e+00 1.0507087e-01 1.1048747e-02 1.3683862e-01
       793 2.0401610e+00 1.0505992e-01 1.1042021e-02 1.3797612e-01
       794 2.0396974e+00 1.0462145e-01 1.0952249e-02 1.3535128e-01
       795 2.0397562e+00 1.0477758e-01 1.0984644e-02 1.3627094e-01
       796 2.0396162e+00 1.0475834e-01 1.0981335e-02 1.3627165e-01
       797 2.0397562e+00 1.0460729e-01 1.0948987e-02 1.3585830e-01
       798 2.0394288e+00 1.0374688e-01 1.0771469e-02 1.3379656e-01
       799 2.0406649e+00 1.0382231e-01 1.0781638e-02 1.3747511e-01
       800 2.0391418e+00 1.0410644e-01 1.0847917e-02 1.3546966e-01
       801 2.0395800e+00 1.0505471e-01 1.1043710e-02 1.3679453e-01
       802 2.0394317e+00 1.0395300e-01 1.0814263e-02 1.3406457e-01
       803 2.0396211e+00 1.0407538e-01 1.0838684e-02 1.3436444e-01
       804 2.0399448e+00 1.0359688e-01 1.0737705e-02 1.3342338e-01
       805 2.0398896e+00 1.0324908e-01 1.0666022e-02 1.3263578e-01
       806 2.0389860e+00 1.0477987e-01 1.0989586e-02 1.3884552e-01
       807 2.0399219e+00 1.0318534e-01 1.0652713e-02 1.3244115e-01
       808 2.0393223e+00 1.0398528e-01 1.0821608e-02 1.3493227e-01
       809 2.0391460e+00 1.0401920e-01 1.0829733e-02 1.3510928e-01
       810 2.0395807e+00 1.0364921e-01 1.0750373e-02 1.3366539e-01
       811 2.0399901e+00 1.0330567e-01 1.0677244e-02 1.3297018e-01
       812 2.0403165e+00 1.0263841e-01 1.0538446e-02 1.3281847e-01
       813 2.0398321e+00 1.0307235e-01 1.0629837e-02 1.3210590e-01
       814 2.0389205e+00 1.0367034e-01 1.0758737e-02 1.3606409e-01
       815 2.0396180e+00 1.0297067e-01 1.0609976e-02 1.3132215e-01
       816 2.0399616e+00 1.0296060e-01 1.0606198e-02 1.3207626e-01
       817 2.0397963e+00 1.0299443e-01 1.0613956e-02 1.3161974e-01
       818 2.0395963e+00 1.0315893e-01 1.0648897e-02 1.3216549e-01
       819 2.0398263e+00 1.0213647e-01 1.0437814e-02 1.2948511e-01
       820 2.0398661e+00 1.0283536e-01 1.0580875e-02 1.3181712e-01
       821 2.0396744e+00 1.0171760e-01 1.0353190e-02 1.2898287e-01
       822 2.0402975e+00 1.0239935e-01 1.0489505e-02 1.3234110e-01
       823 2.0391985e+00 1.0195255e-01 1.0403736e-02 1.2984402e-01
       824 2.0398196e+00 1.0228968e-01 1.0469167e-02 1.3050561e-01
       825 2.0397820e+00 1.0238991e-01 1.0489867e-02 1.3056841e-01
       826 2.0394202e+00 1.0167805e-01 1.0346529e-02 1.2923447e-01
       827 2.0397972e+00 1.0256991e-01 1.0526685e-02 1.3086509e-01
       828 2.0404861e+00 1.0136343e-01 1.0277717e-02 1.3006686e-01
       829 2.0396757e+00 1.0163887e-01 1.0337173e-02 1.2877898e-01
       830 2.0390939e+00 1.0178288e-01 1.0369821e-02 1.3160678e-01
       831 2.0399210e+00 1.0160912e-01 1.0329916e-02 1.2861166e-01
       832 2.0397308e+00 1.0156962e-01 1.0322819e-02 1.2851881e-01
       833 2.0396295e+00 1.0151548e-01 1.0312348e-02 1.2846517e-01
       834 2.0396979e+00 1.0178278e-01 1.0366333e-02 1.2899340e-01
       835 2.0397881e+00 1.0168967e-01 1.0346933e-02 1.2852183e-01
       836 2.0397820e+00 1.0181725e-01 1.0372926e-02 1.2921391e-01
       837 2.0398912e+00 1.0104552e-01 1.0215840e-02 1.2746261e-01
       838 2.0401363e+00 1.0078470e-01 1.0162095e-02 1.2729957e-01
       839 2.0403538e+00 1.0026145e-01 1.0056019e-02 1.2710887e-01
       840 2.0396606e+00 1.0085241e-01 1.0178001e-02 1.2724821e-01
       841 2.0390599e+00 1.0156154e-01 1.0325030e-02 1.3159928e-01
       842 2.0394601e+00 1.0051158e-01 1.0110454e-02 1.2677383e-01
       843 2.0404199e+00 1.0056717e-01 1.0117167e-02 1.2825378e-01
       844 2.0394514e+00 1.0039769e-01 1.0087622e-02 1.2647915e-01
       845 2.0397039e+00 1.0119079e-01 1.0246145e-02 1.2749062e-01
       846 2.0403430e+00 1.0039332e-01 1.0082519e-02 1.2710505e-01
       847 2.0398678e+00 1.0003052e-01 1.0011861e-02 1.2508170e-01
       848 2.0395723e+00 1.0051988e-01 1.0111507e-02 1.2627742e-01
       849 2.0398592e+00 9.9679557e-02 9.9418107e-03 1.2392179e-01
       850 2.0396701e+00 1.0007060e-01 1.0020868e-02 1.2502350e-01
       851 2.0403119e+00 9.9993712e-02 1.0002564e-02 1.2633436e-01
       852 2.0395296e+00 9.9600390e-02 9.9277297e-03 1.2457564e-01
       853 2.0398168e+00 1.0049376e-01 1.0104998e-02 1.2645537e-01
       854 2.0392295e+00 1.0016273e-01 1.0041796e-02 1.2667684e-01
       855 2.0406641e+00 9.9118628e-02 9.8270711e-03 1.2628004e-01
       856 2.0396354e+00 9.9191804e-02 9.8459383e-03 1.2364662e-01
       857 2.0396603e+00 1.0009620e-01 1.0026043e-02 1.2543719e-01
       858 2.0395709e+00 9.9291010e-02 9.8659727e-03 1.2345018e-01
       859 2.0403042e+00 9.8757138e-02 9.7568238e-03 1.2304885e-01
       860 2.0392015e+00 9.9780149e-02 9.9654739e-03 1.2613036e-01
       861 2.0406431e+00 9.8636940e-02 9.7318824e-03 1.2467077e-01
       862 2.0396972e+00 9.8731739e-02 9.7545591e-03 1.2159836e-01
       863 2.0392945e+00 9.9152817e-02 9.8401158e-03 1.2424505e-01
       864 2.0406027e+00 9.8746364e-02 9.7536138e-03 1.2518690e-01
       865 2.0394028e+00 9.9292302e-02 9.8671635e-03 1.2433052e-01
       866 2.0401794e+00 9.8378013e-02 9.6825907e-03 1.2204306e-01
       867 2.0406193e+00 9.7991024e-02 9.6049548e-03 1.2324040e-01
       868 2.0397990e+00 9.8750954e-02 9.7578408e-03 1.2250663e-01
       869 2.0384008e+00 9.9350793e-02 9.8855260e-03 1.3239588e-01
       870 2.0403128e+00 9.8009715e-02 9.6097224e-03 1.2156184e-01
       871 2.0398086e+00 9.8091529e-02 9.6279907e-03 1.2087083e-01
       872 2.0401184e+00 9.8167295e-02 9.6414331e-03 1.2098083e-01
       873 2.0399855e+00 9.8229628e-02 9.6542642e-03 1.2099115e-01
       874 2.0389972e+00 9.9012424e-02 9.8141504e-03 1.2590664e-01
       875 2.0400953e+00 9.7543806e-02 9.5195095e-03 1.1968034e-01
       876 2.0398108e+00 9.8342042e-02 9.6771892e-03 1.2085306e-01
       877 2.0405245e+00 9.7717521e-02 9.5517496e-03 1.2231916e-01
       878 2.0393679e+00 9.8886406e-02 9.7869249e-03 1.2311881e-01
       879 2.0396667e+00 9.8110201e-02 9.6323721e-03 1.2102481e-01
       880 2.0400114e+00 9.7705755e-02 9.5515012e-03 1.2029842e-01
       881 2.0400427e+00 9.7711265e-02 9.5524378e-03 1.2008657e-01
       882 2.0406070e+00 9.6667094e-02 9.3472819e-03 1.2044693e-01
       883 2.0392886e+00 9.7793793e-02 9.5724957e-03 1.2187163e-01
       884 2.0390030e+00 9.7702950e-02 9.5565186e-03 1.2235316e-01
       885 2.0399726e+00 9.7618241e-02 9.5345841e-03 1.1989181e-01
       886 2.0395946e+00 9.7615051e-02 9.5358389e-03 1.1992101e-01
       887 2.0404629e+00 9.7651116e-02 9.5389944e-03 1.2134476e-01
       888 2.0395204e+00 9.7433637e-02 9.5008564e-03 1.1935111e-01
       889 2.0393655e+00 9.7036896e-02 9.4245763e-03 1.1938764e-01
       890 2.0401311e+00 9.7113157e-02 9.4355263e-03 1.1903217e-01
       891 2.0404593e+00 9.6558817e-02 9.3268722e-03 1.1857876e-01
       892 2.0399974e+00 9.6332902e-02 9.2851781e-03 1.1679811e-01
       893 2.0403500e+00 9.7316623e-02 9.4741993e-03 1.2003989e-01
       894 2.0399804e+00 9.6668947e-02 9.3501130e-03 1.1746601e-01
       895 2.0393991e+00 9.7183151e-02 9.4527881e-03 1.2008685e-01
       896 2.0404151e+00 9.6254240e-02 9.2683074e-03 1.1781675e-01
       897 2.0399080e+00 9.6606522e-02 9.3383837e-03 1.1740177e-01
       898 2.0402747e+00 9.5840719e-02 9.1894120e-03 1.1628954e-01
       899 2.0389356e+00 9.7227382e-02 9.4642607e-03 1.2360789e-01
       900 2.0392702e+00 9.7354015e-02 9.4867836e-03 1.2101182e-01
       901 2.0404730e+00 9.5827879e-02 9.1862000e-03 1.1708127e-01
       902 2.0405403e+00 9.5890462e-02 9.1979615e-03 1.1749829e-01
       903 2.0394915e+00 9.6267450e-02 9.2751239e-03 1.1759054e-01
       904 2.0391760e+00 9.6597385e-02 9.3406074e-03 1.2008892e-01
       905 2.0407496e+00 9.5632808e-02 9.1479359e-03 1.1816796e-01
       906 2.0397013e+00 9.5757758e-02 9.1761298e-03 1.1605750e-01
       907 2.0402047e+00 9.5534080e-02 9.1310125e-03 1.1536089e-01
       908 2.0394248e+00 9.5666210e-02 9.1601003e-03 1.1648123e-01
       909 2.0399576e+00 9.6260330e-02 9.2713835e-03 1.1643077e-01
       910 2.0400006e+00 9.6203435e-02 9.2602366e-03 1.1689246e-01
       911 2.0403514e+00 9.5337314e-02 9.0928720e-03 1.1550036e-01
       912 2.0400750e+00 9.5485206e-02 9.1222283e-03 1.1490903e-01
       913 2.0393488e+00 9.5772209e-02 9.1808304e-03 1.1709514e-01
       914 2.0403172e+00 9.4898078e-02 9.0094462e-03 1.1454335e-01
       915 2.0399243e+00 9.5543573e-02 9.1340615e-03 1.1527171e-01
       916 2.0400701e+00 9.5226017e-02 9.0728198e-03 1.1472437e-01
       917 2.0403222e+00 9.4594604e-02 8.9519206e-03 1.1369533e-01
       918 2.0396554e+00 9.5045056e-02 9.0403822e-03 1.1468334e-01
       919 2.0400946e+00 9.4920359e-02 9.0145932e-03 1.1404355e-01
       920 2.0393350e+00 9.5957274e-02 9.2163939e-03 1.1740574e-01
       921 2.0404976e+00 9.4108407e-02 8.8595223e-03 1.1300556e-01
       922 2.0398307e+00 9.5131099e-02 9.0558605e-03 1.1428509e-01
       923 2.0398720e+00 9.5244205e-02 9.0771938e-03 1.1471784e-01
       924 2.0393627e+00 9.4887332e-02 9.0120395e-03 1.1533491e-01
       925 2.0401528e+00 9.4466900e-02 8.9284642e-03 1.1282265e-01
       926 2.0409719e+00 9.4073524e-02 8.8515045e-03 1.1668492e-01
       927 2.0395714e+00 9.4106461e-02 8.8632909e-03 1.1276700e-01
       928 2.0393074e+00 9.5042089e-02 9.0417567e-03 1.1551531e-01
       929 2.0395794e+00 9.4813313e-02 8.9967862e-03 1.1418372e-01
       930 2.0403840e+00 9.4575896e-02 8.9481451e-03 1.1384543e-01
       931 2.0398278e+00 9.4723809e-02 8.9785485e-03 1.1303687e-01
       932 2.0406706e+00 9.3177983e-02 8.6846842e-03 1.1232517e-01
       933 2.0396490e+00 9.4106541e-02 8.8628940e-03 1.1226648e-01
       934 2.0400755e+00 9.4345253e-02 8.9058284e-03 1.1262106e-01
       935 2.0400948e+00 9.3583847e-02 8.7626539e-03 1.1093706e-01
       936 2.0403134e+00 9.3773694e-02 8.7973215e-03 1.1184732e-01
       937 2.0400395e+00 9.3403549e-02 8.7291836e-03 1.1071493e-01
       938 2.0399143e+00 9.4093035e-02 8.8590332e-03 1.1225499e-01
       939 2.0392539e+00 9.3991444e-02 8.8434692e-03 1.1438296e-01
       940 2.0406304e+00 9.3603192e-02 8.7642354e-03 1.1339634e-01
       941 2.0395470e+00 9.3092055e-02 8.6735279e-03 1.1086433e-01
       942 2.0401753e+00 9.3632605e-02 8.7714389e-03 1.1136522e-01
       943 2.0390343e+00 9.3821291e-02 8.8128836e-03 1.1528737e-01
       944 2.0406078e+00 9.2685958e-02 8.5934390e-03 1.1097755e-01
       945 2.0403885e+00 9.2918297e-02 8.6373378e-03 1.1011476e-01
       946 2.0401752e+00 9.3559929e-02 8.7578352e-03 1.1118218e-01
       947 2.0401254e+00 9.3556469e-02 8.7573985e-03 1.1120764e-01
       948 2.0398640e+00 9.3036452e-02 8.6615549e-03 1.0968567e-01
       949 2.0398356e+00 9.3681721e-02 8.7821756e-03 1.1178791e-01
       950 2.0398893e+00 9.3546207e-02 8.7565451e-03 1.1099681e-01
       951 2.0398641e+00 9.3556637e-02 8.7586172e-03 1.1096463e-01
       952 2.0406219e+00 9.2679780e-02 8.5922474e-03 1.1090356e-01
       953 2.0394390e+00 9.2460580e-02 8.5569551e-03 1.1088827e-01
       954 2.0400303e+00 9.3087015e-02 8.6701941e-03 1.0978652e-01
       955 2.0401677e+00 9.2874514e-02 8.6300815e-03 1.0948877e-01
       956 2.0402183e+00 9.2443953e-02 8.5500805e-03 1.0866366e-01
       957 2.0397051e+00 9.2721097e-02 8.6037639e-03 1.0926080e-01
       958 2.0401244e+00 9.2741423e-02 8.6055615e-03 1.0932533e-01
       959 2.0400989e+00 9.2224862e-02 8.5101249e-03 1.0785968e-01
       960 2.0403841e+00 9.2084713e-02 8.4831387e-03 1.0819085e-01
       961 2.0395212e+00 9.2221097e-02 8.5122691e-03 1.0988379e-01
       962 2.0398956e+00 9.3143054e-02 8.6812508e-03 1.1031878e-01
       963 2.0400621e+00 9.2491322e-02 8.5595053e-03 1.0907345e-01
       964 2.0402246e+00 9.2021501e-02 8.4721272e-03 1.0767289e-01
       965 2.0395381e+00 9.2570422e-02 8.5767288e-03 1.0979552e-01
       966 2.0403779e+00 9.1861168e-02 8.4420422e-03 1.0765508e-01
       967 2.0405221e+00 9.2190826e-02 8.5021923e-03 1.0953263e-01
       968 2.0399990e+00 9.1924603e-02 8.4552757e-03 1.0757365e-01
       969 2.0399899e+00 9.1810342e-02 8.4343233e-03 1.0748372e-01
       970 2.0399257e+00 9.1664618e-02 8.4078831e-03 1.0688304e-01
       971 2.0394474e+00 9.2246053e-02 8.5172835e-03 1.0964004e-01
       972 2.0404998e+00 9.1387856e-02 8.3548624e-03 1.0749241e-01
       973 2.0398223e+00 9.1106760e-02 8.3064172e-03 1.0548097e-01
       974 2.0394819e+00 9.1759461e-02 8.4275541e-03 1.0862785e-01
       975 2.0403455e+00 9.1521686e-02 8.3799103e-03 1.0688286e-01
       976 2.0402369e+00 9.1835153e-02 8.4378159e-03 1.0736590e-01
       977 2.0401763e+00 9.1614881e-02 8.3976564e-03 1.0663325e-01
       978 2.0401890e+00 9.0718386e-02 8.2341427e-03 1.0478689e-01
       979 2.0398262e+00 9.1433169e-02 8.3659811e-03 1.0674276e-01
       980 2.0390306e+00 9.2488143e-02 8.5645295e-03 1.1240624e-01
       981 2.0411495e+00 9.1037843e-02 8.2891371e-03 1.1162163e-01
       982 2.0399176e+00 9.1378302e-02 8.3555128e-03 1.0635575e-01
       983 2.0400454e+00 9.0844626e-02 8.2576805e-03 1.0509064e-01
       984 2.0397291e+00 9.1019365e-02 8.2909644e-03 1.0597992e-01
       985 2.0401469e+00 9.1003531e-02 8.2861368e-03 1.0552211e-01
       986 2.0402513e+00 9.0696549e-02 8.2299264e-03 1.0470085e-01
       987 2.0402460e+00 9.0576770e-02 8.2082346e-03 1.0485359e-01
       988 2.0399166e+00 9.1540689e-02 8.3852213e-03 1.0680612e-01
       989 2.0400194e+00 9.0545999e-02 8.2036285e-03 1.0432868e-01
       990 2.0397411e+00 9.0707676e-02 8.2342618e-03 1.0595247e-01
       991 2.0408162e+00 8.9840622e-02 8.0734415e-03 1.0539328e-01
       992 2.0399020e+00 9.0427303e-02 8.1826895e-03 1.0436014e-01
       993 2.0405941e+00 9.0252283e-02 8.1482725e-03 1.0567341e-01
       994 2.0397607e+00 9.0169962e-02 8.1369027e-03 1.0411831e-01
       995 2.0402477e+00 9.0325484e-02 8.1627700e-03 1.0422460e-01
       996 2.0399629e+00 9.0139751e-02 8.1304827e-03 1.0382520e-01
       997 2.0398832e+00 9.0420148e-02 8.1814846e-03 1.0443854e-01
       998 2.0400178e+00 9.0659398e-02 8.2241842e-03 1.0503101e-01
       999 2.0400000e+00 8.9998648e-02 8.1048952e-03 1.0324007e-01

Final Weights:        -0.4374669733        -0.1609018869         0.6578427847        -0.0582631087 