# Cycles, Average Predicted Temperature, Stddev Predicted Temperature, Mean Squared Error, || MSE Gradient ||
         0 2.3432906e-02 8.0760460e-03 4.4504828e+00 2.3847031e+00
         1 2.4382189e-02 8.0485715e-03 4.4464781e+00 2.4495034e+00
         2 2.5410532e-02 8.1225591e-03 4.4421435e+00 2.5204169e+00
         3 2.6348804e-02 8.1027094e-03 4.4381890e+00 2.5860235e+00
         4 2.7354813e-02 8.1185588e-03 4.4339516e+00 2.6536358e+00
         5 2.8392378e-02 8.1418344e-03 4.4295835e+00 2.7201570e+00
         6 2.9506001e-02 8.1894011e-03 4.4248979e+00 2.7939512e+00
         7 3.0617641e-02 8.1740436e-03 4.4202222e+00 2.8642920e+00
         8 3.1745877e-02 8.2289458e-03 4.4154803e+00 2.9342070e+00
         9 3.2969302e-02 8.3116920e-03 4.4103416e+00 3.0134675e+00
        10 3.4116083e-02 8.2950344e-03 4.4055261e+00 3.0834207e+00
        11 3.5440330e-02 8.4109793e-03 4.3999708e+00 3.1604717e+00
        12 3.6643705e-02 8.3850785e-03 4.3949234e+00 3.2285659e+00
        13 3.8060237e-02 8.5503008e-03 4.3889890e+00 3.3099344e+00
        14 3.9446573e-02 8.5607184e-03 4.3831824e+00 3.3881781e+00
        15 4.0779349e-02 8.6081666e-03 4.3776044e+00 3.4668784e+00
        16 4.2307266e-02 8.8514091e-03 4.3712174e+00 3.5445429e+00
        17 4.3746000e-02 8.7677375e-03 4.3652020e+00 3.6228819e+00
        18 4.5321819e-02 8.9523568e-03 4.3586231e+00 3.7083142e+00
        19 4.6932912e-02 8.9778566e-03 4.3518992e+00 3.7925514e+00
        20 4.8523274e-02 9.1347133e-03 4.3452692e+00 3.8755376e+00
        21 5.0218156e-02 9.1882257e-03 4.3382071e+00 3.9620513e+00
        22 5.1854170e-02 9.2598231e-03 4.3313960e+00 4.0488585e+00
        23 5.3665254e-02 9.3180751e-03 4.3238620e+00 4.1353564e+00
        24 5.5491090e-02 9.4214199e-03 4.3162741e+00 4.2274485e+00
        25 5.7378651e-02 9.5840803e-03 4.3084378e+00 4.3263618e+00
        26 5.9294464e-02 9.5430620e-03 4.3004875e+00 4.4193059e+00
        27 6.1277986e-02 9.7379027e-03 4.2922686e+00 4.5117637e+00
        28 6.3461647e-02 9.9435569e-03 4.2832294e+00 4.6114180e+00
        29 6.5422624e-02 9.9889997e-03 4.2751174e+00 4.7025690e+00
        30 6.7572910e-02 1.0074393e-02 4.2662318e+00 4.8006558e+00
        31 6.9865118e-02 1.0209025e-02 4.2567709e+00 4.9032314e+00
        32 7.2156199e-02 1.0346808e-02 4.2473252e+00 5.0040982e+00
        33 7.4503572e-02 1.0434034e-02 4.2376572e+00 5.1060742e+00
        34 7.6917360e-02 1.0541909e-02 4.2277276e+00 5.2081926e+00
        35 7.9457523e-02 1.0689459e-02 4.2172914e+00 5.3162521e+00
        36 8.1970469e-02 1.0762296e-02 4.2069782e+00 5.4207278e+00
        37 8.4587547e-02 1.0948945e-02 4.1962536e+00 5.5293524e+00
        38 8.7353001e-02 1.1066561e-02 4.1849340e+00 5.6393912e+00
        39 9.0086118e-02 1.1201119e-02 4.1737623e+00 5.7483097e+00
        40 9.2982291e-02 1.1355655e-02 4.1619407e+00 5.8662838e+00
        41 9.5966006e-02 1.1497313e-02 4.1497790e+00 5.9807101e+00
        42 9.8918915e-02 1.1614746e-02 4.1377599e+00 6.0951793e+00
        43 1.0194736e-01 1.1797640e-02 4.1254529e+00 6.2089542e+00
        44 1.0511330e-01 1.1986892e-02 4.1126068e+00 6.3253404e+00
        45 1.0843668e-01 1.2137442e-02 4.0991424e+00 6.4475706e+00
        46 1.1178617e-01 1.2375132e-02 4.0855967e+00 6.5676259e+00
        47 1.1515287e-01 1.2524420e-02 4.0720019e+00 6.6891362e+00
        48 1.1879775e-01 1.2652610e-02 4.0573086e+00 6.8147106e+00
        49 1.2241724e-01 1.2831437e-02 4.0427452e+00 6.9429683e+00
        50 1.2605291e-01 1.3024947e-02 4.0281435e+00 7.0656356e+00
        51 1.2985006e-01 1.3207243e-02 4.0129211e+00 7.1909501e+00
        52 1.3383857e-01 1.3374517e-02 3.9969620e+00 7.3274804e+00
        53 1.3786560e-01 1.3563503e-02 3.9808817e+00 7.4563698e+00
        54 1.4192766e-01 1.3670387e-02 3.9646921e+00 7.5880372e+00
        55 1.4625305e-01 1.3952931e-02 3.9474940e+00 7.7217697e+00
        56 1.5047773e-01 1.4180193e-02 3.9307312e+00 7.8546175e+00
        57 1.5496499e-01 1.4377797e-02 3.9129645e+00 7.9919117e+00
        58 1.5948008e-01 1.4625908e-02 3.8951298e+00 8.1246830e+00
        59 1.6406026e-01 1.4917305e-02 3.8770809e+00 8.2633683e+00
        60 1.6883513e-01 1.5158122e-02 3.8583077e+00 8.4013876e+00
        61 1.7376526e-01 1.5399619e-02 3.8389719e+00 8.5401904e+00
        62 1.7874306e-01 1.5694177e-02 3.8195001e+00 8.6827272e+00
        63 1.8390968e-01 1.5900712e-02 3.7993392e+00 8.8246191e+00
        64 1.8918824e-01 1.6105837e-02 3.7787965e+00 8.9702784e+00
        65 1.9445172e-01 1.6418571e-02 3.7583716e+00 9.1105515e+00
        66 1.9996546e-01 1.6726753e-02 3.7370345e+00 9.2536224e+00
        67 2.0558256e-01 1.7014281e-02 3.7153593e+00 9.3960756e+00
        68 2.1133755e-01 1.7248613e-02 3.6932155e+00 9.5454118e+00
        69 2.1715296e-01 1.7511272e-02 3.6709076e+00 9.6899907e+00
        70 2.2312956e-01 1.7890941e-02 3.6480558e+00 9.8351653e+00
        71 2.2931374e-01 1.8094377e-02 3.6244790e+00 9.9804862e+00
        72 2.3553111e-01 1.8538310e-02 3.6008616e+00 1.0124785e+01
        73 2.4207638e-01 1.8728621e-02 3.5760722e+00 1.0278469e+01
        74 2.4861636e-01 1.9117028e-02 3.5513961e+00 1.0426733e+01
        75 2.5521356e-01 1.9513550e-02 3.5265911e+00 1.0570185e+01
        76 2.6219048e-01 1.9765117e-02 3.5004469e+00 1.0724104e+01
        77 2.6878091e-01 2.0356801e-02 3.4758547e+00 1.0862262e+01
        78 2.7614436e-01 2.0479862e-02 3.4484593e+00 1.1016899e+01
        79 2.8341848e-01 2.0776086e-02 3.4215099e+00 1.1165472e+01
        80 2.9084037e-01 2.1168848e-02 3.3941262e+00 1.1313356e+01
        81 2.9841189e-01 2.1773793e-02 3.3663131e+00 1.1461453e+01
        82 3.0605357e-01 2.2132933e-02 3.3383481e+00 1.1605761e+01
        83 3.1399157e-01 2.2507179e-02 3.3094226e+00 1.1750649e+01
        84 3.2182254e-01 2.3003003e-02 3.2810168e+00 1.1892441e+01
        85 3.3016312e-01 2.3110845e-02 3.2508782e+00 1.2041902e+01
        86 3.3863770e-01 2.3745988e-02 3.2204226e+00 1.2191399e+01
        87 3.4709773e-01 2.4173091e-02 3.1901534e+00 1.2342690e+01
        88 3.5567379e-01 2.4811450e-02 3.1596256e+00 1.2479325e+01
        89 3.6441080e-01 2.5336498e-02 3.1286706e+00 1.2619438e+01
        90 3.7347104e-01 2.5631329e-02 3.0967195e+00 1.2759422e+01
        91 3.8262923e-01 2.6226781e-02 3.0646054e+00 1.2899266e+01
        92 3.9169765e-01 2.6900816e-02 3.0329766e+00 1.3029234e+01
        93 4.0149986e-01 2.7007457e-02 2.9989406e+00 1.3172073e+01
        94 4.1114911e-01 2.7680855e-02 2.9656545e+00 1.3308187e+01
        95 4.2099253e-01 2.8100998e-02 2.9318763e+00 1.3439419e+01
        96 4.3112595e-01 2.8533016e-02 2.8973058e+00 1.3582602e+01
        97 4.4114370e-01 2.9234770e-02 2.8633481e+00 1.3708094e+01
        98 4.5157599e-01 2.9749048e-02 2.8281867e+00 1.3838058e+01
        99 4.6190974e-01 3.0626432e-02 2.7935949e+00 1.3954959e+01
       100 4.7263709e-01 3.1285134e-02 2.7578973e+00 1.4078064e+01
       101 4.8352961e-01 3.1573296e-02 2.7218623e+00 1.4198111e+01
       102 4.9464696e-01 3.2123090e-02 2.6853446e+00 1.4317989e+01
       103 5.0564988e-01 3.2856329e-02 2.6494593e+00 1.4428168e+01
       104 5.1720348e-01 3.3488086e-02 2.6120303e+00 1.4542543e+01
       105 5.2858763e-01 3.4218730e-02 2.5754197e+00 1.4654058e+01
       106 5.4066056e-01 3.4777189e-02 2.5368632e+00 1.4763606e+01
       107 5.5243567e-01 3.5413053e-02 2.4995458e+00 1.4863204e+01
       108 5.6458925e-01 3.6111993e-02 2.4613236e+00 1.4960625e+01
       109 5.7694346e-01 3.6700570e-02 2.4227653e+00 1.5058493e+01
       110 5.8948103e-01 3.7117771e-02 2.3839341e+00 1.5149837e+01
       111 6.0191436e-01 3.8107654e-02 2.3457802e+00 1.5240201e+01
       112 6.1470583e-01 3.8839218e-02 2.3068295e+00 1.5321493e+01
       113 6.2758077e-01 3.9822926e-02 2.2679759e+00 1.5406470e+01
       114 6.4084257e-01 4.0598784e-02 2.2282841e+00 1.5483260e+01
       115 6.5416397e-01 4.1340090e-02 2.1887661e+00 1.5553333e+01
       116 6.6813530e-01 4.1657748e-02 2.1476641e+00 1.5626733e+01
       117 6.8114267e-01 4.3193574e-02 2.1098547e+00 1.5682321e+01
       118 6.9546924e-01 4.3493645e-02 2.0684847e+00 1.5749898e+01
       119 7.0903345e-01 4.4674109e-02 2.0297739e+00 1.5793004e+01
       120 7.2384222e-01 4.4672186e-02 1.9878176e+00 1.5851585e+01
       121 7.3776732e-01 4.6135176e-02 1.9488981e+00 1.5886656e+01
       122 7.5247539e-01 4.6543599e-02 1.9081089e+00 1.5930733e+01
       123 7.6696773e-01 4.7466777e-02 1.8683907e+00 1.5950006e+01
       124 7.8220965e-01 4.8313367e-02 1.8270611e+00 1.5990386e+01
       125 7.9687028e-01 4.9630682e-02 1.7877972e+00 1.6013149e+01
       126 8.1201720e-01 5.0433921e-02 1.7476295e+00 1.6023163e+01
       127 8.2765882e-01 5.0664236e-02 1.7065717e+00 1.6044042e+01
       128 8.4349665e-01 5.1564232e-02 1.6655659e+00 1.6047970e+01
       129 8.5852447e-01 5.3271682e-02 1.6272129e+00 1.6035786e+01
       130 8.7446542e-01 5.4076229e-02 1.5869196e+00 1.6035539e+01
       131 8.9042061e-01 5.4757467e-02 1.5470869e+00 1.6016206e+01
       132 9.0628419e-01 5.5929222e-02 1.5080436e+00 1.5994221e+01
       133 9.2296372e-01 5.6529300e-02 1.4674661e+00 1.5975398e+01
       134 9.3919333e-01 5.7793423e-02 1.4285961e+00 1.5946304e+01
       135 9.5559023e-01 5.8495503e-02 1.3897960e+00 1.5906410e+01
       136 9.7223621e-01 5.9428311e-02 1.3509837e+00 1.5858031e+01
       137 9.8876968e-01 6.0433953e-02 1.3129935e+00 1.5800838e+01
       138 1.0057084e+00 6.1469337e-02 1.2746419e+00 1.5742847e+01
       139 1.0228370e+00 6.2575176e-02 1.2364535e+00 1.5682810e+01
       140 1.0398194e+00 6.3469677e-02 1.1991471e+00 1.5609018e+01
       141 1.0568717e+00 6.4766189e-02 1.1623203e+00 1.5526295e+01
       142 1.0742291e+00 6.6045882e-02 1.1254303e+00 1.5444039e+01
       143 1.0916254e+00 6.6426776e-02 1.0889447e+00 1.5347777e+01
       144 1.1087207e+00 6.7821138e-02 1.0538178e+00 1.5248896e+01
       145 1.1263955e+00 6.8883405e-02 1.0180663e+00 1.5138690e+01
       146 1.1440032e+00 6.9816283e-02 9.8305664e-01 1.5024947e+01
       147 1.1617626e+00 7.0775897e-02 9.4837781e-01 1.4901783e+01
       148 1.1795718e+00 7.1776780e-02 9.1424246e-01 1.4779717e+01
       149 1.1977213e+00 7.2902905e-02 8.8012510e-01 1.4643114e+01
       150 1.2155846e+00 7.3803392e-02 8.4716072e-01 1.4506340e+01
       151 1.2320343e+00 7.5607474e-02 8.1751724e-01 1.4358501e+01
       152 1.2502268e+00 7.6766307e-02 7.8524193e-01 1.4203154e+01
       153 1.2689057e+00 7.6832509e-02 7.5262132e-01 1.4044767e+01
       154 1.2870930e+00 7.8439617e-02 7.2176924e-01 1.3874299e+01
       155 1.3047243e+00 7.9237113e-02 6.9237585e-01 1.3700869e+01
       156 1.3222616e+00 8.1027430e-02 6.6391768e-01 1.3520939e+01
       157 1.3404396e+00 8.1757012e-02 6.3489035e-01 1.3338931e+01
       158 1.3582460e+00 8.3501213e-02 6.0726923e-01 1.3147474e+01
       159 1.3758394e+00 8.3957916e-02 5.8039288e-01 1.2954726e+01
       160 1.3941916e+00 8.5236198e-02 5.5315360e-01 1.2749951e+01
       161 1.4117371e+00 8.6616098e-02 5.2777191e-01 1.2540029e+01
       162 1.4298116e+00 8.7056846e-02 5.0210088e-01 1.2328894e+01
       163 1.4470942e+00 8.8024311e-02 4.7826191e-01 1.2114755e+01
       164 1.4652998e+00 8.9390937e-02 4.5385999e-01 1.1886260e+01
       165 1.4825418e+00 8.9987762e-02 4.3123811e-01 1.1669792e+01
       166 1.4995079e+00 9.1777462e-02 4.0977861e-01 1.1436801e+01
       167 1.5173228e+00 9.2657300e-02 3.8768596e-01 1.1198732e+01
       168 1.5345288e+00 9.3871532e-02 3.6702061e-01 1.0958488e+01
       169 1.5520033e+00 9.4417914e-02 3.4651170e-01 1.0715733e+01
       170 1.5690333e+00 9.5229865e-02 3.2716579e-01 1.0470886e+01
       171 1.5850241e+00 9.6818750e-02 3.0968897e-01 1.0236145e+01
       172 1.6026487e+00 9.7415734e-02 2.9079864e-01 9.9728624e+00
       173 1.6186252e+00 9.8561009e-02 2.7433087e-01 9.7250444e+00
       174 1.6358878e+00 9.9233975e-02 2.5700189e-01 9.4646510e+00
       175 1.6512021e+00 1.0052417e-01 2.4226723e-01 9.2193198e+00
       176 1.6674882e+00 1.0108499e-01 2.2695127e-01 8.9594883e+00
       177 1.6821590e+00 1.0384465e-01 2.1407214e-01 8.7107972e+00
       178 1.6990134e+00 1.0399617e-01 1.9918928e-01 8.4372825e+00
       179 1.7147039e+00 1.0393529e-01 1.8580280e-01 8.1748591e+00
       180 1.7293580e+00 1.0518488e-01 1.7401829e-01 7.9252721e+00
       181 1.7438711e+00 1.0715606e-01 1.6293032e-01 7.6662226e+00
       182 1.7587911e+00 1.0682299e-01 1.5146901e-01 7.4093970e+00
       183 1.7734454e+00 1.0768435e-01 1.4090003e-01 7.1500937e+00
       184 1.7872478e+00 1.0884963e-01 1.3141646e-01 6.9005558e+00
       185 1.8010672e+00 1.0909782e-01 1.2210444e-01 6.6511620e+00
       186 1.8159720e+00 1.0980974e-01 1.1258660e-01 6.3788675e+00
       187 1.8276098e+00 1.1150134e-01 1.0571660e-01 6.1562650e+00
       188 1.8403153e+00 1.1267440e-01 9.8379873e-02 5.9121338e+00
       189 1.8541975e+00 1.1219740e-01 9.0338166e-02 5.6547383e+00
       190 1.8673906e+00 1.1296897e-01 8.3328532e-02 5.4004464e+00
       191 1.8777470e+00 1.1395954e-01 7.8158315e-02 5.1982436e+00
       192 1.8905815e+00 1.1506414e-01 7.2023056e-02 4.9448479e+00
       193 1.9012654e+00 1.1623576e-01 6.7227544e-02 4.7295908e+00
       194 1.9121315e+00 1.1707465e-01 6.2504461e-02 4.5117082e+00
       195 1.9235160e+00 1.1728867e-01 5.7654506e-02 4.2835827e+00
       196 1.9347417e+00 1.1805152e-01 5.3256092e-02 4.0578721e+00
       197 1.9446059e+00 1.1860442e-01 4.9572236e-02 3.8568049e+00
       198 1.9538451e+00 1.1950403e-01 4.6389936e-02 3.6625812e+00
       199 1.9635670e+00 1.2012662e-01 4.3149519e-02 3.4616325e+00
       200 1.9742480e+00 1.1959018e-01 3.9514855e-02 3.2429721e+00
       201 1.9823898e+00 1.2063987e-01 3.7247718e-02 3.0684195e+00
       202 1.9908539e+00 1.2100188e-01 3.4856679e-02 2.8902794e+00
       203 1.9996959e+00 1.2224068e-01 3.2721873e-02 2.6998479e+00
       204 2.0069453e+00 1.2224764e-01 3.0842890e-02 2.5485599e+00
       205 2.0143635e+00 1.2280305e-01 2.9163332e-02 2.3857888e+00
       206 2.0225858e+00 1.2219859e-01 2.7131344e-02 2.2113674e+00
       207 2.0296816e+00 1.2394884e-01 2.6045072e-02 2.0528781e+00
       208 2.0371525e+00 1.2268999e-01 2.4246141e-02 1.8987871e+00
       209 2.0432749e+00 1.2335436e-01 2.3273024e-02 1.7625773e+00
       210 2.0488526e+00 1.2504650e-01 2.2723160e-02 1.6379646e+00
       211 2.0545772e+00 1.2480562e-01 2.1731944e-02 1.5104337e+00
       212 2.0599063e+00 1.2521422e-01 2.1026288e-02 1.3928484e+00
       213 2.0662449e+00 1.2561527e-01 2.0240000e-02 1.2527195e+00
       214 2.0707822e+00 1.2531910e-01 1.9580183e-02 1.1532994e+00
       215 2.0759582e+00 1.2577075e-01 1.9075949e-02 1.0374384e+00
       216 2.0796019e+00 1.2698986e-01 1.8981431e-02 9.5472052e-01
       217 2.0843778e+00 1.2657522e-01 1.8388728e-02 8.4976885e-01
       218 2.0887299e+00 1.2685404e-01 1.8054819e-02 7.5367708e-01
       219 2.0917002e+00 1.2739404e-01 1.7937736e-02 6.8623441e-01
       220 2.0952438e+00 1.2726386e-01 1.7624207e-02 6.0861128e-01
       221 2.0987542e+00 1.2788478e-01 1.7529637e-02 5.2968427e-01
       222 2.1031527e+00 1.2744361e-01 1.7134775e-02 4.3484605e-01
       223 2.1047364e+00 1.2835448e-01 1.7275638e-02 3.9832929e-01
       224 2.1093549e+00 1.2673167e-01 1.6621623e-02 3.0625408e-01
       225 2.1110815e+00 1.2801365e-01 1.6869417e-02 2.6817232e-01
       226 2.1116046e+00 1.2914623e-01 1.7137974e-02 2.5492679e-01
       227 2.1146261e+00 1.2844387e-01 1.6836684e-02 2.0060283e-01
       228 2.1172245e+00 1.2813962e-01 1.6669709e-02 1.6103689e-01
       229 2.1181987e+00 1.2872603e-01 1.6790482e-02 1.4780165e-01
       230 2.1214733e+00 1.2811703e-01 1.6547628e-02 1.3094947e-01
       231 2.1217352e+00 1.2812419e-01 1.6543476e-02 1.2910418e-01
       232 2.1229006e+00 1.2908265e-01 1.6765021e-02 1.3130268e-01
       233 2.1253357e+00 1.2821093e-01 1.6497310e-02 1.5598236e-01
       234 2.1249615e+00 1.2895414e-01 1.6694337e-02 1.5168566e-01
       235 2.1264637e+00 1.2874872e-01 1.6619403e-02 1.7210750e-01
       236 2.1281350e+00 1.2808788e-01 1.6430506e-02 1.9549760e-01
       237 2.1289705e+00 1.2830312e-01 1.6478203e-02 2.1450427e-01
       238 2.1293269e+00 1.2868002e-01 1.6572292e-02 2.1834449e-01
       239 2.1298661e+00 1.2863665e-01 1.6557425e-02 2.2871340e-01
       240 2.1293460e+00 1.2943400e-01 1.6766764e-02 2.1856126e-01
       241 2.1294999e+00 1.2960933e-01 1.6811071e-02 2.2447914e-01
       242 2.1315262e+00 1.2913912e-01 1.6679185e-02 2.6092328e-01
       243 2.1321080e+00 1.2789935e-01 1.6359101e-02 2.6911360e-01
       244 2.1315903e+00 1.2833789e-01 1.6472699e-02 2.5721719e-01
       245 2.1317190e+00 1.2919239e-01 1.6692403e-02 2.6103799e-01
       246 2.1323713e+00 1.2771533e-01 1.6311645e-02 2.6677792e-01
       247 2.1317915e+00 1.2937651e-01 1.6739826e-02 2.6036742e-01
       248 2.1320815e+00 1.2913779e-01 1.6677477e-02 2.6822324e-01
       249 2.1313750e+00 1.2898270e-01 1.6639290e-02 2.4883006e-01
       250 2.1334622e+00 1.2727236e-01 1.6198438e-02 2.8932780e-01
       251 2.1330989e+00 1.2839239e-01 1.6484610e-02 2.8198347e-01
       252 2.1330804e+00 1.2784019e-01 1.6343116e-02 2.8136178e-01
       253 2.1322437e+00 1.2818297e-01 1.6431498e-02 2.6211484e-01
       254 2.1322103e+00 1.2846405e-01 1.6503691e-02 2.6437001e-01
       255 2.1319196e+00 1.2807015e-01 1.6403206e-02 2.5286360e-01
       256 2.1323352e+00 1.2777497e-01 1.6326933e-02 2.6102871e-01
       257 2.1311025e+00 1.2870379e-01 1.6568397e-02 2.3417531e-01
       258 2.1316340e+00 1.2752675e-01 1.6265032e-02 2.4359942e-01
       259 2.1306535e+00 1.2766895e-01 1.6305029e-02 2.2581503e-01
       260 2.1303662e+00 1.2777521e-01 1.6333621e-02 2.1829533e-01
       261 2.1318717e+00 1.2730764e-01 1.6208586e-02 2.4675216e-01
       262 2.1313195e+00 1.2769961e-01 1.6310130e-02 2.3382277e-01
       263 2.1303790e+00 1.2866733e-01 1.6562332e-02 2.1624412e-01
       264 2.1298712e+00 1.2781390e-01 1.6346397e-02 2.0245104e-01
       265 2.1295354e+00 1.2789594e-01 1.6369612e-02 1.9520330e-01
       266 2.1295546e+00 1.2834861e-01 1.6485474e-02 1.9473184e-01
       267 2.1296641e+00 1.2678224e-01 1.6085094e-02 1.9360578e-01
       268 2.1293164e+00 1.2674861e-01 1.6079033e-02 1.8474915e-01
       269 2.1284755e+00 1.2748997e-01 1.6274475e-02 1.6621327e-01
       270 2.1285715e+00 1.2749555e-01 1.6275031e-02 1.7432556e-01
       271 2.1287727e+00 1.2731084e-01 1.6226209e-02 1.7172129e-01
       272 2.1283635e+00 1.2712959e-01 1.6183748e-02 1.6296590e-01
       273 2.1279821e+00 1.2752522e-01 1.6288206e-02 1.5308048e-01
       274 2.1275405e+00 1.2669538e-01 1.6081899e-02 1.4456813e-01
       275 2.1278962e+00 1.2603364e-01 1.5910878e-02 1.5157803e-01
       276 2.1267774e+00 1.2698894e-01 1.6165338e-02 1.3344042e-01
       277 2.1262821e+00 1.2804650e-01 1.6441496e-02 1.2596733e-01
       278 2.1269962e+00 1.2653868e-01 1.6048495e-02 1.3234758e-01
       279 2.1257882e+00 1.2761573e-01 1.6338280e-02 1.1384473e-01
       280 2.1264137e+00 1.2744084e-01 1.6284999e-02 1.2298171e-01
       281 2.1262293e+00 1.2728248e-01 1.6247136e-02 1.1874983e-01
       282 2.1254294e+00 1.2745993e-01 1.6303867e-02 1.0566182e-01
       283 2.1257659e+00 1.2716691e-01 1.6224252e-02 1.0852474e-01
       284 2.1258906e+00 1.2765429e-01 1.6346649e-02 1.1097643e-01
       285 2.1264617e+00 1.2638741e-01 1.6016975e-02 1.1672926e-01
       286 2.1266709e+00 1.2655614e-01 1.6056948e-02 1.1997148e-01
       287 2.1254302e+00 1.2697531e-01 1.6180549e-02 1.0152196e-01
       288 2.1250735e+00 1.2735963e-01 1.6283847e-02 9.8288502e-02
       289 2.1257629e+00 1.2686870e-01 1.6148538e-02 1.0487523e-01
       290 2.1252974e+00 1.2750652e-01 1.6317772e-02 9.1258606e-02
       291 2.1238381e+00 1.2811702e-01 1.6498538e-02 8.3671619e-02
       292 2.1246639e+00 1.2691068e-01 1.6176382e-02 8.6426923e-02
       293 2.1246711e+00 1.2714415e-01 1.6235576e-02 8.7961484e-02
       294 2.1256217e+00 1.2613969e-01 1.5966167e-02 9.6392281e-02
       295 2.1251812e+00 1.2624525e-01 1.5999532e-02 9.0238368e-02
       296 2.1256845e+00 1.2573923e-01 1.5864372e-02 9.6327365e-02
       297 2.1252935e+00 1.2683699e-01 1.6147541e-02 9.1935851e-02
       298 2.1250885e+00 1.2612349e-01 1.5970268e-02 8.9182291e-02
       299 2.1243646e+00 1.2751659e-01 1.6335643e-02 7.8823123e-02
       300 2.1249435e+00 1.2658638e-01 1.6089571e-02 8.5812358e-02
       301 2.1248750e+00 1.2695821e-01 1.6184961e-02 8.3601790e-02
       302 2.1247723e+00 1.2668989e-01 1.6118586e-02 8.3460499e-02
       303 2.1251762e+00 1.2648454e-01 1.6060086e-02 8.3002221e-02
       304 2.1253158e+00 1.2604546e-01 1.5947031e-02 8.6836429e-02
       305 2.1247069e+00 1.2683358e-01 1.6156101e-02 7.6846740e-02
       306 2.1245585e+00 1.2680752e-01 1.6151984e-02 7.9596634e-02
       307 2.1242043e+00 1.2750952e-01 1.6336646e-02 7.5154617e-02
       308 2.1261352e+00 1.2539861e-01 1.5772409e-02 9.3698295e-02
       309 2.1246545e+00 1.2658655e-01 1.6094375e-02 7.7151204e-02
       310 2.1235144e+00 1.2717325e-01 1.6263663e-02 6.7430805e-02
       311 2.1247977e+00 1.2687667e-01 1.6165530e-02 7.1540664e-02
       312 2.1245607e+00 1.2648229e-01 1.6069569e-02 7.2732238e-02
       313 2.1247164e+00 1.2606182e-01 1.5960770e-02 6.9850173e-02
       314 2.1240039e+00 1.2757256e-01 1.6356304e-02 7.0382456e-02
       315 2.1251591e+00 1.2583454e-01 1.5896350e-02 7.6808893e-02
       316 2.1250736e+00 1.2584480e-01 1.5900286e-02 7.4784038e-02
       317 2.1252922e+00 1.2555121e-01 1.5823044e-02 7.4309178e-02
       318 2.1247495e+00 1.2639427e-01 1.6044147e-02 6.9533509e-02
       319 2.1246047e+00 1.2690745e-01 1.6176556e-02 6.9685998e-02
       320 2.1253856e+00 1.2559944e-01 1.5833720e-02 7.3950081e-02
       321 2.1244077e+00 1.2666175e-01 1.6117616e-02 6.5600339e-02
       322 2.1245551e+00 1.2680091e-01 1.6150364e-02 6.6976023e-02
       323 2.1254709e+00 1.2557045e-01 1.5825142e-02 7.4599179e-02
       324 2.1244389e+00 1.2621286e-01 1.6003565e-02 6.3937841e-02
       325 2.1251692e+00 1.2585173e-01 1.5900515e-02 7.2691141e-02
       326 2.1248207e+00 1.2587416e-01 1.5911766e-02 6.7059590e-02
       327 2.1255990e+00 1.2604720e-01 1.5943178e-02 7.5318789e-02
       328 2.1243571e+00 1.2708652e-01 1.6226276e-02 6.2393995e-02
       329 2.1240208e+00 1.2718835e-01 1.6258118e-02 6.1696394e-02
       330 2.1259405e+00 1.2523719e-01 1.5734675e-02 7.5256492e-02
       331 2.1257092e+00 1.2579380e-01 1.5877734e-02 7.2328447e-02
       332 2.1249443e+00 1.2596727e-01 1.5933200e-02 6.6709057e-02
       333 2.1244007e+00 1.2734571e-01 1.6291467e-02 6.2327134e-02
       334 2.1250419e+00 1.2585213e-01 1.5902635e-02 6.4930553e-02
       335 2.1247702e+00 1.2692775e-01 1.6178948e-02 6.6167234e-02
       336 2.1243819e+00 1.2668136e-01 1.6123029e-02 6.0657973e-02
       337 2.1247291e+00 1.2638492e-01 1.6042123e-02 6.2308436e-02
       338 2.1244624e+00 1.2630929e-01 1.6027513e-02 5.7470949e-02
       339 2.1250891e+00 1.2574443e-01 1.5874787e-02 6.6282000e-02
       340 2.1251292e+00 1.2539824e-01 1.5787207e-02 6.1468479e-02
       341 2.1244947e+00 1.2622027e-01 1.6004478e-02 5.6203659e-02
       342 2.1242412e+00 1.2582206e-01 1.5908507e-02 5.5553141e-02
       343 2.1250748e+00 1.2678690e-01 1.6138271e-02 6.2334249e-02
       344 2.1243629e+00 1.2633478e-01 1.6035669e-02 5.5508935e-02
       345 2.1251684e+00 1.2561222e-01 1.5840300e-02 6.0481511e-02
       346 2.1248799e+00 1.2626017e-01 1.6008123e-02 5.7659230e-02
       347 2.1246969e+00 1.2637325e-01 1.6039707e-02 5.4630476e-02
       348 2.1241982e+00 1.2778169e-01 1.6406233e-02 5.2995519e-02
       349 2.1253506e+00 1.2558620e-01 1.5830931e-02 5.8561122e-02
       350 2.1244083e+00 1.2692191e-01 1.6183577e-02 5.4917149e-02
       351 2.1250768e+00 1.2559076e-01 1.5836359e-02 5.5802321e-02
       352 2.1261468e+00 1.2489337e-01 1.5645789e-02 6.7862025e-02
       353 2.1245485e+00 1.2656321e-01 1.6090254e-02 5.2451120e-02
       354 2.1252201e+00 1.2639386e-01 1.6036468e-02 6.0645143e-02
       355 2.1241877e+00 1.2702592e-01 1.6213844e-02 5.3417570e-02
       356 2.1253196e+00 1.2599150e-01 1.5933373e-02 5.9400880e-02
       357 2.1256199e+00 1.2594766e-01 1.5917784e-02 6.0732541e-02
       358 2.1252339e+00 1.2520904e-01 1.5738148e-02 5.7070189e-02
       359 2.1255119e+00 1.2470922e-01 1.5608975e-02 5.8309902e-02
       360 2.1253420e+00 1.2649865e-01 1.6061079e-02 5.9824859e-02
       361 2.1242807e+00 1.2677033e-01 1.6147341e-02 5.0372789e-02
       362 2.1246948e+00 1.2581200e-01 1.5898205e-02 5.1427423e-02
       363 2.1253760e+00 1.2583430e-01 1.5892920e-02 5.6038394e-02
       364 2.1251163e+00 1.2580528e-01 1.5889662e-02 5.6476728e-02
       365 2.1245742e+00 1.2623821e-01 1.6007657e-02 4.9635072e-02
       366 2.1251490e+00 1.2574951e-01 1.5875115e-02 5.2560758e-02
       367 2.1258391e+00 1.2492419e-01 1.5657823e-02 5.9304708e-02
       368 2.1256625e+00 1.2567710e-01 1.5849077e-02 5.6783906e-02
       369 2.1257527e+00 1.2547399e-01 1.5796742e-02 5.5993430e-02
       370 2.1248404e+00 1.2589660e-01 1.5917092e-02 5.0205889e-02
       371 2.1248768e+00 1.2574287e-01 1.5877813e-02 4.9308301e-02
       372 2.1267093e+00 1.2404520e-01 1.5427218e-02 7.2759582e-02
       373 2.1252737e+00 1.2571371e-01 1.5864162e-02 5.2736891e-02
       374 2.1253764e+00 1.2601451e-01 1.5938300e-02 5.4022292e-02
       375 2.1259919e+00 1.2567516e-01 1.5843839e-02 6.0808612e-02
       376 2.1251030e+00 1.2530217e-01 1.5763539e-02 5.1310483e-02
       377 2.1248649e+00 1.2616726e-01 1.5984914e-02 4.9901375e-02
       378 2.1245088e+00 1.2598181e-01 1.5944098e-02 4.6841691e-02
       379 2.1252859e+00 1.2594039e-01 1.5921018e-02 5.2841774e-02
       380 2.1248973e+00 1.2596298e-01 1.5932880e-02 4.6689586e-02
       381 2.1250552e+00 1.2611488e-01 1.5968628e-02 4.9952539e-02
       382 2.1257257e+00 1.2503844e-01 1.5688026e-02 5.3257869e-02
       383 2.1245476e+00 1.2613505e-01 1.5982073e-02 4.5576754e-02
       384 2.1244320e+00 1.2613613e-01 1.5984320e-02 4.4641903e-02
       385 2.1245488e+00 1.2597776e-01 1.5942398e-02 4.3178874e-02
       386 2.1242905e+00 1.2599925e-01 1.5952264e-02 4.3426722e-02
       387 2.1251284e+00 1.2581095e-01 1.5890897e-02 4.9335196e-02
       388 2.1255552e+00 1.2502913e-01 1.5688217e-02 5.1031952e-02
       389 2.1252673e+00 1.2550918e-01 1.5812879e-02 4.8743161e-02
       390 2.1250564e+00 1.2618363e-01 1.5985953e-02 4.8684980e-02
       391 2.1245244e+00 1.2634336e-01 1.6035060e-02 4.2363315e-02
       392 2.1243771e+00 1.2710644e-01 1.6230994e-02 4.1941457e-02
       393 2.1251179e+00 1.2520929e-01 1.5740034e-02 4.8031322e-02
       394 2.1249137e+00 1.2584274e-01 1.5902340e-02 4.3866258e-02
       395 2.1254795e+00 1.2616841e-01 1.5975540e-02 4.8955460e-02
       396 2.1245875e+00 1.2667528e-01 1.6117974e-02 4.2302745e-02
       397 2.1249997e+00 1.2592954e-01 1.5922802e-02 4.5810135e-02
       398 2.1242538e+00 1.2606951e-01 1.5970617e-02 4.1831081e-02
       399 2.1255670e+00 1.2571233e-01 1.5859349e-02 4.9520648e-02
       400 2.1249338e+00 1.2562482e-01 1.5847211e-02 4.3650462e-02
       401 2.1249581e+00 1.2601747e-01 1.5945627e-02 4.2350266e-02
       402 2.1253721e+00 1.2576536e-01 1.5875634e-02 4.7790698e-02
       403 2.1247139e+00 1.2553365e-01 1.5827924e-02 4.0757617e-02
       404 2.1244942e+00 1.2617554e-01 1.5993198e-02 4.1547102e-02
       405 2.1243165e+00 1.2601970e-01 1.5956963e-02 4.0840674e-02
       406 2.1247755e+00 1.2578292e-01 1.5889550e-02 4.1685862e-02
       407 2.1258405e+00 1.2563442e-01 1.5835757e-02 4.8895319e-02
       408 2.1251488e+00 1.2540592e-01 1.5788825e-02 4.0332088e-02
       409 2.1251118e+00 1.2594148e-01 1.5924021e-02 4.3216261e-02
       410 2.1247492e+00 1.2581867e-01 1.5898977e-02 3.9950847e-02
       411 2.1258297e+00 1.2581580e-01 1.5881521e-02 5.0476291e-02
       412 2.1248375e+00 1.2552197e-01 1.5822950e-02 4.0199227e-02
       413 2.1244104e+00 1.2652516e-01 1.6082985e-02 4.0595867e-02
       414 2.1257029e+00 1.2546286e-01 1.5794677e-02 4.7024860e-02
       415 2.1250244e+00 1.2588443e-01 1.5911046e-02 4.0242251e-02
       416 2.1258248e+00 1.2478366e-01 1.5622937e-02 4.7972095e-02
       417 2.1258599e+00 1.2370747e-01 1.5355008e-02 4.3619574e-02
       418 2.1254229e+00 1.2542986e-01 1.5790582e-02 4.2698289e-02
       419 2.1246426e+00 1.2651681e-01 1.6076923e-02 3.9508323e-02
       420 2.1259546e+00 1.2473878e-01 1.5609884e-02 4.9418047e-02
       421 2.1251146e+00 1.2508812e-01 1.5709758e-02 4.3062239e-02
       422 2.1255976e+00 1.2583805e-01 1.5890518e-02 4.6588936e-02
       423 2.1251631e+00 1.2573378e-01 1.5870938e-02 3.9882683e-02
       424 2.1254794e+00 1.2519187e-01 1.5730078e-02 4.2173807e-02
       425 2.1252955e+00 1.2570422e-01 1.5861440e-02 4.1238023e-02
       426 2.1253830e+00 1.2534945e-01 1.5771024e-02 4.3319706e-02
       427 2.1245091e+00 1.2619959e-01 1.5999013e-02 3.7810288e-02
       428 2.1249244e+00 1.2625360e-01 1.6005742e-02 4.0059701e-02
       429 2.1247255e+00 1.2625302e-01 1.6008859e-02 3.7487188e-02
       430 2.1245020e+00 1.2563212e-01 1.5856228e-02 3.7786053e-02
       431 2.1252190e+00 1.2586507e-01 1.5903093e-02 4.1728192e-02
       432 2.1261575e+00 1.2438017e-01 1.5517716e-02 5.0408190e-02
       433 2.1251819e+00 1.2649444e-01 1.6062502e-02 4.0646106e-02
       434 2.1239220e+00 1.2650616e-01 1.6086842e-02 4.1007129e-02
       435 2.1245500e+00 1.2625521e-01 1.6012361e-02 3.7530522e-02
       436 2.1249873e+00 1.2557151e-01 1.5832956e-02 3.9916436e-02
       437 2.1255378e+00 1.2563027e-01 1.5839162e-02 4.2141123e-02
       438 2.1247467e+00 1.2549672e-01 1.5818108e-02 3.7400656e-02
       439 2.1244871e+00 1.2619035e-01 1.5997057e-02 3.7707367e-02
       440 2.1262309e+00 1.2479648e-01 1.5620445e-02 5.0631697e-02
       441 2.1256731e+00 1.2544447e-01 1.5790502e-02 4.2596403e-02
       442 2.1256140e+00 1.2416430e-01 1.5471833e-02 4.0164432e-02
       443 2.1245334e+00 1.2620560e-01 1.6000116e-02 3.7237239e-02
       444 2.1252856e+00 1.2414276e-01 1.5471465e-02 3.6644282e-02
       445 2.1241695e+00 1.2567532e-01 1.5872869e-02 3.9161718e-02
       446 2.1252320e+00 1.2526637e-01 1.5752539e-02 3.8244771e-02
       447 2.1257546e+00 1.2528045e-01 1.5748184e-02 4.1167784e-02
       448 2.1254842e+00 1.2447444e-01 1.5550890e-02 3.8745225e-02
       449 2.1241895e+00 1.2599988e-01 1.5954198e-02 3.8377302e-02
       450 2.1248182e+00 1.2593948e-01 1.5928255e-02 3.7246715e-02
       451 2.1248194e+00 1.2569719e-01 1.5867266e-02 3.6439385e-02
       452 2.1252134e+00 1.2536620e-01 1.5777850e-02 3.8112214e-02
       453 2.1265464e+00 1.2361035e-01 1.5321610e-02 4.8553399e-02
       454 2.1244436e+00 1.2528832e-01 1.5770963e-02 3.7773409e-02
       455 2.1244881e+00 1.2654255e-01 1.6086052e-02 3.7295559e-02
       456 2.1265113e+00 1.2399594e-01 1.5417541e-02 4.8936775e-02
       457 2.1243517e+00 1.2548651e-01 1.5822250e-02 3.7079984e-02
       458 2.1248340e+00 1.2538177e-01 1.5787831e-02 3.6493473e-02
       459 2.1248243e+00 1.2550874e-01 1.5819846e-02 3.7267924e-02
       460 2.1254179e+00 1.2507226e-01 1.5701079e-02 3.9300647e-02
       461 2.1242986e+00 1.2544703e-01 1.5813266e-02 3.7471895e-02
       462 2.1242328e+00 1.2569001e-01 1.5875444e-02 3.8240693e-02
       463 2.1258695e+00 1.2491909e-01 1.5656112e-02 4.2692892e-02
       464 2.1249544e+00 1.2576464e-01 1.5882028e-02 3.5209039e-02
       465 2.1244607e+00 1.2538467e-01 1.5794819e-02 3.6587877e-02
       466 2.1259562e+00 1.2522140e-01 1.5730496e-02 4.3519176e-02
       467 2.1250808e+00 1.2550601e-01 1.5815016e-02 3.5602150e-02
       468 2.1249591e+00 1.2545336e-01 1.5803753e-02 3.6213200e-02
       469 2.1255674e+00 1.2521166e-01 1.5733713e-02 3.9698437e-02
       470 2.1250641e+00 1.2395111e-01 1.5427401e-02 3.4260304e-02
       471 2.1250659e+00 1.2562408e-01 1.5844903e-02 3.6166978e-02
       472 2.1244551e+00 1.2575190e-01 1.5887142e-02 3.6281313e-02
       473 2.1253058e+00 1.2460069e-01 1.5585061e-02 3.6808876e-02
       474 2.1251130e+00 1.2519681e-01 1.5736987e-02 3.5699372e-02
       475 2.1261954e+00 1.2407812e-01 1.5442150e-02 4.5207902e-02
       476 2.1258574e+00 1.2434442e-01 1.5513040e-02 4.0155893e-02
       477 2.1252779e+00 1.2582799e-01 1.5892844e-02 3.6611643e-02
       478 2.1254050e+00 1.2491631e-01 1.5662289e-02 3.5990824e-02
       479 2.1253014e+00 1.2519317e-01 1.5733127e-02 3.5364845e-02
       480 2.1246396e+00 1.2565528e-01 1.5859719e-02 3.6013627e-02
       481 2.1243192e+00 1.2541601e-01 1.5805127e-02 3.7002694e-02
       482 2.1241938e+00 1.2673633e-01 1.6140251e-02 3.7641212e-02
       483 2.1256457e+00 1.2430241e-01 1.5505678e-02 3.9627250e-02
       484 2.1265242e+00 1.2459072e-01 1.5565228e-02 4.9894946e-02
       485 2.1243559e+00 1.2581715e-01 1.5905267e-02 3.6971935e-02
       486 2.1247906e+00 1.2518567e-01 1.5739410e-02 3.4871141e-02
       487 2.1251701e+00 1.2490479e-01 1.5663050e-02 3.5852840e-02
       488 2.1246790e+00 1.2565684e-01 1.5859449e-02 3.4639197e-02
       489 2.1252109e+00 1.2580763e-01 1.5888764e-02 3.5596316e-02
       490 2.1254771e+00 1.2572198e-01 1.5863127e-02 3.8218786e-02
       491 2.1249327e+00 1.2512423e-01 1.5721706e-02 3.3668528e-02
       492 2.1253068e+00 1.2556394e-01 1.5826015e-02 3.5867439e-02
       493 2.1247453e+00 1.2526466e-01 1.5759942e-02 3.5208438e-02
       494 2.1240538e+00 1.2546682e-01 1.5822571e-02 3.9911578e-02
       495 2.1247435e+00 1.2503133e-01 1.5701570e-02 3.6448977e-02
       496 2.1251321e+00 1.2537404e-01 1.5781094e-02 3.5060343e-02
       497 2.1249270e+00 1.2549145e-01 1.5813831e-02 3.4699325e-02
       498 2.1241999e+00 1.2663348e-01 1.6114083e-02 3.7779060e-02
       499 2.1255206e+00 1.2516624e-01 1.5723041e-02 3.6372729e-02
       500 2.1263179e+00 1.2440719e-01 1.5522257e-02 4.5682686e-02
       501 2.1248855e+00 1.2544336e-01 1.5802439e-02 3.4610644e-02
       502 2.1253883e+00 1.2528162e-01 1.5753944e-02 3.6074379e-02
       503 2.1255641e+00 1.2555118e-01 1.5818901e-02 3.7862363e-02
       504 2.1250458e+00 1.2548001e-01 1.5809048e-02 3.5286820e-02
       505 2.1252154e+00 1.2521119e-01 1.5738976e-02 3.5028346e-02
       506 2.1248494e+00 1.2661978e-01 1.6099561e-02 3.5537393e-02
       507 2.1258636e+00 1.2500369e-01 1.5677341e-02 3.9112598e-02
       508 2.1252028e+00 1.2531998e-01 1.5766429e-02 3.5513719e-02
       509 2.1247759e+00 1.2520317e-01 1.5744031e-02 3.5171454e-02
       510 2.1249775e+00 1.2496680e-01 1.5681611e-02 3.4481516e-02
       511 2.1260449e+00 1.2463772e-01 1.5583412e-02 4.1929622e-02
       512 2.1236098e+00 1.2623605e-01 1.6024360e-02 4.5046325e-02
       513 2.1251492e+00 1.2524618e-01 1.5748779e-02 3.4539852e-02
       514 2.1258781e+00 1.2410815e-01 1.5454042e-02 3.8381281e-02
       515 2.1240741e+00 1.2679017e-01 1.6156030e-02 3.8553366e-02
       516 2.1247935e+00 1.2601122e-01 1.5946735e-02 3.3927701e-02
       517 2.1256032e+00 1.2481188e-01 1.5633225e-02 3.6407343e-02
       518 2.1254664e+00 1.2453826e-01 1.5567049e-02 3.5855324e-02
       519 2.1259370e+00 1.2423386e-01 1.5484423e-02 3.8374750e-02
       520 2.1246845e+00 1.2527556e-01 1.5763684e-02 3.5081100e-02
       521 2.1252760e+00 1.2475718e-01 1.5624543e-02 3.4525447e-02
       522 2.1252515e+00 1.2494213e-01 1.5671106e-02 3.3825408e-02
       523 2.1258333e+00 1.2480653e-01 1.5628522e-02 3.8230346e-02
       524 2.1251676e+00 1.2539311e-01 1.5785315e-02 3.4960047e-02
       525 2.1248572e+00 1.2529744e-01 1.5766311e-02 3.3658999e-02
       526 2.1250398e+00 1.2581728e-01 1.5893899e-02 3.4645288e-02
       527 2.1252873e+00 1.2473831e-01 1.5619661e-02 3.3795210e-02
       528 2.1252557e+00 1.2497978e-01 1.5680451e-02 3.4535440e-02
       529 2.1250269e+00 1.2537549e-01 1.5783131e-02 3.3899333e-02
       530 2.1255406e+00 1.2457314e-01 1.5574622e-02 3.5219003e-02
       531 2.1259596e+00 1.2337902e-01 1.5272432e-02 3.7355854e-02
       532 2.1244730e+00 1.2509250e-01 1.5721427e-02 3.6255635e-02
       533 2.1244702e+00 1.2555166e-01 1.5836561e-02 3.6299177e-02
       534 2.1238020e+00 1.2556756e-01 1.5852445e-02 4.3266447e-02
       535 2.1251468e+00 1.2516401e-01 1.5728241e-02 3.5140171e-02
       536 2.1255647e+00 1.2475517e-01 1.5619645e-02 3.5493168e-02
       537 2.1257027e+00 1.2517446e-01 1.5722396e-02 3.9351991e-02
       538 2.1237517e+00 1.2542668e-01 1.5818018e-02 4.3685766e-02
       539 2.1252085e+00 1.2508012e-01 1.5706278e-02 3.4117889e-02
       540 2.1258316e+00 1.2432894e-01 1.5509562e-02 3.6908397e-02
       541 2.1260381e+00 1.2370189e-01 1.5351103e-02 3.9234888e-02
       542 2.1252244e+00 1.2560230e-01 1.5836933e-02 3.4746502e-02
       543 2.1266666e+00 1.2372972e-01 1.5349590e-02 4.6457177e-02
       544 2.1253661e+00 1.2502084e-01 1.5689011e-02 3.4414496e-02
       545 2.1251820e+00 1.2538849e-01 1.5783931e-02 3.4257271e-02
       546 2.1259327e+00 1.2473966e-01 1.5610414e-02 3.9954436e-02
       547 2.1255584e+00 1.2463176e-01 1.5588964e-02 3.4183595e-02
       548 2.1246992e+00 1.2516570e-01 1.5735924e-02 3.5236244e-02
       549 2.1239306e+00 1.2601444e-01 1.5962515e-02 4.0896298e-02
       550 2.1256764e+00 1.2512989e-01 1.5711625e-02 3.7675015e-02
       551 2.1237468e+00 1.2616556e-01 1.6004003e-02 4.3752540e-02
       552 2.1246046e+00 1.2495326e-01 1.5684374e-02 3.5631851e-02
       553 2.1247185e+00 1.2548918e-01 1.5816685e-02 3.5065915e-02
       554 2.1247796e+00 1.2627187e-01 1.6012724e-02 3.4242227e-02
       555 2.1250714e+00 1.2507924e-01 1.5708223e-02 3.3815874e-02
       556 2.1265248e+00 1.2422265e-01 1.5473639e-02 4.7867266e-02
       557 2.1252089e+00 1.2389016e-01 1.5410008e-02 3.2966492e-02
       558 2.1243754e+00 1.2567822e-01 1.5869991e-02 3.7050529e-02
       559 2.1256154e+00 1.2466274e-01 1.5595837e-02 3.4480997e-02
       560 2.1263646e+00 1.2329503e-01 1.5246147e-02 4.1100583e-02
       561 2.1257361e+00 1.2504460e-01 1.5689415e-02 3.7976632e-02
       562 2.1255621e+00 1.2426200e-01 1.5496877e-02 3.4501698e-02
       563 2.1243391e+00 1.2530990e-01 1.5778176e-02 3.6960908e-02
       564 2.1250062e+00 1.2602703e-01 1.5947262e-02 3.4069248e-02
       565 2.1253221e+00 1.2491539e-01 1.5663330e-02 3.4000870e-02
       566 2.1262245e+00 1.2327981e-01 1.5244283e-02 3.7464494e-02
       567 2.1240235e+00 1.2655888e-01 1.6098344e-02 3.9706008e-02
       568 2.1250079e+00 1.2594703e-01 1.5927077e-02 3.3778882e-02
       569 2.1251254e+00 1.2509669e-01 1.5711730e-02 3.3322267e-02
       570 2.1254422e+00 1.2459367e-01 1.5581219e-02 3.4948208e-02
       571 2.1256353e+00 1.2460745e-01 1.5581759e-02 3.5347061e-02
       572 2.1254247e+00 1.2475175e-01 1.5620903e-02 3.4745768e-02
       573 2.1260227e+00 1.2441068e-01 1.5527179e-02 3.9078851e-02
       574 2.1241491e+00 1.2595967e-01 1.5944784e-02 3.8497818e-02
       575 2.1249778e+00 1.2500921e-01 1.5692209e-02 3.3436609e-02
       576 2.1246695e+00 1.2475714e-01 1.5634313e-02 3.4708115e-02
       577 2.1244590e+00 1.2479419e-01 1.5647125e-02 3.7299120e-02
       578 2.1253607e+00 1.2416297e-01 1.5475326e-02 3.3249230e-02
       579 2.1249085e+00 1.2520901e-01 1.5743325e-02 3.3842899e-02
       580 2.1251892e+00 1.2482483e-01 1.5642782e-02 3.3265838e-02
       581 2.1253613e+00 1.2424632e-01 1.5496021e-02 3.2923497e-02
       582 2.1247487e+00 1.2609488e-01 1.5968568e-02 3.3477346e-02
       583 2.1253848e+00 1.2491331e-01 1.5661849e-02 3.4177265e-02
       584 2.1258584e+00 1.2429289e-01 1.5500214e-02 3.6283027e-02
       585 2.1245754e+00 1.2516573e-01 1.5738011e-02 3.5452653e-02
       586 2.1259578e+00 1.2406501e-01 1.5442201e-02 3.7642123e-02
       587 2.1244166e+00 1.2604958e-01 1.5962759e-02 3.6205322e-02
       588 2.1248710e+00 1.2535701e-01 1.5781017e-02 3.3773332e-02
       589 2.1249250e+00 1.2365465e-01 1.5356232e-02 3.3827670e-02
       590 2.1247781e+00 1.2536339e-01 1.5784142e-02 3.3569684e-02
       591 2.1255371e+00 1.2460810e-01 1.5583386e-02 3.4673849e-02
       592 2.1255738e+00 1.2487930e-01 1.5650497e-02 3.5316784e-02
       593 2.1255437e+00 1.2434211e-01 1.5517068e-02 3.3870543e-02
       594 2.1256218e+00 1.2412728e-01 1.5462524e-02 3.5230980e-02
       595 2.1254027e+00 1.2470761e-01 1.5610227e-02 3.3510795e-02
       596 2.1253558e+00 1.2508007e-01 1.5703982e-02 3.3470267e-02
       597 2.1251213e+00 1.2446719e-01 1.5554694e-02 3.2678013e-02
       598 2.1252582e+00 1.2411742e-01 1.5465599e-02 3.2545967e-02
       599 2.1258909e+00 1.2382061e-01 1.5382570e-02 3.5892081e-02
       600 2.1254285e+00 1.2426101e-01 1.5498646e-02 3.2458108e-02
       601 2.1256972e+00 1.2450425e-01 1.5555138e-02 3.4175186e-02
       602 2.1235150e+00 1.2627835e-01 1.6036839e-02 4.7081581e-02
       603 2.1239924e+00 1.2481439e-01 1.5660386e-02 4.2139628e-02
       604 2.1259800e+00 1.2414416e-01 1.5461533e-02 3.8328583e-02
       605 2.1252570e+00 1.2429679e-01 1.5510176e-02 3.3682194e-02
       606 2.1254614e+00 1.2384413e-01 1.5394717e-02 3.3462776e-02
       607 2.1256105e+00 1.2450902e-01 1.5557608e-02 3.5288867e-02
       608 2.1261917e+00 1.2387180e-01 1.5391042e-02 3.9917136e-02
       609 2.1238488e+00 1.2530403e-01 1.5785472e-02 4.3227390e-02
       610 2.1253295e+00 1.2454265e-01 1.5570235e-02 3.2026520e-02
       611 2.1240505e+00 1.2583532e-01 1.5915235e-02 4.0130980e-02
       612 2.1250178e+00 1.2610285e-01 1.5966190e-02 3.2961654e-02
       613 2.1262112e+00 1.2356306e-01 1.5314383e-02 3.8964891e-02
       614 2.1258579e+00 1.2421980e-01 1.5482057e-02 3.5296028e-02
       615 2.1255192e+00 1.2419519e-01 1.5480919e-02 3.3669160e-02
       616 2.1266194e+00 1.2387495e-01 1.5386152e-02 4.6507496e-02
       617 2.1258523e+00 1.2408735e-01 1.5449251e-02 3.4591284e-02
       618 2.1258160e+00 1.2343904e-01 1.5289299e-02 3.5064050e-02
       619 2.1253873e+00 1.2377544e-01 1.5378834e-02 3.3229022e-02
       620 2.1253780e+00 1.2408374e-01 1.5455392e-02 3.3300253e-02
       621 2.1256323e+00 1.2495621e-01 1.5668844e-02 3.5797459e-02
       622 2.1251001e+00 1.2463693e-01 1.5597314e-02 3.3023716e-02
       623 2.1255206e+00 1.2441096e-01 1.5534540e-02 3.4638147e-02
       624 2.1249757e+00 1.2402582e-01 1.5447345e-02 3.2799769e-02
       625 2.1253790e+00 1.2494924e-01 1.5670916e-02 3.3995271e-02
       626 2.1249608e+00 1.2481519e-01 1.5644010e-02 3.3109469e-02
       627 2.1248852e+00 1.2471008e-01 1.5619010e-02 3.3273775e-02
       628 2.1254839e+00 1.2485835e-01 1.5646614e-02 3.4692798e-02
       629 2.1244835e+00 1.2460313e-01 1.5599052e-02 3.6014319e-02
       630 2.1254457e+00 1.2466125e-01 1.5598011e-02 3.3861796e-02
       631 2.1251728e+00 1.2573847e-01 1.5871964e-02 3.3038074e-02
       632 2.1251146e+00 1.2401680e-01 1.5442887e-02 3.2732895e-02
       633 2.1263682e+00 1.2384810e-01 1.5382789e-02 4.2628986e-02
       634 2.1251883e+00 1.2414627e-01 1.5473855e-02 3.2447913e-02
       635 2.1248912e+00 1.2471057e-01 1.5619033e-02 3.3418350e-02
       636 2.1256999e+00 1.2353688e-01 1.5315152e-02 3.3889147e-02
       637 2.1248347e+00 1.2501270e-01 1.5695406e-02 3.3642091e-02
       638 2.1252366e+00 1.2496732e-01 1.5677634e-02 3.2574031e-02
       639 2.1239654e+00 1.2512580e-01 1.5738709e-02 4.2351689e-02
       640 2.1247710e+00 1.2509443e-01 1.5716897e-02 3.3639625e-02
       641 2.1235982e+00 1.2522940e-01 1.5771440e-02 4.8568751e-02
       642 2.1245651e+00 1.2527271e-01 1.5764977e-02 3.4845182e-02
       643 2.1248275e+00 1.2515712e-01 1.5731656e-02 3.3673148e-02
       644 2.1247053e+00 1.2518270e-01 1.5740080e-02 3.4310580e-02
       645 2.1252778e+00 1.2451667e-01 1.5564563e-02 3.2064072e-02
       646 2.1239673e+00 1.2456081e-01 1.5597605e-02 4.1803598e-02
       647 2.1251969e+00 1.2402558e-01 1.5443766e-02 3.1727990e-02
       648 2.1249400e+00 1.2542438e-01 1.5796793e-02 3.3016843e-02
       649 2.1253898e+00 1.2397131e-01 1.5427321e-02 3.2461685e-02
       650 2.1264762e+00 1.2347238e-01 1.5288435e-02 4.2689946e-02
       651 2.1254554e+00 1.2428743e-01 1.5504804e-02 3.3414059e-02
       652 2.1245420e+00 1.2431595e-01 1.5526573e-02 3.5597283e-02
       653 2.1264131e+00 1.2370714e-01 1.5347295e-02 4.3369792e-02
       654 2.1254557e+00 1.2437553e-01 1.5526706e-02 3.2747704e-02
       655 2.1246788e+00 1.2505679e-01 1.5709013e-02 3.4676580e-02
       656 2.1252253e+00 1.2427128e-01 1.5504329e-02 3.2733812e-02
       657 2.1254316e+00 1.2394735e-01 1.5420746e-02 3.1662921e-02
       658 2.1259024e+00 1.2380768e-01 1.5379203e-02 3.5359194e-02
       659 2.1261441e+00 1.2355453e-01 1.5313195e-02 3.7273810e-02
       660 2.1257466e+00 1.2394659e-01 1.5415865e-02 3.4863046e-02
       661 2.1260157e+00 1.2440262e-01 1.5525271e-02 3.8248741e-02
       662 2.1252734e+00 1.2464663e-01 1.5597013e-02 3.2476704e-02
       663 2.1249393e+00 1.2393087e-01 1.5424388e-02 3.3200055e-02
       664 2.1254723e+00 1.2489863e-01 1.5656851e-02 3.3151176e-02
       665 2.1258635e+00 1.2446471e-01 1.5542883e-02 3.5146900e-02
       666 2.1246742e+00 1.2507410e-01 1.5713418e-02 3.4242980e-02
       667 2.1256089e+00 1.2404908e-01 1.5443309e-02 3.3838409e-02
       668 2.1255863e+00 1.2399614e-01 1.5430515e-02 3.3165078e-02
       669 2.1263943e+00 1.2305371e-01 1.5186304e-02 4.0623424e-02
       670 2.1272688e+00 1.2312915e-01 1.5194026e-02 5.5399262e-02
       671 2.1246534e+00 1.2393158e-01 1.5429275e-02 3.4922601e-02
       672 2.1259098e+00 1.2384434e-01 1.5388176e-02 3.6082754e-02
       673 2.1236562e+00 1.2553616e-01 1.5847273e-02 4.4872115e-02
       674 2.1256864e+00 1.2419239e-01 1.5477740e-02 3.4089932e-02
       675 2.1250963e+00 1.2360405e-01 1.5340971e-02 3.2062601e-02
       676 2.1251606e+00 1.2453626e-01 1.5571274e-02 3.2312113e-02
       677 2.1259427e+00 1.2314084e-01 1.5213956e-02 3.4902988e-02
       678 2.1250018e+00 1.2470749e-01 1.5616478e-02 3.3119199e-02
       679 2.1255829e+00 1.2353109e-01 1.5315453e-02 3.1913665e-02
       680 2.1242965e+00 1.2439650e-01 1.5550837e-02 3.7957643e-02
       681 2.1244936e+00 1.2582290e-01 1.5904344e-02 3.5146840e-02
       682 2.1262316e+00 1.2325929e-01 1.5239127e-02 3.7154140e-02
       683 2.1253316e+00 1.2499805e-01 1.5683843e-02 3.2388524e-02
       684 2.1245577e+00 1.2472169e-01 1.5627351e-02 3.4871938e-02
       685 2.1248852e+00 1.2398857e-01 1.5439570e-02 3.3359313e-02
       686 2.1247315e+00 1.2446694e-01 1.5560955e-02 3.4693658e-02
       687 2.1261108e+00 1.2355680e-01 1.5314216e-02 3.7013119e-02
       688 2.1267509e+00 1.2256167e-01 1.5060842e-02 4.3884510e-02
       689 2.1246070e+00 1.2450594e-01 1.5572746e-02 3.4942349e-02
       690 2.1254200e+00 1.2361895e-01 1.5339622e-02 3.2834142e-02
       691 2.1255664e+00 1.2414943e-01 1.5468847e-02 3.3092881e-02
       692 2.1247605e+00 1.2397877e-01 1.5439188e-02 3.3485182e-02
       693 2.1250617e+00 1.2406549e-01 1.5455806e-02 3.2839263e-02
       694 2.1259369e+00 1.2352950e-01 1.5309910e-02 3.5105033e-02
       695 2.1249342e+00 1.2386222e-01 1.5407460e-02 3.3130125e-02
       696 2.1252541e+00 1.2408517e-01 1.5457660e-02 3.2289686e-02
       697 2.1258239e+00 1.2338584e-01 1.5276053e-02 3.3862197e-02
       698 2.1245891e+00 1.2458063e-01 1.5591652e-02 3.4824965e-02
       699 2.1248327e+00 1.2481811e-01 1.5646823e-02 3.3213607e-02
       700 2.1259456e+00 1.2338386e-01 1.5273826e-02 3.5591539e-02
       701 2.1260960e+00 1.2348499e-01 1.5296682e-02 3.5523670e-02
       702 2.1254466e+00 1.2383363e-01 1.5392339e-02 3.2554076e-02
       703 2.1241262e+00 1.2451874e-01 1.5584269e-02 4.0049586e-02
       704 2.1244863e+00 1.2475041e-01 1.5635730e-02 3.6324762e-02
       705 2.1249524e+00 1.2508129e-01 1.5710646e-02 3.2883988e-02
       706 2.1248104e+00 1.2377939e-01 1.5388968e-02 3.3875311e-02
       707 2.1247628e+00 1.2454729e-01 1.5580443e-02 3.4249791e-02
       708 2.1244973e+00 1.2536044e-01 1.5788119e-02 3.5745443e-02
       709 2.1240926e+00 1.2474499e-01 1.5641265e-02 4.1137059e-02
       710 2.1254523e+00 1.2351792e-01 1.5314161e-02 3.2397591e-02
       711 2.1255003e+00 1.2390850e-01 1.5410075e-02 3.3535762e-02
       712 2.1255006e+00 1.2434467e-01 1.5518353e-02 3.3338574e-02
       713 2.1254049e+00 1.2388490e-01 1.5405676e-02 3.2501458e-02
       714 2.1246812e+00 1.2513113e-01 1.5727572e-02 3.5242812e-02
       715 2.1249160e+00 1.2449611e-01 1.5565188e-02 3.3175932e-02
       716 2.1249686e+00 1.2411896e-01 1.5470569e-02 3.2976712e-02
       717 2.1247166e+00 1.2491287e-01 1.5672406e-02 3.3706383e-02
       718 2.1259421e+00 1.2324949e-01 1.5240733e-02 3.4772716e-02
       719 2.1253115e+00 1.2439613e-01 1.5534037e-02 3.3142909e-02
       720 2.1249444e+00 1.2422560e-01 1.5497444e-02 3.2832322e-02
       721 2.1256858e+00 1.2329398e-01 1.5255405e-02 3.2660149e-02
       722 2.1253249e+00 1.2318140e-01 1.5233090e-02 3.2023568e-02
       723 2.1245917e+00 1.2426594e-01 1.5513301e-02 3.5118911e-02
       724 2.1241797e+00 1.2487297e-01 1.5671661e-02 4.0042946e-02
       725 2.1263324e+00 1.2358098e-01 1.5317173e-02 3.9867326e-02
       726 2.1252634e+00 1.2440243e-01 1.5536349e-02 3.2593402e-02
       727 2.1257213e+00 1.2338543e-01 1.5277443e-02 3.3134783e-02
       728 2.1255425e+00 1.2301554e-01 1.5188947e-02 3.2053596e-02
       729 2.1255561e+00 1.2430934e-01 1.5508735e-02 3.3141049e-02
       730 2.1265606e+00 1.2288747e-01 1.5143239e-02 4.1962602e-02
       731 2.1251735e+00 1.2410651e-01 1.5464215e-02 3.2794806e-02
       732 2.1241807e+00 1.2459627e-01 1.5602615e-02 3.9693731e-02
       733 2.1246299e+00 1.2486445e-01 1.5661763e-02 3.4291166e-02
       734 2.1247174e+00 1.2435685e-01 1.5533795e-02 3.4595354e-02
       735 2.1255922e+00 1.2446780e-01 1.5547617e-02 3.4293569e-02
       736 2.1257649e+00 1.2382540e-01 1.5385573e-02 3.2935359e-02
       737 2.1249827e+00 1.2453620e-01 1.5574091e-02 3.3124266e-02
       738 2.1260732e+00 1.2394957e-01 1.5411952e-02 3.7108286e-02
       739 2.1245052e+00 1.2568049e-01 1.5868330e-02 3.4968636e-02
       740 2.1256282e+00 1.2437771e-01 1.5524662e-02 3.2950407e-02
       741 2.1258010e+00 1.2342074e-01 1.5284999e-02 3.4202750e-02
       742 2.1255772e+00 1.2379665e-01 1.5381217e-02 3.3050799e-02
       743 2.1246265e+00 1.2407247e-01 1.5464667e-02 3.5361082e-02
       744 2.1255554e+00 1.2428153e-01 1.5501832e-02 3.2593395e-02
       745 2.1257206e+00 1.2395150e-01 1.5417463e-02 3.4779686e-02
       746 2.1259158e+00 1.2398258e-01 1.5422352e-02 3.4954381e-02
       747 2.1251742e+00 1.2378067e-01 1.5383433e-02 3.2019908e-02
       748 2.1250920e+00 1.2440173e-01 1.5538870e-02 3.1798620e-02
       749 2.1254024e+00 1.2395160e-01 1.5422243e-02 3.1730942e-02
       750 2.1254962e+00 1.2317169e-01 1.5228088e-02 3.1940155e-02
       751 2.1257603e+00 1.2290058e-01 1.5157463e-02 3.2465717e-02
       752 2.1261532e+00 1.2347959e-01 1.5294557e-02 3.6251114e-02
       753 2.1251859e+00 1.2420649e-01 1.5488847e-02 3.2023401e-02
       754 2.1261872e+00 1.2330399e-01 1.5250757e-02 3.7485621e-02
       755 2.1252400e+00 1.2398294e-01 1.5432518e-02 3.1866332e-02
       756 2.1252535e+00 1.2413584e-01 1.5470247e-02 3.1733802e-02
       757 2.1255485e+00 1.2363060e-01 1.5340559e-02 3.2627075e-02
       758 2.1252265e+00 1.2427533e-01 1.5505319e-02 3.1934802e-02
       759 2.1249066e+00 1.2429043e-01 1.5514170e-02 3.3161721e-02
       760 2.1253516e+00 1.2315709e-01 1.5226692e-02 3.1692657e-02
       761 2.1248465e+00 1.2470932e-01 1.5619454e-02 3.3345028e-02
       762 2.1248819e+00 1.2413755e-01 1.5476591e-02 3.2104394e-02
       763 2.1250734e+00 1.2360995e-01 1.5342794e-02 3.2268348e-02
       764 2.1243142e+00 1.2496833e-01 1.5693120e-02 3.6822053e-02
       765 2.1250963e+00 1.2401437e-01 1.5442575e-02 3.2041631e-02
       766 2.1240203e+00 1.2489087e-01 1.5678980e-02 4.1691778e-02
       767 2.1244424e+00 1.2453306e-01 1.5582303e-02 3.6288528e-02
       768 2.1251032e+00 1.2313449e-01 1.5225004e-02 3.2071495e-02
       769 2.1251464e+00 1.2303201e-01 1.5199093e-02 3.2236075e-02
       770 2.1253487e+00 1.2383419e-01 1.5393974e-02 3.2140434e-02
       771 2.1260545e+00 1.2260176e-01 1.5079908e-02 3.4563641e-02
       772 2.1249939e+00 1.2458048e-01 1.5584944e-02 3.1858888e-02
       773 2.1254247e+00 1.2360450e-01 1.5335977e-02 3.1518180e-02
       774 2.1248713e+00 1.2405553e-01 1.5456406e-02 3.3473246e-02
       775 2.1249144e+00 1.2460925e-01 1.5593396e-02 3.2631805e-02
       776 2.1251051e+00 1.2417441e-01 1.5482154e-02 3.1631529e-02
       777 2.1256049e+00 1.2372806e-01 1.5363828e-02 3.3234645e-02
       778 2.1257732e+00 1.2297870e-01 1.5176483e-02 3.2396940e-02
       779 2.1252633e+00 1.2409079e-01 1.5458911e-02 3.1629129e-02
       780 2.1251291e+00 1.2401841e-01 1.5443057e-02 3.2409788e-02
       781 2.1255383e+00 1.2411602e-01 1.5460974e-02 3.1758688e-02
       782 2.1250430e+00 1.2368816e-01 1.5362618e-02 3.2500632e-02
       783 2.1262555e+00 1.2326428e-01 1.5240032e-02 3.7261396e-02
       784 2.1243816e+00 1.2405543e-01 1.5464616e-02 3.7699708e-02
       785 2.1253189e+00 1.2420951e-01 1.5487527e-02 3.1606532e-02
       786 2.1254672e+00 1.2346061e-01 1.5299782e-02 3.1946057e-02
       787 2.1254690e+00 1.2386660e-01 1.5400167e-02 3.1673163e-02
       788 2.1263981e+00 1.2388046e-01 1.5390405e-02 3.9517702e-02
       789 2.1247646e+00 1.2479117e-01 1.5641223e-02 3.3681032e-02
       790 2.1260414e+00 1.2313083e-01 1.5210101e-02 3.5221962e-02
       791 2.1266019e+00 1.2236332e-01 1.5014157e-02 4.2712406e-02
       792 2.1248361e+00 1.2436616e-01 1.5534150e-02 3.2818075e-02
       793 2.1247891e+00 1.2454834e-01 1.5580271e-02 3.3912086e-02
       794 2.1252348e+00 1.2381364e-01 1.5390647e-02 3.1537300e-02
       795 2.1260126e+00 1.2294704e-01 1.5165277e-02 3.5258302e-02
       796 2.1250749e+00 1.2433550e-01 1.5522666e-02 3.2004959e-02
       797 2.1248699e+00 1.2506338e-01 1.5707505e-02 3.2292325e-02
       798 2.1250935e+00 1.2452038e-01 1.5568379e-02 3.2365874e-02
       799 2.1250428e+00 1.2436018e-01 1.5529317e-02 3.2288978e-02
       800 2.1257836e+00 1.2321038e-01 1.5233369e-02 3.4343730e-02
       801 2.1263438e+00 1.2294880e-01 1.5161170e-02 3.9248490e-02
       802 2.1261130e+00 1.2339115e-01 1.5273279e-02 3.6881421e-02
       803 2.1260495e+00 1.2321487e-01 1.5230689e-02 3.4958135e-02
       804 2.1246190e+00 1.2479495e-01 1.5644594e-02 3.4198161e-02
       805 2.1259920e+00 1.2336647e-01 1.5268879e-02 3.4045292e-02
       806 2.1262815e+00 1.2346581e-01 1.5289407e-02 3.8484434e-02
       807 2.1246614e+00 1.2351534e-01 1.5326143e-02 3.4483724e-02
       808 2.1251416e+00 1.2368637e-01 1.5360612e-02 3.2075108e-02
       809 2.1250802e+00 1.2350930e-01 1.5317814e-02 3.1859758e-02
       810 2.1246581e+00 1.2446872e-01 1.5562621e-02 3.4017542e-02
       811 2.1250487e+00 1.2412611e-01 1.5471060e-02 3.2179863e-02
       812 2.1260700e+00 1.2231266e-01 1.5008888e-02 3.4416219e-02
       813 2.1247848e+00 1.2413120e-01 1.5476609e-02 3.3296879e-02
       814 2.1255592e+00 1.2337806e-01 1.5278021e-02 3.2903242e-02
       815 2.1257313e+00 1.2363685e-01 1.5339404e-02 3.3023098e-02
       816 2.1244939e+00 1.2489204e-01 1.5670957e-02 3.5204452e-02
       817 2.1250251e+00 1.2348541e-01 1.5312792e-02 3.3196035e-02
       818 2.1259389e+00 1.2301279e-01 1.5182489e-02 3.2986460e-02
       819 2.1248927e+00 1.2308514e-01 1.5216236e-02 3.3367543e-02
       820 2.1251807e+00 1.2305569e-01 1.5204380e-02 3.1927097e-02
       821 2.1254386e+00 1.2341319e-01 1.5288508e-02 3.2257945e-02
       822 2.1254448e+00 1.2372090e-01 1.5364459e-02 3.1855384e-02
       823 2.1254245e+00 1.2400520e-01 1.5435199e-02 3.2077702e-02
       824 2.1253674e+00 1.2296118e-01 1.5178231e-02 3.0992672e-02
       825 2.1256432e+00 1.2311721e-01 1.5212475e-02 3.2026040e-02
       826 2.1248693e+00 1.2301805e-01 1.5200105e-02 3.3714124e-02
       827 2.1255588e+00 1.2356539e-01 1.5324285e-02 3.2817673e-02
       828 2.1255206e+00 1.2276579e-01 1.5127894e-02 3.1586232e-02
       829 2.1243994e+00 1.2393110e-01 1.5433479e-02 3.7441127e-02
       830 2.1258141e+00 1.2333352e-01 1.5263287e-02 3.3962743e-02
       831 2.1255419e+00 1.2360635e-01 1.5334664e-02 3.2277742e-02
       832 2.1262102e+00 1.2228761e-01 1.5000825e-02 3.5276758e-02
       833 2.1259737e+00 1.2301751e-01 1.5183158e-02 3.3763097e-02
       834 2.1249338e+00 1.2311930e-01 1.5223978e-02 3.2332692e-02
       835 2.1262140e+00 1.2296421e-01 1.5166712e-02 3.5402456e-02
       836 2.1248789e+00 1.2401512e-01 1.5446259e-02 3.2838499e-02
       837 2.1255722e+00 1.2362228e-01 1.5338151e-02 3.1974811e-02
       838 2.1256622e+00 1.2334293e-01 1.5267826e-02 3.1548658e-02
       839 2.1251033e+00 1.2333196e-01 1.5273672e-02 3.2027973e-02
       840 2.1256705e+00 1.2274676e-01 1.5120992e-02 3.1564341e-02
       841 2.1254258e+00 1.2325930e-01 1.5250743e-02 3.2142033e-02
       842 2.1268965e+00 1.2206729e-01 1.4938094e-02 4.4917658e-02
       843 2.1246284e+00 1.2362210e-01 1.5353081e-02 3.4874942e-02
       844 2.1241374e+00 1.2416106e-01 1.5495123e-02 4.0708387e-02
       845 2.1247797e+00 1.2347390e-01 1.5313940e-02 3.4048849e-02
       846 2.1253525e+00 1.2416297e-01 1.5475450e-02 3.1563820e-02
       847 2.1248871e+00 1.2296911e-01 1.5187777e-02 3.3408193e-02
       848 2.1261052e+00 1.2273978e-01 1.5113066e-02 3.6272140e-02
       849 2.1249377e+00 1.2386749e-01 1.5408709e-02 3.2812374e-02
       850 2.1251917e+00 1.2335291e-01 1.5277444e-02 3.2166847e-02
       851 2.1248141e+00 1.2322155e-01 1.5251119e-02 3.3303714e-02
       852 2.1256648e+00 1.2274457e-01 1.5120537e-02 3.2194635e-02
       853 2.1258371e+00 1.2256838e-01 1.5074807e-02 3.3139096e-02
       854 2.1253930e+00 1.2286673e-01 1.5154622e-02 3.1567769e-02
       855 2.1260388e+00 1.2335597e-01 1.5265630e-02 3.4672096e-02
       856 2.1245079e+00 1.2426075e-01 1.5513430e-02 3.5912480e-02
       857 2.1248536e+00 1.2402211e-01 1.5448407e-02 3.3117206e-02
       858 2.1259364e+00 1.2298842e-01 1.5176530e-02 3.3040509e-02
       859 2.1247637e+00 1.2335886e-01 1.5285808e-02 3.2911584e-02
       860 2.1253112e+00 1.2342029e-01 1.5292213e-02 3.1378543e-02
       861 2.1245672e+00 1.2409937e-01 1.5472344e-02 3.4976776e-02
       862 2.1258301e+00 1.2312952e-01 1.5212777e-02 3.3385958e-02
       863 2.1247575e+00 1.2393687e-01 1.5428851e-02 3.4154721e-02
       864 2.1247938e+00 1.2329011e-01 1.5268357e-02 3.4336985e-02
       865 2.1254232e+00 1.2317200e-01 1.5229270e-02 3.1579205e-02
       866 2.1269962e+00 1.2280691e-01 1.5117995e-02 4.6336336e-02
       867 2.1263191e+00 1.2280271e-01 1.5125599e-02 3.7123948e-02
       868 2.1249869e+00 1.2331381e-01 1.5271056e-02 3.1684347e-02
       869 2.1258962e+00 1.2239135e-01 1.5030593e-02 3.2588939e-02
       870 2.1251420e+00 1.2380374e-01 1.5389653e-02 3.1392255e-02
       871 2.1257936e+00 1.2341094e-01 1.5282686e-02 3.1989580e-02
       872 2.1253751e+00 1.2284885e-01 1.5150501e-02 3.0836149e-02
       873 2.1256874e+00 1.2332866e-01 1.5263936e-02 3.2343160e-02
       874 2.1255016e+00 1.2232762e-01 1.5020787e-02 3.0622207e-02
       875 2.1258091e+00 1.2317662e-01 1.5224682e-02 3.3320428e-02
       876 2.1256395e+00 1.2288090e-01 1.5154396e-02 3.1516145e-02
       877 2.1260042e+00 1.2260397e-01 1.5081153e-02 3.2823659e-02
       878 2.1254048e+00 1.2300732e-01 1.5189009e-02 3.1007750e-02
       879 2.1254533e+00 1.2335882e-01 1.5274868e-02 3.0718221e-02
       880 2.1259281e+00 1.2290020e-01 1.5154957e-02 3.2824294e-02
       881 2.1251466e+00 1.2330924e-01 1.5267384e-02 3.1246132e-02
       882 2.1257451e+00 1.2335261e-01 1.5268997e-02 3.2335811e-02
       883 2.1267005e+00 1.2178312e-01 1.4871245e-02 4.1317377e-02
       884 2.1254296e+00 1.2327284e-01 1.5254022e-02 3.1580965e-02
       885 2.1241596e+00 1.2424849e-01 1.5516445e-02 3.9519412e-02
       886 2.1244565e+00 1.2357703e-01 1.5344859e-02 3.7035292e-02
       887 2.1256918e+00 1.2266570e-01 1.5100784e-02 3.1773574e-02
       888 2.1257774e+00 1.2265968e-01 1.5098058e-02 3.1135409e-02
       889 2.1245970e+00 1.2333485e-01 1.5282672e-02 3.6480578e-02
       890 2.1244587e+00 1.2312813e-01 1.5234074e-02 3.7584668e-02
       891 2.1253896e+00 1.2232582e-01 1.5022047e-02 3.0859800e-02
       892 2.1258557e+00 1.2347484e-01 1.5297568e-02 3.2886745e-02
       893 2.1248450e+00 1.2266828e-01 1.5114571e-02 3.3719288e-02
       894 2.1256000e+00 1.2329011e-01 1.5255720e-02 3.1611420e-02
       895 2.1246011e+00 1.2405714e-01 1.5461292e-02 3.4886249e-02
       896 2.1259835e+00 1.2288918e-01 1.5151463e-02 3.3436836e-02
       897 2.1262875e+00 1.2168920e-01 1.4853780e-02 3.5853397e-02
       898 2.1259815e+00 1.2245241e-01 1.5044334e-02 3.3266448e-02
       899 2.1251995e+00 1.2352400e-01 1.5319561e-02 3.1068169e-02
       900 2.1249820e+00 1.2308465e-01 1.5214671e-02 3.2028685e-02
       901 2.1248869e+00 1.2324024e-01 1.5254535e-02 3.2556896e-02
       902 2.1256415e+00 1.2288013e-01 1.5154177e-02 3.1652483e-02
       903 2.1259233e+00 1.2213206e-01 1.4966805e-02 3.1501093e-02
       904 2.1250237e+00 1.2397556e-01 1.5434108e-02 3.1857723e-02
       905 2.1259100e+00 1.2277780e-01 1.5125141e-02 3.4550076e-02
       906 2.1241174e+00 1.2371518e-01 1.5384954e-02 4.0516601e-02
       907 2.1241768e+00 1.2312424e-01 1.5238034e-02 4.0449705e-02
       908 2.1244772e+00 1.2379615e-01 1.5398709e-02 3.6261257e-02
       909 2.1254311e+00 1.2238704e-01 1.5036395e-02 3.1400979e-02
       910 2.1253004e+00 1.2329549e-01 1.5261589e-02 3.1347698e-02
       911 2.1258983e+00 1.2271395e-01 1.5109634e-02 3.3549702e-02
       912 2.1250690e+00 1.2408112e-01 1.5459568e-02 3.1588511e-02
       913 2.1255586e+00 1.2365128e-01 1.5345523e-02 3.1213930e-02
       914 2.1259701e+00 1.2205986e-01 1.4948510e-02 3.3661381e-02
       915 2.1255230e+00 1.2324239e-01 1.5245104e-02 3.1224771e-02
       916 2.1251436e+00 1.2325310e-01 1.5253588e-02 3.1513926e-02
       917 2.1265343e+00 1.2132298e-01 1.4761513e-02 3.9498282e-02
       918 2.1242648e+00 1.2296325e-01 1.5196864e-02 3.9905676e-02
       919 2.1251487e+00 1.2343279e-01 1.5297835e-02 3.0787174e-02
       920 2.1256602e+00 1.2232975e-01 1.5018942e-02 3.1238559e-02
       921 2.1247417e+00 1.2390083e-01 1.5420181e-02 3.3177879e-02
       922 2.1257062e+00 1.2265655e-01 1.5098327e-02 3.1432569e-02
       923 2.1261318e+00 1.2283503e-01 1.5136086e-02 3.5567725e-02
       924 2.1258391e+00 1.2256669e-01 1.5074364e-02 3.2517961e-02
       925 2.1254548e+00 1.2280500e-01 1.5138516e-02 3.1511709e-02
       926 2.1255281e+00 1.2303663e-01 1.5194354e-02 3.0470400e-02
       927 2.1261301e+00 1.2163645e-01 1.4843094e-02 3.3523928e-02
       928 2.1254276e+00 1.2206539e-01 1.4957820e-02 3.0397709e-02
       929 2.1259861e+00 1.2213514e-01 1.4966669e-02 3.3058578e-02
       930 2.1261141e+00 1.2201409e-01 1.4935327e-02 3.5126151e-02
       931 2.1251345e+00 1.2343788e-01 1.5299314e-02 3.1126402e-02
       932 2.1260603e+00 1.2186225e-01 1.4899043e-02 3.2713917e-02
       933 2.1248554e+00 1.2353383e-01 1.5327500e-02 3.2802062e-02
       934 2.1235461e+00 1.2492893e-01 1.5697262e-02 4.8123607e-02
       935 2.1256772e+00 1.2269478e-01 1.5108134e-02 3.2166009e-02
       936 2.1252046e+00 1.2237829e-01 1.5037749e-02 3.0956723e-02
       937 2.1246119e+00 1.2305396e-01 1.5213212e-02 3.5680238e-02
       938 2.1250740e+00 1.2321839e-01 1.5246138e-02 3.1294688e-02
       939 2.1249774e+00 1.2323143e-01 1.5250898e-02 3.1778277e-02
       940 2.1247874e+00 1.2342303e-01 1.5301253e-02 3.3270746e-02
       941 2.1253185e+00 1.2352353e-01 1.5317593e-02 3.1119248e-02
       942 2.1250769e+00 1.2336685e-01 1.5282698e-02 3.1362683e-02
       943 2.1266100e+00 1.2296540e-01 1.5161759e-02 4.2359410e-02
       944 2.1256510e+00 1.2311752e-01 1.5212435e-02 3.1273021e-02
       945 2.1257333e+00 1.2231228e-01 1.5013596e-02 3.1260628e-02
       946 2.1249042e+00 1.2364266e-01 1.5353604e-02 3.2654687e-02
       947 2.1262363e+00 1.2270513e-01 1.5102761e-02 3.6488238e-02
       948 2.1266397e+00 1.2162756e-01 1.4834154e-02 3.8979641e-02
       949 2.1262332e+00 1.2240848e-01 1.5030089e-02 3.5109601e-02
       950 2.1263238e+00 1.2248231e-01 1.5046946e-02 3.6603042e-02
       951 2.1253113e+00 1.2375912e-01 1.5375963e-02 3.0918766e-02
       952 2.1257653e+00 1.2245884e-01 1.5049004e-02 3.0803340e-02
       953 2.1260706e+00 1.2247074e-01 1.5047574e-02 3.4231537e-02
       954 2.1263892e+00 1.2199532e-01 1.4927014e-02 3.5486931e-02
       955 2.1251112e+00 1.2230314e-01 1.5020832e-02 3.1677073e-02
       956 2.1258508e+00 1.2157968e-01 1.4833219e-02 3.1198897e-02
       957 2.1248022e+00 1.2334710e-01 1.5282273e-02 3.3823893e-02
       958 2.1252720e+00 1.2235713e-01 1.5031518e-02 3.0703853e-02
       959 2.1259524e+00 1.2227374e-01 1.5001020e-02 3.2999670e-02
       960 2.1257982e+00 1.2245353e-01 1.5047226e-02 3.1462452e-02
       961 2.1254950e+00 1.2221893e-01 1.4994307e-02 3.0393873e-02
       962 2.1259124e+00 1.2142431e-01 1.4794582e-02 3.1993898e-02
       963 2.1252806e+00 1.2339373e-01 1.5286130e-02 3.0870494e-02
       964 2.1262222e+00 1.2216239e-01 1.4970051e-02 3.5283829e-02
       965 2.1255020e+00 1.2253078e-01 1.5070526e-02 3.0242605e-02
       966 2.1261726e+00 1.2215371e-01 1.4968611e-02 3.3588255e-02
       967 2.1260419e+00 1.2149763e-01 1.4810566e-02 3.1430653e-02
       968 2.1257650e+00 1.2232084e-01 1.5015228e-02 3.1308365e-02
       969 2.1243062e+00 1.2356344e-01 1.5344103e-02 3.8303100e-02
       970 2.1242750e+00 1.2385811e-01 1.5417557e-02 3.7935787e-02
       971 2.1265170e+00 1.2157414e-01 1.4822745e-02 3.6777913e-02
       972 2.1242028e+00 1.2201903e-01 1.4966637e-02 4.1697189e-02
       973 2.1256317e+00 1.2157308e-01 1.4834812e-02 3.0401908e-02
       974 2.1255381e+00 1.2199424e-01 1.4938786e-02 2.9601887e-02
       975 2.1254515e+00 1.2250650e-01 1.5065339e-02 2.9944977e-02
       976 2.1260048e+00 1.2227295e-01 1.5000088e-02 3.2509494e-02
       977 2.1257163e+00 1.2211008e-01 1.4964423e-02 2.9904954e-02
       978 2.1246504e+00 1.2308747e-01 1.5220815e-02 3.4638265e-02
       979 2.1250077e+00 1.2238771e-01 1.5043176e-02 3.1829483e-02
       980 2.1252307e+00 1.2231294e-01 1.5021349e-02 3.0577576e-02
       981 2.1260313e+00 1.2194208e-01 1.4918910e-02 3.2342304e-02
       982 2.1262119e+00 1.2261790e-01 1.5081693e-02 3.5255717e-02
       983 2.1244780e+00 1.2379975e-01 1.5399588e-02 3.5727296e-02
       984 2.1266645e+00 1.2124542e-01 1.4741025e-02 4.0772355e-02
       985 2.1249061e+00 1.2356759e-01 1.5335015e-02 3.2432499e-02
       986 2.1253733e+00 1.2183399e-01 1.4902211e-02 3.0467234e-02
       987 2.1252014e+00 1.2245067e-01 1.5055519e-02 3.0778155e-02
       988 2.1253038e+00 1.2254765e-01 1.5077685e-02 3.0540054e-02
       989 2.1244678e+00 1.2293481e-01 1.5186349e-02 3.6721441e-02
       990 2.1248967e+00 1.2275057e-01 1.5133923e-02 3.3214212e-02
       991 2.1254867e+00 1.2290078e-01 1.5161565e-02 3.0276282e-02
       992 2.1245065e+00 1.2249618e-01 1.5078036e-02 3.7272912e-02
       993 2.1262759e+00 1.2161998e-01 1.4837093e-02 3.5055053e-02
       994 2.1249335e+00 1.2257813e-01 1.5091019e-02 3.2431284e-02
       995 2.1250934e+00 1.2261512e-01 1.5097524e-02 3.1093720e-02
       996 2.1257154e+00 1.2232385e-01 1.5016689e-02 3.0489102e-02
       997 2.1254715e+00 1.2198248e-01 1.4936920e-02 3.0334197e-02
       998 2.1245485e+00 1.2310558e-01 1.5226993e-02 3.5450809e-02
       999 2.1250734e+00 1.2277729e-01 1.5137637e-02 3.1337060e-02
      1000 2.1249119e+00 1.2269161e-01 1.5119203e-02 3.2100410e-02

Final Weights:        -0.1897204694        -0.4647377305         0.4261271716         0.2300710883 