# Cycles, Average Predicted Temperature, Stddev Predicted Temperature, Mean Squared Error, || MSE Gradient ||
         0    0.30210    0.26517    3.63139    7.84685
         1    0.31976    0.27466    3.57019    7.98407
         2    0.33879    0.28468    3.50500    8.11226
         3    0.35809    0.29444    3.43961    8.23837
         4    0.37893    0.30563    3.37043    8.41376
         5    0.40084    0.31635    3.29826    8.51408
         6    0.42248    0.32690    3.22812    8.59464
         7    0.44626    0.33824    3.15221    8.69470
         8    0.46970    0.34989    3.07904    8.87606
         9    0.49563    0.36070    2.99823    8.93611
        10    0.52218    0.37253    2.91768    9.00252
        11    0.54926    0.38332    2.83628    9.05083
        12    0.57722    0.39510    2.75452    9.08186
        13    0.60541    0.40724    2.67419    9.12062
        14    0.63598    0.41851    2.58758    9.13193
        15    0.66666    0.42968    2.50272    9.12014
        16    0.69679    0.44104    2.42176    9.10790
        17    0.72877    0.45300    2.33804    9.07430
        18    0.76069    0.46395    2.25586    9.03012
        19    0.79344    0.47539    2.17409    8.96787
        20    0.82524    0.48549    2.09605    8.89684
        21    0.85879    0.49619    2.01617    8.80033
        22    0.89211    0.50666    1.93910    8.70300
        23    0.92419    0.51617    1.86665    8.60450
        24    0.95802    0.52562    1.79203    8.47704
        25    0.99235    0.53495    1.71858    8.34586
        26    1.02540    0.54340    1.64969    8.20331
        27    1.06013    0.55206    1.57953    8.05269
        28    1.09102    0.55952    1.51903    7.90449
        29    1.12373    0.56703    1.45673    7.74908
        30    1.15473    0.57441    1.40004    7.59020
        31    1.18552    0.57971    1.34340    7.42766
        32    1.21762    0.58580    1.28710    7.25884
        33    1.24782    0.59077    1.23519    7.09052
        34    1.27710    0.59507    1.18600    6.92621
        35    1.30707    0.60037    1.13858    6.75025
        36    1.33562    0.60382    1.09318    6.57979
        37    1.36345    0.60678    1.05002    6.42093
        38    1.39102    0.61041    1.00966    6.25251
        39    1.41676    0.61172    0.97083    6.09700
        40    1.44234    0.61355    0.93421    5.94034
        41    1.46673    0.61392    0.89884    5.78857
        42    1.48861    0.61509    0.86915    5.64757
        43    1.51508    0.61485    0.83246    5.49300
        44    1.53627    0.61538    0.80498    5.35954
        45    1.55805    0.61396    0.77528    5.22071
        46    1.57981    0.61310    0.74724    5.08614
        47    1.59760    0.61226    0.72484    4.96831
        48    1.61646    0.61098    0.70131    4.83727
        49    1.63573    0.60811    0.67611    4.72648
        50    1.65382    0.60557    0.65334    4.61477
        51    1.66888    0.60275    0.63402    4.50504
        52    1.68554    0.60051    0.61426    4.40787
        53    1.70129    0.59753    0.59508    4.30761
        54    1.71799    0.59430    0.57521    4.20636
        55    1.73052    0.59074    0.55934    4.12464
        56    1.74559    0.58604    0.54023    4.02333
        57    1.76108    0.58445    0.52485    3.93061
        58    1.77206    0.57910    0.50935    3.85483
        59    1.78454    0.57588    0.49537    3.77333
        60    1.79348    0.57075    0.48234    3.69924
        61    1.80548    0.56699    0.46871    3.63218
        62    1.81616    0.56204    0.45504    3.55017
        63    1.82795    0.55855    0.44247    3.48409
        64    1.83676    0.55430    0.43145    3.42137
        65    1.84627    0.55041    0.42055    3.35461
        66    1.85591    0.54373    0.40672    3.28284
        67    1.86354    0.53957    0.39718    3.23215
        68    1.87366    0.53513    0.38592    3.16111
        69    1.88140    0.53102    0.37671    3.10641
        70    1.88993    0.52545    0.36565    3.04883
        71    1.89624    0.52126    0.35753    3.00037
        72    1.90308    0.51668    0.34881    2.94182
        73    1.90917    0.51176    0.34030    2.89341
        74    1.91330    0.50950    0.33570    2.84668
        75    1.92113    0.50447    0.32634    2.80295
        76    1.92851    0.49924    0.31719    2.74797
        77    1.93522    0.49447    0.30900    2.70132
        78    1.94042    0.49040    0.30237    2.65454
        79    1.94615    0.48705    0.29628    2.61347
        80    1.95045    0.48051    0.28788    2.57066
        81    1.95566    0.47640    0.28150    2.52283
        82    1.96199    0.47266    0.27503    2.48558
        83    1.96492    0.46754    0.26889    2.43737
        84    1.96957    0.46394    0.26347    2.40570
        85    1.97533    0.46022    0.25754    2.36361
        86    1.97959    0.45603    0.25189    2.33245
        87    1.98423    0.45138    0.24575    2.28668
        88    1.98865    0.44788    0.24081    2.25106
        89    1.99202    0.44371    0.23575    2.22189
        90    1.99580    0.43920    0.23029    2.17949
        91    1.99966    0.43546    0.22555    2.14651
        92    2.00159    0.43218    0.22197    2.11559
        93    2.00509    0.42783    0.21693    2.07954
        94    2.00952    0.42424    0.21226    2.04139
        95    2.01233    0.42092    0.20845    2.01527
        96    2.01734    0.41733    0.20369    1.98246
        97    2.01775    0.41353    0.20040    1.95435
        98    2.02266    0.40942    0.19535    1.92266
        99    2.02464    0.40741    0.19306    1.89791
       100    2.02685    0.40462    0.19007    1.86131
       101    2.02798    0.40153    0.18722    1.83821
       102    2.03147    0.39908    0.18414    1.81020
       103    2.03327    0.39532    0.18059    1.78382
       104    2.03859    0.39166    0.17608    1.75708
       105    2.03957    0.38786    0.17282    1.72805
       106    2.04024    0.38554    0.17083    1.69968
       107    2.04438    0.38336    0.16793    1.68072
       108    2.04301    0.38103    0.16655    1.65668
       109    2.04758    0.37739    0.16248    1.63147
       110    2.04992    0.37517    0.16015    1.60598
       111    2.05141    0.37326    0.15831    1.58508
       112    2.05507    0.36938    0.15443    1.55986
       113    2.05706    0.36604    0.15144    1.53740
       114    2.06014    0.36314    0.14852    1.51096
       115    2.05917    0.36173    0.14775    1.49514
       116    2.06301    0.35818    0.14422    1.46740
       117    2.06308    0.35677    0.14319    1.44846
       118    2.06633    0.35430    0.14062    1.43112
       119    2.06665    0.35242    0.13922    1.40655
       120    2.06783    0.34963    0.13697    1.38191
       121    2.07109    0.34712    0.13444    1.36969
       122    2.07389    0.34466    0.13208    1.34493
       123    2.07159    0.34439    0.13243    1.32870
       124    2.07446    0.34153    0.12981    1.31751
       125    2.07644    0.33954    0.12800    1.28987
       126    2.07687    0.33776    0.12670    1.27174
       127    2.07939    0.33633    0.12517    1.25739
       128    2.08130    0.33270    0.12233    1.23946
       129    2.08129    0.33161    0.12160    1.22368
       130    2.08503    0.32839    0.11869    1.20463
       131    2.08583    0.32804    0.11829    1.18664
       132    2.08424    0.32813    0.11868    1.17134
       133    2.08635    0.32452    0.11589    1.15594
       134    2.08807    0.32398    0.11519    1.14472
       135    2.08989    0.32193    0.11350    1.12586
       136    2.09016    0.31984    0.11211    1.10807
       137    2.09070    0.31836    0.11105    1.10031
       138    2.09250    0.31599    0.10920    1.07778
       139    2.09314    0.31586    0.10899    1.06974
       140    2.09447    0.31475    0.10804    1.05599
       141    2.09521    0.31228    0.10635    1.03455
       142    2.09801    0.31108    0.10509    1.02530
       143    2.09974    0.30927    0.10365    1.00974
       144    2.09940    0.30816    0.10303    0.99823
       145    2.10000    0.30623    0.10173    0.98224
       146    2.10087    0.30531    0.10101    0.97643
       147    2.09918    0.30694    0.10231    0.96363
       148    2.10393    0.30249    0.09877    0.94537
       149    2.10358    0.30267    0.09894    0.93428
       150    2.10435    0.30096    0.09778    0.92792
       151    2.10507    0.29982    0.09697    0.91437
       152    2.10546    0.29886    0.09632    0.89769
       153    2.10743    0.29645    0.09457    0.88510
       154    2.10770    0.29619    0.09437    0.87817
       155    2.10814    0.29644    0.09444    0.86698
       156    2.11168    0.29276    0.09172    0.85231
       157    2.11026    0.29134    0.09111    0.83875
       158    2.10936    0.29293    0.09218    0.83213
       159    2.11101    0.29153    0.09110    0.82605
       160    2.11271    0.29102    0.09054    0.81731
       161    2.11146    0.28941    0.08980    0.80246
       162    2.11452    0.28485    0.08671    0.78896
       163    2.11508    0.28809    0.08849    0.78397
       164    2.11436    0.28773    0.08839    0.77136
       165    2.11207    0.28732    0.08850    0.76947
       166    2.11591    0.28604    0.08719    0.75420
       167    2.11816    0.28312    0.08520    0.74648
       168    2.11804    0.28285    0.08507    0.73536
       169    2.11773    0.28245    0.08488    0.72637
       170    2.11955    0.28068    0.08363    0.71724
       171    2.11801    0.28225    0.08473    0.71316
       172    2.12062    0.27946    0.08280    0.70073
       173    2.12013    0.27897    0.08259    0.69529
       174    2.12255    0.27718    0.08127    0.68234
       175    2.12195    0.27668    0.08107    0.67817
       176    2.12244    0.27696    0.08116    0.66897
       177    2.11982    0.27970    0.08304    0.66031
       178    2.12389    0.27517    0.07998    0.65303
       179    2.12210    0.27648    0.08094    0.64707
       180    2.12225    0.27724    0.08134    0.64225
       181    2.12396    0.27407    0.07937    0.63059
       182    2.12399    0.27467    0.07969    0.62691
       183    2.12612    0.27140    0.07764    0.61713
       184    2.12708    0.27054    0.07705    0.60789
       185    2.12434    0.27342    0.07896    0.60746
       186    2.12760    0.26962    0.07649    0.59299
       187    2.12676    0.27095    0.07731    0.59184
       188    2.12821    0.26878    0.07596    0.58239
       189    2.12766    0.27143    0.07746    0.57975
       190    2.12782    0.26963    0.07647    0.57176
       191    2.12826    0.26868    0.07590    0.56421
       192    2.12970    0.26706    0.07486    0.55613
       193    2.12928    0.26864    0.07575    0.55438
       194    2.12952    0.26700    0.07485    0.55283
       195    2.13294    0.26388    0.07280    0.53530
       196    2.12855    0.26845    0.07574    0.53564
       197    2.13142    0.26534    0.07374    0.52690
       198    2.13143    0.26567    0.07392    0.52635
       199    2.13145    0.26533    0.07373    0.52270
       200    2.13178    0.26372    0.07285    0.51234
       201    2.13459    0.26159    0.07141    0.50229
       202    2.13160    0.26366    0.07283    0.50231
       203    2.13385    0.26262    0.07203    0.49586
       204    2.13646    0.26048    0.07063    0.49095
       205    2.13531    0.26149    0.07128    0.48940
       206    2.13486    0.26000    0.07055    0.48099
       207    2.13408    0.26321    0.07232    0.47832
       208    2.13371    0.26215    0.07180    0.47272
       209    2.13509    0.26220    0.07167    0.46551
       210    2.13579    0.26038    0.07065    0.46045
       211    2.13597    0.25858    0.06969    0.45763
       212    2.13649    0.25981    0.07028    0.45118
       213    2.13690    0.25872    0.06967    0.44991
       214    2.13485    0.26146    0.07131    0.45104
       215    2.13565    0.26080    0.07088    0.44148
       216    2.13833    0.25820    0.06925    0.43872
       217    2.13848    0.25950    0.06991    0.43241
       218    2.13879    0.25808    0.06914    0.42837
       219    2.13956    0.25661    0.06831    0.42598
       220    2.13930    0.25764    0.06887    0.41883
       221    2.13944    0.25691    0.06848    0.41760
       222    2.13852    0.25595    0.06808    0.41351
       223    2.13904    0.25689    0.06851    0.41097
       224    2.13816    0.25797    0.06915    0.40884
       225    2.13916    0.25660    0.06834    0.40346
       226    2.13907    0.25688    0.06850    0.40009
       227    2.14025    0.25685    0.06837    0.39616
       228    2.14182    0.25328    0.06639    0.38688
       229    2.14112    0.25304    0.06634    0.38496
       230    2.14161    0.25369    0.06662    0.38485
       231    2.14111    0.25432    0.06699    0.37754
       232    2.14076    0.25439    0.06706    0.37820
       233    2.14412    0.25157    0.06532    0.36885
       234    2.14256    0.25386    0.06662    0.36774
       235    2.14198    0.25321    0.06634    0.36753
       236    2.14225    0.25392    0.06668    0.36787
       237    2.14206    0.25257    0.06601    0.36023
       238    2.14266    0.25238    0.06586    0.36032
       239    2.14189    0.25234    0.06591    0.35610
       240    2.14402    0.25175    0.06542    0.34926
       241    2.14334    0.25194    0.06558    0.35167
       242    2.14531    0.24956    0.06420    0.34503
       243    2.14472    0.25132    0.06514    0.34394
       244    2.14471    0.25047    0.06471    0.34265
       245    2.14506    0.24996    0.06443    0.33823
       246    2.14498    0.25044    0.06468    0.33384
       247    2.14665    0.24862    0.06362    0.33163
       248    2.14361    0.25277    0.06597    0.33774
       249    2.14544    0.24834    0.06359    0.33019
       250    2.14702    0.24842    0.06349    0.32611
       251    2.14481    0.25036    0.06465    0.32509
       252    2.14481    0.25054    0.06474    0.32267
       253    2.14453    0.25123    0.06511    0.32440
       254    2.14565    0.25051    0.06465    0.31820
       255    2.14530    0.25011    0.06448    0.31703
       256    2.14835    0.24699    0.06267    0.31367
       257    2.14687    0.24855    0.06357    0.31281
       258    2.14458    0.25004    0.06451    0.31284
       259    2.14651    0.24868    0.06367    0.30516
       260    2.14634    0.24837    0.06352    0.30603
       261    2.14806    0.24722    0.06281    0.30353
       262    2.14509    0.24954    0.06421    0.30468
       263    2.14787    0.24661    0.06253    0.29862
       264    2.14724    0.24774    0.06314    0.29691
       265    2.14822    0.24834    0.06335    0.30013
       266    2.14543    0.24849    0.06366    0.29750
       267    2.14850    0.24666    0.06250    0.29535
       268    2.14693    0.24821    0.06339    0.29263
       269    2.14874    0.24633    0.06231    0.28715
       270    2.14854    0.24656    0.06244    0.28696
       271    2.14861    0.24647    0.06239    0.28415
       272    2.14818    0.24634    0.06237    0.28344
       273    2.14867    0.24761    0.06295    0.28520
       274    2.14641    0.24834    0.06350    0.28473
       275    2.14847    0.24587    0.06211    0.27965
       276    2.14995    0.24543    0.06177    0.27515
       277    2.15016    0.24473    0.06142    0.27348
       278    2.14912    0.24535    0.06180    0.27520
       279    2.15030    0.24436    0.06122    0.27149
       280    2.15053    0.24517    0.06160    0.27224
       281    2.14926    0.24555    0.06189    0.27282
       282    2.14827    0.24769    0.06303    0.27496
       283    2.15075    0.24402    0.06102    0.26656
       284    2.15111    0.24414    0.06105    0.26331
       285    2.14981    0.24511    0.06163    0.26720
       286    2.14932    0.24577    0.06199    0.26435
       287    2.15094    0.24357    0.06079    0.25904
       288    2.15022    0.24488    0.06149    0.26273
       289    2.14956    0.24442    0.06131    0.26310
       290    2.15148    0.24376    0.06084    0.25992
       291    2.15024    0.24324    0.06068    0.25477
       292    2.15068    0.24407    0.06105    0.25541
       293    2.15309    0.24201    0.05987    0.25500
       294    2.14983    0.24447    0.06131    0.25791
       295    2.15069    0.24481    0.06142    0.25408
       296    2.15219    0.24414    0.06097    0.25173
       297    2.15055    0.24392    0.06099    0.25214
       298    2.15196    0.24267    0.06028    0.25047
       299    2.15087    0.24367    0.06084    0.25372
       300    2.15137    0.24361    0.06077    0.24801
       301    2.15024    0.24491    0.06150    0.25113
       302    2.15244    0.24345    0.06062    0.24465
       303    2.15274    0.24263    0.06020    0.24716
       304    2.15217    0.24264    0.06025    0.24417
       305    2.15289    0.24187    0.05982    0.24299
       306    2.15474    0.23974    0.05866    0.23642
       307    2.15281    0.24162    0.05970    0.23940
       308    2.15385    0.24009    0.05889    0.23589
       309    2.15162    0.24254    0.06024    0.24036
       310    2.15220    0.24195    0.05991    0.24117
       311    2.15236    0.24189    0.05987    0.23972
       312    2.15265    0.24095    0.05939    0.23767
       313    2.15283    0.24090    0.05935    0.23319
       314    2.15454    0.23892    0.05828    0.23021
       315    2.15421    0.24032    0.05898    0.23281
       316    2.15534    0.23935    0.05843    0.23246
       317    2.15333    0.24050    0.05913    0.23220
       318    2.15157    0.24299    0.06046    0.23690
       319    2.15351    0.23999    0.05887    0.23132
       320    2.15477    0.23881    0.05821    0.22782
       321    2.15314    0.24094    0.05935    0.23351
       322    2.15354    0.23981    0.05878    0.22899
       323    2.15454    0.23995    0.05878    0.22664
       324    2.15443    0.23907    0.05836    0.22897
       325    2.15348    0.24141    0.05955    0.22937
       326    2.15515    0.23853    0.05805    0.22182
       327    2.15313    0.24008    0.05894    0.22835
       328    2.15262    0.24206    0.05993    0.23062
       329    2.15394    0.24012    0.05890    0.22602
       330    2.15357    0.23949    0.05863    0.22741
       331    2.15298    0.24117    0.05948    0.22701
       332    2.15397    0.23821    0.05798    0.22470
       333    2.15658    0.23900    0.05818    0.22155
       334    2.15365    0.24018    0.05895    0.22508
       335    2.15475    0.23996    0.05877    0.22329
       336    2.15459    0.23976    0.05868    0.22175
       337    2.15377    0.23885    0.05830    0.22233
       338    2.15278    0.24115    0.05948    0.22453
       339    2.15570    0.23714    0.05736    0.21701
       340    2.15477    0.23984    0.05871    0.22281
       341    2.15420    0.24012    0.05888    0.22203
       342    2.15477    0.23967    0.05863    0.22129
       343    2.15448    0.23946    0.05854    0.22037
       344    2.15817    0.23713    0.05719    0.21614
       345    2.15588    0.23922    0.05834    0.21916
       346    2.15482    0.23886    0.05823    0.21804
       347    2.15628    0.23825    0.05785    0.21633
       348    2.15528    0.23806    0.05782    0.21649
       349    2.15501    0.23791    0.05777    0.21475
       350    2.15546    0.23842    0.05798    0.21534
       351    2.15422    0.23854    0.05813    0.21639
       352    2.15539    0.23813    0.05785    0.21746
       353    2.15620    0.23706    0.05728    0.21451
       354    2.15549    0.23745    0.05752    0.21475
       355    2.15566    0.23836    0.05794    0.21576
       356    2.15792    0.23720    0.05724    0.21254
       357    2.15564    0.23839    0.05795    0.21650
       358    2.15374    0.23864    0.05821    0.21688
       359    2.15494    0.23806    0.05784    0.21534
       360    2.15763    0.23556    0.05648    0.20753
       361    2.15643    0.23705    0.05727    0.21304
       362    2.15568    0.23835    0.05793    0.21404
       363    2.15626    0.23710    0.05730    0.21087
       364    2.15519    0.23632    0.05700    0.21081
       365    2.15480    0.23868    0.05815    0.21368
       366    2.15571    0.23761    0.05758    0.21347
       367    2.15637    0.23779    0.05762    0.20929
       368    2.15601    0.23716    0.05735    0.21430
       369    2.15704    0.23430    0.05593    0.20687
       370    2.15670    0.23734    0.05739    0.21047
       371    2.15560    0.23614    0.05689    0.20940
       372    2.15808    0.23537    0.05636    0.20620
       373    2.15632    0.23641    0.05697    0.20940
       374    2.15718    0.23455    0.05604    0.20684
       375    2.15660    0.23603    0.05677    0.21125
       376    2.15659    0.23550    0.05652    0.20594
       377    2.15739    0.23445    0.05598    0.20546
       378    2.15480    0.23771    0.05769    0.21234
       379    2.15808    0.23464    0.05602    0.20552
       380    2.15733    0.23467    0.05608    0.20533
       381    2.15782    0.23457    0.05601    0.20540
       382    2.15809    0.23417    0.05580    0.20414
       383    2.15653    0.23600    0.05676    0.20718
       384    2.15773    0.23586    0.05662    0.20629
       385    2.15729    0.23514    0.05631    0.20588
       386    2.15814    0.23264    0.05508    0.20158
       387    2.15707    0.23508    0.05630    0.20514
       388    2.15618    0.23603    0.05680    0.20916
       389    2.15822    0.23289    0.05520    0.20148
       390    2.15732    0.23330    0.05544    0.20275
       391    2.15964    0.23137    0.05440    0.19852
       392    2.15724    0.23452    0.05602    0.20452
       393    2.15713    0.23468    0.05610    0.20431
       394    2.15710    0.23505    0.05628    0.20430
       395    2.15932    0.23263    0.05501    0.20081
       396    2.15795    0.23350    0.05550    0.20111
       397    2.15630    0.23496    0.05629    0.20538
       398    2.15777    0.23509    0.05626    0.20230
       399    2.15853    0.23337    0.05540    0.20057
       400    2.15856    0.23203    0.05477    0.19873
       401    2.15857    0.23335    0.05539    0.20224
       402    2.15716    0.23390    0.05573    0.20225
       403    2.15677    0.23356    0.05560    0.20332
       404    2.15736    0.23483    0.05616    0.20200
       405    2.15604    0.23529    0.05646    0.20526
       406    2.15951    0.23239    0.05489    0.19956
       407    2.15784    0.23355    0.05553    0.20060
       408    2.15819    0.23302    0.05526    0.20201
       409    2.15992    0.23149    0.05444    0.19856
       410    2.15901    0.23318    0.05528    0.20015
       411    2.15708    0.23440    0.05597    0.20509
       412    2.15922    0.23205    0.05474    0.19856
       413    2.15562    0.23375    0.05576    0.20393
       414    2.15726    0.23434    0.05594    0.20182
       415    2.15923    0.23290    0.05514    0.19917
       416    2.15975    0.23153    0.05447    0.19787
       417    2.15974    0.23071    0.05409    0.19709
       418    2.15933    0.22962    0.05362    0.19386
       419    2.15669    0.23510    0.05633    0.20472
       420    2.15834    0.23301    0.05525    0.20027
       421    2.15735    0.23355    0.05556    0.20099
       422    2.15735    0.23349    0.05553    0.20087
       423    2.15816    0.23295    0.05523    0.20027
       424    2.15941    0.23244    0.05492    0.19856
       425    2.15820    0.23231    0.05493    0.19955
       426    2.15857    0.23062    0.05412    0.19714
       427    2.15773    0.23284    0.05521    0.20107
       428    2.15982    0.23005    0.05378    0.19327
       429    2.15820    0.23147    0.05454    0.19925
       430    2.15886    0.23192    0.05471    0.19887
       431    2.15955    0.23005    0.05380    0.19415
       432    2.15920    0.23130    0.05440    0.19814
       433    2.15764    0.23264    0.05511    0.19962
       434    2.15944    0.23067    0.05410    0.19510
       435    2.15832    0.23166    0.05462    0.19697
       436    2.15952    0.23003    0.05380    0.19499
       437    2.15866    0.23069    0.05415    0.19726
       438    2.15969    0.23055    0.05402    0.19405
       439    2.15859    0.23146    0.05451    0.19812
       440    2.15958    0.23004    0.05379    0.19536
       441    2.15993    0.22972    0.05363    0.19328
       442    2.16055    0.22919    0.05335    0.19338
       443    2.16158    0.22918    0.05328    0.19397
       444    2.15928    0.23163    0.05455    0.20003
       445    2.15925    0.23036    0.05396    0.19482
       446    2.16038    0.22892    0.05323    0.19283
       447    2.15908    0.22894    0.05332    0.19411
       448    2.15982    0.22906    0.05333    0.19356
       449    2.15865    0.23039    0.05401    0.19631
       450    2.15935    0.22840    0.05306    0.19309
       451    2.15900    0.22903    0.05337    0.19570
       452    2.15884    0.23062    0.05410    0.19595
       453    2.15947    0.22967    0.05363    0.19451
       454    2.15993    0.22810    0.05288    0.19280
       455    2.16045    0.22885    0.05320    0.19419
       456    2.15808    0.23053    0.05411    0.19747
       457    2.16084    0.22864    0.05308    0.19384
       458    2.16086    0.22903    0.05326    0.19351
       459    2.16071    0.22783    0.05272    0.19295
       460    2.15957    0.22989    0.05373    0.19553
       461    2.16003    0.22876    0.05318    0.19222
       462    2.16021    0.22909    0.05332    0.19413
       463    2.15983    0.22977    0.05366    0.19481
       464    2.15936    0.22904    0.05335    0.19495
       465    2.15787    0.23064    0.05418    0.19692
       466    2.16290    0.22443    0.05106    0.18759
       467    2.16053    0.22747    0.05256    0.18980
       468    2.15997    0.22793    0.05281    0.19181
       469    2.16009    0.22824    0.05294    0.19357
       470    2.15983    0.22743    0.05259    0.19285
       471    2.15951    0.22944    0.05352    0.19447
       472    2.16067    0.22687    0.05228    0.19073
       473    2.16013    0.22760    0.05265    0.19139
       474    2.16123    0.22633    0.05201    0.18876
       475    2.15762    0.23023    0.05400    0.19839
       476    2.15842    0.22771    0.05280    0.19413
       477    2.15959    0.22927    0.05344    0.19476
       478    2.16033    0.22670    0.05222    0.18878
       479    2.15989    0.22781    0.05276    0.19144
       480    2.15931    0.22822    0.05298    0.19506
       481    2.16039    0.22651    0.05214    0.19173
       482    2.16082    0.22685    0.05227    0.19071
       483    2.15890    0.22803    0.05291    0.19447
       484    2.16024    0.22754    0.05261    0.19211
       485    2.16072    0.22717    0.05242    0.19053
       486    2.16087    0.22563    0.05171    0.19020
       487    2.16077    0.22607    0.05192    0.18983
       488    2.16144    0.22601    0.05185    0.19009
       489    2.16107    0.22688    0.05226    0.19063
       490    2.16145    0.22570    0.05171    0.18768
       491    2.16145    0.22537    0.05156    0.18800
       492    2.15992    0.22738    0.05256    0.19281
       493    2.16144    0.22495    0.05137    0.18780
       494    2.15972    0.22737    0.05257    0.19178
       495    2.16134    0.22556    0.05165    0.18792
       496    2.16061    0.22575    0.05178    0.18884
       497    2.15980    0.22740    0.05258    0.19150
       498    2.15930    0.22765    0.05272    0.19320
       499    2.16164    0.22412    0.05099    0.18686
       500    2.16004    0.22712    0.05243    0.19216
       501    2.16153    0.22437    0.05111    0.18697
       502    2.16037    0.22665    0.05220    0.19122
       503    2.16031    0.22514    0.05152    0.18939
       504    2.16086    0.22453    0.05122    0.18868
       505    2.16108    0.22482    0.05133    0.18882
       506    2.16070    0.22564    0.05172    0.19085
       507    2.16167    0.22478    0.05128    0.18913
       508    2.15909    0.22718    0.05252    0.19245
       509    2.16133    0.22504    0.05142    0.18895
       510    2.16101    0.22592    0.05184    0.18943
       511    2.16159    0.22521    0.05148    0.18863
       512    2.16403    0.22072    0.04935    0.18352
       513    2.16143    0.22485    0.05133    0.18950
       514    2.16172    0.22259    0.05030    0.18462
       515    2.15946    0.22661    0.05224    0.19376
       516    2.16149    0.22471    0.05126    0.18817
       517    2.16167    0.22418    0.05101    0.18698
       518    2.16001    0.22481    0.05139    0.18997
       519    2.16245    0.22221    0.05009    0.18389
       520    2.16065    0.22420    0.05108    0.18765
       521    2.16104    0.22415    0.05104    0.18916
       522    2.15951    0.22522    0.05160    0.18974
       523    2.16051    0.22491    0.05141    0.18978
       524    2.16017    0.22439    0.05119    0.18780
       525    2.16204    0.22340    0.05064    0.18685
       526    2.15909    0.22622    0.05208    0.19295
       527    2.16233    0.22386    0.05084    0.18665
       528    2.16217    0.22148    0.04978    0.18411
       529    2.16098    0.22304    0.05054    0.18599
       530    2.16123    0.22281    0.05043    0.18554
       531    2.16129    0.22362    0.05078    0.18854
       532    2.16137    0.22284    0.05043    0.18674
       533    2.16103    0.22352    0.05075    0.18542
       534    2.16158    0.22337    0.05065    0.18723
       535    2.16172    0.22271    0.05036    0.18647
       536    2.16218    0.22079    0.04948    0.18448
       537    2.16041    0.22354    0.05080    0.18824
       538    2.16225    0.22263    0.05029    0.18688
       539    2.16089    0.22309    0.05057    0.18527
       540    2.16097    0.22337    0.05069    0.18722
       541    2.16203    0.22183    0.04995    0.18410
       542    2.16145    0.22336    0.05066    0.18894
       543    2.16115    0.22357    0.05077    0.18761
       544    2.16209    0.22112    0.04963    0.18435
       545    2.15971    0.22546    0.05170    0.19231
       546    2.16183    0.22382    0.05085    0.18918
       547    2.15998    0.22488    0.05143    0.19118
       548    2.15983    0.22376    0.05093    0.19004
       549    2.16213    0.22129    0.04970    0.18418
       550    2.16444    0.22009    0.04905    0.18408
       551    2.16206    0.22190    0.04997    0.18546
       552    2.16101    0.22237    0.05024    0.18497
       553    2.16112    0.22226    0.05019    0.18646
       554    2.16162    0.22247    0.05025    0.18691
       555    2.16017    0.22308    0.05061    0.18896
       556    2.16153    0.22207    0.05008    0.18702
       557    2.16116    0.22170    0.04994    0.18565
       558    2.16174    0.21996    0.04914    0.18181
       559    2.16094    0.22265    0.05037    0.18741
       560    2.16042    0.22400    0.05100    0.19051
       561    2.16217    0.22097    0.04956    0.18528
       562    2.16395    0.22003    0.04905    0.18445
       563    2.16321    0.21991    0.04904    0.18264
       564    2.16221    0.22042    0.04931    0.18321
       565    2.16073    0.22184    0.05002    0.18610
       566    2.16068    0.22356    0.05079    0.18885
       567    2.16137    0.22181    0.04997    0.18641
       568    2.16128    0.22184    0.04999    0.18661
       569    2.16072    0.22275    0.05043    0.18760
       570    2.16262    0.21942    0.04885    0.18146
       571    2.16099    0.22260    0.05034    0.18762
       572    2.16293    0.21906    0.04868    0.18174
       573    2.16314    0.21879    0.04855    0.18170
       574    2.16276    0.22076    0.04944    0.18492
       575    2.16193    0.22002    0.04915    0.18379
       576    2.16174    0.21995    0.04913    0.18308
       577    2.16248    0.21820    0.04832    0.18140
       578    2.16142    0.22129    0.04974    0.18520
       579    2.16244    0.21987    0.04906    0.18284
       580    2.16157    0.22129    0.04973    0.18573
       581    2.16294    0.21916    0.04872    0.18339
       582    2.16333    0.21832    0.04833    0.18206
       583    2.16337    0.21939    0.04880    0.18238
       584    2.16209    0.21873    0.04858    0.18083
       585    2.16171    0.22032    0.04930    0.18418
       586    2.16236    0.21908    0.04871    0.18234
       587    2.16236    0.21968    0.04898    0.18491
       588    2.16270    0.21890    0.04862    0.18221
       589    2.16277    0.21940    0.04884    0.18324
       590    2.16267    0.21815    0.04829    0.18040
       591    2.16104    0.22061    0.04946    0.18577
       592    2.16292    0.21657    0.04759    0.17830
       593    2.16234    0.21881    0.04860    0.18225
       594    2.16131    0.21941    0.04892    0.18330
       595    2.16318    0.21834    0.04835    0.18250
       596    2.16325    0.21667    0.04762    0.17741
       597    2.16181    0.21947    0.04892    0.18441
       598    2.16318    0.21773    0.04808    0.18185
       599    2.16200    0.21831    0.04840    0.18279
       600    2.16222    0.21856    0.04849    0.18233
       601    2.16125    0.21971    0.04905    0.18485
       602    2.16159    0.21896    0.04871    0.18269
       603    2.16314    0.21809    0.04824    0.18205
       604    2.16500    0.21634    0.04739    0.18147
       605    2.16324    0.21711    0.04781    0.18088
       606    2.16194    0.21987    0.04908    0.18415
       607    2.16363    0.21722    0.04784    0.18068
       608    2.16247    0.21688    0.04775    0.18115
       609    2.16173    0.21799    0.04827    0.18265
       610    2.16316    0.21822    0.04830    0.18262
       611    2.16025    0.21923    0.04890    0.18514
       612    2.16234    0.21774    0.04813    0.18128
       613    2.16393    0.21648    0.04750    0.17935
       614    2.16291    0.21765    0.04806    0.18132
       615    2.16086    0.21946    0.04896    0.18427
       616    2.16389    0.21700    0.04773    0.18121
       617    2.16355    0.21561    0.04714    0.17893
       618    2.16355    0.21671    0.04762    0.17792
       619    2.16362    0.21582    0.04723    0.17878
       620    2.16156    0.21807    0.04832    0.18391
       621    2.16202    0.21709    0.04787    0.18167
       622    2.16102    0.21967    0.04905    0.18541
       623    2.16220    0.21614    0.04744    0.18078
       624    2.16321    0.21557    0.04714    0.17868
       625    2.16238    0.21720    0.04790    0.18064
       626    2.16312    0.21746    0.04797    0.18136
       627    2.16170    0.21851    0.04850    0.18439
       628    2.16334    0.21510    0.04693    0.17864
       629    2.16287    0.21612    0.04740    0.17946
       630    2.16419    0.21533    0.04699    0.17821
       631    2.16198    0.21614    0.04746    0.18236
       632    2.16363    0.21359    0.04627    0.17473
       633    2.16331    0.21537    0.04705    0.17725
       634    2.16275    0.21663    0.04763    0.18174
       635    2.16286    0.21505    0.04694    0.17857
       636    2.16272    0.21671    0.04766    0.18059
       637    2.16276    0.21530    0.04705    0.17803
       638    2.16342    0.21584    0.04725    0.18024
       639    2.16199    0.21732    0.04797    0.18260
       640    2.16295    0.21479    0.04682    0.17940
       641    2.16295    0.21481    0.04683    0.17801
       642    2.16433    0.21342    0.04617    0.17509
       643    2.16276    0.21584    0.04728    0.18020
       644    2.16260    0.21606    0.04739    0.17975
       645    2.16282    0.21523    0.04702    0.17807
       646    2.16336    0.21466    0.04674    0.17779
       647    2.16365    0.21413    0.04651    0.17640
       648    2.16338    0.21441    0.04664    0.17678
       649    2.16368    0.21412    0.04650    0.17776
       650    2.16298    0.21524    0.04702    0.17943
       651    2.16232    0.21681    0.04773    0.18305
       652    2.16318    0.21476    0.04680    0.17972
       653    2.16319    0.21473    0.04678    0.17798
       654    2.16277    0.21567    0.04721    0.18049
       655    2.16479    0.21121    0.04520    0.17310
       656    2.16318    0.21500    0.04690    0.17911
       657    2.16386    0.21246    0.04578    0.17378
       658    2.16481    0.21354    0.04619    0.17797
       659    2.16320    0.21463    0.04674    0.17749
       660    2.16322    0.21359    0.04629    0.17602
       661    2.16239    0.21596    0.04736    0.18043
       662    2.16365    0.21386    0.04639    0.17795
       663    2.16336    0.21305    0.04606    0.17666
       664    2.16505    0.21306    0.04598    0.17662
       665    2.16384    0.21251    0.04580    0.17518
       666    2.16342    0.21342    0.04621    0.17756
       667    2.16294    0.21259    0.04588    0.17541
       668    2.16245    0.21475    0.04683    0.17933
       669    2.16341    0.21432    0.04660    0.17755
       670    2.16292    0.21340    0.04623    0.17754
       671    2.16251    0.21451    0.04673    0.17837
       672    2.16354    0.21271    0.04590    0.17668
       673    2.16355    0.21218    0.04568    0.17620
       674    2.16341    0.21192    0.04558    0.17474
       675    2.16352    0.21358    0.04628    0.17793
       676    2.16378    0.21214    0.04565    0.17475
       677    2.16326    0.21256    0.04585    0.17626
       678    2.16492    0.21143    0.04529    0.17504
       679    2.16291    0.21322    0.04615    0.17756
       680    2.16366    0.21146    0.04537    0.17404
       681    2.16399    0.21232    0.04572    0.17591
       682    2.16201    0.21380    0.04645    0.17925
       683    2.16652    0.20977    0.04452    0.17406
       684    2.16386    0.21259    0.04584    0.17592
       685    2.16379    0.21176    0.04549    0.17528
       686    2.16343    0.21220    0.04569    0.17525
       687    2.16355    0.21170    0.04547    0.17659
       688    2.16420    0.21169    0.04544    0.17637
       689    2.16266    0.21230    0.04577    0.17708
       690    2.16409    0.21180    0.04549    0.17673
       691    2.16258    0.21249    0.04586    0.17676
       692    2.16529    0.20994    0.04465    0.17228
       693    2.16291    0.21269    0.04593    0.17638
       694    2.16342    0.21287    0.04598    0.17778
       695    2.16168    0.21333    0.04627    0.18064
       696    2.16313    0.21210    0.04567    0.17632
       697    2.16387    0.21152    0.04538    0.17586
       698    2.16317    0.21284    0.04598    0.17767
       699    2.16342    0.21066    0.04504    0.17411
       700    2.16356    0.21107    0.04521    0.17375
       701    2.16285    0.21171    0.04552    0.17516
       702    2.16407    0.21129    0.04527    0.17523
       703    2.16469    0.21041    0.04487    0.17269
       704    2.16385    0.21206    0.04561    0.17660
       705    2.16336    0.21136    0.04534    0.17567
       706    2.16424    0.21064    0.04499    0.17410
       707    2.16434    0.21043    0.04490    0.17268
       708    2.16384    0.21113    0.04522    0.17431
       709    2.16321    0.21174    0.04551    0.17618
       710    2.16372    0.21210    0.04563    0.17605
       711    2.16536    0.20927    0.04436    0.17271
       712    2.16609    0.20924    0.04432    0.17337
       713    2.16364    0.21135    0.04532    0.17491
       714    2.16432    0.21031    0.04485    0.17359
       715    2.16426    0.21046    0.04491    0.17570
       716    2.16369    0.20949    0.04454    0.17367
       717    2.16522    0.20913    0.04431    0.17356
       718    2.16374    0.20983    0.04468    0.17424
       719    2.16510    0.20863    0.04411    0.17080
       720    2.16195    0.21161    0.04552    0.17788
       721    2.16419    0.21040    0.04489    0.17583
       722    2.16415    0.20837    0.04404    0.17192
       723    2.16438    0.20886    0.04424    0.17127
       724    2.16199    0.21104    0.04528    0.17746
       725    2.16566    0.20752    0.04362    0.17119
       726    2.16489    0.20914    0.04433    0.17135
       727    2.16331    0.21054    0.04500    0.17475
       728    2.16287    0.20933    0.04451    0.17358
       729    2.16532    0.20959    0.04450    0.17331
       730    2.16493    0.20870    0.04414    0.17347
       731    2.16518    0.20997    0.04466    0.17395
       732    2.16404    0.20902    0.04432    0.17327
       733    2.16541    0.20693    0.04338    0.16946
       734    2.16435    0.20944    0.04448    0.17272
       735    2.16456    0.20997    0.04469    0.17432
       736    2.16493    0.20908    0.04430    0.17251
       737    2.16477    0.20674    0.04334    0.16926
       738    2.16407    0.20926    0.04442    0.17400
       739    2.16566    0.20680    0.04332    0.16989
       740    2.16313    0.20909    0.04440    0.17498
       741    2.16520    0.20789    0.04380    0.17128
       742    2.16222    0.21058    0.04507    0.17870
       743    2.16472    0.20624    0.04314    0.16960
       744    2.16322    0.20903    0.04437    0.17414
       745    2.16497    0.20730    0.04356    0.17033
       746    2.16288    0.21011    0.04484    0.17519
       747    2.16614    0.20585    0.04291    0.16760
       748    2.16434    0.20777    0.04378    0.17085
       749    2.16233    0.21001    0.04483    0.17720
       750    2.16428    0.20964    0.04457    0.17395
       751    2.16382    0.20781    0.04383    0.17282
       752    2.16553    0.20634    0.04313    0.16848
       753    2.16695    0.20400    0.04211    0.16725
       754    2.16440    0.20765    0.04373    0.17179
       755    2.16512    0.20557    0.04284    0.16909
       756    2.16295    0.20879    0.04428    0.17454
       757    2.16534    0.20579    0.04292    0.16793
       758    2.16581    0.20536    0.04272    0.16808
       759    2.16478    0.20693    0.04341    0.17147
       760    2.16409    0.20743    0.04366    0.17010
       761    2.16466    0.20690    0.04341    0.17145
       762    2.16407    0.20695    0.04346    0.17014
       763    2.16525    0.20485    0.04254    0.16757
       764    2.16552    0.20520    0.04267    0.16909
       765    2.16400    0.20623    0.04317    0.17117
       766    2.16448    0.20640    0.04321    0.17057
       767    2.16411    0.20647    0.04326    0.17114
       768    2.16481    0.20499    0.04262    0.16848
       769    2.16369    0.20741    0.04367    0.17256
       770    2.16736    0.20461    0.04234    0.16984
       771    2.16328    0.20742    0.04369    0.17302
       772    2.16501    0.20547    0.04280    0.16937
       773    2.16431    0.20698    0.04346    0.17259
       774    2.16390    0.20597    0.04306    0.17066
       775    2.16393    0.20598    0.04306    0.17090
       776    2.16471    0.20668    0.04332    0.17179
       777    2.16285    0.20819    0.04404    0.17441
       778    2.16489    0.20627    0.04314    0.17074
       779    2.16375    0.20583    0.04301    0.17030
       780    2.16519    0.20553    0.04282    0.16878
       781    2.16357    0.20846    0.04411    0.17499
       782    2.16340    0.20800    0.04393    0.17330
       783    2.16537    0.20547    0.04278    0.16993
       784    2.16511    0.20457    0.04243    0.16814
       785    2.16820    0.20237    0.04139    0.16714
       786    2.16536    0.20468    0.04246    0.16888
       787    2.16389    0.20593    0.04305    0.17086
       788    2.16484    0.20549    0.04282    0.16937
       789    2.16673    0.20321    0.04180    0.16631
       790    2.16420    0.20462    0.04249    0.16892
       791    2.16531    0.20434    0.04233    0.16915
       792    2.16564    0.20414    0.04223    0.16721
       793    2.16537    0.20480    0.04251    0.16902
       794    2.16383    0.20492    0.04263    0.16852
       795    2.16502    0.20515    0.04267    0.16995
       796    2.16599    0.20380    0.04207    0.16821
       797    2.16437    0.20524    0.04274    0.16909
       798    2.16532    0.20396    0.04217    0.16828
       799    2.16439    0.20551    0.04285    0.17010
       800    2.16412    0.20562    0.04291    0.17068
       801    2.16587    0.20293    0.04173    0.16631
       802    2.16615    0.20325    0.04184    0.16644
       803    2.16533    0.20426    0.04229    0.16810
       804    2.16565    0.20356    0.04199    0.16811
       805    2.16619    0.20177    0.04124    0.16422
       806    2.16515    0.20382    0.04212    0.16870
       807    2.16465    0.20372    0.04210    0.16906
       808    2.16442    0.20411    0.04227    0.16999
       809    2.16433    0.20516    0.04271    0.17061
       810    2.16609    0.20264    0.04160    0.16562
       811    2.16444    0.20471    0.04252    0.16885
       812    2.16549    0.20377    0.04208    0.16779
       813    2.16550    0.20291    0.04173    0.16641
       814    2.16505    0.20255    0.04161    0.16710
       815    2.16498    0.20389    0.04216    0.16828
       816    2.16390    0.20340    0.04201    0.16883
       817    2.16537    0.20260    0.04162    0.16729
       818    2.16461    0.20365    0.04208    0.16897
       819    2.16537    0.20322    0.04187    0.16712
       820    2.16608    0.20234    0.04148    0.16671
       821    2.16701    0.20195    0.04128    0.16635
       822    2.16511    0.20297    0.04178    0.16808
       823    2.16534    0.20303    0.04179    0.16791
       824    2.16646    0.20156    0.04114    0.16554
       825    2.16640    0.20072    0.04081    0.16376
       826    2.16503    0.20290    0.04175    0.16655
       827    2.16518    0.20280    0.04171    0.16809
       828    2.16533    0.20205    0.04139    0.16635
       829    2.16497    0.20219    0.04147    0.16691
       830    2.16638    0.20119    0.04100    0.16557
       831    2.16540    0.20140    0.04113    0.16482
       832    2.16476    0.20199    0.04140    0.16620
       833    2.16580    0.20173    0.04124    0.16613
       834    2.16496    0.20252    0.04160    0.16613
       835    2.16662    0.19932    0.04024    0.16193
       836    2.16464    0.20228    0.04152    0.16798
       837    2.16500    0.20182    0.04132    0.16691
       838    2.16353    0.20390    0.04223    0.17090
       839    2.16648    0.20122    0.04100    0.16544
       840    2.16659    0.20030    0.04063    0.16381
       841    2.16693    0.19974    0.04039    0.16348
       842    2.16461    0.20207    0.04144    0.16778
       843    2.16579    0.20093    0.04092    0.16519
       844    2.16545    0.20064    0.04082    0.16462
       845    2.16679    0.19977    0.04041    0.16407
       846    2.16540    0.20102    0.04097    0.16514
       847    2.16499    0.20100    0.04099    0.16608
       848    2.16578    0.20088    0.04090    0.16537
       849    2.16539    0.20071    0.04085    0.16617
       850    2.16510    0.20055    0.04080    0.16550
       851    2.16481    0.20084    0.04093    0.16595
       852    2.16451    0.20205    0.04143    0.16795
       853    2.16461    0.20165    0.04127    0.16780
       854    2.16515    0.20091    0.04094    0.16570
       855    2.16635    0.19893    0.04009    0.16243
       856    2.16720    0.19865    0.03994    0.16320
       857    2.16698    0.19833    0.03983    0.16172
       858    2.16493    0.20122    0.04108    0.16620
       859    2.16544    0.20075    0.04086    0.16531
       860    2.16754    0.19846    0.03985    0.16276
       861    2.16570    0.20045    0.04073    0.16688
       862    2.16659    0.19956    0.04034    0.16288
       863    2.16644    0.19920    0.04020    0.16307
       864    2.16416    0.20080    0.04095    0.16743
       865    2.16542    0.20018    0.04064    0.16563
       866    2.16718    0.19883    0.04002    0.16348
       867    2.16694    0.19855    0.03992    0.16297
       868    2.16517    0.19981    0.04050    0.16532
       869    2.16603    0.19905    0.04016    0.16404
       870    2.16620    0.19801    0.03974    0.16138
       871    2.16497    0.20052    0.04079    0.16583
       872    2.16467    0.20100    0.04100    0.16696
       873    2.16587    0.19943    0.04032    0.16400
       874    2.16537    0.19873    0.04006    0.16371
       875    2.16627    0.19920    0.04021    0.16413
       876    2.16611    0.19867    0.04000    0.16458
       877    2.16430    0.20109    0.04106    0.16810
       878    2.16708    0.19804    0.03971    0.16188
       879    2.16622    0.19760    0.03957    0.16130
       880    2.16560    0.19942    0.04032    0.16663
       881    2.16526    0.19982    0.04050    0.16565
       882    2.16663    0.19842    0.03988    0.16285
       883    2.16626    0.19887    0.04007    0.16240
       884    2.16554    0.19877    0.04007    0.16364
       885    2.16704    0.19742    0.03946    0.16216
       886    2.16593    0.19759    0.03958    0.16205
       887    2.16521    0.19915    0.04024    0.16429
       888    2.16517    0.19927    0.04028    0.16439
       889    2.16592    0.19899    0.04014    0.16442
       890    2.16504    0.19964    0.04044    0.16532
       891    2.16559    0.19817    0.03983    0.16363
       892    2.16676    0.19718    0.03938    0.16069
       893    2.16679    0.19793    0.03968    0.16222
       894    2.16729    0.19719    0.03936    0.16077
       895    2.16588    0.19904    0.04016    0.16456
       896    2.16627    0.19675    0.03924    0.16124
       897    2.16447    0.19974    0.04051    0.16727
       898    2.16686    0.19747    0.03949    0.16179
       899    2.16586    0.19827    0.03985    0.16463
       900    2.16679    0.19804    0.03972    0.16460
       901    2.16650    0.19738    0.03947    0.16208
       902    2.16566    0.19632    0.03910    0.16068
       903    2.16651    0.19706    0.03935    0.16180
       904    2.16639    0.19666    0.03920    0.16081
       905    2.16615    0.19811    0.03978    0.16393
       906    2.16608    0.19807    0.03977    0.16369
       907    2.16888    0.19480    0.03836    0.16037
       908    2.16712    0.19638    0.03905    0.16095
       909    2.16497    0.19748    0.03958    0.16405
       910    2.16662    0.19664    0.03917    0.16147
       911    2.16589    0.19690    0.03931    0.16280
       912    2.16498    0.19658    0.03923    0.16236
       913    2.16632    0.19659    0.03917    0.16154
       914    2.16635    0.19652    0.03914    0.16160
       915    2.16686    0.19765    0.03956    0.16313
       916    2.16622    0.19638    0.03909    0.16120
       917    2.16721    0.19672    0.03918    0.16254
       918    2.16645    0.19690    0.03929    0.16291
       919    2.16667    0.19514    0.03859    0.15997
       920    2.16701    0.19543    0.03869    0.16070
       921    2.16561    0.19822    0.03985    0.16352
       922    2.16717    0.19558    0.03874    0.15951
       923    2.16673    0.19573    0.03882    0.15986
       924    2.16544    0.19729    0.03949    0.16364
       925    2.16535    0.19657    0.03921    0.16201
       926    2.16674    0.19526    0.03863    0.15967
       927    2.16778    0.19424    0.03819    0.15833
       928    2.16642    0.19514    0.03860    0.16039
       929    2.16710    0.19445    0.03830    0.15747
       930    2.16703    0.19542    0.03868    0.16079
       931    2.16744    0.19568    0.03877    0.16037
       932    2.16581    0.19552    0.03878    0.16059
       933    2.16677    0.19566    0.03879    0.16143
       934    2.16592    0.19560    0.03880    0.15995
       935    2.16576    0.19573    0.03886    0.16124
       936    2.16688    0.19469    0.03840    0.15994
       937    2.16634    0.19628    0.03905    0.16200
       938    2.16731    0.19426    0.03822    0.15894
       939    2.16654    0.19543    0.03871    0.16088
       940    2.16717    0.19423    0.03821    0.16003
       941    2.16597    0.19588    0.03891    0.16103
       942    2.16665    0.19504    0.03855    0.16046
       943    2.16743    0.19495    0.03848    0.16015
       944    2.16689    0.19462    0.03838    0.15987
       945    2.16745    0.19334    0.03785    0.15726
       946    2.16626    0.19446    0.03834    0.15983
       947    2.16714    0.19304    0.03775    0.15756
       948    2.16716    0.19310    0.03777    0.15664
       949    2.16764    0.19406    0.03812    0.15897
       950    2.16522    0.19527    0.03870    0.16315
       951    2.16614    0.19543    0.03873    0.16171
       952    2.16665    0.19399    0.03814    0.15830
       953    2.16604    0.19440    0.03833    0.16025
       954    2.16405    0.19586    0.03899    0.16544
       955    2.16671    0.19474    0.03843    0.16009
       956    2.16587    0.19541    0.03873    0.16181
       957    2.16606    0.19561    0.03880    0.16214
       958    2.16840    0.19295    0.03766    0.15857
       959    2.16644    0.19416    0.03822    0.16020
       960    2.16801    0.19324    0.03779    0.15906
       961    2.16858    0.19109    0.03694    0.15506
       962    2.16760    0.19318    0.03778    0.15984
       963    2.16528    0.19540    0.03875    0.16270
       964    2.16534    0.19542    0.03876    0.16316
       965    2.16490    0.19528    0.03872    0.16324
       966    2.16783    0.19366    0.03796    0.15990
       967    2.16803    0.19181    0.03724    0.15692
       968    2.16569    0.19404    0.03820    0.16059
       969    2.16731    0.19298    0.03772    0.15750
       970    2.16766    0.19138    0.03709    0.15665
       971    2.16465    0.19509    0.03866    0.16417
       972    2.16717    0.19263    0.03759    0.15843
       973    2.16728    0.19314    0.03778    0.15755
       974    2.16793    0.19251    0.03751    0.15778
       975    2.16825    0.19187    0.03725    0.15709
       976    2.16872    0.19159    0.03713    0.15651
       977    2.16638    0.19304    0.03778    0.15810
       978    2.16736    0.19197    0.03733    0.15782
       979    2.16867    0.18988    0.03647    0.15346
       980    2.16755    0.19170    0.03722    0.15721
       981    2.16754    0.19178    0.03725    0.15718
       982    2.16535    0.19363    0.03806    0.16166
       983    2.16805    0.19091    0.03689    0.15433
       984    2.16757    0.19197    0.03732    0.15714
       985    2.16606    0.19365    0.03803    0.15958
       986    2.16768    0.19158    0.03716    0.15700
       987    2.16719    0.19195    0.03733    0.15811
       988    2.16796    0.19019    0.03662    0.15498
       989    2.16670    0.19184    0.03731    0.15703
       990    2.16817    0.19034    0.03667    0.15459
       991    2.16699    0.19234    0.03749    0.15827
       992    2.16628    0.19182    0.03732    0.15742
       993    2.16536    0.19367    0.03808    0.16115
       994    2.16620    0.19306    0.03780    0.16065
       995    2.16536    0.19438    0.03835    0.16264
       996    2.16623    0.19277    0.03769    0.15999
       997    2.16904    0.18954    0.03633    0.15411
       998    2.16804    0.19078    0.03684    0.15643
       999    2.16739    0.18992    0.03654    0.15526

Final Weights:        -0.1844634653        -0.5691460067         0.2583631828         0.4998365582 