# Cycles, Average Predicted Temperature, Stddev Predicted Temperature, Mean Squared Error, || MSE Gradient ||
         0    0.14195    0.08527    4.19845    7.36666
         1    0.15589    0.09289    4.14291    7.77426
         2    0.17179    0.10168    4.08021    8.23165
         3    0.18961    0.11113    4.01065    8.69513
         4    0.20986    0.12199    3.93260    9.17351
         5    0.23255    0.13460    3.84652    9.67830
         6    0.25833    0.14865    3.75031   10.19651
         7    0.28756    0.16391    3.64306   10.72744
         8    0.32046    0.18161    3.52510   11.26156
         9    0.35772    0.20145    3.39483   11.79490
        10    0.39924    0.22325    3.25374   12.30499
        11    0.44647    0.24837    3.09873   12.78620
        12    0.49892    0.27574    2.93303   13.20255
        13    0.55669    0.30513    2.75814   13.53511
        14    0.62165    0.33801    2.57141   13.77558
        15    0.69325    0.37408    2.37776   13.88094
        16    0.76814    0.41028    2.18770   13.82952
        17    0.84856    0.44882    1.99872   13.59798
        18    0.93301    0.48741    1.81555   13.20088
        19    1.02049    0.52636    1.64291   12.63571
        20    1.10571    0.56438    1.49245   11.92104
        21    1.19240    0.59935    1.35280   11.10137
        22    1.27468    0.62960    1.23271   10.24721
        23    1.35281    0.65830    1.13288    9.37196
        24    1.42312    0.68029    1.04965    8.57577
        25    1.48574    0.69741    0.98122    7.87610
        26    1.54428    0.70966    0.91951    7.24956
        27    1.59313    0.71673    0.86899    6.77037
        28    1.63904    0.72020    0.82135    6.33827
        29    1.67586    0.72164    0.78427    6.03597
        30    1.70597    0.71904    0.75052    5.79817
        31    1.73503    0.71460    0.71691    5.57261
        32    1.76051    0.70748    0.68429    5.37893
        33    1.78331    0.70065    0.65564    5.21773
        34    1.80333    0.69414    0.63071    5.07715
        35    1.81724    0.68351    0.60552    4.96723
        36    1.83429    0.67638    0.58344    4.86046
        37    1.84979    0.66405    0.55615    4.70354
        38    1.86082    0.65327    0.53458    4.60129
        39    1.87306    0.64393    0.51458    4.48829
        40    1.88381    0.63447    0.49581    4.38861
        41    1.89639    0.62442    0.47563    4.28609
        42    1.90470    0.61437    0.45838    4.19287
        43    1.91424    0.60430    0.44078    4.08854
        44    1.92352    0.59393    0.42333    3.99403
        45    1.93130    0.58410    0.40768    3.89856
        46    1.93806    0.57527    0.39400    3.83104
        47    1.94770    0.56550    0.37811    3.72898
        48    1.95473    0.55596    0.36406    3.63565
        49    1.95994    0.54692    0.35168    3.55806
        50    1.96879    0.53961    0.33976    3.48529
        51    1.97581    0.52999    0.32642    3.40322
        52    1.98133    0.52160    0.31527    3.33476
        53    1.98835    0.51367    0.30419    3.25453
        54    1.99394    0.50575    0.29390    3.18443
        55    1.99728    0.49715    0.28399    3.12497
        56    2.00284    0.48962    0.27445    3.05843
        57    2.00829    0.48264    0.26566    2.99096
        58    2.01318    0.47539    0.25697    2.92266
        59    2.01717    0.46742    0.24807    2.86759
        60    2.02252    0.46036    0.23971    2.80501
        61    2.02758    0.45324    0.23154    2.74507
        62    2.03069    0.44736    0.22525    2.69559
        63    2.03602    0.43987    0.21695    2.63034
        64    2.04103    0.43296    0.20940    2.57334
        65    2.04201    0.42738    0.20431    2.53038
        66    2.04564    0.42045    0.19738    2.47296
        67    2.04924    0.41397    0.19096    2.42320
        68    2.05257    0.40883    0.18580    2.37374
        69    2.05785    0.40382    0.18032    2.33436
        70    2.06071    0.39793    0.17486    2.28075
        71    2.06208    0.39249    0.17020    2.24624
        72    2.06604    0.38637    0.16445    2.19500
        73    2.06867    0.38161    0.16015    2.15397
        74    2.07261    0.37594    0.15493    2.10697
        75    2.07424    0.37135    0.15111    2.07500
        76    2.07650    0.36614    0.14675    2.03490
        77    2.07981    0.36062    0.14201    1.98379
        78    2.08146    0.35593    0.13829    1.95077
        79    2.08474    0.35152    0.13448    1.92109
        80    2.08709    0.34709    0.13090    1.87702
        81    2.08945    0.34255    0.12729    1.84539
        82    2.08993    0.33857    0.12448    1.81005
        83    2.09388    0.33482    0.12118    1.78109
        84    2.09483    0.32957    0.11752    1.74678
        85    2.09744    0.32543    0.11432    1.70974
        86    2.09943    0.32202    0.11175    1.68146
        87    2.10017    0.31812    0.10912    1.64965
        88    2.10131    0.31436    0.10654    1.62023
        89    2.10593    0.31076    0.10350    1.59724
        90    2.10818    0.30727    0.10098    1.56965
        91    2.10767    0.30352    0.09877    1.53760
        92    2.10892    0.29992    0.09639    1.51028
        93    2.11097    0.29571    0.09356    1.48164
        94    2.11063    0.29273    0.09186    1.45772
        95    2.11424    0.29014    0.08980    1.43167
        96    2.11497    0.28768    0.08827    1.41216
        97    2.11779    0.28455    0.08607    1.38504
        98    2.11570    0.28041    0.08403    1.35771
        99    2.11981    0.27786    0.08202    1.33378
       100    2.11987    0.27540    0.08065    1.31509
       101    2.12206    0.27270    0.07887    1.29256
       102    2.12180    0.27042    0.07767    1.27007
       103    2.12392    0.26693    0.07551    1.24985
       104    2.12578    0.26417    0.07381    1.22668
       105    2.12585    0.26154    0.07241    1.20698
       106    2.12635    0.25931    0.07119    1.18469
       107    2.12928    0.25648    0.06937    1.16383
       108    2.12981    0.25365    0.06786    1.14357
       109    2.13110    0.25172    0.06674    1.12486
       110    2.13078    0.24980    0.06581    1.10952
       111    2.13321    0.24696    0.06412    1.08788
       112    2.13329    0.24582    0.06355    1.07606
       113    2.13423    0.24266    0.06190    1.05130
       114    2.13575    0.24134    0.06110    1.03943
       115    2.13506    0.23909    0.06010    1.02000
       116    2.13804    0.23721    0.05889    1.00681
       117    2.13760    0.23610    0.05840    0.99505
       118    2.13771    0.23256    0.05674    0.97256
       119    2.13898    0.23235    0.05651    0.95791
       120    2.13894    0.22923    0.05507    0.94072
       121    2.14031    0.22837    0.05454    0.93142
       122    2.14114    0.22532    0.05308    0.91018
       123    2.14189    0.22427    0.05253    0.89596
       124    2.14245    0.22291    0.05187    0.88593
       125    2.14355    0.22134    0.05107    0.87536
       126    2.14530    0.21893    0.04986    0.85781
       127    2.14528    0.21769    0.04932    0.84353
       128    2.14358    0.21687    0.04911    0.83105
       129    2.14610    0.21497    0.04807    0.81917
       130    2.14639    0.21362    0.04747    0.80832
       131    2.14727    0.21263    0.04697    0.79597
       132    2.14776    0.21162    0.04650    0.78480
       133    2.14828    0.20996    0.04576    0.77180
       134    2.14948    0.20704    0.04444    0.75656
       135    2.14856    0.20670    0.04438    0.74823
       136    2.15073    0.20512    0.04355    0.73593
       137    2.14968    0.20505    0.04361    0.72570
       138    2.15021    0.20392    0.04310    0.71348
       139    2.15276    0.20160    0.04197    0.70570
       140    2.15240    0.20151    0.04196    0.69448
       141    2.15262    0.20063    0.04159    0.68386
       142    2.15355    0.19813    0.04052    0.67082
       143    2.15314    0.19672    0.04000    0.66511
       144    2.15344    0.19656    0.03991    0.65133
       145    2.15393    0.19609    0.03969    0.64476
       146    2.15462    0.19476    0.03913    0.63301
       147    2.15483    0.19376    0.03872    0.62409
       148    2.15355    0.19363    0.03876    0.61474
       149    2.15620    0.19191    0.03792    0.60786
       150    2.15675    0.19000    0.03715    0.59506
       151    2.15590    0.18977    0.03712    0.58866
       152    2.15618    0.18971    0.03708    0.58174
       153    2.15744    0.18760    0.03620    0.57017
       154    2.15702    0.18775    0.03629    0.56214
       155    2.15922    0.18594    0.03547    0.55452
       156    2.15790    0.18697    0.03594    0.55082
       157    2.16040    0.18458    0.03490    0.54236
       158    2.15836    0.18436    0.03494    0.53365
       159    2.15926    0.18277    0.03430    0.52804
       160    2.15946    0.18198    0.03400    0.51596
       161    2.15811    0.18366    0.03469    0.51300
       162    2.16016    0.18309    0.03437    0.50452
       163    2.16055    0.18083    0.03352    0.49524
       164    2.16201    0.18001    0.03314    0.48851
       165    2.16094    0.17994    0.03318    0.47853
       166    2.16081    0.17843    0.03264    0.47628
       167    2.16232    0.17785    0.03235    0.47192
       168    2.16202    0.17827    0.03252    0.46302
       169    2.16248    0.17750    0.03222    0.45703
       170    2.16142    0.17755    0.03229    0.45097
       171    2.16162    0.17689    0.03205    0.44499
       172    2.16308    0.17652    0.03184    0.43535
       173    2.16289    0.17564    0.03154    0.43019
       174    2.16375    0.17440    0.03106    0.42052
       175    2.16398    0.17363    0.03078    0.41931
       176    2.16505    0.17235    0.03029    0.41605
       177    2.16347    0.17336    0.03071    0.40871
       178    2.16425    0.17349    0.03072    0.40394
       179    2.16409    0.17276    0.03048    0.39957
       180    2.16367    0.17261    0.03045    0.39382
       181    2.16515    0.17145    0.02997    0.38330
       182    2.16540    0.17164    0.03003    0.38362
       183    2.16601    0.17092    0.02975    0.37494
       184    2.16486    0.17182    0.03012    0.37353
       185    2.16613    0.16901    0.02909    0.36467
       186    2.16526    0.17046    0.02963    0.36173
       187    2.16638    0.17041    0.02956    0.36144
       188    2.16666    0.16894    0.02905    0.34991
       189    2.16516    0.17029    0.02958    0.34813
       190    2.16635    0.16909    0.02911    0.33851
       191    2.16616    0.16993    0.02941    0.33909
       192    2.16576    0.16928    0.02920    0.33323
       193    2.16639    0.16877    0.02900    0.32935
       194    2.16620    0.16849    0.02892    0.32092
       195    2.16784    0.16816    0.02873    0.32176
       196    2.16854    0.16755    0.02850    0.31404
       197    2.16901    0.16730    0.02840    0.31618
       198    2.16711    0.16674    0.02829    0.30961
       199    2.16886    0.16639    0.02810    0.30574
       200    2.16884    0.16602    0.02798    0.30238
       201    2.16852    0.16502    0.02766    0.29836
       202    2.16842    0.16550    0.02782    0.29101
       203    2.16739    0.16511    0.02774    0.29033
       204    2.17014    0.16477    0.02751    0.28793
       205    2.16854    0.16479    0.02758    0.27997
       206    2.17022    0.16446    0.02741    0.27826
       207    2.16850    0.16387    0.02728    0.27231
       208    2.16822    0.16416    0.02739    0.27519
       209    2.17087    0.16265    0.02679    0.26446
       210    2.16857    0.16428    0.02741    0.26423
       211    2.17053    0.16374    0.02716    0.25912
       212    2.16911    0.16442    0.02744    0.25506
       213    2.16853    0.16425    0.02741    0.25629
       214    2.17183    0.16116    0.02627    0.24884
       215    2.17007    0.16232    0.02671    0.24773
       216    2.16973    0.16343    0.02709    0.24156
       217    2.17136    0.16167    0.02645    0.24118
       218    2.17108    0.16238    0.02670    0.24143
       219    2.17079    0.16168    0.02648    0.23502
       220    2.17093    0.16152    0.02642    0.23161
       221    2.17029    0.16341    0.02706    0.22979
       222    2.17209    0.16011    0.02593    0.22244
       223    2.17094    0.16062    0.02613    0.22726
       224    2.16960    0.16107    0.02633    0.22446
       225    2.17085    0.16149    0.02641    0.21763
       226    2.17170    0.16077    0.02615    0.21172
       227    2.17033    0.16222    0.02667    0.21295
       228    2.17147    0.16130    0.02633    0.20932
       229    2.17051    0.16182    0.02653    0.20533
       230    2.17224    0.16183    0.02648    0.20643
       231    2.17157    0.16130    0.02633    0.20239
       232    2.17120    0.16167    0.02646    0.19979
       233    2.17322    0.16066    0.02607    0.20121
       234    2.17126    0.16000    0.02592    0.19494
       235    2.17179    0.16176    0.02647    0.19471
       236    2.17321    0.15941    0.02567    0.19185
       237    2.17308    0.15952    0.02571    0.19045
       238    2.17235    0.15948    0.02572    0.18267
       239    2.17299    0.15958    0.02573    0.18456
       240    2.17211    0.15927    0.02566    0.18176
       241    2.17358    0.15908    0.02555    0.17759
       242    2.17340    0.15914    0.02557    0.17670
       243    2.17282    0.15897    0.02554    0.17566
       244    2.17206    0.15939    0.02570    0.17488
       245    2.17210    0.15975    0.02581    0.17026
       246    2.17198    0.16046    0.02604    0.17240
       247    2.17257    0.15913    0.02560    0.16895
       248    2.17244    0.15865    0.02545    0.16447
       249    2.17356    0.15856    0.02538    0.16270
       250    2.17410    0.15843    0.02533    0.16013
       251    2.17332    0.15923    0.02561    0.15624
       252    2.17455    0.15722    0.02493    0.15862
       253    2.17329    0.15848    0.02537    0.15385
       254    2.17332    0.15953    0.02570    0.15316
       255    2.17451    0.15892    0.02547    0.15373
       256    2.17311    0.15852    0.02539    0.15200
       257    2.17400    0.15780    0.02513    0.14821
       258    2.17446    0.15713    0.02491    0.14747
       259    2.17297    0.15843    0.02536    0.14815
       260    2.17366    0.15803    0.02522    0.14504
       261    2.17592    0.15733    0.02493    0.14578
       262    2.17382    0.15781    0.02514    0.14248
       263    2.17434    0.15789    0.02515    0.13570
       264    2.17250    0.15858    0.02542    0.14363
       265    2.17475    0.15730    0.02495    0.13710
       266    2.17425    0.15825    0.02526    0.13109
       267    2.17447    0.15763    0.02506    0.13184
       268    2.17528    0.15642    0.02466    0.12934
       269    2.17369    0.15868    0.02542    0.12897
       270    2.17342    0.15916    0.02558    0.12889
       271    2.17432    0.15802    0.02519    0.12513
       272    2.17481    0.15825    0.02525    0.12543
       273    2.17521    0.15727    0.02493    0.12640
       274    2.17567    0.15740    0.02496    0.12639
       275    2.17448    0.15680    0.02480    0.12122
       276    2.17384    0.15794    0.02518    0.12154
       277    2.17661    0.15557    0.02436    0.12391
       278    2.17409    0.15637    0.02468    0.12142
       279    2.17515    0.15661    0.02472    0.11478
       280    2.17506    0.15778    0.02509    0.11535
       281    2.17474    0.15716    0.02491    0.11420
       282    2.17472    0.15654    0.02471    0.11440
       283    2.17527    0.15691    0.02481    0.10900
       284    2.17472    0.15785    0.02513    0.10998
       285    2.17541    0.15681    0.02478    0.10833
       286    2.17508    0.15814    0.02521    0.11137
       287    2.17547    0.15656    0.02470    0.10634
       288    2.17531    0.15676    0.02477    0.10434
       289    2.17523    0.15703    0.02485    0.10780
       290    2.17607    0.15592    0.02448    0.10589
       291    2.17678    0.15574    0.02441    0.10547
       292    2.17641    0.15635    0.02461    0.10277
       293    2.17572    0.15559    0.02439    0.09904
       294    2.17539    0.15607    0.02455    0.10261
       295    2.17548    0.15575    0.02444    0.09980
       296    2.17538    0.15607    0.02455    0.09825
       297    2.17664    0.15567    0.02439    0.09828
       298    2.17559    0.15582    0.02447    0.09510
       299    2.17585    0.15522    0.02427    0.09693
       300    2.17539    0.15667    0.02474    0.09784
       301    2.17607    0.15597    0.02450    0.09405
       302    2.17557    0.15639    0.02464    0.09305
       303    2.17570    0.15599    0.02452    0.09355
       304    2.17614    0.15560    0.02438    0.09227
       305    2.17425    0.15606    0.02458    0.09998
       306    2.17443    0.15814    0.02523    0.09800
       307    2.17706    0.15530    0.02427    0.09041
       308    2.17691    0.15515    0.02422    0.08925
       309    2.17544    0.15623    0.02460    0.08854
       310    2.17633    0.15581    0.02444    0.08765
       311    2.17616    0.15671    0.02473    0.08370
       312    2.17774    0.15427    0.02393    0.08957
       313    2.17505    0.15658    0.02472    0.08836
       314    2.17570    0.15561    0.02440    0.08452
       315    2.17493    0.15749    0.02501    0.08946
       316    2.17628    0.15590    0.02447    0.08159
       317    2.17665    0.15502    0.02419    0.08229
       318    2.17704    0.15577    0.02441    0.08034
       319    2.17526    0.15639    0.02465    0.08530
       320    2.17554    0.15717    0.02489    0.08280
       321    2.17640    0.15603    0.02451    0.07846
       322    2.17650    0.15490    0.02415    0.07609
       323    2.17594    0.15775    0.02506    0.07992
       324    2.17583    0.15696    0.02482    0.08057
       325    2.17811    0.15439    0.02396    0.08226
       326    2.17544    0.15618    0.02458    0.08009
       327    2.17614    0.15680    0.02476    0.07731
       328    2.17698    0.15551    0.02433    0.07590
       329    2.17705    0.15537    0.02429    0.07802
       330    2.17527    0.15633    0.02463    0.08012
       331    2.17719    0.15525    0.02425    0.07626
       332    2.17746    0.15620    0.02454    0.07447
       333    2.17651    0.15695    0.02479    0.07445
       334    2.17613    0.15759    0.02501    0.07274
       335    2.17650    0.15497    0.02418    0.07342
       336    2.17802    0.15502    0.02416    0.07384
       337    2.17644    0.15603    0.02451    0.07337
       338    2.17568    0.15638    0.02464    0.07399
       339    2.17661    0.15525    0.02426    0.07165
       340    2.17622    0.15652    0.02467    0.07289
       341    2.17778    0.15599    0.02446    0.07436
       342    2.17737    0.15500    0.02416    0.07042
       343    2.17611    0.15609    0.02453    0.06981
       344    2.17606    0.15561    0.02439    0.07077
       345    2.17598    0.15600    0.02451    0.07101
       346    2.17789    0.15482    0.02410    0.07140
       347    2.17798    0.15473    0.02407    0.06984
       348    2.17677    0.15576    0.02442    0.06567
       349    2.17635    0.15572    0.02441    0.06655
       350    2.17749    0.15527    0.02425    0.06757
       351    2.17745    0.15533    0.02427    0.06719
       352    2.17734    0.15472    0.02408    0.06532
       353    2.17625    0.15566    0.02440    0.06732
       354    2.17718    0.15528    0.02426    0.06187
       355    2.17653    0.15639    0.02462    0.06674
       356    2.17667    0.15594    0.02447    0.06430
       357    2.17665    0.15608    0.02452    0.06478
       358    2.17670    0.15574    0.02441    0.06507
       359    2.17763    0.15535    0.02427    0.06258
       360    2.17702    0.15473    0.02409    0.06446
       361    2.17681    0.15691    0.02478    0.06465
       362    2.17783    0.15430    0.02394    0.06522
       363    2.17733    0.15633    0.02458    0.06060
       364    2.17770    0.15532    0.02426    0.06243
       365    2.17660    0.15622    0.02456    0.06124
       366    2.17616    0.15571    0.02442    0.06571
       367    2.17802    0.15603    0.02447    0.06311
       368    2.17812    0.15466    0.02404    0.06177
       369    2.17727    0.15522    0.02424    0.06056
       370    2.17764    0.15451    0.02401    0.05932
       371    2.17667    0.15575    0.02441    0.06284
       372    2.17647    0.15631    0.02459    0.06412
       373    2.17738    0.15468    0.02407    0.05870
       374    2.17839    0.15422    0.02390    0.06377
       375    2.17743    0.15424    0.02393    0.05828
       376    2.17738    0.15508    0.02419    0.05930
       377    2.17730    0.15542    0.02430    0.05731
       378    2.17765    0.15438    0.02397    0.05882
       379    2.17774    0.15418    0.02390    0.05701
       380    2.17612    0.15637    0.02462    0.06359
       381    2.17878    0.15465    0.02403    0.06337
       382    2.17736    0.15455    0.02403    0.05686
       383    2.17824    0.15435    0.02394    0.06125
       384    2.17777    0.15480    0.02409    0.05602
       385    2.17624    0.15545    0.02433    0.06340
       386    2.17758    0.15521    0.02422    0.05658
       387    2.17788    0.15449    0.02400    0.05581
       388    2.17600    0.15578    0.02444    0.06527
       389    2.17695    0.15577    0.02441    0.05717
       390    2.17835    0.15586    0.02441    0.06095
       391    2.17712    0.15512    0.02421    0.05644
       392    2.17833    0.15436    0.02395    0.05951
       393    2.17724    0.15567    0.02438    0.05638
       394    2.17804    0.15483    0.02410    0.05529
       395    2.17694    0.15499    0.02417    0.05714
       396    2.17710    0.15504    0.02418    0.05617
       397    2.17811    0.15433    0.02394    0.05471
       398    2.17739    0.15458    0.02403    0.05521
       399    2.17696    0.15587    0.02445    0.05726
       400    2.17788    0.15476    0.02408    0.05663
       401    2.17728    0.15526    0.02425    0.05420
       402    2.17781    0.15458    0.02403    0.05319
       403    2.17737    0.15549    0.02432    0.05407
       404    2.17753    0.15497    0.02415    0.05549
       405    2.17803    0.15501    0.02415    0.05632
       406    2.17864    0.15479    0.02407    0.06040
       407    2.17963    0.15295    0.02348    0.06480
       408    2.17649    0.15537    0.02430    0.06059
       409    2.17786    0.15391    0.02382    0.05156
       410    2.17722    0.15534    0.02427    0.05368
       411    2.17769    0.15385    0.02380    0.05383
       412    2.17824    0.15385    0.02379    0.05415
       413    2.17720    0.15407    0.02388    0.05454
       414    2.17742    0.15579    0.02441    0.05374
       415    2.17740    0.15561    0.02435    0.05439
       416    2.17757    0.15498    0.02415    0.05329
       417    2.17671    0.15681    0.02474    0.05683
       418    2.17787    0.15546    0.02430    0.05292
       419    2.17886    0.15370    0.02373    0.05796
       420    2.17727    0.15476    0.02409    0.05302
       421    2.17796    0.15511    0.02418    0.05199
       422    2.17819    0.15443    0.02397    0.05360
       423    2.17744    0.15511    0.02420    0.05287
       424    2.17848    0.15507    0.02416    0.05390
       425    2.17809    0.15424    0.02391    0.05327
       426    2.17993    0.15203    0.02320    0.06308
       427    2.17805    0.15304    0.02354    0.05092
       428    2.17714    0.15469    0.02408    0.05422
       429    2.17710    0.15417    0.02392    0.05568
       430    2.17864    0.15386    0.02379    0.05377
       431    2.17806    0.15340    0.02366    0.05171
       432    2.17769    0.15429    0.02394    0.05150
       433    2.17739    0.15434    0.02396    0.05300
       434    2.17819    0.15394    0.02382    0.05031
       435    2.17895    0.15389    0.02379    0.05588
       436    2.17781    0.15464    0.02404    0.05130
       437    2.17719    0.15475    0.02409    0.05517
       438    2.17739    0.15526    0.02425    0.05184
       439    2.17898    0.15329    0.02360    0.05314
       440    2.17715    0.15481    0.02411    0.05475
       441    2.17764    0.15497    0.02415    0.05081
       442    2.17873    0.15388    0.02379    0.05336
       443    2.17787    0.15481    0.02409    0.05104
       444    2.17892    0.15386    0.02378    0.05368
       445    2.17838    0.15426    0.02391    0.05203
       446    2.17621    0.15628    0.02459    0.06320
       447    2.17797    0.15437    0.02396    0.05132
       448    2.17817    0.15475    0.02407    0.05053
       449    2.17796    0.15458    0.02402    0.05119
       450    2.17869    0.15304    0.02353    0.05051
       451    2.17818    0.15450    0.02399    0.05061
       452    2.17805    0.15512    0.02419    0.05208
       453    2.17759    0.15433    0.02395    0.05191
       454    2.17763    0.15500    0.02416    0.05134
       455    2.17965    0.15270    0.02341    0.05774
       456    2.17666    0.15612    0.02453    0.05846
       457    2.17761    0.15408    0.02387    0.05062
       458    2.17767    0.15526    0.02424    0.05103
       459    2.17701    0.15456    0.02404    0.05590
       460    2.17931    0.15322    0.02357    0.05690
       461    2.17750    0.15524    0.02424    0.05161
       462    2.17737    0.15463    0.02405    0.05204
       463    2.17911    0.15318    0.02357    0.05219
       464    2.17892    0.15325    0.02359    0.05144
       465    2.17840    0.15382    0.02378    0.04926
       466    2.17811    0.15363    0.02372    0.04945
       467    2.17838    0.15442    0.02396    0.05004
       468    2.17722    0.15524    0.02424    0.05390
       469    2.17889    0.15346    0.02366    0.05126
       470    2.17654    0.15552    0.02435    0.05989
       471    2.17694    0.15523    0.02425    0.05613
       472    2.17818    0.15447    0.02398    0.04914
       473    2.17869    0.15493    0.02411    0.05372
       474    2.17888    0.15299    0.02351    0.05142
       475    2.17779    0.15456    0.02402    0.05058
       476    2.17807    0.15427    0.02392    0.05005
       477    2.17930    0.15201    0.02321    0.05251
       478    2.17677    0.15472    0.02409    0.05904
       479    2.17950    0.15197    0.02319    0.05543
       480    2.17835    0.15413    0.02387    0.04990
       481    2.17791    0.15470    0.02406    0.04931
       482    2.17818    0.15332    0.02363    0.04787
       483    2.17621    0.15572    0.02442    0.06457
       484    2.17761    0.15447    0.02400    0.05173
       485    2.17905    0.15471    0.02404    0.05521
       486    2.17889    0.15402    0.02383    0.05192
       487    2.17840    0.15489    0.02411    0.04930
       488    2.17800    0.15349    0.02369    0.04896
       489    2.17753    0.15510    0.02419    0.05144
       490    2.17821    0.15520    0.02421    0.05168
       491    2.17793    0.15401    0.02385    0.04854
       492    2.17876    0.15474    0.02405    0.05104
       493    2.17870    0.15471    0.02404    0.05119
       494    2.17735    0.15437    0.02397    0.05243
       495    2.17824    0.15381    0.02378    0.04902
       496    2.17832    0.15393    0.02381    0.05029
       497    2.17810    0.15422    0.02391    0.04923
       498    2.17884    0.15484    0.02408    0.05271
       499    2.17817    0.15478    0.02408    0.04908
       500    2.17800    0.15451    0.02400    0.04944
       501    2.17796    0.15372    0.02375    0.04891
       502    2.17804    0.15501    0.02415    0.04960
       503    2.17905    0.15340    0.02363    0.05209
       504    2.17845    0.15445    0.02397    0.04922
       505    2.17819    0.15415    0.02388    0.04905
       506    2.17813    0.15467    0.02405    0.04999
       507    2.17968    0.15225    0.02327    0.05674
       508    2.17739    0.15398    0.02385    0.05359
       509    2.17767    0.15469    0.02406    0.05105
       510    2.17737    0.15466    0.02406    0.05299
       511    2.17837    0.15327    0.02361    0.04857
       512    2.17904    0.15280    0.02345    0.05034
       513    2.17784    0.15413    0.02388    0.04999
       514    2.17701    0.15529    0.02426    0.05556
       515    2.17662    0.15473    0.02410    0.06018
       516    2.17995    0.15191    0.02316    0.05833
       517    2.17759    0.15470    0.02407    0.05156
       518    2.17874    0.15394    0.02381    0.04974
       519    2.17705    0.15574    0.02440    0.05473
       520    2.17965    0.15311    0.02353    0.05627
       521    2.17879    0.15307    0.02354    0.04938
       522    2.17792    0.15506    0.02417    0.04912
       523    2.17861    0.15406    0.02385    0.04949
       524    2.17749    0.15481    0.02410    0.05215
       525    2.17916    0.15304    0.02352    0.05016
       526    2.17886    0.15357    0.02369    0.04948
       527    2.17888    0.15368    0.02372    0.04930
       528    2.17581    0.15537    0.02432    0.07291
       529    2.18001    0.15201    0.02319    0.05853
       530    2.17791    0.15400    0.02384    0.04946
       531    2.17784    0.15486    0.02411    0.05022
       532    2.17861    0.15393    0.02381    0.04939
       533    2.17866    0.15391    0.02380    0.04872
       534    2.17811    0.15352    0.02369    0.04904
       535    2.17904    0.15388    0.02378    0.05070
       536    2.17809    0.15421    0.02390    0.04901
       537    2.17869    0.15335    0.02363    0.04866
       538    2.17783    0.15373    0.02376    0.05005
       539    2.17793    0.15365    0.02374    0.04854
       540    2.17970    0.15374    0.02373    0.05789
       541    2.17755    0.15493    0.02414    0.05134
       542    2.17839    0.15391    0.02380    0.04781
       543    2.17820    0.15339    0.02365    0.04876
       544    2.17742    0.15415    0.02390    0.05278
       545    2.17880    0.15275    0.02344    0.04822
       546    2.17807    0.15421    0.02390    0.04925
       547    2.17762    0.15393    0.02383    0.05245
       548    2.17876    0.15365    0.02372    0.04912
       549    2.17808    0.15474    0.02407    0.04958
       550    2.17895    0.15386    0.02378    0.05064
       551    2.17779    0.15425    0.02392    0.04974
       552    2.17716    0.15529    0.02426    0.05516
       553    2.17901    0.15389    0.02379    0.05150
       554    2.17963    0.15288    0.02346    0.05450
       555    2.17788    0.15468    0.02405    0.04895
       556    2.17849    0.15240    0.02334    0.04652
       557    2.17746    0.15455    0.02402    0.05148
       558    2.17900    0.15381    0.02376    0.05122
       559    2.18025    0.15157    0.02305    0.05961
       560    2.17812    0.15372    0.02375    0.04871
       561    2.17777    0.15438    0.02396    0.05017
       562    2.17794    0.15376    0.02377    0.04914
       563    2.17828    0.15375    0.02376    0.04783
       564    2.17967    0.15302    0.02351    0.05557
       565    2.17956    0.15067    0.02279    0.04974
       566    2.17752    0.15403    0.02386    0.05250
       567    2.17800    0.15416    0.02389    0.04852
       568    2.17951    0.15272    0.02342    0.05413
       569    2.17784    0.15374    0.02377    0.04980
       570    2.17788    0.15363    0.02373    0.04945
       571    2.18034    0.15118    0.02293    0.06035
       572    2.17769    0.15335    0.02365    0.05076
       573    2.17692    0.15497    0.02417    0.05835
       574    2.17873    0.15423    0.02390    0.04977
       575    2.17859    0.15340    0.02364    0.04832
       576    2.17973    0.15181    0.02314    0.05325
       577    2.17831    0.15385    0.02379    0.04876
       578    2.17848    0.15239    0.02334    0.04713
       579    2.17836    0.15369    0.02374    0.04791
       580    2.17865    0.15292    0.02349    0.04797
       581    2.17792    0.15347    0.02368    0.05021
       582    2.17817    0.15290    0.02350    0.04847
       583    2.17706    0.15387    0.02382    0.05702
       584    2.17758    0.15397    0.02384    0.05143
       585    2.17936    0.15275    0.02343    0.05140
       586    2.17823    0.15324    0.02360    0.04797
       587    2.17829    0.15343    0.02366    0.04787
       588    2.17788    0.15354    0.02370    0.04938
       589    2.17768    0.15355    0.02371    0.05082
       590    2.17931    0.15297    0.02350    0.05110
       591    2.17733    0.15434    0.02396    0.05297
       592    2.17918    0.15347    0.02365    0.05035
       593    2.17806    0.15289    0.02350    0.04885
       594    2.17838    0.15391    0.02381    0.04862
       595    2.17949    0.15316    0.02355    0.05440
       596    2.17863    0.15384    0.02378    0.04897
       597    2.17860    0.15334    0.02363    0.04807
       598    2.17897    0.15319    0.02357    0.04918
       599    2.17804    0.15312    0.02357    0.04870
       600    2.17867    0.15379    0.02376    0.04872
       601    2.17796    0.15293    0.02351    0.04884
       602    2.17882    0.15307    0.02354    0.04842
       603    2.17971    0.15137    0.02300    0.05109
       604    2.17851    0.15283    0.02347    0.04752
       605    2.17920    0.15259    0.02338    0.05053
       606    2.17739    0.15452    0.02402    0.05254
       607    2.17829    0.15354    0.02369    0.04789
       608    2.17788    0.15393    0.02382    0.04966
       609    2.17916    0.15234    0.02331    0.04899
       610    2.17650    0.15484    0.02414    0.06460
       611    2.17782    0.15413    0.02389    0.05017
       612    2.17954    0.15382    0.02375    0.05474
       613    2.17765    0.15316    0.02359    0.05092
       614    2.17844    0.15242    0.02335    0.04706
       615    2.17756    0.15562    0.02435    0.05197
       616    2.17976    0.15315    0.02354    0.05625
       617    2.17881    0.15300    0.02352    0.04793
       618    2.17865    0.15286    0.02348    0.04744
       619    2.17941    0.15169    0.02310    0.05007
       620    2.17875    0.15312    0.02355    0.04854
       621    2.17958    0.15259    0.02338    0.05336
       622    2.17827    0.15155    0.02309    0.04767
       623    2.17838    0.15317    0.02358    0.04797
       624    2.17786    0.15322    0.02360    0.04974
       625    2.17733    0.15314    0.02359    0.05399
       626    2.17744    0.15357    0.02372    0.05307
       627    2.17980    0.15239    0.02331    0.05636
       628    2.17861    0.15245    0.02335    0.04735
       629    2.17841    0.15290    0.02350    0.04777
       630    2.17854    0.15299    0.02352    0.04768
       631    2.17823    0.15254    0.02339    0.04746
       632    2.17879    0.15276    0.02344    0.04737
       633    2.17861    0.15289    0.02349    0.04759
       634    2.17840    0.15245    0.02336    0.04766
       635    2.17766    0.15339    0.02366    0.05171
       636    2.17920    0.15362    0.02370    0.05159
       637    2.17830    0.15196    0.02321    0.04795
       638    2.17812    0.15262    0.02342    0.04827
       639    2.17820    0.15305    0.02355    0.04773
       640    2.17865    0.15292    0.02349    0.04783
       641    2.17723    0.15461    0.02405    0.05503
       642    2.17922    0.15333    0.02361    0.05067
       643    2.17947    0.15271    0.02342    0.05168
       644    2.17662    0.15424    0.02395    0.06253
       645    2.17887    0.15373    0.02374    0.04895
       646    2.17888    0.15292    0.02349    0.04785
       647    2.17892    0.15374    0.02374    0.04959
       648    2.17967    0.15278    0.02343    0.05399
       649    2.17801    0.15349    0.02368    0.04919
       650    2.17851    0.15171    0.02313    0.04683
       651    2.17819    0.15285    0.02348    0.04765
       652    2.17972    0.15283    0.02345    0.05521
       653    2.17807    0.15334    0.02364    0.04830
       654    2.17801    0.15354    0.02370    0.04954
       655    2.17754    0.15399    0.02385    0.05337
       656    2.17793    0.15390    0.02381    0.04898
       657    2.17965    0.15197    0.02318    0.05136
       658    2.17843    0.15393    0.02381    0.04850
       659    2.17927    0.15198    0.02319    0.04907
       660    2.17875    0.15344    0.02365    0.04884
       661    2.17832    0.15316    0.02358    0.04789
       662    2.17753    0.15328    0.02363    0.05278
       663    2.17941    0.15273    0.02342    0.05119
       664    2.17900    0.15254    0.02337    0.04771
       665    2.17838    0.15297    0.02352    0.04793
       666    2.17737    0.15419    0.02391    0.05309
       667    2.17839    0.15349    0.02368    0.04830
       668    2.17877    0.15301    0.02352    0.04813
       669    2.17843    0.15256    0.02339    0.04680
       670    2.17858    0.15229    0.02330    0.04677
       671    2.17961    0.15136    0.02300    0.05091
       672    2.17838    0.15384    0.02378    0.04863
       673    2.17861    0.15318    0.02358    0.04740
       674    2.17924    0.15244    0.02334    0.04971
       675    2.17924    0.15199    0.02320    0.04866
       676    2.17906    0.15294    0.02349    0.04916
       677    2.17849    0.15258    0.02339    0.04691
       678    2.17889    0.15229    0.02330    0.04756
       679    2.17802    0.15194    0.02321    0.04818
       680    2.17870    0.15287    0.02348    0.04797
       681    2.17859    0.15149    0.02306    0.04663
       682    2.17756    0.15256    0.02341    0.05289
       683    2.17871    0.15218    0.02327    0.04746
       684    2.17821    0.15251    0.02338    0.04776
       685    2.17760    0.15330    0.02364    0.05123
       686    2.17916    0.15242    0.02333    0.04895
       687    2.17832    0.15386    0.02379    0.04796
       688    2.17753    0.15366    0.02375    0.05269
       689    2.17771    0.15399    0.02385    0.05136
       690    2.17827    0.15411    0.02387    0.04843
       691    2.17877    0.15289    0.02348    0.04794
       692    2.17880    0.15306    0.02354    0.04844
       693    2.17953    0.15165    0.02309    0.05058
       694    2.17908    0.15179    0.02314    0.04777
       695    2.17888    0.15311    0.02355    0.04795
       696    2.17815    0.15272    0.02345    0.04751
       697    2.17914    0.15192    0.02318    0.04835
       698    2.17665    0.15469    0.02409    0.06069
       699    2.17852    0.15346    0.02366    0.04805
       700    2.17807    0.15261    0.02341    0.04916
       701    2.17890    0.15285    0.02347    0.04825
       702    2.17990    0.15189    0.02316    0.05436
       703    2.17898    0.15225    0.02328    0.04827
       704    2.17824    0.15292    0.02350    0.04818
       705    2.17887    0.15193    0.02319    0.04663
       706    2.17961    0.15246    0.02334    0.05296
       707    2.17854    0.15147    0.02306    0.04646
       708    2.17795    0.15193    0.02321    0.04954
       709    2.17829    0.15262    0.02341    0.04786
       710    2.17703    0.15303    0.02357    0.05879
       711    2.17895    0.15272    0.02343    0.04868
       712    2.17849    0.15357    0.02370    0.04791
       713    2.17957    0.15201    0.02320    0.05287
       714    2.17920    0.15216    0.02325    0.04877
       715    2.17962    0.15093    0.02287    0.04979
       716    2.17946    0.15169    0.02310    0.05059
       717    2.17807    0.15197    0.02322    0.04931
       718    2.17824    0.15218    0.02328    0.04798
       719    2.17869    0.15198    0.02321    0.04718
       720    2.17806    0.15346    0.02367    0.04859
       721    2.17818    0.15280    0.02347    0.04767
       722    2.17771    0.15321    0.02361    0.05117
       723    2.17855    0.15295    0.02351    0.04754
       724    2.17971    0.15082    0.02284    0.05095
       725    2.17769    0.15347    0.02369    0.05108
       726    2.17737    0.15268    0.02345    0.05460
       727    2.17880    0.15269    0.02342    0.04745
       728    2.17763    0.15353    0.02371    0.05138
       729    2.17912    0.15364    0.02371    0.05134
       730    2.17935    0.15252    0.02336    0.05098
       731    2.17920    0.15210    0.02324    0.04829
       732    2.17815    0.15204    0.02324    0.04763
       733    2.17667    0.15404    0.02389    0.06476
       734    2.17856    0.15266    0.02342    0.04673
       735    2.17887    0.15351    0.02367    0.04884
       736    2.17914    0.15314    0.02355    0.04980
       737    2.17890    0.15244    0.02334    0.04851
       738    2.17909    0.15253    0.02337    0.04891
       739    2.17922    0.15171    0.02312    0.04804
       740    2.17823    0.15153    0.02308    0.04747
       741    2.17839    0.15294    0.02351    0.04735
       742    2.17836    0.15325    0.02360    0.04752
       743    2.17965    0.15055    0.02275    0.04973
       744    2.17772    0.15203    0.02324    0.05116
       745    2.17835    0.15156    0.02309    0.04763
       746    2.17865    0.15244    0.02335    0.04696
       747    2.17924    0.15219    0.02326    0.04964
       748    2.17949    0.15244    0.02333    0.05091
       749    2.17828    0.15167    0.02312    0.04759
       750    2.17757    0.15307    0.02356    0.05252
       751    2.17993    0.15128    0.02297    0.05332
       752    2.17869    0.15197    0.02320    0.04648
       753    2.17855    0.15173    0.02314    0.04629
       754    2.17876    0.15218    0.02327    0.04693
       755    2.17904    0.15120    0.02296    0.04672
       756    2.17864    0.15102    0.02292    0.04603
       757    2.17848    0.15186    0.02318    0.04679
       758    2.17916    0.15067    0.02280    0.04607
       759    2.17870    0.15197    0.02320    0.04699
       760    2.17791    0.15245    0.02337    0.04990
       761    2.17873    0.15168    0.02311    0.04626
       762    2.17864    0.15317    0.02357    0.04804
       763    2.18039    0.15124    0.02295    0.05989
       764    2.17747    0.15304    0.02356    0.05418
       765    2.17928    0.15059    0.02278    0.04736
       766    2.17925    0.15190    0.02317    0.04909
       767    2.17813    0.15182    0.02317    0.04851
       768    2.17725    0.15268    0.02345    0.05734
       769    2.17836    0.15255    0.02339    0.04701
       770    2.17860    0.15198    0.02321    0.04631
       771    2.17891    0.15308    0.02354    0.04774
       772    2.17798    0.15218    0.02328    0.04964
       773    2.18087    0.15132    0.02297    0.06793
       774    2.17831    0.15198    0.02322    0.04740
       775    2.17948    0.15094    0.02288    0.05062
       776    2.17761    0.15224    0.02331    0.05266
       777    2.17778    0.15253    0.02340    0.05129
       778    2.17970    0.15088    0.02285    0.05007
       779    2.17735    0.15205    0.02326    0.05631
       780    2.17797    0.15307    0.02356    0.04912
       781    2.17874    0.15282    0.02346    0.04842
       782    2.17855    0.15211    0.02325    0.04700
       783    2.17717    0.15373    0.02378    0.05698
       784    2.18002    0.15141    0.02301    0.05524
       785    2.17949    0.15110    0.02293    0.04906
       786    2.17792    0.15270    0.02344    0.04908
       787    2.18025    0.15062    0.02277    0.05692
       788    2.17843    0.15250    0.02337    0.04715
       789    2.17796    0.15176    0.02316    0.04889
       790    2.17771    0.15320    0.02360    0.05099
       791    2.17732    0.15309    0.02358    0.05585
       792    2.17962    0.15256    0.02337    0.05387
       793    2.17966    0.15132    0.02299    0.05099
       794    2.17815    0.15193    0.02320    0.04905
       795    2.17876    0.15222    0.02328    0.04689
       796    2.17827    0.15255    0.02339    0.04708
       797    2.17749    0.15268    0.02345    0.05386
       798    2.17973    0.15259    0.02337    0.05512
       799    2.17955    0.15102    0.02290    0.04913
       800    2.17897    0.15142    0.02303    0.04641
       801    2.17954    0.15124    0.02297    0.04895
       802    2.17843    0.15294    0.02351    0.04699
       803    2.17808    0.15268    0.02343    0.04833
       804    2.17946    0.15076    0.02282    0.04740
       805    2.17796    0.15195    0.02322    0.05008
       806    2.17796    0.15244    0.02336    0.04883
       807    2.17952    0.15097    0.02288    0.04822
       808    2.17697    0.15406    0.02388    0.05761
       809    2.17917    0.15066    0.02280    0.04595
       810    2.17917    0.15213    0.02324    0.04867
       811    2.18001    0.15096    0.02287    0.05407
       812    2.17846    0.15196    0.02321    0.04685
       813    2.17855    0.15121    0.02298    0.04645
       814    2.17774    0.15190    0.02320    0.05127
       815    2.17854    0.15235    0.02332    0.04742
       816    2.17897    0.15155    0.02307    0.04672
       817    2.17954    0.15054    0.02275    0.04824
       818    2.17831    0.15139    0.02304    0.04748
       819    2.17958    0.15105    0.02291    0.04924
       820    2.17734    0.15287    0.02351    0.05360
       821    2.17978    0.15137    0.02300    0.05215
       822    2.17928    0.15147    0.02304    0.04811
       823    2.17765    0.15237    0.02335    0.05177
       824    2.17885    0.15146    0.02305    0.04602
       825    2.17875    0.15034    0.02271    0.04566
       826    2.17815    0.15173    0.02314    0.04810
       827    2.17881    0.15142    0.02304    0.04640
       828    2.17730    0.15272    0.02347    0.05453
       829    2.17900    0.15095    0.02289    0.04633
       830    2.17825    0.15157    0.02309    0.04766
       831    2.17778    0.15253    0.02339    0.05037
       832    2.17887    0.15269    0.02342    0.04738
       833    2.17984    0.15001    0.02259    0.05136
       834    2.17999    0.15052    0.02274    0.05477
       835    2.17938    0.15105    0.02291    0.04860
       836    2.17721    0.15237    0.02336    0.05643
       837    2.18004    0.15135    0.02299    0.05604
       838    2.17799    0.15169    0.02314    0.04991
       839    2.17844    0.15198    0.02321    0.04694
       840    2.17949    0.15065    0.02279    0.04864
       841    2.17743    0.15202    0.02325    0.05402
       842    2.17894    0.15156    0.02308    0.04700
       843    2.17804    0.15215    0.02327    0.04924
       844    2.17848    0.15142    0.02304    0.04707
       845    2.17936    0.15195    0.02319    0.04967
       846    2.17802    0.15196    0.02322    0.04978
       847    2.17935    0.15133    0.02300    0.04794
       848    2.17882    0.15182    0.02316    0.04671
       849    2.17943    0.15077    0.02283    0.04771
       850    2.17713    0.15244    0.02338    0.05687
       851    2.18032    0.15037    0.02269    0.05794
       852    2.17942    0.14943    0.02242    0.04587
       853    2.17865    0.15145    0.02305    0.04617
       854    2.17896    0.15097    0.02290    0.04578
       855    2.17740    0.15306    0.02357    0.05451
       856    2.17688    0.15406    0.02389    0.06005
       857    2.17878    0.15179    0.02315    0.04698
       858    2.17910    0.15230    0.02330    0.04919
       859    2.17886    0.15061    0.02279    0.04592
       860    2.17863    0.15188    0.02318    0.04619
       861    2.17867    0.15186    0.02317    0.04596
       862    2.17848    0.15238    0.02334    0.04708
       863    2.17948    0.15111    0.02293    0.04899
       864    2.17927    0.15111    0.02293    0.04797
       865    2.17870    0.15111    0.02294    0.04561
       866    2.18002    0.15066    0.02278    0.05446
       867    2.17784    0.15099    0.02293    0.05129
       868    2.17873    0.15108    0.02293    0.04544
       869    2.18019    0.15114    0.02293    0.05529
       870    2.17796    0.15213    0.02327    0.04957
       871    2.17870    0.15156    0.02308    0.04686
       872    2.17875    0.15160    0.02309    0.04636
       873    2.17833    0.15085    0.02287    0.04721
       874    2.17962    0.14857    0.02216    0.04599
       875    2.17792    0.15181    0.02317    0.04909
       876    2.17860    0.15120    0.02297    0.04691
       877    2.17937    0.15079    0.02283    0.04720
       878    2.17895    0.15025    0.02268    0.04519
       879    2.17931    0.15048    0.02274    0.04667
       880    2.17805    0.15101    0.02293    0.04785
       881    2.17885    0.15119    0.02296    0.04595
       882    2.17822    0.15216    0.02327    0.04744
       883    2.17856    0.15235    0.02332    0.04630
       884    2.17942    0.14985    0.02255    0.04604
       885    2.17867    0.15054    0.02277    0.04551
       886    2.17767    0.15185    0.02319    0.05158
       887    2.17829    0.15164    0.02311    0.04811
       888    2.17889    0.15092    0.02288    0.04610
       889    2.17923    0.15075    0.02282    0.04735
       890    2.17874    0.15207    0.02324    0.04705
       891    2.17864    0.15124    0.02299    0.04627
       892    2.17846    0.15041    0.02274    0.04595
       893    2.17909    0.15211    0.02324    0.04775
       894    2.17900    0.15052    0.02276    0.04629
       895    2.17886    0.15112    0.02294    0.04614
       896    2.17883    0.15101    0.02291    0.04578
       897    2.17910    0.15023    0.02267    0.04599
       898    2.17765    0.15254    0.02340    0.05174
       899    2.17884    0.15132    0.02301    0.04622
       900    2.17894    0.15136    0.02302    0.04676
       901    2.17867    0.15038    0.02273    0.04552
       902    2.17735    0.15222    0.02331    0.05469
       903    2.17972    0.14936    0.02240    0.04717
       904    2.17875    0.15173    0.02313    0.04661
       905    2.17817    0.15211    0.02326    0.04761
       906    2.17979    0.15060    0.02277    0.05138
       907    2.17779    0.15196    0.02322    0.05167
       908    2.17887    0.15134    0.02301    0.04617
       909    2.17893    0.15100    0.02291    0.04545
       910    2.17848    0.15111    0.02295    0.04613
       911    2.17755    0.15298    0.02354    0.05244
       912    2.17924    0.15200    0.02320    0.04980
       913    2.17766    0.15379    0.02378    0.05189
       914    2.17912    0.15046    0.02274    0.04615
       915    2.17825    0.15254    0.02339    0.04701
       916    2.17918    0.15101    0.02291    0.04702
       917    2.17938    0.15075    0.02282    0.04798
       918    2.17893    0.15031    0.02270    0.04540
       919    2.17759    0.15177    0.02317    0.05393
       920    2.17850    0.15155    0.02308    0.04703
       921    2.17962    0.15081    0.02283    0.04986
       922    2.17958    0.15079    0.02283    0.04948
       923    2.17768    0.15256    0.02341    0.05197
       924    2.17883    0.15201    0.02322    0.04707
       925    2.18039    0.14930    0.02237    0.05617
       926    2.17865    0.15078    0.02285    0.04572
       927    2.17852    0.15213    0.02326    0.04667
       928    2.17896    0.15053    0.02276    0.04540
       929    2.17868    0.15134    0.02301    0.04614
       930    2.18013    0.15027    0.02266    0.05302
       931    2.17945    0.14989    0.02256    0.04642
       932    2.17868    0.15043    0.02274    0.04595
       933    2.17771    0.15112    0.02297    0.05149
       934    2.17782    0.15234    0.02334    0.04990
       935    2.17745    0.15239    0.02336    0.05282
       936    2.17867    0.15085    0.02287    0.04583
       937    2.17726    0.15223    0.02332    0.05644
       938    2.17929    0.15076    0.02283    0.04769
       939    2.18022    0.15037    0.02269    0.05595
       940    2.17911    0.15073    0.02282    0.04649
       941    2.18022    0.14910    0.02231    0.05322
       942    2.17649    0.15230    0.02336    0.06960
       943    2.17845    0.15155    0.02308    0.04640
       944    2.17808    0.15193    0.02321    0.04832
       945    2.17993    0.14998    0.02258    0.05093
       946    2.17941    0.15056    0.02276    0.04773
       947    2.17896    0.15058    0.02278    0.04531
       948    2.17827    0.15067    0.02282    0.04727
       949    2.17959    0.15105    0.02291    0.05017
       950    2.17865    0.15042    0.02274    0.04652
       951    2.17926    0.15019    0.02266    0.04538
       952    2.17817    0.15196    0.02321    0.04832
       953    2.17839    0.15138    0.02303    0.04655
       954    2.17788    0.15090    0.02290    0.05134
       955    2.17916    0.15161    0.02309    0.04744
       956    2.17955    0.15046    0.02273    0.04809
       957    2.17886    0.15121    0.02297    0.04593
       958    2.17885    0.15135    0.02301    0.04650
       959    2.18044    0.14897    0.02227    0.05553
       960    2.17714    0.15289    0.02352    0.05673
       961    2.17881    0.15104    0.02292    0.04601
       962    2.17845    0.15163    0.02311    0.04651
       963    2.17850    0.15160    0.02310    0.04639
       964    2.18016    0.14942    0.02241    0.05238
       965    2.17794    0.15048    0.02277    0.05008
       966    2.18019    0.14953    0.02244    0.05430
       967    2.17991    0.14988    0.02255    0.05070
       968    2.17713    0.15123    0.02302    0.05995
       969    2.17790    0.15116    0.02298    0.04954
       970    2.17907    0.15065    0.02280    0.04592
       971    2.17938    0.15119    0.02295    0.04843
       972    2.17875    0.15136    0.02302    0.04588
       973    2.17804    0.15143    0.02306    0.04856
       974    2.17795    0.15150    0.02308    0.04953
       975    2.17724    0.15215    0.02329    0.05666
       976    2.18035    0.15028    0.02266    0.05732
       977    2.17842    0.15119    0.02297    0.04592
       978    2.17659    0.15228    0.02335    0.06611
       979    2.17980    0.15053    0.02275    0.05157
       980    2.17975    0.15032    0.02268    0.05056
       981    2.17868    0.15139    0.02303    0.04579
       982    2.17963    0.15006    0.02261    0.04822
       983    2.17857    0.15058    0.02279    0.04598
       984    2.17924    0.14997    0.02259    0.04575
       985    2.17888    0.15112    0.02294    0.04592
       986    2.17869    0.15061    0.02279    0.04532
       987    2.17924    0.15001    0.02260    0.04545
       988    2.17846    0.15076    0.02284    0.04605
       989    2.17878    0.15053    0.02277    0.04590
       990    2.17995    0.14961    0.02247    0.05073
       991    2.17921    0.15009    0.02263    0.04557
       992    2.17774    0.14994    0.02261    0.05214
       993    2.18017    0.14972    0.02250    0.05188
       994    2.17929    0.14924    0.02237    0.04482
       995    2.17765    0.15196    0.02323    0.05199
       996    2.17787    0.15113    0.02297    0.04930
       997    2.17755    0.15209    0.02327    0.05209
       998    2.17952    0.14952    0.02245    0.04591
       999    2.17939    0.15023    0.02267    0.04668

Final Weights:         0.4892773163         0.1746304038        -0.2515652393        -0.4100356909 