# Cycles, Average Predicted Temperature, Stddev Predicted Temperature, Mean Squared Error, || MSE Gradient ||
         0    0.06445    0.05643    5.22322    5.99842
         1    0.07286    0.06413    5.18576    6.35643
         2    0.08228    0.07285    5.14418    6.70131
         3    0.09282    0.08256    5.09801    7.05294
         4    0.10460    0.09349    5.04689    7.41233
         5    0.11778    0.10572    4.99035    7.77856
         6    0.13243    0.11950    4.92830    8.13904
         7    0.14862    0.13441    4.86057    8.49487
         8    0.16701    0.15129    4.78478    8.87207
         9    0.18606    0.16972    4.70790    9.17052
        10    0.20768    0.19033    4.62228    9.49165
        11    0.23084    0.21261    4.53258    9.76697
        12    0.25702    0.23712    4.43338   10.05393
        13    0.28496    0.26324    4.33033   10.29083
        14    0.31450    0.29152    4.22494   10.46165
        15    0.34714    0.32211    4.11194   10.61941
        16    0.38100    0.35460    3.99949   10.69386
        17    0.41611    0.38812    3.88742   10.70237
        18    0.45350    0.42390    3.77330   10.65684
        19    0.49225    0.46015    3.65994   10.55459
        20    0.53272    0.49960    3.54915   10.37445
        21    0.57353    0.53783    3.44220   10.14233
        22    0.61515    0.57718    3.34002    9.84686
        23    0.65634    0.61811    3.24778    9.46628
        24    0.69889    0.65689    3.15498    9.08147
        25    0.73943    0.69586    3.07554    8.62605
        26    0.77837    0.73447    3.00691    8.12196
        27    0.81604    0.76992    2.94330    7.63130
        28    0.85367    0.80489    2.88442    7.12142
        29    0.88962    0.83852    2.83345    6.60112
        30    0.92255    0.87050    2.79306    6.07228
        31    0.95175    0.90035    2.76345    5.54832
        32    0.98170    0.92733    2.72996    5.07534
        33    1.00767    0.95325    2.70835    4.59555
        34    1.03313    0.97542    2.68347    4.18282
        35    1.05641    0.99596    2.66322    3.79107
        36    1.07591    1.01630    2.65408    3.39195
        37    1.09233    1.03327    2.64733    3.05673
        38    1.10903    1.04770    2.63565    2.77287
        39    1.12357    1.06111    2.62809    2.50600
        40    1.13589    1.07289    2.62316    2.27911
        41    1.15027    1.08523    2.61511    2.03954
        42    1.16015    1.09455    2.61185    1.86429
        43    1.16662    1.10362    2.61644    1.70340
        44    1.17718    1.10864    2.60268    1.61306
        45    1.18314    1.11518    2.60327    1.50068
        46    1.19036    1.12404    2.60635    1.36564
        47    1.19626    1.12704    2.59945    1.32134
        48    1.19829    1.13129    2.60438    1.26937
        49    1.20352    1.13175    2.59340    1.26161
        50    1.21027    1.13649    2.58874    1.19782
        51    1.21280    1.13741    2.58508    1.19402
        52    1.21305    1.14251    2.59613    1.15207
        53    1.22114    1.14527    2.58414    1.11497
        54    1.22055    1.14771    2.59105    1.09111
        55    1.22052    1.14751    2.59066    1.11265
        56    1.22048    1.15048    2.59757    1.08180
        57    1.22671    1.15327    2.58996    1.07512
        58    1.22808    1.15053    2.58058    1.08181
        59    1.22834    1.15215    2.58376    1.07360
        60    1.23395    1.15319    2.57358    1.05734
        61    1.23493    1.15367    2.57252    1.06374
        62    1.23365    1.15390    2.57590    1.07234
        63    1.23344    1.15462    2.57801    1.05576
        64    1.23663    1.15607    2.57427    1.05552
        65    1.23222    1.15352    2.57823    1.06368
        66    1.23597    1.15577    2.57507    1.04882
        67    1.23660    1.15665    2.57567    1.05276
        68    1.23673    1.15475    2.57103    1.06393
        69    1.24066    1.15739    2.56839    1.05382
        70    1.23882    1.15761    2.57296    1.05828
        71    1.23672    1.15515    2.57194    1.05343
        72    1.24038    1.15556    2.56477    1.04709
        73    1.23828    1.15607    2.57062    1.06062
        74    1.24071    1.15725    2.56793    1.04519
        75    1.24350    1.15732    2.56193    1.04716
        76    1.23973    1.15538    2.56580    1.04734
        77    1.24113    1.15578    2.56362    1.04335
        78    1.24257    1.15555    2.55990    1.04273
        79    1.24645    1.15659    2.55372    1.04208
        80    1.24143    1.15470    2.56045    1.05397
        81    1.24019    1.15549    2.56503    1.04731
        82    1.24374    1.15705    2.56077    1.03175
        83    1.24330    1.15709    2.56184    1.03396
        84    1.24467    1.15555    2.55526    1.04122
        85    1.24407    1.15549    2.55643    1.03231
        86    1.24509    1.15596    2.55528    1.03894
        87    1.24499    1.15533    2.55403    1.02854
        88    1.24685    1.15634    2.55227    1.02236
        89    1.24535    1.15401    2.55020    1.04084
        90    1.24823    1.15547    2.54721    1.02576
        91    1.24649    1.15528    2.55061    1.03024
        92    1.24953    1.15433    2.54173    1.02026
        93    1.24902    1.15608    2.54688    1.02427
        94    1.24753    1.15435    2.54617    1.02601
        95    1.24971    1.15350    2.53940    1.02698
        96    1.24844    1.15373    2.54273    1.02545
        97    1.24509    1.15449    2.55188    1.03274
        98    1.24790    1.15388    2.54429    1.02876
        99    1.25020    1.15470    2.54109    1.02208
       100    1.24907    1.15218    2.53776    1.03226
       101    1.25110    1.15352    2.53640    1.02337
       102    1.24945    1.15367    2.54037    1.02830
       103    1.25224    1.15342    2.53367    1.02167
       104    1.25253    1.15353    2.53328    1.01429
       105    1.25221    1.15260    2.53184    1.01838
       106    1.25176    1.15322    2.53425    1.01965
       107    1.25290    1.15290    2.53102    1.01772
       108    1.25281    1.15236    2.52997    1.01352
       109    1.25311    1.15329    2.53147    1.00928
       110    1.25145    1.15156    2.53110    1.02203
       111    1.25576    1.15307    2.52516    1.00763
       112    1.25497    1.15290    2.52647    1.02812
       113    1.25501    1.15229    2.52499    1.01390
       114    1.25566    1.15114    2.52092    1.02138
       115    1.25568    1.15274    2.52456    1.00685
       116    1.25585    1.15151    2.52135    1.00944
       117    1.25637    1.15125    2.51964    1.00420
       118    1.25591    1.15159    2.52141    1.00896
       119    1.25725    1.15037    2.51566    1.01224
       120    1.25525    1.15109    2.52170    1.00904
       121    1.25596    1.15214    2.52257    1.00070
       122    1.25695    1.15034    2.51625    1.01241
       123    1.25794    1.15121    2.51611    1.00642
       124    1.26001    1.14975    2.50825    1.01215
       125    1.25646    1.15054    2.51778    1.00347
       126    1.25767    1.15118    2.51661    1.00693
       127    1.26409    1.15122    2.50273    0.99318
       128    1.26067    1.15099    2.50964    0.99724
       129    1.25733    1.14908    2.51253    1.00351
       130    1.25885    1.14829    2.50742    1.01463
       131    1.26166    1.15042    2.50618    1.00172
       132    1.26122    1.14863    2.50303    1.00458
       133    1.26000    1.14925    2.50711    1.00242
       134    1.26338    1.15186    2.50576    0.98911
       135    1.26104    1.14949    2.50537    0.99532
       136    1.26129    1.14840    2.50234    1.00946
       137    1.26314    1.14989    2.50174    0.99472
       138    1.26127    1.15015    2.50640    0.99279
       139    1.26405    1.14941    2.49866    0.99135
       140    1.26452    1.14738    2.49299    0.99608
       141    1.26752    1.14780    2.48744    0.98773
       142    1.26297    1.14937    2.50091    0.99475
       143    1.26685    1.14847    2.49043    0.99144
       144    1.26404    1.14655    2.49211    1.00022
       145    1.26744    1.14823    2.48861    0.99009
       146    1.26695    1.14873    2.49081    0.97811
       147    1.26651    1.14910    2.49260    0.98722
       148    1.26613    1.14889    2.49294    0.98977
       149    1.26565    1.14937    2.49511    0.97971
       150    1.26296    1.14540    2.49181    0.99472
       151    1.26870    1.14621    2.48124    0.99410
       152    1.26522    1.14807    2.49304    0.98591
       153    1.26915    1.14902    2.48672    0.96984
       154    1.27016    1.14793    2.48203    0.97565
       155    1.27087    1.14841    2.48161    0.97061
       156    1.26892    1.14673    2.48197    0.98462
       157    1.26966    1.14873    2.48496    0.97095
       158    1.26827    1.14724    2.48453    0.97638
       159    1.26889    1.14579    2.47988    0.97822
       160    1.27089    1.14775    2.48007    0.97469
       161    1.27173    1.14676    2.47597    0.97023
       162    1.27175    1.14706    2.47661    0.97935
       163    1.27238    1.14741    2.47605    0.96641
       164    1.27179    1.14633    2.47486    0.98093
       165    1.27292    1.14548    2.47048    0.97804
       166    1.27262    1.14621    2.47280    0.97503
       167    1.27292    1.14500    2.46937    0.97441
       168    1.27476    1.14536    2.46625    0.96776
       169    1.27607    1.14705    2.46729    0.95863
       170    1.27123    1.14594    2.47515    0.96634
       171    1.27690    1.14713    2.46569    0.95369
       172    1.27559    1.14713    2.46851    0.96126
       173    1.27640    1.14500    2.46188    0.96393
       174    1.27574    1.14577    2.46507    0.95707
       175    1.27236    1.14278    2.46551    0.97441
       176    1.27696    1.14546    2.46173    0.95582
       177    1.27604    1.14468    2.46193    0.95693
       178    1.27611    1.14652    2.46601    0.95105
       179    1.27417    1.14287    2.46181    0.96485
       180    1.27832    1.14624    2.46061    0.95237
       181    1.27763    1.14446    2.45801    0.95974
       182    1.27697    1.14465    2.45987    0.95837
       183    1.28321    1.14635    2.45041    0.94167
       184    1.27878    1.14556    2.45807    0.95293
       185    1.27819    1.14349    2.45461    0.95161
       186    1.28165    1.14450    2.44951    0.93024
       187    1.27845    1.14217    2.45104    0.95505
       188    1.27930    1.14424    2.45392    0.94839
       189    1.27654    1.14162    2.45386    0.95726
       190    1.27917    1.14460    2.45505    0.95308
       191    1.28133    1.14134    2.44297    0.95062
       192    1.28116    1.14553    2.45291    0.94403
       193    1.27781    1.14345    2.45531    0.95128
       194    1.28059    1.14447    2.45170    0.94514
       195    1.28373    1.14428    2.44457    0.94422
       196    1.28299    1.14248    2.44204    0.94430
       197    1.28220    1.14410    2.44742    0.93873
       198    1.28230    1.14358    2.44602    0.93613
       199    1.28518    1.14454    2.44209    0.92206
       200    1.28221    1.13970    2.43735    0.94254
       201    1.28379    1.14305    2.44163    0.93368
       202    1.28333    1.14185    2.43987    0.93903
       203    1.28559    1.14267    2.43693    0.93662
       204    1.28530    1.14049    2.43257    0.94390
       205    1.28243    1.14322    2.44493    0.93377
       206    1.28516    1.14323    2.43912    0.93207
       207    1.28441    1.14055    2.43459    0.93827
       208    1.28324    1.14149    2.43922    0.94013
       209    1.28754    1.14158    2.43030    0.93825
       210    1.28686    1.13972    2.42751    0.93581
       211    1.28763    1.14277    2.43281    0.92576
       212    1.28721    1.14126    2.43027    0.92667
       213    1.28301    1.13988    2.43604    0.94069
       214    1.28805    1.14183    2.42979    0.93014
       215    1.28834    1.14196    2.42947    0.92821
       216    1.28722    1.14046    2.42840    0.92449
       217    1.28714    1.14124    2.43037    0.92851
       218    1.28824    1.14208    2.42996    0.91941
       219    1.28742    1.14055    2.42818    0.92689
       220    1.28871    1.13906    2.42208    0.92628
       221    1.28925    1.14053    2.42427    0.92635
       222    1.28835    1.13944    2.42370    0.93198
       223    1.29104    1.14144    2.42255    0.92036
       224    1.28924    1.14099    2.42534    0.92324
       225    1.29125    1.14173    2.42278    0.92494
       226    1.28937    1.13707    2.41615    0.93407
       227    1.29225    1.13950    2.41556    0.92045
       228    1.29237    1.13895    2.41407    0.92603
       229    1.29207    1.13964    2.41629    0.92476
       230    1.29174    1.13900    2.41551    0.92133
       231    1.29331    1.13919    2.41262    0.92296
       232    1.29237    1.13972    2.41581    0.91165
       233    1.29158    1.13889    2.41561    0.92417
       234    1.29269    1.13848    2.41234    0.92054
       235    1.29354    1.14092    2.41607    0.90615
       236    1.29433    1.13774    2.40717    0.92164
       237    1.29416    1.13775    2.40754    0.91707
       238    1.29547    1.13909    2.40785    0.91066
       239    1.29542    1.13857    2.40676    0.91151
       240    1.29502    1.13985    2.41051    0.90611
       241    1.29561    1.13924    2.40788    0.90667
       242    1.29513    1.13583    2.40113    0.92584
       243    1.29684    1.13750    2.40135    0.91349
       244    1.29783    1.13995    2.40485    0.90483
       245    1.29535    1.13764    2.40480    0.91811
       246    1.29778    1.13848    2.40158    0.91145
       247    1.29784    1.13620    2.39628    0.90852
       248    1.29772    1.13843    2.40161    0.90545
       249    1.29651    1.13898    2.40541    0.90782
       250    1.29740    1.13860    2.40266    0.89186
       251    1.29781    1.13816    2.40080    0.90510
       252    1.29912    1.13890    2.39972    0.90359
       253    1.29921    1.13949    2.40087    0.89242
       254    1.29798    1.13761    2.39918    0.89786
       255    1.29670    1.13598    2.39818    0.90881
       256    1.30020    1.13683    2.39277    0.89839
       257    1.30077    1.13833    2.39496    0.88611
       258    1.30132    1.13641    2.38943    0.90244
       259    1.30076    1.13454    2.38638    0.90283
       260    1.29754    1.13610    2.39667    0.89829
       261    1.30095    1.13689    2.39132    0.89280
       262    1.30247    1.13722    2.38888    0.88917
       263    1.30361    1.13615    2.38407    0.90138
       264    1.29929    1.13779    2.39685    0.88617
       265    1.30036    1.13431    2.38668    0.90073
       266    1.30306    1.13656    2.38615    0.89290
       267    1.30108    1.13529    2.38740    0.88693
       268    1.30399    1.13598    2.38288    0.89490
       269    1.30212    1.13589    2.38659    0.89382
       270    1.30644    1.13654    2.37903    0.89118
       271    1.30326    1.13705    2.38683    0.89070
       272    1.30290    1.13553    2.38415    0.89197
       273    1.30320    1.13596    2.38448    0.88839
       274    1.30420    1.13516    2.38058    0.88988
       275    1.30355    1.13758    2.38745    0.87460
       276    1.30585    1.13290    2.37203    0.89212
       277    1.30747    1.13516    2.37377    0.88540
       278    1.30589    1.13558    2.37800    0.88429
       279    1.30553    1.13598    2.37966    0.88142
       280    1.30418    1.13403    2.37807    0.88802
       281    1.30513    1.13584    2.38017    0.87865
       282    1.30794    1.13296    2.36778    0.88721
       283    1.30700    1.13392    2.37193    0.88998
       284    1.30881    1.13650    2.37401    0.86654
       285    1.30466    1.13505    2.37939    0.87658
       286    1.30602    1.13505    2.37652    0.88151
       287    1.30751    1.13543    2.37428    0.87521
       288    1.30894    1.13359    2.36715    0.88044
       289    1.30994    1.13460    2.36736    0.86748
       290    1.30725    1.13355    2.37056    0.87807
       291    1.30956    1.13350    2.36564    0.87194
       292    1.31201    1.13395    2.36158    0.86664
       293    1.31026    1.13293    2.36290    0.87884
       294    1.30958    1.13193    2.36205    0.87890
       295    1.30926    1.13318    2.36555    0.87708
       296    1.31029    1.13388    2.36499    0.87157
       297    1.30915    1.13281    2.36492    0.87062
       298    1.31321    1.13548    2.36254    0.86223
       299    1.31091    1.13137    2.35801    0.88154
       300    1.31280    1.13430    2.36073    0.86124
       301    1.31185    1.13457    2.36331    0.85858
       302    1.31286    1.13223    2.35592    0.86369
       303    1.31253    1.13222    2.35658    0.87381
       304    1.31270    1.13137    2.35430    0.87188
       305    1.31431    1.13348    2.35575    0.86130
       306    1.31296    1.13565    2.36347    0.84948
       307    1.31131    1.13147    2.35742    0.87157
       308    1.31219    1.13179    2.35631    0.86447
       309    1.31768    1.13393    2.34980    0.85156
       310    1.31278    1.13169    2.35485    0.85961
       311    1.31293    1.13305    2.35763    0.85666
       312    1.31371    1.13196    2.35355    0.85938
       313    1.31460    1.13009    2.34749    0.86446
       314    1.31541    1.13216    2.35048    0.85070
       315    1.31373    1.13244    2.35460    0.85835
       316    1.31556    1.13054    2.34651    0.86245
       317    1.31484    1.13278    2.35305    0.86411
       318    1.31705    1.13269    2.34828    0.86032
       319    1.31570    1.13150    2.34838    0.85568
       320    1.31551    1.13085    2.34732    0.85567
       321    1.31359    1.13104    2.35171    0.85966
       322    1.31582    1.13279    2.35106    0.84617
       323    1.31846    1.13449    2.34947    0.84654
       324    1.31745    1.13281    2.34773    0.84488
       325    1.31656    1.12953    2.34215    0.85125
       326    1.31963    1.13002    2.33695    0.84960
       327    1.31776    1.13097    2.34294    0.85496
       328    1.31918    1.12963    2.33697    0.85341
       329    1.31954    1.13004    2.33715    0.84660
       330    1.31843    1.13168    2.34314    0.84004
       331    1.31807    1.13122    2.34287    0.84241
       332    1.31903    1.13035    2.33891    0.84835
       333    1.32219    1.13112    2.33415    0.83427
       334    1.31871    1.12882    2.33612    0.84924
       335    1.31871    1.12768    2.33353    0.84982
       336    1.31892    1.13184    2.34252    0.84157
       337    1.32217    1.13077    2.33340    0.83255
       338    1.32252    1.12873    2.32808    0.84921
       339    1.32329    1.12934    2.32786    0.83996
       340    1.32061    1.13170    2.33871    0.83390
       341    1.32426    1.13112    2.32991    0.91434
       342    1.32148    1.12906    2.33094    1.01940
       343    1.32100    1.12687    2.32701    1.02003
       344    1.32205    1.12959    2.33097    1.00686
       345    1.32040    1.12612    2.32655    1.00574
       346    1.31893    1.12491    2.32684    1.01540
       347    1.31976    1.12483    2.32495    1.00885
       348    1.32056    1.12377    2.32092    1.01312
       349    1.32282    1.12679    2.32308    1.00624
       350    1.32199    1.12192    2.31384    1.01428
       351    1.32173    1.12412    2.31932    1.00907
       352    1.32014    1.12187    2.31754    1.00904
       353    1.32323    1.12292    2.31355    1.01700
       354    1.32192    1.12392    2.31847    1.00663
       355    1.32184    1.12380    2.31837    1.00337
       356    1.32349    1.12398    2.31538    1.00008
       357    1.32124    1.12179    2.31509    1.00691
       358    1.32298    1.12159    2.31106    1.00611
       359    1.32238    1.12149    2.31206    1.00848
       360    1.32162    1.12126    2.31312    1.01032
       361    1.32082    1.12136    2.31497    1.01026
       362    1.32323    1.12015    2.30732    1.01696
       363    1.32482    1.12184    2.30784    0.99960
       364    1.32561    1.12183    2.30620    0.99882
       365    1.32395    1.11972    2.30489    1.00669
       366    1.32706    1.12005    2.29926    1.00084
       367    1.32719    1.12142    2.30207    1.00284
       368    1.32432    1.12033    2.30548    1.00573
       369    1.32560    1.12001    2.30216    1.00694
       370    1.32620    1.12088    2.30288    1.03338
       371    1.32347    1.12080    2.30829    1.14818
       372    1.32548    1.11755    2.29688    1.14480
       373    1.32490    1.11789    2.29883    1.13716
       374    1.32564    1.11826    2.29815    1.13457
       375    1.32591    1.11715    2.29512    1.12853
       376    1.32322    1.11622    2.29856    1.12816
       377    1.32485    1.11445    2.29127    1.13134
       378    1.32629    1.11383    2.28695    1.13247
       379    1.32512    1.11338    2.28832    1.14498
       380    1.32329    1.11269    2.29055    1.14379
       381    1.32518    1.11216    2.28547    1.14384
       382    1.32544    1.11369    2.28837    1.12834
       383    1.32514    1.11195    2.28510    1.13165
       384    1.32447    1.11198    2.28655    1.14069
       385    1.32642    1.11261    2.28395    1.11887
       386    1.32439    1.11011    2.28253    1.14570
       387    1.32659    1.11134    2.28077    1.13645
       388    1.32593    1.11071    2.28072    1.13140
       389    1.32885    1.11055    2.27440    1.13103
       390    1.32838    1.11125    2.27690    1.12751
       391    1.32470    1.10986    2.28137    1.13383
       392    1.32623    1.10940    2.27720    1.13188
       393    1.33061    1.10752    2.26410    1.13819
       394    1.32986    1.11059    2.27244    1.13523
       395    1.32965    1.10957    2.27061    1.13706
       396    1.33047    1.10773    2.26483    1.13736
       397    1.33284    1.10868    2.26214    1.13240
       398    1.33338    1.10709    2.25752    1.13666
       399    1.33236    1.10976    2.26549    1.13093
       400    1.33419    1.10879    2.25964    1.12912
       401    1.33525    1.10632    2.25202    1.14463
       402    1.32947    1.10878    2.26921    1.12763
       403    1.33290    1.10804    2.26060    1.13036
       404    1.33354    1.10938    2.26226    1.11740
       405    1.33337    1.10560    2.25424    1.14156
       406    1.33242    1.10678    2.25878    1.13610
       407    1.33523    1.10513    2.24940    1.13829
       408    1.33440    1.10742    2.25617    1.14181
       409    1.33329    1.10566    2.25454    1.14153
       410    1.33409    1.10607    2.25381    1.13403
       411    1.33768    1.10505    2.24428    1.13852
       412    1.33714    1.10591    2.24728    1.13237
       413    1.33649    1.10532    2.24727    1.13499
       414    1.33862    1.10418    2.24046    1.13836
       415    1.33760    1.10584    2.24617    1.13252
       416    1.33916    1.10497    2.24111    1.13006
       417    1.33985    1.10392    2.23739    1.13058
       418    1.34032    1.10367    2.23589    1.14043
       419    1.34225    1.10486    2.23463    1.13025
       420    1.33675    1.10423    2.24436    1.13489
       421    1.34040    1.10368    2.23576    1.12778
       422    1.34048    1.10387    2.23603    1.12855
       423    1.33903    1.10155    2.23383    1.14541
       424    1.34305    1.10264    2.22813    1.13216
       425    1.34290    1.10435    2.23218    1.12889
       426    1.34333    1.10241    2.22704    1.13317
       427    1.34349    1.10326    2.22859    1.12907
       428    1.34333    1.10252    2.22731    1.13131
       429    1.34479    1.10103    2.22109    1.14264
       430    1.34431    1.10388    2.22831    1.12212
       431    1.34280    1.10293    2.22927    1.12834
       432    1.34505    1.10187    2.22242    1.12474
       433    1.34370    1.10159    2.22449    1.13002
       434    1.34738    1.10164    2.21722    1.13084
       435    1.34604    1.10102    2.21855    1.12528
       436    1.34514    1.10066    2.21955    1.13266
       437    1.34981    1.10029    2.20939    1.13027
       438    1.34562    1.10226    2.22211    1.12116
       439    1.34833    1.09986    2.21141    1.13002
       440    1.34825    1.09989    2.21164    1.13276
       441    1.34800    1.10053    2.21354    1.12486
       442    1.35034    1.09818    2.20370    1.12585
       443    1.35060    1.10135    2.21015    1.11540
       444    1.34994    1.09951    2.20742    1.12775
       445    1.35003    1.09887    2.20582    1.12816
       446    1.35283    1.09802    2.19835    1.12608
       447    1.35235    1.09795    2.19917    1.12751
       448    1.35124    1.09690    2.19909    1.13176
       449    1.34967    1.09810    2.20486    1.13260
       450    1.35280    1.09690    2.19598    1.13281
       451    1.35441    1.09964    2.19879    1.12061
       452    1.35202    1.09742    2.19867    1.13589
       453    1.35094    1.09785    2.20176    1.13154
       454    1.35448    1.09575    2.19012    1.14023
       455    1.35371    1.09626    2.19276    1.13071
       456    1.35437    1.09482    2.18829    1.13881
       457    1.35116    1.09687    2.19918    1.12837
       458    1.35485    1.09499    2.18770    1.13347
       459    1.35724    1.09552    2.18411    1.13051
       460    1.35477    1.09835    2.19523    1.11978
       461    1.35572    1.09699    2.19037    1.11831
       462    1.35660    1.09592    2.18627    1.12971
       463    1.35731    1.09340    2.17933    1.13494
       464    1.36191    1.09472    2.17312    1.12653
       465    1.36001    1.09254    2.17212    1.13521
       466    1.36034    1.09609    2.17923    1.11534
       467    1.35980    1.09549    2.17899    1.11822
       468    1.36249    1.09263    2.16740    1.12768
       469    1.36285    1.09287    2.16721    1.13140
       470    1.36242    1.09692    2.17695    1.11888
       471    1.35987    1.09596    2.17989    1.11277
       472    1.36216    1.09325    2.16942    1.12851
       473    1.36247    1.09174    2.16549    1.13146
       474    1.36334    1.09457    2.16998    1.12265
       475    1.36300    1.09228    2.16564    1.12536
       476    1.36332    1.09265    2.16581    1.12290
       477    1.36237    1.09184    2.16592    1.12660
       478    1.36621    1.09375    2.16253    1.12020
       479    1.36346    1.09185    2.16377    1.12155
       480    1.36846    1.09063    2.15130    1.12301
       481    1.36631    1.09072    2.15572    1.12317
       482    1.36536    1.09077    2.15769    1.12811
       483    1.36532    1.09023    2.15660    1.13598
       484    1.36652    1.09240    2.15897    1.11529
       485    1.36860    1.09188    2.15376    1.11250
       486    1.36765    1.09233    2.15659    1.11624
       487    1.36911    1.09175    2.15246    1.11566
       488    1.36720    1.09000    2.15240    1.12442
       489    1.37131    1.08797    2.13991    1.13092
       490    1.36929    1.08929    2.14675    1.12051
       491    1.36886    1.09024    2.14966    1.11383
       492    1.36961    1.08958    2.14675    1.11859
       493    1.36920    1.09007    2.14861    1.11739
       494    1.37256    1.08833    2.13826    1.11821
       495    1.37122    1.09040    2.14540    1.11199
       496    1.37164    1.09016    2.14405    1.11141
       497    1.37328    1.08783    2.13577    1.11320
       498    1.37159    1.08833    2.14015    1.12002
       499    1.37283    1.08866    2.13845    1.10709
       500    1.37375    1.08949    2.13847    1.11215
       501    1.37400    1.08972    2.13848    1.10867
       502    1.37230    1.08792    2.13788    1.11194
       503    1.37477    1.08702    2.13109    1.10932
       504    1.37559    1.08741    2.13036    1.11045
       505    1.37576    1.08666    2.12837    1.11782
       506    1.37630    1.08607    2.12606    1.11536
       507    1.37614    1.08801    2.13059    1.10716
       508    1.37680    1.08690    2.12687    1.10256
       509    1.37645    1.08693    2.12762    1.10691
       510    1.37555    1.08647    2.12838    1.11004
       511    1.37810    1.08549    2.12129    1.11283
       512    1.37789    1.08630    2.12347    1.10471
       513    1.37675    1.08540    2.12371    1.10611
       514    1.38118    1.08550    2.11534    1.10441
       515    1.38291    1.08384    2.10840    1.11254
       516    1.38091    1.08386    2.11232    1.11671
       517    1.38077    1.08442    2.11381    1.11093
       518    1.38008    1.08286    2.11175    1.11916
       519    1.38350    1.08341    2.10631    1.11022
       520    1.38153    1.08631    2.11643    1.09995
       521    1.38326    1.08460    2.10938    1.09690
       522    1.38311    1.08463    2.10973    1.09719
       523    1.38077    1.08381    2.11246    1.10631
       524    1.38061    1.08597    2.11748    1.09975
       525    1.38082    1.08231    2.10915    1.11539
       526    1.38398    1.08192    2.10218    1.10907
       527    1.38551    1.08221    2.09986    1.10670
       528    1.38584    1.08228    2.09937    1.10151
       529    1.38856    1.08201    2.09354    1.10640
       530    1.38536    1.08075    2.09696    1.12116
       531    1.38846    1.08053    2.09054    1.11855
       532    1.38837    1.08177    2.09339    1.10651
       533    1.38755    1.08182    2.09509    1.10034
       534    1.38705    1.08006    2.09223    1.10940
       535    1.38913    1.08231    2.09309    1.09974
       536    1.38842    1.08117    2.09199    1.10116
       537    1.38775    1.08184    2.09475    1.09541
       538    1.38743    1.08023    2.09188    1.10423
       539    1.38879    1.08214    2.09339    1.09051
       540    1.38864    1.08088    2.09095    1.09784
       541    1.38974    1.07954    2.08595    1.10027
       542    1.39289    1.07844    2.07753    1.10240
       543    1.39078    1.07939    2.08361    1.10524
       544    1.39438    1.07887    2.07563    1.10225
       545    1.39328    1.07813    2.07613    1.09998
       546    1.39106    1.08091    2.08637    1.09759
       547    1.39374    1.07795    2.07485    1.10259
       548    1.39054    1.08008    2.08557    1.10071
       549    1.39189    1.07975    2.08229    1.09456
       550    1.39485    1.07835    2.07361    1.09840
       551    1.39360    1.08036    2.08033    1.08577
       552    1.39410    1.07705    2.07222    1.09975
       553    1.39508    1.07742    2.07114    1.09966
       554    1.39613    1.07609    2.06628    1.10457
       555    1.39244    1.07845    2.07841    1.09381
       556    1.39859    1.07646    2.06240    1.09652
       557    1.39804    1.07624    2.06296    1.10105
       558    1.39774    1.07704    2.06526    1.09067
       559    1.40116    1.07607    2.05667    1.09159
       560    1.39847    1.07528    2.06009    1.09454
       561    1.40025    1.07434    2.05467    1.09577
       562    1.40049    1.07696    2.05986    1.08935
       563    1.39877    1.07649    2.06211    1.08923
       564    1.40132    1.07698    2.05833    1.08483
       565    1.39932    1.07382    2.05533    1.09961
       566    1.40016    1.07690    2.06035    1.07875
       567    1.39777    1.07623    2.06346    1.09268
       568    1.40235    1.07469    2.05146    1.08753
       569    1.40387    1.07453    2.04823    1.08354
       570    1.40020    1.07558    2.05745    1.09086
       571    1.40262    1.07486    2.05132    1.08668
       572    1.40253    1.07436    2.05040    1.08707
       573    1.40230    1.07287    2.04766    1.09085
       574    1.40278    1.07237    2.04567    1.08908
       575    1.40519    1.07376    2.04408    1.08527
       576    1.40519    1.07313    2.04274    1.08622
       577    1.40572    1.07315    2.04179    1.08209
       578    1.40592    1.07221    2.03939    1.08555
       579    1.40592    1.07302    2.04113    1.08561
       580    1.40468    1.07296    2.04334    1.09059
       581    1.40668    1.07245    2.03847    1.08067
       582    1.40951    1.07178    2.03171    1.08845
       583    1.40653    1.07347    2.04094    1.07694
       584    1.40789    1.07157    2.03429    1.08206
       585    1.40802    1.07174    2.03440    1.08396
       586    1.40810    1.07196    2.03474    1.07674
       587    1.40939    1.07354    2.03571    1.06374
       588    1.41085    1.07036    2.02614    1.07606
       589    1.40943    1.07099    2.03016    1.08186
       590    1.41353    1.06923    2.01871    1.07921
       591    1.41081    1.07020    2.02588    1.07928
       592    1.41109    1.07143    2.02799    1.07435
       593    1.41435    1.06809    2.01473    1.08235
       594    1.41221    1.07014    2.02313    1.07846
       595    1.41174    1.06898    2.02152    1.08118
       596    1.41244    1.06868    2.01957    1.07807
       597    1.41279    1.07045    2.02270    1.07180
       598    1.41378    1.06929    2.01837    1.08002
       599    1.41691    1.06849    2.01081    1.07044
       600    1.41726    1.06736    2.00775    1.07415
       601    1.41537    1.07127    2.01964    1.07007
       602    1.41382    1.06800    2.01554    1.07414
       603    1.41535    1.06851    2.01377    1.07285
       604    1.41618    1.06787    2.01085    1.06777
       605    1.41683    1.06775    2.00938    1.07677
       606    1.42166    1.06430    1.99305    1.07610
       607    1.41702    1.06720    2.00784    1.08004
       608    1.41843    1.06660    2.00395    1.07365
       609    1.41625    1.06853    2.01213    1.07101
       610    1.41734    1.06700    2.00683    1.07565
       611    1.41946    1.06806    2.00514    1.06313
       612    1.41824    1.06841    2.00815    1.06318
       613    1.42038    1.06610    1.99924    1.06476
       614    1.42165    1.06568    1.99600    1.07347
       615    1.42175    1.06590    1.99628    1.06532
       616    1.42187    1.06639    1.99710    1.06283
       617    1.41953    1.06681    2.00235    1.05996
       618    1.42335    1.06491    1.99121    1.06212
       619    1.42018    1.06605    1.99951    1.06718
       620    1.42313    1.06548    1.99284    1.06241
       621    1.42433    1.06569    1.99106    1.05901
       622    1.42381    1.06426    1.98897    1.06450
       623    1.42537    1.06459    1.98678    1.06028
       624    1.42523    1.06460    1.98707    1.05741
       625    1.42124    1.06532    1.99600    1.06292
       626    1.42463    1.06627    1.99174    1.05158
       627    1.42607    1.06327    1.98269    1.06456
       628    1.42553    1.06404    1.98533    1.05513
       629    1.42753    1.06139    1.97600    1.06323
       630    1.42649    1.06217    1.97958    1.06250
       631    1.42947    1.06218    1.97412    1.06115
       632    1.42770    1.06292    1.97893    1.05403
       633    1.42648    1.06353    1.98248    1.05671
       634    1.42679    1.06229    1.97928    1.05592
       635    1.43085    1.06120    1.96947    1.05265
       636    1.42997    1.06251    1.97390    1.05844
       637    1.43215    1.06181    1.96841    1.04790
       638    1.42919    1.06285    1.97603    1.05573
       639    1.43115    1.06206    1.97076    1.04807
       640    1.43233    1.06078    1.96587    1.06037
       641    1.43102    1.06119    1.96916    1.05215
       642    1.43064    1.06041    1.96819    1.04986
       643    1.43078    1.06187    1.97103    1.04747
       644    1.43146    1.06097    1.96789    1.04856
       645    1.43446    1.06079    1.96200    1.04065
       646    1.43297    1.06232    1.96797    1.03875
       647    1.43238    1.05970    1.96348    1.04996
       648    1.43465    1.05884    1.95752    1.05537
       649    1.43392    1.06108    1.96361    1.04636
       650    1.43588    1.05963    1.95694    1.04087
       651    1.43768    1.05980    1.95401    1.03959
       652    1.43548    1.05773    1.95366    1.05100
       653    1.43868    1.05963    1.95185    1.03709
       654    1.43607    1.06013    1.95766    1.04156
       655    1.43663    1.05921    1.95470    1.04163
       656    1.43633    1.05861    1.95397    1.04838
       657    1.43606    1.06039    1.95823    1.03531
       658    1.43950    1.05865    1.94826    1.04033
       659    1.43535    1.06033    1.95939    1.03622
       660    1.43779    1.05886    1.95182    1.03257
       661    1.44019    1.05614    1.94172    1.05245
       662    1.44200    1.05748    1.94124    1.03792
       663    1.43886    1.05818    1.94844    1.03794
       664    1.44075    1.05773    1.94403    1.03677
       665    1.43941    1.05965    1.95055    1.02735
       666    1.44022    1.05686    1.94316    1.03421
       667    1.44071    1.05723    1.94306    1.03333
       668    1.44424    1.05684    1.93583    1.03053
       669    1.44037    1.05721    1.94364    1.03151
       670    1.44339    1.05501    1.93351    1.03995
       671    1.44290    1.05750    1.93966    1.02578
       672    1.44248    1.05590    1.93704    1.03328
       673    1.44256    1.05674    1.93866    1.03096
       674    1.44299    1.05731    1.93910    1.02629
       675    1.44454    1.05655    1.93468    1.02724
       676    1.44469    1.05525    1.93168    1.02825
       677    1.44579    1.05689    1.93314    1.01755
       678    1.44406    1.05637    1.93516    1.02138
       679    1.44380    1.05607    1.93502    1.02092
       680    1.44522    1.05517    1.93053    1.02366
       681    1.44751    1.05456    1.92511    1.02692
       682    1.44604    1.05457    1.92779    1.03241
       683    1.44697    1.05362    1.92412    1.03390
       684    1.44831    1.05455    1.92366    1.01451
       685    1.44921    1.05405    1.92097    1.02029
       686    1.44961    1.05453    1.92126    1.01949
       687    1.44986    1.05490    1.92160    1.01516
       688    1.44852    1.05367    1.92141    1.01609
       689    1.44865    1.05378    1.92142    1.01949
       690    1.44822    1.05601    1.92690    1.00875
       691    1.44955    1.05379    1.91982    1.01425
       692    1.44980    1.05375    1.91930    1.00406
       693    1.45196    1.05152    1.91070    1.01776
       694    1.45437    1.05315    1.90982    1.00944
       695    1.45392    1.05255    1.90936    1.01464
       696    1.45285    1.05276    1.91173    1.00988
       697    1.45471    1.05143    1.90558    1.01420
       698    1.45394    1.05334    1.91098    1.00761
       699    1.45214    1.05340    1.91434    1.00886
       700    1.45311    1.05350    1.91280    0.99511
       701    1.45710    1.05222    1.90297    0.99791
       702    1.45425    1.05175    1.90707    1.00737
       703    1.45550    1.05174    1.90484    1.00783
       704    1.45549    1.04958    1.90031    1.01681
       705    1.45535    1.05112    1.90378    1.00248
       706    1.45856    1.04934    1.89433    1.01256
       707    1.45686    1.05196    1.90286    0.99493
       708    1.45590    1.05144    1.90350    1.00345
       709    1.45818    1.04969    1.89573    1.00918
       710    1.45858    1.05038    1.89649    1.00008
       711    1.45868    1.05027    1.89608    1.00365
       712    1.45823    1.05121    1.89884    0.99882
       713    1.45976    1.05079    1.89524    0.99543
       714    1.46090    1.05158    1.89487    0.98924
       715    1.46173    1.04865    1.88724    0.99993
       716    1.46091    1.04844    1.88826    0.99879
       717    1.46364    1.04943    1.88550    0.99509
       718    1.45937    1.04895    1.89208    1.00183
       719    1.46149    1.04877    1.88792    0.99449
       720    1.46335    1.04733    1.88162    0.99706
       721    1.46536    1.04740    1.87819    1.00151
       722    1.46466    1.04738    1.87940    0.99554
       723    1.46260    1.04848    1.88534    0.99246
       724    1.46420    1.04789    1.88127    0.99233
       725    1.46501    1.04804    1.88017    0.99210
       726    1.46344    1.04978    1.88658    0.98594
       727    1.46599    1.04764    1.87758    0.98966
       728    1.46509    1.04795    1.87984    0.98685
       729    1.46846    1.04827    1.87456    0.97322
       730    1.46764    1.04674    1.87278    0.98413
       731    1.47131    1.04292    1.85836    0.99699
       732    1.47361    1.04413    1.85683    0.98663
       733    1.46473    1.04812    1.88081    0.98350
       734    1.46836    1.04601    1.86999    0.98887
       735    1.46881    1.04727    1.87183    0.97948
       736    1.46896    1.04538    1.86763    0.98404
       737    1.46870    1.04495    1.86717    0.99280
       738    1.46922    1.04631    1.86911    0.98507
       739    1.47167    1.04542    1.86293    0.97656
       740    1.46743    1.04742    1.87459    0.97926
       741    1.47196    1.04600    1.86364    0.98383
       742    1.47249    1.04638    1.86350    0.96882
       743    1.47102    1.04661    1.86658    0.97554
       744    1.47030    1.04426    1.86292    0.98282
       745    1.47226    1.04570    1.86250    0.97404
       746    1.47058    1.04635    1.86680    0.97537
       747    1.47285    1.04419    1.85829    0.97581
       748    1.47046    1.04497    1.86412    0.97105
       749    1.47504    1.04237    1.85067    0.98393
       750    1.47420    1.04434    1.85626    0.96802
       751    1.47303    1.04658    1.86297    0.96597
       752    1.47496    1.04377    1.85374    0.97026
       753    1.47916    1.04204    1.84278    0.97163
       754    1.47353    1.04438    1.85749    0.96675
       755    1.47487    1.04385    1.85405    0.96428
       756    1.47578    1.04410    1.85300    0.96663
       757    1.47681    1.04331    1.84953    0.96316
       758    1.47071    1.04531    1.86439    0.95793
       759    1.47655    1.04483    1.85315    0.95771
       760    1.47591    1.04434    1.85325    0.95204
       761    1.47456    1.04286    1.85253    0.96716
       762    1.47606    1.04405    1.85240    0.95953
       763    1.47749    1.04216    1.84595    0.96475
       764    1.47828    1.04353    1.84743    0.95367
       765    1.47881    1.04402    1.84753    0.94328
       766    1.48148    1.04259    1.83990    0.95103
       767    1.47765    1.04486    1.85132    0.95266
       768    1.48083    1.04226    1.84035    0.95147
       769    1.48154    1.04247    1.83955    0.95307
       770    1.48030    1.04266    1.84209    0.94880
       771    1.48418    1.04162    1.83319    0.95135
       772    1.48172    1.04114    1.83647    0.95582
       773    1.47957    1.04348    1.84508    0.94844
       774    1.48474    1.03845    1.82564    0.95011
       775    1.48237    1.04404    1.84138    0.93887
       776    1.48173    1.04113    1.83644    0.94785
       777    1.48487    1.04062    1.82992    0.94616
       778    1.48508    1.04092    1.83019    0.94100
       779    1.48246    1.04181    1.83658    0.94287
       780    1.48407    1.04079    1.83167    0.94162
       781    1.48274    1.04165    1.83576    0.94035
       782    1.48383    1.04110    1.83272    0.93775
       783    1.48746    1.04236    1.82909    0.93137
       784    1.48600    1.04107    1.82892    0.93932
       785    1.48396    1.04043    1.83109    0.94167
       786    1.48871    1.03874    1.81940    0.94024
       787    1.48805    1.03990    1.82295    0.93434
       788    1.48916    1.03942    1.82003    0.93373
       789    1.48717    1.03969    1.82404    0.93211
       790    1.48745    1.04072    1.82568    0.92881
       791    1.48623    1.04117    1.82873    0.92415
       792    1.48824    1.03856    1.81983    0.93935
       793    1.49025    1.03878    1.81683    0.92976
       794    1.49123    1.03861    1.81481    0.93217
       795    1.48881    1.04110    1.82414    0.92532
       796    1.49052    1.03788    1.81450    0.93320
       797    1.49107    1.03975    1.81745    0.92566
       798    1.49146    1.03692    1.81089    0.92923
       799    1.48618    1.04081    1.82806    0.92172
       800    1.49205    1.03984    1.81594    0.92270
       801    1.49099    1.03792    1.81377    0.92653
       802    1.49413    1.03858    1.80976    0.92034
       803    1.49149    1.03848    1.81409    0.92406
       804    1.49255    1.04005    1.81553    0.91613
       805    1.49268    1.03753    1.81006    0.92159
       806    1.49384    1.03700    1.80699    0.92352
       807    1.49534    1.03541    1.80113    0.92928
       808    1.49637    1.03732    1.80333    0.91777
       809    1.49651    1.03685    1.80211    0.91506
       810    1.49724    1.03530    1.79766    0.92380
       811    1.49463    1.03841    1.80857    0.91068
       812    1.49570    1.03691    1.80362    0.91523
       813    1.49584    1.03772    1.80507    0.91378
       814    1.49463    1.03686    1.80534    0.91819
       815    1.49693    1.03569    1.79900    0.91234
       816    1.49727    1.03596    1.79898    0.91273
       817    1.49525    1.03759    1.80581    0.90639
       818    1.50247    1.03565    1.78951    0.90745
       819    1.49880    1.03769    1.79996    0.90231
       820    1.49987    1.03726    1.79725    0.90173
       821    1.49804    1.03685    1.79951    0.90418
       822    1.50166    1.03512    1.78978    0.90999
       823    1.49799    1.03606    1.79795    0.90698
       824    1.49925    1.03762    1.79905    0.89406
       825    1.50125    1.03706    1.79449    0.90072
       826    1.49998    1.03682    1.79614    0.89720
       827    1.50004    1.03641    1.79519    0.89498
       828    1.50492    1.03504    1.78408    0.89893
       829    1.50446    1.03254    1.77970    0.91077
       830    1.50386    1.03434    1.78443    0.89871
       831    1.50153    1.03638    1.79261    0.89024
       832    1.50541    1.03284    1.77872    0.90134
       833    1.50404    1.03385    1.78313    0.89802
       834    1.50535    1.03352    1.78022    0.89680
       835    1.50530    1.03463    1.78261    0.88643
       836    1.50768    1.03420    1.77771    0.88635
       837    1.50519    1.03443    1.78236    0.88829
       838    1.50483    1.03224    1.77846    0.90135
       839    1.50817    1.03343    1.77527    0.89246
       840    1.50680    1.03175    1.77412    0.89289
       841    1.51033    1.03220    1.76913    0.88993
       842    1.50688    1.03596    1.78267    0.88062
       843    1.50752    1.03195    1.77333    0.89318
       844    1.50910    1.03443    1.77578    0.88221
       845    1.50717    1.03360    1.77732    0.88724
       846    1.50905    1.03223    1.77133    0.88622
       847    1.51103    1.03037    1.76417    0.89416
       848    1.50913    1.03412    1.77510    0.87281
       849    1.51060    1.03448    1.77337    0.87657
       850    1.50821    1.03357    1.77551    0.87447
       851    1.51361    1.03325    1.76579    0.87716
       852    1.51090    1.03327    1.77037    0.87458
       853    1.50602    1.03523    1.78264    0.86721
       854    1.51331    1.03300    1.76578    0.87123
       855    1.51250    1.03278    1.76667    0.87263
       856    1.51365    1.03103    1.76112    0.87534
       857    1.51078    1.03332    1.77068    0.86900
       858    1.51177    1.03322    1.76881    0.87101
       859    1.51294    1.03180    1.76392    0.87006
       860    1.51406    1.03058    1.75953    0.87429
       861    1.51241    1.03155    1.76430    0.87554
       862    1.51218    1.03198    1.76556    0.87222
       863    1.51495    1.03029    1.75743    0.87299
       864    1.51394    1.03152    1.76166    0.86859
       865    1.51089    1.03250    1.76880    0.87006
       866    1.51549    1.03239    1.76088    0.85864
       867    1.51646    1.02979    1.75390    0.86983
       868    1.51526    1.03257    1.76164    0.86503
       869    1.51570    1.02965    1.75488    0.86883
       870    1.51522    1.03083    1.75809    0.86979
       871    1.51810    1.03084    1.75332    0.86147
       872    1.51566    1.03199    1.75976    0.85945
       873    1.51604    1.03061    1.75628    0.85658
       874    1.51802    1.03076    1.75330    0.85773
       875    1.51900    1.03088    1.75192    0.85305
       876    1.51724    1.03189    1.75693    0.84915
       877    1.51791    1.02995    1.75181    0.85878
       878    1.51901    1.02891    1.74785    0.85868
       879    1.51908    1.03035    1.75069    0.84873
       880    1.51587    1.02987    1.75504    0.86103
       881    1.52048    1.02926    1.74612    0.85879
       882    1.52132    1.02989    1.74602    0.85594
       883    1.51900    1.02952    1.74912    0.85580
       884    1.51905    1.03149    1.75310    0.84433
       885    1.52046    1.03067    1.74907    0.84219
       886    1.52176    1.03065    1.74689    0.84213
       887    1.52354    1.02875    1.74002    0.84741
       888    1.51948    1.02933    1.74795    0.84463
       889    1.52225    1.02960    1.74391    0.84583
       890    1.52286    1.02909    1.74184    0.84953
       891    1.52151    1.02975    1.74542    0.84227
       892    1.52300    1.02807    1.73950    0.84867
       893    1.52491    1.02779    1.73578    0.84310
       894    1.52244    1.03011    1.74464    0.83332
       895    1.52630    1.02763    1.73316    0.83785
       896    1.52561    1.02939    1.73792    0.83202
       897    1.52531    1.02804    1.73563    0.83649
       898    1.52380    1.02867    1.73943    0.83725
       899    1.52531    1.02734    1.73420    0.83402
       900    1.52419    1.03035    1.74224    0.82883
       901    1.52815    1.02712    1.72907    0.83073
       902    1.52416    1.02886    1.73922    0.83234
       903    1.52702    1.02879    1.73437    0.82663
       904    1.52777    1.02679    1.72902    0.83551
       905    1.53170    1.02713    1.72328    0.82378
       906    1.52622    1.03004    1.73826    0.80866
       907    1.52998    1.02774    1.72736    0.82504
       908    1.53024    1.02665    1.72469    0.82987
       909    1.52712    1.02835    1.73331    0.82707
       910    1.53115    1.02702    1.72394    0.81643
       911    1.52954    1.02750    1.72756    0.82130
       912    1.52691    1.02847    1.73389    0.81938
       913    1.52826    1.02669    1.72801    0.82475
       914    1.53468    1.02466    1.71334    0.82743
       915    1.52933    1.02730    1.72752    0.82328
       916    1.53001    1.02687    1.72552    0.82038
       917    1.53213    1.02889    1.72619    0.81167
       918    1.53365    1.02560    1.71695    0.82103
       919    1.53414    1.02707    1.71917    0.81365
       920    1.53148    1.02577    1.72085    0.82146
       921    1.53521    1.02747    1.71824    0.81070
       922    1.53463    1.02616    1.71649    0.81368
       923    1.53273    1.02692    1.72116    0.81526
       924    1.53323    1.02685    1.72021    0.81487
       925    1.53452    1.02617    1.71670    0.80684
       926    1.53487    1.02629    1.71638    0.81233
       927    1.53717    1.02730    1.71471    0.79723
       928    1.53391    1.02647    1.71831    0.81038
       929    1.53436    1.02652    1.71769    0.80448
       930    1.53648    1.02543    1.71200    0.80601
       931    1.53495    1.02652    1.71672    0.80658
       932    1.53877    1.02384    1.70502    0.81125
       933    1.53387    1.02686    1.71919    0.79868
       934    1.53481    1.02555    1.71496    0.80432
       935    1.53436    1.02620    1.71703    0.80197
       936    1.53739    1.02587    1.71142    0.80071
       937    1.53638    1.02780    1.71702    0.79481
       938    1.53784    1.02425    1.70738    0.80076
       939    1.53364    1.02650    1.71882    0.80117
       940    1.54080    1.02442    1.70291    0.80115
       941    1.53797    1.02385    1.70634    0.80155
       942    1.54012    1.02605    1.70736    0.78932
       943    1.53653    1.02415    1.70930    0.80137
       944    1.53863    1.02609    1.70986    0.79733
       945    1.53565    1.02611    1.71474    0.78949
       946    1.53620    1.02666    1.71498    0.78790
       947    1.53761    1.02450    1.70825    0.79537
       948    1.54191    1.02463    1.70155    0.78990
       949    1.54334    1.02440    1.69879    0.78677
       950    1.54540    1.02394    1.69453    0.78215
       951    1.54398    1.02372    1.69636    0.78643
       952    1.54710    1.02325    1.69038    0.78656
       953    1.53991    1.02563    1.70684    0.78484
       954    1.54361    1.02391    1.69734    0.77813
       955    1.54293    1.02606    1.70285    0.77500
       956    1.54190    1.02566    1.70369    0.77600
       957    1.54407    1.02559    1.70004    0.77221
       958    1.54363    1.02339    1.69625    0.78608
       959    1.54555    1.02416    1.69474    0.77349
       960    1.54742    1.02122    1.68572    0.78260
       961    1.54302    1.02535    1.70125    0.77211
       962    1.54395    1.02444    1.69789    0.76946
       963    1.54801    1.02270    1.68779    0.77548
       964    1.54566    1.02415    1.69453    0.77009
       965    1.54600    1.02456    1.69482    0.76359
       966    1.54685    1.02567    1.69575    0.76514
       967    1.54752    1.02292    1.68902    0.76794
       968    1.54637    1.02405    1.69318    0.76513
       969    1.54664    1.02490    1.69449    0.76001
       970    1.54644    1.02344    1.69183    0.76551
       971    1.55009    1.02232    1.68370    0.76723
       972    1.54682    1.02241    1.68913    0.76791
       973    1.54659    1.02463    1.69402    0.75499
       974    1.54671    1.02479    1.69417    0.75924
       975    1.54788    1.02516    1.69305    0.75328
       976    1.55296    1.02194    1.67834    0.76092
       977    1.54837    1.02286    1.68755    0.76239
       978    1.55158    1.02329    1.68330    0.75424
       979    1.55373    1.02291    1.67910    0.75123
       980    1.55097    1.02197    1.68157    0.75696
       981    1.55087    1.02360    1.68508    0.74923
       982    1.55043    1.02338    1.68530    0.75584
       983    1.54853    1.02544    1.69258    0.73754
       984    1.54878    1.02402    1.68928    0.74580
       985    1.55186    1.02244    1.68110    0.74404
       986    1.55289    1.02408    1.68282    0.74014
       987    1.55186    1.02279    1.68183    0.74124
       988    1.55129    1.02414    1.68549    0.74051
       989    1.55245    1.02408    1.68353    0.74380
       990    1.55454    1.02170    1.67533    0.74479
       991    1.55383    1.02378    1.68071    0.73785
       992    1.55484    1.02356    1.67867    0.73725
       993    1.55138    1.02495    1.68701    0.73279
       994    1.55345    1.02359    1.68093    0.73151
       995    1.55382    1.02205    1.67720    0.74079
       996    1.55597    1.02184    1.67334    0.73799
       997    1.55262    1.02401    1.68310    0.73228
       998    1.55397    1.02316    1.67921    0.73005
       999    1.56132    1.02155    1.66428    0.73236

Final Weights:        -0.3381674339         0.7220603261         0.7111978291        -0.3251561281 