# Cycles, Average Predicted Temperature, Stddev Predicted Temperature, Mean Squared Error, || MSE Gradient ||
         0    0.04612    0.02339    5.03188    7.01330
         1    0.05842    0.03002    4.97721    8.49091
         2    0.07705    0.03977    4.89513   10.59982
         3    0.10602    0.05615    4.76934   13.60448
         4    0.15721    0.08453    4.55247   18.32387
         5    0.25663    0.14162    4.15132   25.85153
         6    0.48341    0.27257    3.33512   37.07399
         7    1.08223    0.62113    1.84254   37.25425
         8    2.22271    1.28840    1.66438   55.74737
         9    0.73598    0.41747    2.58672   41.91026
        10    1.71882    0.99124    1.30786    1.54534
        11    1.69503    0.97493    1.30351    2.01608
        12    1.74221    1.00476    1.30872    3.15151
        13    1.64931    0.95291    1.31747    5.12444
        14    1.81532    1.04772    1.32227    9.79858
        15    1.51152    0.86241    1.34851   16.14937
        16    2.04818    1.17901    1.44816   33.95094
        17    1.06232    0.60352    1.86944   38.09025
        18    2.21022    1.26802    1.61410   53.17865
        19    0.77210    0.43338    2.48938   42.12054
        20    1.80435    1.03138    1.29881    8.06966
        21    1.54588    0.88523    1.33614   13.41682
        22    1.99863    1.13961    1.38314   27.55833
        23    1.17579    0.66393    1.68045   34.50521
        24    2.26445    1.29882    1.68755   60.23219
        25    0.68548    0.37756    2.71442   41.80719
        26    1.61021    0.91061    1.29022    9.42835
        27    1.92266    1.08926    1.32082   18.95909
        28    1.33962    0.75167    1.46669   27.27455
        29    2.24049    1.27696    1.63301   56.43691
        30    0.73647    0.40374    2.57393   42.30908
        31    1.72267    0.97697    1.27542    1.50078
        32    1.72165    0.97495    1.27263    1.50144
        33    1.72760    0.97018    1.25663    1.50020
        34    1.73005    0.97440    1.26209    1.53137
        35    1.72685    0.96964    1.25641    1.51387
        36    1.73084    0.97270    1.25790    1.52846
        37    1.72684    0.96465    1.24678    1.60670
        38    1.74203    0.97815    1.25616    1.91207
        39    1.70761    0.95693    1.25396    2.46699
        40    1.77420    0.99044    1.24617    3.90491
        41    1.65194    0.91960    1.25174    7.08233
        42    1.88572    1.06004    1.28646   14.77866
        43    1.42637    0.78702    1.36386   23.05187
        44    2.20261    1.22330    1.50396   48.88647
        45    0.84396    0.45803    2.29848   42.41331
        46    1.95116    1.09193    1.30657   21.06619
        47    1.30777    0.71766    1.47822   29.57958
        48    2.29369    1.27911    1.63613   61.02359
        49    0.68304    0.36277    2.71132   42.06241
        50    1.60799    0.88901    1.25435   10.72731
        51    1.96773    1.08756    1.28611   21.76489
        52    1.29993    0.71169    1.48512   30.01576
        53    2.29217    1.27026    1.61357   60.13753
        54    0.69789    0.36827    2.66785   42.29015
        55    1.65153    0.90159    1.21947    8.15320
        56    1.91025    1.05020    1.24652   15.54413
        57    1.42575    0.77234    1.34204   23.75343
        58    2.22422    1.22098    1.49502   50.47732
        59    0.83286    0.43906    2.31367   42.86792
        60    1.94483    1.06151    1.24538   18.46425
        61    1.37495    0.73861    1.38138   26.95742
        62    2.27150    1.24342    1.54640   56.20768
        63    0.75277    0.39230    2.51447   42.84247
        64    1.77667    0.95938    1.18308    2.43278
        65    1.72090    0.92809    1.18430    3.50359
        66    1.82656    0.98395    1.18218    6.30132
        67    1.63059    0.87440    1.19833   10.64166
        68    1.98240    1.06815    1.23506   21.35652
        69    1.32393    0.70492    1.42864   29.77449
        70    2.31864    1.25408    1.57359   61.03828
        71    0.69342    0.35557    2.67289   42.37779
        72    1.64279    0.87249    1.17908   10.22087
        73    1.98718    1.06678    1.22922   21.62322
        74    1.32014    0.69214    1.41810   30.50256
        75    2.33323    1.25300    1.57194   62.19515
        76    0.68673    0.34693    2.68824   42.44413
        77    1.62296    0.85967    1.18289   11.75721
        78    2.01504    1.07273    1.22591   23.89252
        79    1.28340    0.67130    1.46225   32.18469
        80    2.34811    1.26111    1.59387   64.25000
        81    0.66305    0.32780    2.75175   42.26333
        82    1.56608    0.81910    1.19381   16.35129
        83    2.12479    1.12228    1.28655   35.24891
        84    1.08154    0.55225    1.76339   39.78261
        85    2.30890    1.21734    1.48230   57.19399
        86    0.75290    0.37606    2.50160   43.14192
        87    1.78817    0.92963    1.11523    1.94290
        88    1.77145    0.92225    1.11859    2.03975
        89    1.79318    0.93201    1.11466    2.14429
        90    1.76886    0.91522    1.10837    2.33246
        91    1.81135    0.93607    1.10455    2.92693
        92    1.74194    0.89956    1.10869    4.12923
        93    1.86327    0.96433    1.11133    7.24884
        94    1.63444    0.83380    1.12391   12.70231
        95    2.06209    1.06600    1.18792   26.69770
        96    1.24894    0.62180    1.46874   34.98002
        97    2.39996    1.24450    1.56106   67.41293
        98    0.63725    0.29980    2.81878   42.00412
        99    1.50610    0.75398    1.18171   21.98706
       100    2.26263    1.16401    1.35562   49.21698
       101    0.87602    0.41970    2.17319   43.74439
       102    2.05250    1.04845    1.15527   24.87944
       103    1.28767    0.63010    1.40006   33.89062
       104    2.41663    1.24411    1.56405   69.03370
       105    0.62135    0.28495    2.86286   41.77274
       106    1.46727    0.72148    1.19607   24.91423
       107    2.31936    1.17413    1.37949   54.76053
       108    0.80397    0.37544    2.34682   43.98964
       109    1.91286    0.95224    1.04838    9.44170
       110    1.61901    0.78897    1.07161   15.82626
       111    2.15598    1.07597    1.17545   34.28943
       112    1.12695    0.53620    1.63831   39.89540
       113    2.38801    1.19471    1.43709   62.38333
       114    0.70857    0.31933    2.60032   43.40491
       115    1.69438    0.82137    1.02844   10.69069
       116    2.05096    1.00752    1.07184   21.96508
       117    1.36794    0.64377    1.26313   31.39516
       118    2.43533    1.20583    1.47538   67.57069
       119    0.65102    0.28456    2.76457   42.52673
       120    1.54589    0.73382    1.09099   21.48110
       121    2.29234    1.11680    1.24725   48.11784
       122    0.91161    0.40915    2.06513   44.16842
       123    2.13917    1.03171    1.08693   29.94435
       124    1.21829    0.56023    1.46068   37.80078
       125    2.47188    1.19786    1.46826   70.31994
       126    0.62268    0.26215    2.84595   41.99826
       127    1.46917    0.67810    1.13224   26.79352
       128    2.40214    1.15055    1.33652   60.16298
       129    0.75134    0.31957    2.46709   44.11336
       130    1.79917    0.83888    0.94384    4.70542
       131    1.94318    0.90810    0.94436    8.68187
       132    1.67217    0.76544    0.96660   14.63682
       133    2.17320    1.01959    1.05302   31.70965
       134    1.20297    0.52898    1.45969   39.11092
       135    2.48568    1.17440    1.41781   69.79558
       136    0.64093    0.25698    2.78279   42.55923
       137    1.51702    0.68053    1.05937   24.94837
       138    2.39239    1.11464    1.25307   56.69155
       139    0.80653    0.32930    2.30670   44.77294
       140    1.93318    0.87537    0.89302    6.31008
       141    1.73913    0.77379    0.90131   10.98877
       142    2.11182    0.95664    0.94663   23.02144
       143    1.38603    0.59490    1.16960   32.69929
       144    2.51642    1.15761    1.39169   71.44743
       145    0.63268    0.23832    2.80080   42.45129
       146    1.48998    0.63933    1.04746   27.63763
       147    2.46426    1.10747    1.25713   62.60882
       148    0.74400    0.28229    2.46729   44.44685
       149    1.78265    0.76624    0.84371    9.19947
       150    2.09838    0.91482    0.87330   19.39035
       151    1.47533    0.61508    1.04069   29.15329
       152    2.49543    1.10972    1.27402   65.72510
       153    0.71229    0.25781    2.55308   44.02293
       154    1.69554    0.70883    0.85486   16.18019
       155    2.26278    0.98170    0.96444   36.27617
       156    1.15755    0.44978    1.48289   42.01579
       157    2.50813    1.09209    1.24059   65.59268
       158    0.72156    0.25279    2.52134   44.17839
       159    1.71816    0.70445    0.82232   15.27983
       160    2.25154    0.95114    0.90608   33.37107
       161    1.22494    0.46464    1.34850   40.47837
       162    2.56138    1.09062    1.26354   70.64949
       163    0.66810    0.21991    2.67628   43.27340
       164    1.57355    0.61317    0.88812   25.48129
       165    2.47845    1.03660    1.11035   58.84510
       166    0.82504    0.27607    2.21993   45.51880
       167    1.96667    0.78129    0.71444    3.93576
       168    1.87223    0.73493    0.71397    5.97625
       169    2.05934    0.81733    0.72085   11.23650
       170    1.69933    0.64212    0.76025   18.87070
       171    2.36988    0.94621    0.90183   42.76220
       172    1.08487    0.36757    1.58548   44.47402
       173    2.44914    0.96597    0.95869   50.97793
       174    0.95706    0.30634    1.86839   45.85360
       175    2.24551    0.85894    0.73969   27.04754
       176    1.38754    0.47881    1.04223   36.38446
       177    2.64941    1.03564    1.20230   75.05459
       178    0.64698    0.17480    2.72739   42.29833
       179    1.48430    0.51005    0.90799   32.36650
       180    2.63049    1.00492    1.12636   70.92610
       181    0.70406    0.18640    2.54738   43.52750
       182    1.63261    0.55442    0.73847   25.23490
       183    2.54237    0.94122    0.94999   57.99163
       184    0.87923    0.24311    2.04708   45.69005
       185    2.06216    0.72017    0.57019    6.62230
       186    1.85708    0.62814    0.58128   11.40394
       187    2.25445    0.79434    0.63219   24.19546
       188    1.47676    0.45648    0.86841   34.22374
       189    2.68333    0.96222    1.08122   73.29180
       190    0.70646    0.16114    2.53098   41.84516
       191    1.55350    0.47226    0.76426   30.97361
       192    2.66590    0.92422    0.99609   68.94972
       193    0.77279    0.17261    2.32924   42.63166
       194    1.69135    0.50602    0.61347   24.15904
       195    2.56264    0.85152    0.79987   54.12897
       196    0.98899    0.23157    1.74412   44.17283
       197    2.16944    0.67202    0.46595   11.59260
       198    1.79068    0.51370    0.51240   18.94287
       199    2.47004    0.77691    0.63630   41.19197
       200    1.21786    0.28885    1.23118   41.83780
       201    2.50228    0.76621    0.63248   43.42718
       202    1.19638    0.27125    1.26779   41.61194
       203    2.42599    0.71568    0.53092   33.80981
       204    1.38219    0.32002    0.92506   37.62188
       205    2.58442    0.75262    0.65359   49.82565
       206    1.16369    0.24494    1.32674   36.59906
       207    2.02984    0.50113    0.31839    6.26189
       208    2.22815    0.56520    0.32318    9.87553
       209    1.92185    0.45661    0.34344   13.51484
       210    2.37055    0.59863    0.36497   21.50681
       211    1.74187    0.39526    0.45578   21.00792
       212    2.32389    0.56667    0.32232   14.92142
       213    1.91964    0.44150    0.33149   12.77016
       214    2.26881    0.54671    0.29931    8.76280
       215    2.02943    0.46960    0.28800    6.97213
       216    2.22341    0.52562    0.28060    5.43097
       217    2.07255    0.47998    0.27731    4.59638
       218    2.19989    0.51348    0.27163    3.76719
       219    2.10322    0.48100    0.26594    3.10116
       220    2.17906    0.50361    0.26575    2.46033
       221    2.12602    0.48267    0.25959    2.05674
       222    2.16638    0.49684    0.26193    1.77148
       223    2.13833    0.48468    0.25767    1.58923
       224    2.16231    0.48921    0.25542    1.50563
       225    2.14420    0.48256    0.25388    1.46464
       226    2.16227    0.48576    0.25207    1.45819
       227    2.15129    0.47862    0.24810    1.36017
       228    2.15516    0.48223    0.25051    1.34901
       229    2.15391    0.47786    0.24665    1.34417
       230    2.15975    0.48021    0.24736    1.36168
       231    2.15340    0.47511    0.24416    1.34321
       232    2.16020    0.47548    0.24271    1.32351
       233    2.15946    0.47191    0.23953    1.30254
       234    2.16128    0.47020    0.23745    1.28994
       235    2.15884    0.46924    0.23718    1.30208
       236    2.16428    0.47011    0.23661    1.30434
       237    2.15893    0.46478    0.23299    1.29673
       238    2.16507    0.46736    0.23383    1.29782
       239    2.16488    0.45985    0.22692    1.24883
       240    2.16078    0.46498    0.23270    1.28572
       241    2.16497    0.46375    0.23049    1.27682
       242    2.16782    0.45994    0.22627    1.25261
       243    2.16709    0.45737    0.22409    1.24034
       244    2.16623    0.45512    0.22225    1.23586
       245    2.16994    0.45448    0.22077    1.22835
       246    2.16795    0.45290    0.21982    1.22838
       247    2.17368    0.45187    0.21753    1.22388
       248    2.16717    0.44803    0.21562    1.23455
       249    2.17532    0.45026    0.21570    1.22850
       250    2.16578    0.44548    0.21368    1.25853
       251    2.17839    0.45009    0.21485    1.27254
       252    2.16679    0.44421    0.21230    1.24294
       253    2.18182    0.44267    0.20748    1.23239
       254    2.17155    0.44025    0.20766    1.19174
       255    2.17211    0.44246    0.20948    1.18981
       256    2.18025    0.43825    0.20393    1.16660
       257    2.17606    0.43720    0.20394    1.14443
       258    2.17673    0.43732    0.20389    1.15586
       259    2.17701    0.43885    0.20517    1.15201
       260    2.17783    0.43255    0.19950    1.13679
       261    2.18137    0.43164    0.19794    1.12704
       262    2.17902    0.43133    0.19818    1.12697
       263    2.17839    0.43293    0.19970    1.13648
       264    2.18322    0.42869    0.19500    1.10937
       265    2.18008    0.42636    0.19369    1.10729
       266    2.18670    0.42460    0.19079    1.10649
       267    2.18037    0.42221    0.19010    1.10795
       268    2.18819    0.42350    0.18955    1.11033
       269    2.17930    0.41900    0.18764    1.13547
       270    2.19153    0.42181    0.18746    1.14051
       271    2.18400    0.41682    0.18480    1.07303
       272    2.18264    0.41967    0.18748    1.08409
       273    2.19106    0.41703    0.18355    1.07898
       274    2.18400    0.41508    0.18336    1.06826
       275    2.18702    0.41676    0.18412    1.05973
       276    2.19086    0.41273    0.18002    1.03812
       277    2.18747    0.41171    0.17985    1.03551
       278    2.19242    0.41142    0.17863    1.03722
       279    2.18738    0.40699    0.17601    1.03615
       280    2.19512    0.40868    0.17586    1.04229
       281    2.18423    0.40747    0.17705    1.09115
       282    2.19688    0.41024    0.17682    1.09473
       283    2.18963    0.40288    0.17222    1.01018
       284    2.19388    0.40530    0.17336    1.00291
       285    2.19325    0.40261    0.17130    0.98816
       286    2.19463    0.40132    0.17000    0.98165
       287    2.19387    0.40151    0.17029    0.97798
       288    2.19368    0.39914    0.16843    0.97434
       289    2.19158    0.40064    0.17004    0.99920
       290    2.20206    0.39821    0.16617    1.02711
       291    2.18872    0.39591    0.16684    1.05802
       292    2.20469    0.39613    0.16406    1.05661
       293    2.19054    0.39232    0.16364    1.03534
       294    2.20423    0.39483    0.16310    1.02374
       295    2.19046    0.39222    0.16358    1.03738
       296    2.20428    0.39416    0.16257    1.01495
       297    2.19319    0.39186    0.16277    0.98094
       298    2.20485    0.38991    0.15914    0.97640
       299    2.19160    0.38857    0.16051    1.03422
       300    2.20959    0.38869    0.15742    1.05719
       301    2.19388    0.38507    0.15736    1.00176
       302    2.20550    0.38628    0.15622    0.93984
       303    2.19875    0.38342    0.15519    0.91344
       304    2.20583    0.38458    0.15485    0.92412
       305    2.19683    0.38287    0.15512    0.95210
       306    2.20546    0.38372    0.15425    0.91753
       307    2.20217    0.38087    0.15264    0.88630
       308    2.20249    0.38231    0.15368    0.88092
       309    2.20108    0.38216    0.15381    0.88354
       310    2.20766    0.37799    0.14952    0.87607
       311    2.20531    0.37614    0.14851    0.85433
       312    2.20609    0.37567    0.14803    0.84889
       313    2.20073    0.37745    0.15029    0.89488
       314    2.20838    0.37715    0.14877    0.87392
       315    2.20672    0.37183    0.14506    0.83190
       316    2.20483    0.37386    0.14689    0.85681
       317    2.21005    0.37203    0.14467    0.84810
       318    2.20791    0.37022    0.14367    0.82381
       319    2.20479    0.37039    0.14431    0.84338
       320    2.20984    0.37155    0.14434    0.84058
       321    2.20563    0.36965    0.14362    0.83489
       322    2.21317    0.36758    0.14090    0.84257
       323    2.20526    0.36560    0.14071    0.84957
       324    2.21152    0.36686    0.14062    0.82523
       325    2.20738    0.36815    0.14223    0.82238
       326    2.21301    0.36476    0.13885    0.81029
       327    2.20666    0.36382    0.13918    0.82970
       328    2.21741    0.36157    0.13589    0.84623
       329    2.20775    0.36028    0.13643    0.81939
       330    2.21714    0.36083    0.13539    0.82043
       331    2.20668    0.35898    0.13568    0.85312
       332    2.21614    0.36073    0.13546    0.80950
       333    2.21126    0.35793    0.13419    0.77722
       334    2.21421    0.35739    0.13335    0.76157
       335    2.21177    0.35806    0.13420    0.76754
       336    2.21564    0.35812    0.13366    0.76921
       337    2.21377    0.35402    0.13102    0.74856
       338    2.21362    0.35696    0.13313    0.75305
       339    2.21466    0.35557    0.13198    0.75029
       340    2.21573    0.35409    0.13078    0.74064
       341    2.21512    0.35191    0.12933    0.73841
       342    2.21267    0.35331    0.13068    0.75267
       343    2.22049    0.35291    0.12927    0.78750
       344    2.20998    0.35151    0.12983    0.80904
       345    2.21971    0.35175    0.12855    0.76127
       346    2.21348    0.35172    0.12944    0.74142
       347    2.21863    0.35039    0.12775    0.74012
       348    2.21681    0.34768    0.12612    0.71619
       349    2.21700    0.34820    0.12645    0.71415
       350    2.21800    0.34816    0.12629    0.71434
       351    2.21531    0.34743    0.12616    0.72835
       352    2.22295    0.34536    0.12366    0.74099
       353    2.21569    0.34391    0.12368    0.72320
       354    2.22420    0.34347    0.12220    0.73884
       355    2.21476    0.34223    0.12266    0.74387
       356    2.22355    0.34303    0.12198    0.71598
       357    2.21382    0.34255    0.12302    0.76764
       358    2.22535    0.34508    0.12315    0.78527
       359    2.21333    0.34182    0.12260    0.78255
       360    2.22523    0.34164    0.12081    0.73115
       361    2.22288    0.33750    0.11830    0.66308
       362    2.21729    0.33945    0.12040    0.70451
       363    2.22496    0.33902    0.11906    0.69744
       364    2.21981    0.33738    0.11864    0.66875
       365    2.22282    0.33684    0.11787    0.65417
       366    2.22030    0.33805    0.11902    0.66378
       367    2.22225    0.33627    0.11756    0.65538
       368    2.22502    0.33581    0.11689    0.66789
       369    2.21742    0.33498    0.11736    0.72049
       370    2.22762    0.33631    0.11690    0.71561
       371    2.21752    0.33443    0.11698    0.71864
       372    2.22803    0.33602    0.11665    0.71657
       373    2.22338    0.33252    0.11490    0.63125
       374    2.22310    0.33240    0.11486    0.63412
       375    2.22404    0.33189    0.11439    0.63385
       376    2.22614    0.33285    0.11476    0.63710
       377    2.22222    0.32905    0.11276    0.64483
       378    2.22675    0.32853    0.11183    0.62663
       379    2.22662    0.32782    0.11138    0.60952
       380    2.22690    0.32677    0.11065    0.60238
       381    2.22561    0.32643    0.11060    0.60334
       382    2.22170    0.33021    0.11359    0.64663
       383    2.22885    0.32856    0.11159    0.63599
       384    2.22250    0.32677    0.11122    0.64356
       385    2.22860    0.32836    0.11149    0.63478
       386    2.22256    0.32612    0.11079    0.64398
       387    2.23297    0.32642    0.10971    0.70278
       388    2.22143    0.32495    0.11018    0.67420
       389    2.23219    0.32393    0.10818    0.64522
       390    2.22397    0.32378    0.10909    0.62270
       391    2.23313    0.32298    0.10746    0.65073
       392    2.22066    0.32194    0.10834    0.72171
       393    2.23342    0.32352    0.10778    0.66919
       394    2.22372    0.32226    0.10813    0.63246
       395    2.23034    0.32335    0.10802    0.60311
       396    2.22564    0.32172    0.10754    0.59984
       397    2.23011    0.32224    0.10733    0.58137
       398    2.22916    0.32028    0.10618    0.56806
       399    2.23058    0.32141    0.10674    0.58523
       400    2.22504    0.31931    0.10608    0.61401
       401    2.23347    0.31827    0.10440    0.59100
       402    2.22650    0.31648    0.10409    0.60029
       403    2.23504    0.31844    0.10433    0.62919
       404    2.22730    0.31734    0.10453    0.57861
       405    2.22784    0.31727    0.10442    0.57340
       406    2.23202    0.31846    0.10469    0.57837
       407    2.22875    0.31471    0.10270    0.56319
       408    2.23286    0.31609    0.10309    0.56560
       409    2.22880    0.31627    0.10368    0.55424
       410    2.23191    0.31381    0.10176    0.54502
       411    2.23120    0.31438    0.10219    0.54626
       412    2.23296    0.31274    0.10097    0.53830
       413    2.23129    0.31115    0.10017    0.53257
       414    2.23272    0.31428    0.10196    0.54351
       415    2.23257    0.31022    0.09944    0.52452
       416    2.22994    0.31246    0.10114    0.54369
       417    2.23172    0.31281    0.10115    0.53564
       418    2.23600    0.31292    0.10075    0.56974
       419    2.22765    0.31043    0.10015    0.59813
       420    2.23490    0.31183    0.10019    0.55205
       421    2.22928    0.31080    0.10018    0.55850
       422    2.23986    0.30934    0.09812    0.63305
       423    2.22687    0.30742    0.09839    0.64692
       424    2.23982    0.30885    0.09782    0.62711
       425    2.22888    0.30646    0.09756    0.59150
       426    2.23916    0.30767    0.09716    0.58814
       427    2.23238    0.30720    0.09760    0.50976
       428    2.23158    0.30756    0.09791    0.52525
       429    2.23230    0.30823    0.09824    0.51608
       430    2.23568    0.30933    0.09855    0.53184
       431    2.23169    0.30762    0.09794    0.51997
       432    2.23935    0.30480    0.09539    0.55284
       433    2.23227    0.30527    0.09643    0.51865
       434    2.23245    0.30484    0.09614    0.51917
       435    2.23914    0.30540    0.09577    0.55496
       436    2.23237    0.30321    0.09517    0.52324
       437    2.23668    0.30398    0.09516    0.50102
       438    2.23364    0.30476    0.09596    0.49851
       439    2.23665    0.30284    0.09447    0.49073
       440    2.23528    0.30126    0.09367    0.48682
       441    2.23686    0.30231    0.09413    0.48893
       442    2.23564    0.30034    0.09307    0.47962
       443    2.23786    0.30363    0.09482    0.49373
       444    2.23604    0.30046    0.09310    0.48397
       445    2.23487    0.29992    0.09290    0.49328
       446    2.23778    0.30004    0.09267    0.48093
       447    2.23525    0.29988    0.09284    0.48671
       448    2.23812    0.29996    0.09259    0.48776
       449    2.23472    0.30024    0.09311    0.49198
       450    2.23815    0.29877    0.09187    0.47794
       451    2.23242    0.30205    0.09446    0.52196
       452    2.24585    0.29872    0.09111    0.67084
       453    2.22679    0.29518    0.09102    0.79252
       454    2.24749    0.29865    0.09093    0.74014
       455    2.23052    0.29665    0.09144    0.62220
       456    2.24190    0.30020    0.09235    0.55739
       457    2.23210    0.29808    0.09211    0.55412
       458    2.24216    0.29519    0.08935    0.50856
       459    2.23659    0.29662    0.09075    0.46583
       460    2.23922    0.29662    0.09048    0.46571
       461    2.23494    0.29675    0.09100    0.49105
       462    2.24242    0.29704    0.09042    0.52213
       463    2.23578    0.29446    0.08956    0.48249
       464    2.23935    0.29359    0.08868    0.45361
       465    2.24285    0.29146    0.08710    0.47021
       466    2.23512    0.29361    0.08913    0.49977
       467    2.24329    0.29511    0.08919    0.51735
       468    2.23323    0.29141    0.08805    0.57559
       469    2.24433    0.29344    0.08812    0.53294
       470    2.23567    0.29156    0.08787    0.49791
       471    2.24035    0.29179    0.08753    0.44461
       472    2.24069    0.29039    0.08668    0.43847
       473    2.23840    0.29186    0.08776    0.44910
       474    2.24098    0.29142    0.08725    0.44317
       475    2.24130    0.29237    0.08777    0.44892
       476    2.23897    0.29187    0.08771    0.43251
       477    2.23886    0.28984    0.08654    0.44183
       478    2.24250    0.29073    0.08670    0.45573
       479    2.23658    0.29015    0.08696    0.48152
       480    2.24044    0.29047    0.08675    0.43623
       481    2.24490    0.28944    0.08573    0.49368
       482    2.23594    0.29012    0.08700    0.49832
       483    2.24500    0.28813    0.08497    0.47694
       484    2.23855    0.28657    0.08469    0.45422
       485    2.24122    0.28771    0.08508    0.43004
       486    2.24253    0.28870    0.08553    0.42918
       487    2.24260    0.28620    0.08408    0.41659
       488    2.23790    0.28829    0.08574    0.45893
       489    2.24548    0.28790    0.08480    0.48047
       490    2.23932    0.28474    0.08356    0.44419
       491    2.24223    0.28817    0.08525    0.42433
       492    2.23687    0.28644    0.08479    0.49652
       493    2.24704    0.28466    0.08281    0.49869
       494    2.23826    0.28431    0.08343    0.47180
       495    2.24976    0.28502    0.08279    0.58374
       496    2.23619    0.28471    0.08387    0.53547
       497    2.24494    0.28428    0.08277    0.42837
       498    2.24309    0.28486    0.08327    0.40612
       499    2.23845    0.28427    0.08338    0.46611
       500    2.24682    0.28567    0.08340    0.48167
       501    2.24104    0.28104    0.08130    0.42152
       502    2.24315    0.28136    0.08128    0.39973
       503    2.24632    0.28198    0.08135    0.42983
       504    2.24147    0.28007    0.08072    0.41591
       505    2.24497    0.28236    0.08168    0.40829
       506    2.23885    0.28139    0.08171    0.47343
       507    2.24699    0.28379    0.08232    0.46294
       508    2.24015    0.28299    0.08249    0.43037
       509    2.24737    0.28030    0.08031    0.43208
       510    2.24009    0.28080    0.08126    0.44227
       511    2.24656    0.28082    0.08068    0.41959
       512    2.23947    0.28045    0.08112    0.46092
       513    2.24641    0.28175    0.08122    0.42958
       514    2.24402    0.27990    0.08038    0.38507
       515    2.24232    0.28062    0.08094    0.39908
       516    2.24667    0.28028    0.08037    0.41806
       517    2.24320    0.27784    0.07931    0.39039
       518    2.24445    0.27712    0.07880    0.38139
       519    2.24908    0.27644    0.07803    0.43055
       520    2.23919    0.27739    0.07944    0.49605
       521    2.24694    0.27914    0.07970    0.40926
       522    2.24315    0.27759    0.07917    0.39186
       523    2.24831    0.27598    0.07784    0.40803
       524    2.24224    0.27704    0.07895    0.40815
       525    2.24625    0.27778    0.07901    0.38702
       526    2.24062    0.27753    0.07938    0.44668
       527    2.24933    0.27826    0.07902    0.45743
       528    2.24334    0.27555    0.07803    0.39191
       529    2.24800    0.27674    0.07828    0.40154
       530    2.24126    0.27434    0.07756    0.45032
       531    2.25093    0.27609    0.07769    0.48125
       532    2.24244    0.27404    0.07728    0.41820
       533    2.24756    0.27665    0.07827    0.38892
       534    2.24339    0.27445    0.07742    0.39354
       535    2.24757    0.27495    0.07733    0.37901
       536    2.24336    0.27600    0.07828    0.38768
       537    2.24938    0.27558    0.07753    0.41868
       538    2.24366    0.27285    0.07652    0.39367
       539    2.24699    0.27447    0.07711    0.36567
       540    2.24663    0.27371    0.07673    0.36248
       541    2.24246    0.27194    0.07614    0.43108
       542    2.25045    0.27530    0.07729    0.44415
       543    2.24498    0.27294    0.07645    0.36930
       544    2.24801    0.27196    0.07566    0.36413
       545    2.24349    0.27290    0.07656    0.39717
       546    2.24630    0.27316    0.07646    0.36493
       547    2.24848    0.27270    0.07602    0.36747
       548    2.24751    0.27401    0.07682    0.36180
       549    2.24513    0.27212    0.07599    0.36553
       550    2.24901    0.27023    0.07464    0.36012
       551    2.24736    0.27044    0.07489    0.34774
       552    2.24422    0.27042    0.07515    0.39047
       553    2.24974    0.27183    0.07545    0.38955
       554    2.24420    0.26977    0.07480    0.39497
       555    2.25312    0.26953    0.07395    0.46361
       556    2.24221    0.26982    0.07501    0.45858
       557    2.25154    0.27084    0.07477    0.42353
       558    2.24177    0.27000    0.07515    0.47058
       559    2.25271    0.27005    0.07426    0.45129
       560    2.24498    0.26783    0.07369    0.38487
       561    2.25135    0.26804    0.07328    0.38383
       562    2.24438    0.26867    0.07419    0.39555
       563    2.25073    0.27070    0.07476    0.39652
       564    2.24262    0.26882    0.07443    0.45024
       565    2.25116    0.26996    0.07432    0.39691
       566    2.24718    0.26934    0.07431    0.34641
       567    2.24754    0.26821    0.07367    0.34205
       568    2.24577    0.26965    0.07460    0.35928
       569    2.25220    0.26816    0.07328    0.40977
       570    2.24787    0.26417    0.07149    0.33671
       571    2.24875    0.26702    0.07294    0.33070
       572    2.24801    0.26808    0.07356    0.33323
       573    2.24862    0.26880    0.07390    0.33324
       574    2.24722    0.26563    0.07232    0.34573
       575    2.24789    0.26714    0.07307    0.33627
       576    2.25263    0.26531    0.07172    0.37973
       577    2.24513    0.26510    0.07222    0.39759
       578    2.25200    0.26660    0.07246    0.37883
       579    2.24320    0.26588    0.07280    0.45655
       580    2.25402    0.26566    0.07181    0.43564
       581    2.24517    0.26427    0.07178    0.40126
       582    2.25256    0.26681    0.07253    0.39351
       583    2.24819    0.26384    0.07129    0.33149
       584    2.24914    0.26378    0.07118    0.32737
       585    2.25058    0.26356    0.07095    0.33012
       586    2.24898    0.26444    0.07154    0.32518
       587    2.25027    0.26499    0.07173    0.33332
       588    2.24863    0.26230    0.07044    0.32805
       589    2.24729    0.26480    0.07187    0.34368
       590    2.25516    0.26315    0.07040    0.43224
       591    2.24681    0.26288    0.07090    0.36409
       592    2.25131    0.26509    0.07170    0.34213
       593    2.24830    0.26331    0.07100    0.32672
       594    2.25035    0.26335    0.07086    0.32023
       595    2.24937    0.26507    0.07185    0.31926
       596    2.25265    0.26227    0.07012    0.34271
       597    2.24670    0.26128    0.07007    0.37678
       598    2.25121    0.26113    0.06963    0.31034
       599    2.24966    0.26265    0.07055    0.31673
       600    2.25377    0.26093    0.06934    0.35595
       601    2.24459    0.26174    0.07050    0.44780
       602    2.25623    0.26311    0.07031    0.46981
       603    2.24336    0.25976    0.06957    0.51933
       604    2.25682    0.26166    0.06951    0.46826
       605    2.24830    0.25980    0.06917    0.34187
       606    2.25250    0.25992    0.06890    0.31837
       607    2.25154    0.26175    0.06993    0.31333
       608    2.24942    0.25934    0.06884    0.31984
       609    2.25243    0.25850    0.06817    0.31089
       610    2.24777    0.25843    0.06850    0.36272
       611    2.25366    0.26117    0.06947    0.35472
       612    2.24857    0.25818    0.06831    0.34169
       613    2.25493    0.25827    0.06788    0.36016
       614    2.25012    0.25660    0.06737    0.31523
       615    2.24923    0.25895    0.06865    0.32156
       616    2.25302    0.25982    0.06881    0.32369
       617    2.25155    0.25825    0.06811    0.30153
       618    2.24978    0.25852    0.06838    0.31330
       619    2.25221    0.25989    0.06891    0.31014
       620    2.25219    0.25870    0.06830    0.30390
       621    2.25000    0.25783    0.06801    0.31193
       622    2.25128    0.25787    0.06793    0.30330
       623    2.25130    0.25866    0.06834    0.30135
       624    2.25026    0.25765    0.06790    0.31039
       625    2.25676    0.25684    0.06702    0.40430
       626    2.24679    0.25518    0.06691    0.42440
       627    2.25647    0.25560    0.06640    0.38344
       628    2.24807    0.25700    0.06774    0.36339
       629    2.25299    0.25868    0.06823    0.31135
       630    2.25172    0.25731    0.06761    0.29489
       631    2.25093    0.25646    0.06724    0.30169
       632    2.25216    0.25779    0.06783    0.29722
       633    2.25250    0.25511    0.06642    0.29136
       634    2.25402    0.25681    0.06719    0.31595
       635    2.24732    0.25413    0.06634    0.41467
       636    2.25468    0.25676    0.06712    0.33364
       637    2.25241    0.25481    0.06628    0.28923
       638    2.25521    0.25626    0.06682    0.33606
       639    2.25039    0.25369    0.06586    0.31943
       640    2.25233    0.25772    0.06778    0.29534
       641    2.25101    0.25378    0.06586    0.30351
       642    2.25763    0.25493    0.06599    0.39818
       643    2.24643    0.25461    0.06665    0.45141
       644    2.25686    0.25625    0.06671    0.38565
       645    2.24853    0.25315    0.06574    0.38100
       646    2.25721    0.25352    0.06529    0.36845
       647    2.25251    0.25340    0.06556    0.28401
       648    2.25305    0.25271    0.06517    0.27779
       649    2.25128    0.25185    0.06487    0.30477
       650    2.25324    0.25477    0.06620    0.28870
       651    2.25490    0.25318    0.06527    0.29860
       652    2.25045    0.25503    0.06654    0.30850
       653    2.25360    0.25439    0.06598    0.28430
       654    2.25554    0.25264    0.06496    0.30117
       655    2.25128    0.25307    0.06548    0.29911
       656    2.25308    0.25229    0.06495    0.27642
       657    2.25310    0.25238    0.06500    0.28067
       658    2.25532    0.25200    0.06465    0.29405
       659    2.25057    0.25281    0.06540    0.31548
       660    2.25637    0.25224    0.06470    0.32267
       661    2.24942    0.25115    0.06466    0.36446
       662    2.25624    0.25288    0.06503    0.33535
       663    2.25172    0.25134    0.06457    0.29527
       664    2.25655    0.25071    0.06392    0.31358
       665    2.25052    0.25172    0.06486    0.32595
       666    2.25538    0.25097    0.06413    0.28863
       667    2.25046    0.25217    0.06509    0.32090
       668    2.25835    0.25216    0.06453    0.38994
       669    2.25042    0.25046    0.06423    0.33605
       670    2.25625    0.25182    0.06450    0.31096
       671    2.25196    0.25058    0.06418    0.29395
       672    2.25690    0.25046    0.06377    0.31090
       673    2.25031    0.24925    0.06363    0.34961
       674    2.25589    0.25098    0.06410    0.29473
       675    2.25348    0.24912    0.06334    0.27248
       676    2.25298    0.24904    0.06333    0.27841
       677    2.25539    0.24993    0.06361    0.27837
       678    2.25750    0.24912    0.06307    0.31303
       679    2.24943    0.24901    0.06359    0.38496
       680    2.25769    0.25075    0.06387    0.33118
       681    2.25136    0.24715    0.06251    0.32801
       682    2.25664    0.24920    0.06316    0.29424
       683    2.25404    0.24921    0.06334    0.26684
       684    2.25520    0.24802    0.06267    0.26676
       685    2.25439    0.24724    0.06234    0.26571
       686    2.25399    0.24802    0.06275    0.26615
       687    2.25119    0.24912    0.06350    0.31921
       688    2.25926    0.25024    0.06352    0.39334
       689    2.25114    0.24700    0.06246    0.33877
       690    2.25946    0.24786    0.06232    0.36120
       691    2.25068    0.24730    0.06264    0.35229
       692    2.25697    0.24766    0.06237    0.28900
       693    2.25244    0.24762    0.06267    0.29450
       694    2.25805    0.24734    0.06215    0.30933
       695    2.25389    0.24788    0.06269    0.26679
       696    2.25529    0.24618    0.06175    0.25766
       697    2.25553    0.24656    0.06192    0.25894
       698    2.25160    0.24693    0.06239    0.32186
       699    2.25938    0.24838    0.06258    0.36673
       700    2.25259    0.24603    0.06187    0.29838
       701    2.25469    0.24581    0.06161    0.25776
       702    2.25625    0.24684    0.06201    0.27050
       703    2.25596    0.24654    0.06189    0.26198
       704    2.25482    0.24445    0.06094    0.25930
       705    2.25670    0.24495    0.06105    0.25888
       706    2.25414    0.24418    0.06085    0.27153
       707    2.25902    0.24655    0.06170    0.33094
       708    2.25259    0.24438    0.06106    0.31003
       709    2.25762    0.24534    0.06119    0.27704
       710    2.25172    0.24358    0.06073    0.34564
       711    2.26241    0.24535    0.06091    0.45150
       712    2.25184    0.24419    0.06102    0.34121
       713    2.25492    0.24609    0.06173    0.25597
       714    2.25415    0.24737    0.06242    0.26010
       715    2.25942    0.24191    0.05941    0.29654
       716    2.25428    0.24276    0.06015    0.27074
       717    2.25688    0.24433    0.06074    0.25805
       718    2.25476    0.24417    0.06080    0.25651
       719    2.25478    0.24547    0.06144    0.25121
       720    2.25828    0.24433    0.06065    0.28296
       721    2.25444    0.24336    0.06043    0.26458
       722    2.25732    0.24473    0.06091    0.26248
       723    2.25553    0.24280    0.06008    0.25151
       724    2.25455    0.24343    0.06046    0.26353
       725    2.25560    0.24374    0.06054    0.24947
       726    2.25902    0.24416    0.06052    0.30124
       727    2.25280    0.24238    0.06007    0.31657
       728    2.25783    0.24549    0.06125    0.28399
       729    2.25373    0.24374    0.06067    0.27848
       730    2.25829    0.24386    0.06042    0.27597
       731    2.25808    0.23961    0.05838    0.24317
       732    2.25441    0.24244    0.05999    0.26820
       733    2.25825    0.24193    0.05949    0.25499
       734    2.25513    0.24218    0.05981    0.25409
       735    2.25930    0.24349    0.06018    0.29522
       736    2.25147    0.24115    0.05957    0.38032
       737    2.26326    0.24185    0.05916    0.43979
       738    2.25192    0.24099    0.05946    0.36546
       739    2.25746    0.24163    0.05939    0.24505
       740    2.25693    0.24242    0.05981    0.24038
       741    2.25454    0.24065    0.05911    0.27269
       742    2.25846    0.24192    0.05947    0.26148
       743    2.25657    0.24168    0.05947    0.23974
       744    2.25832    0.23984    0.05848    0.24209
       745    2.25708    0.23968    0.05848    0.23584
       746    2.25784    0.23994    0.05855    0.23544
       747    2.25504    0.24085    0.05917    0.25864
       748    2.25827    0.24145    0.05926    0.24800
       749    2.25668    0.24129    0.05928    0.23371
       750    2.25812    0.23855    0.05787    0.23429
       751    2.25369    0.24110    0.05939    0.29731
       752    2.26229    0.23918    0.05793    0.35805
       753    2.25143    0.23948    0.05877    0.40253
       754    2.26233    0.24011    0.05838    0.37105
       755    2.25431    0.23930    0.05848    0.29063
       756    2.25613    0.24172    0.05952    0.23783
       757    2.26017    0.24043    0.05865    0.28472
       758    2.25193    0.23919    0.05860    0.38261
       759    2.26211    0.24230    0.05944    0.38857
       760    2.25353    0.24002    0.05888    0.31279
       761    2.26075    0.23872    0.05780    0.28652
       762    2.25946    0.23848    0.05776    0.24858
       763    2.25340    0.23624    0.05709    0.34870
       764    2.25999    0.23809    0.05754    0.26677
       765    2.25797    0.23992    0.05853    0.23524
       766    2.25757    0.23854    0.05790    0.22837
       767    2.25376    0.23957    0.05865    0.30403
       768    2.25942    0.23927    0.05814    0.25547
       769    2.26004    0.23806    0.05752    0.26283
       770    2.25451    0.23871    0.05818    0.28724
       771    2.26267    0.24020    0.05840    0.37073
       772    2.25141    0.23758    0.05787    0.43045
       773    2.26112    0.23950    0.05815    0.31163
       774    2.25641    0.23713    0.05730    0.24328
       775    2.25905    0.23686    0.05701    0.23449
       776    2.25634    0.23541    0.05650    0.25125
       777    2.25962    0.23691    0.05700    0.24333
       778    2.26073    0.23785    0.05738    0.27399
       779    2.25368    0.23856    0.05817    0.32267
       780    2.26178    0.23707    0.05695    0.30249
       781    2.25386    0.23839    0.05808    0.31474
       782    2.26255    0.23770    0.05721    0.33357
       783    2.25277    0.23675    0.05738    0.37728
       784    2.26164    0.23744    0.05713    0.30252
       785    2.25652    0.23705    0.05726    0.24144
       786    2.25842    0.23560    0.05645    0.21977
       787    2.25785    0.23733    0.05731    0.22208
       788    2.26218    0.23662    0.05672    0.31024
       789    2.25394    0.23495    0.05644    0.34466
       790    2.25921    0.23687    0.05701    0.22921
       791    2.25619    0.23625    0.05690    0.25040
       792    2.26196    0.23662    0.05673    0.30111
       793    2.25905    0.23579    0.05651    0.21932
       794    2.25871    0.23437    0.05586    0.21400
       795    2.25499    0.23518    0.05648    0.29790
       796    2.25935    0.23728    0.05719    0.23398
       797    2.25989    0.23457    0.05588    0.22486
       798    2.25873    0.23490    0.05611    0.21446
       799    2.25871    0.23257    0.05502    0.21574
       800    2.25717    0.23576    0.05661    0.23018
       801    2.26148    0.23530    0.05613    0.27388
       802    2.25739    0.23562    0.05653    0.22542
       803    2.25988    0.23399    0.05561    0.21958
       804    2.25693    0.23445    0.05601    0.24100
       805    2.25872    0.23608    0.05666    0.22089
       806    2.25925    0.23468    0.05597    0.21726
       807    2.25765    0.23317    0.05536    0.22890
       808    2.26020    0.23451    0.05584    0.23054
       809    2.26081    0.23512    0.05609    0.24165
       810    2.25485    0.23524    0.05652    0.30353
       811    2.26334    0.23426    0.05554    0.32254
       812    2.25426    0.23355    0.05576    0.34320
       813    2.25997    0.23356    0.05540    0.22223
       814    2.26039    0.23246    0.05487    0.21947
       815    2.25865    0.23371    0.05555    0.21369
       816    2.26276    0.23364    0.05528    0.28735
       817    2.25528    0.23333    0.05559    0.30527
       818    2.26028    0.23259    0.05493    0.21913
       819    2.26080    0.23358    0.05536    0.23119
       820    2.25683    0.23335    0.05550    0.25023
       821    2.26015    0.23332    0.05528    0.21636
       822    2.25854    0.23290    0.05518    0.21430
       823    2.26067    0.23208    0.05467    0.21885
       824    2.25637    0.23494    0.05627    0.25203
       825    2.26562    0.23211    0.05443    0.39243
       826    2.25295    0.23353    0.05585    0.41531
       827    2.26397    0.23332    0.05507    0.33425
       828    2.25646    0.23408    0.05586    0.26002
       829    2.25890    0.23315    0.05528    0.21103
       830    2.26134    0.23374    0.05541    0.24375
       831    2.25948    0.23203    0.05472    0.20768
       832    2.25733    0.23340    0.05549    0.23842
       833    2.26024    0.23224    0.05477    0.20614
       834    2.26066    0.23161    0.05446    0.21007
       835    2.25703    0.23243    0.05506    0.24697
       836    2.26243    0.23156    0.05433    0.25773
       837    2.25605    0.23116    0.05453    0.29394
       838    2.26427    0.23148    0.05420    0.32794
       839    2.25752    0.23074    0.05425    0.24622
       840    2.26277    0.23132    0.05421    0.25694
       841    2.25580    0.23103    0.05449    0.30636
       842    2.26193    0.22930    0.05332    0.22761
       843    2.25574    0.23155    0.05473    0.29912
       844    2.26686    0.23213    0.05438    0.45557
       845    2.25449    0.23138    0.05474    0.36205
       846    2.26492    0.23278    0.05477    0.36279
       847    2.25169    0.23021    0.05440    0.50737
       848    2.26780    0.23232    0.05443    0.50845
       849    2.25404    0.22981    0.05405    0.39911
       850    2.26413    0.22986    0.05346    0.29428
       851    2.26162    0.22798    0.05274    0.19957
       852    2.25571    0.23038    0.05420    0.31802
       853    2.26317    0.22966    0.05342    0.25706
       854    2.25739    0.22974    0.05379    0.25339
       855    2.26290    0.23053    0.05383    0.25531
       856    2.25841    0.22943    0.05359    0.22792
       857    2.26061    0.23047    0.05393    0.20285
       858    2.25934    0.23163    0.05454    0.20247
       859    2.26256    0.23076    0.05396    0.24861
       860    2.25902    0.23005    0.05383    0.20817
       861    2.25995    0.23010    0.05380    0.19811
       862    2.25787    0.23093    0.05431    0.23086
       863    2.26312    0.23099    0.05404    0.27135
       864    2.26060    0.22890    0.05321    0.19237
       865    2.25718    0.22961    0.05375    0.26225
       866    2.26424    0.23005    0.05355    0.29941
       867    2.25528    0.22961    0.05387    0.34505
       868    2.26368    0.22755    0.05243    0.25776
       869    2.26083    0.22903    0.05326    0.19641
       870    2.26098    0.22853    0.05302    0.19777
       871    2.25890    0.22859    0.05317    0.21873
       872    2.26081    0.22936    0.05341    0.19663
       873    2.25727    0.22948    0.05368    0.26209
       874    2.26553    0.23025    0.05357    0.35884
       875    2.25783    0.22896    0.05341    0.24952
       876    2.26200    0.22830    0.05286    0.20718
       877    2.25672    0.22925    0.05361    0.28391
       878    2.26494    0.22758    0.05238    0.30117
       879    2.25741    0.22893    0.05342    0.26343
       880    2.26210    0.23099    0.05409    0.23044
       881    2.26063    0.22827    0.05292    0.19182
       882    2.25922    0.22661    0.05225    0.21793
       883    2.26207    0.22818    0.05280    0.21099
       884    2.26510    0.22752    0.05235    0.29356
       885    2.25609    0.22686    0.05256    0.33893
       886    2.26256    0.22871    0.05302    0.22457
       887    2.26070    0.22964    0.05355    0.19137
       888    2.25864    0.22752    0.05270    0.22859
       889    2.26330    0.22728    0.05233    0.23440
       890    2.25750    0.22842    0.05318    0.26248
       891    2.26533    0.22706    0.05213    0.30480
       892    2.25820    0.22691    0.05245    0.24958
       893    2.26179    0.22754    0.05252    0.19488
       894    2.25847    0.22777    0.05282    0.23245
       895    2.26679    0.22725    0.05214    0.36866
       896    2.25500    0.22777    0.05305    0.38255
       897    2.26562    0.22698    0.05208    0.31443
       898    2.25917    0.22636    0.05214    0.22043
       899    2.26334    0.22626    0.05186    0.21603
       900    2.25861    0.22604    0.05203    0.24324
       901    2.26110    0.22670    0.05218    0.18873
       902    2.26600    0.22583    0.05154    0.31281
       903    2.25707    0.22646    0.05231    0.30451
       904    2.26382    0.22555    0.05152    0.23047
       905    2.26013    0.22556    0.05172    0.19981
       906    2.26109    0.22737    0.05248    0.18841
       907    2.26193    0.22602    0.05183    0.18799
       908    2.26020    0.22670    0.05223    0.19363
       909    2.26199    0.22520    0.05145    0.18727
       910    2.25822    0.22592    0.05200    0.25397
       911    2.26568    0.22713    0.05214    0.31951
       912    2.26155    0.22417    0.05102    0.18080
       913    2.26004    0.22650    0.05215    0.19905
       914    2.26127    0.22586    0.05179    0.18757
       915    2.26234    0.22670    0.05211    0.19673
       916    2.26050    0.22560    0.05172    0.19321
       917    2.25892    0.22577    0.05189    0.23047
       918    2.26693    0.22553    0.05136    0.35438
       919    2.25911    0.22517    0.05161    0.23381
       920    2.26398    0.22459    0.05108    0.21572
       921    2.25744    0.22403    0.05120    0.30898
       922    2.26463    0.22486    0.05117    0.24509
       923    2.25944    0.22534    0.05166    0.21916
       924    2.26413    0.22335    0.05051    0.21437
       925    2.26130    0.22346    0.05071    0.18377
       926    2.26237    0.22527    0.05147    0.18744
       927    2.25866    0.22547    0.05177    0.24414
       928    2.26373    0.22419    0.05091    0.20849
       929    2.26378    0.22398    0.05081    0.20614
       930    2.25840    0.22529    0.05170    0.25702
       931    2.26256    0.22567    0.05164    0.19103
       932    2.26184    0.22628    0.05195    0.18635
       933    2.26044    0.22571    0.05177    0.19005
       934    2.26416    0.22445    0.05101    0.22002
       935    2.25739    0.22518    0.05172    0.29996
       936    2.26882    0.22528    0.05117    0.43588
       937    2.25926    0.22203    0.05019    0.25158
       938    2.25926    0.22383    0.05099    0.23443
       939    2.26482    0.22504    0.05124    0.25307
       940    2.25956    0.22464    0.05134    0.21854
       941    2.26374    0.22494    0.05125    0.21472
       942    2.25968    0.22419    0.05113    0.21884
       943    2.26600    0.22360    0.05054    0.28367
       944    2.25892    0.22429    0.05122    0.24796
       945    2.26139    0.22416    0.05102    0.18146
       946    2.26411    0.22493    0.05122    0.22223
       947    2.25996    0.22107    0.04972    0.23238
       948    2.26387    0.22423    0.05092    0.20791
       949    2.25811    0.22230    0.05038    0.29096
       950    2.26829    0.22474    0.05095    0.39904
       951    2.25563    0.22365    0.05115    0.40278
       952    2.26521    0.22484    0.05113    0.26270
       953    2.26110    0.22379    0.05087    0.18723
       954    2.26138    0.22434    0.05110    0.17686
       955    2.26506    0.22291    0.05027    0.23145
       956    2.25751    0.22308    0.05077    0.31336
       957    2.26521    0.22364    0.05059    0.25620
       958    2.26357    0.22249    0.05016    0.18258
       959    2.26383    0.22187    0.04987    0.18568
       960    2.25870    0.22390    0.05106    0.25783
       961    2.26431    0.22154    0.04970    0.19629
       962    2.26025    0.22222    0.05022    0.21419
       963    2.26474    0.22296    0.05031    0.22192
       964    2.26401    0.22207    0.04995    0.18657
       965    2.25968    0.22171    0.05002    0.23724
       966    2.26514    0.22293    0.05028    0.22704
       967    2.25825    0.22166    0.05009    0.29855
       968    2.26588    0.22212    0.04988    0.25518
       969    2.25942    0.22258    0.05043    0.23905
       970    2.26485    0.22176    0.04977    0.21254
       971    2.26002    0.22237    0.05030    0.21745
       972    2.26707    0.22116    0.04940    0.29144
       973    2.25790    0.22225    0.05037    0.30933
       974    2.26405    0.22188    0.04986    0.19059
       975    2.26476    0.22272    0.05020    0.21325
       976    2.25964    0.22205    0.05018    0.23716
       977    2.26370    0.22246    0.05014    0.18563
       978    2.26533    0.22253    0.05009    0.22449
       979    2.25875    0.22047    0.04953    0.28686
       980    2.26542    0.22277    0.05019    0.24185
       981    2.26096    0.22248    0.05029    0.19122
       982    2.26071    0.22018    0.04929    0.20837
       983    2.26603    0.22103    0.04939    0.24994
       984    2.26098    0.22292    0.05049    0.19026
       985    2.26382    0.22233    0.05007    0.18223
       986    2.25918    0.22097    0.04973    0.26391
       987    2.26909    0.22070    0.04911    0.38349
       988    2.25798    0.21936    0.04909    0.33674
       989    2.26642    0.22097    0.04935    0.25796
       990    2.25943    0.22194    0.05014    0.24918
       991    2.26534    0.22073    0.04929    0.21768
       992    2.25998    0.22117    0.04977    0.22963
       993    2.26650    0.22073    0.04924    0.26157
       994    2.25858    0.21909    0.04894    0.31328
       995    2.26809    0.22057    0.04910    0.32980
       996    2.25693    0.21871    0.04888    0.39358
       997    2.27163    0.22028    0.04883    0.50980
       998    2.25475    0.21829    0.04883    0.51290
       999    2.27062    0.22159    0.04945    0.46853

Final Weights:        -0.6379961226         0.5499297459         0.4344048798         0.1238242651 