# Cycles, Average Predicted Temperature, Stddev Predicted Temperature, Mean Squared Error, || MSE Gradient ||
         0    0.00189    0.00513    5.60411    0.22932
         1    0.00193    0.00521    5.60390    0.23330
         2    0.00193    0.00526    5.60391    0.22789
         3    0.00192    0.00520    5.60395    0.22628
         4    0.00197    0.00534    5.60374    0.22946
         5    0.00195    0.00529    5.60382    0.22761
         6    0.00198    0.00533    5.60368    0.22996
         7    0.00199    0.00539    5.60362    0.23072
         8    0.00199    0.00538    5.60365    0.22919
         9    0.00199    0.00539    5.60366    0.23672
        10    0.00201    0.00545    5.60357    0.24039
        11    0.00203    0.00550    5.60343    0.23878
        12    0.00202    0.00543    5.60352    0.23603
        13    0.00206    0.00555    5.60332    0.24099
        14    0.00205    0.00555    5.60334    0.23934
        15    0.00205    0.00550    5.60335    0.23938
        16    0.00208    0.00558    5.60323    0.24076
        17    0.00213    0.00569    5.60299    0.26702
        18    0.00210    0.00564    5.60314    0.27422
        19    0.00215    0.00570    5.60288    0.27721
        20    0.00215    0.00572    5.60291    0.27990
        21    0.00221    0.00584    5.60261    0.28373
        22    0.00216    0.00575    5.60285    0.27394
        23    0.00220    0.00586    5.60264    0.27666
        24    0.00220    0.00581    5.60265    0.27457
        25    0.00228    0.00596    5.60229    0.28038
        26    0.00227    0.00597    5.60233    0.28102
        27    0.00224    0.00592    5.60247    0.27562
        28    0.00228    0.00600    5.60226    0.27678
        29    0.00230    0.00606    5.60220    0.27686
        30    0.00228    0.00601    5.60228    0.34539
        31    0.00236    0.00610    5.60190    0.36030
        32    0.00235    0.00611    5.60193    0.35181
        33    0.00242    0.00626    5.60162    0.35694
        34    0.00237    0.00613    5.60183    0.34941
        35    0.00243    0.00626    5.60159    0.35771
        36    0.00245    0.00626    5.60145    0.35412
        37    0.00249    0.00633    5.60129    0.34891
        38    0.00252    0.00639    5.60115    0.35081
        39    0.00260    0.00653    5.60079    0.35551
        40    0.00259    0.00648    5.60083    0.35285
        41    0.00259    0.00646    5.60084    0.35237
        42    0.00258    0.00649    5.60085    0.34902
        43    0.00268    0.00667    5.60040    0.35440
        44    0.00271    0.00669    5.60027    0.35407
        45    0.00273    0.00674    5.60016    0.35156
        46    0.00269    0.00665    5.60036    0.34753
        47    0.00278    0.00680    5.59994    0.35272
        48    0.00277    0.00679    5.59998    0.34848
        49    0.00284    0.00691    5.59966    0.35494
        50    0.00284    0.00695    5.59962    0.35012
        51    0.00287    0.00692    5.59950    0.35143
        52    0.00289    0.00703    5.59938    0.35416
        53    0.00294    0.00709    5.59917    0.35240
        54    0.00296    0.00714    5.59908    0.35016
        55    0.00300    0.00716    5.59887    0.35694
        56    0.00297    0.00715    5.59905    0.34788
        57    0.00305    0.00729    5.59867    0.35171
        58    0.00310    0.00740    5.59842    0.35509
        59    0.00309    0.00738    5.59848    0.35047
        60    0.00312    0.00744    5.59833    0.34949
        61    0.00310    0.00738    5.59840    0.34555
        62    0.00313    0.00746    5.59827    0.34745
        63    0.00323    0.00762    5.59782    0.35228
        64    0.00322    0.00766    5.59787    0.34897
        65    0.00323    0.00765    5.59780    0.35035
        66    0.00330    0.00776    5.59748    0.35022
        67    0.00332    0.00781    5.59739    0.35142
        68    0.00333    0.00784    5.59735    0.34871
        69    0.00333    0.00780    5.59734    0.34801
        70    0.00333    0.00783    5.59735    0.34637
        71    0.00336    0.00791    5.59718    0.34651
        72    0.00340    0.00797    5.59698    0.34722
        73    0.00345    0.00803    5.59679    0.34689
        74    0.00345    0.00809    5.59676    0.36513
        75    0.00349    0.00814    5.59657    0.37409
        76    0.00354    0.00822    5.59636    0.38131
        77    0.00358    0.00830    5.59614    0.37909
        78    0.00358    0.00836    5.59614    0.37798
        79    0.00362    0.00836    5.59598    0.38019
        80    0.00361    0.00834    5.59601    0.37711
        81    0.00367    0.00850    5.59574    0.38056
        82    0.00364    0.00850    5.59586    0.37444
        83    0.00378    0.00863    5.59523    0.38443
        84    0.00381    0.00869    5.59506    0.38546
        85    0.00380    0.00865    5.59514    0.38099
        86    0.00389    0.00880    5.59471    0.38539
        87    0.00392    0.00894    5.59455    0.38428
        88    0.00393    0.00894    5.59449    0.38090
        89    0.00391    0.00893    5.59460    0.37643
        90    0.00398    0.00904    5.59429    0.37943
        91    0.00390    0.00890    5.59467    0.37208
        92    0.00397    0.00908    5.59432    0.37543
        93    0.00408    0.00919    5.59382    0.38168
        94    0.00408    0.00927    5.59380    0.37798
        95    0.00414    0.00935    5.59354    0.41172
        96    0.00418    0.00947    5.59333    0.51802
        97    0.00425    0.00948    5.59299    0.52664
        98    0.00426    0.00952    5.59298    0.51850
        99    0.00437    0.00966    5.59246    0.52622
       100    0.00440    0.00968    5.59229    0.52729
       101    0.00448    0.00981    5.59194    0.52901
       102    0.00455    0.00990    5.59160    0.52994
       103    0.00451    0.00987    5.59179    0.52351
       104    0.00465    0.01013    5.59114    0.52463
       105    0.00468    0.01009    5.59099    0.51899
       106    0.00473    0.01018    5.59076    0.52176
       107    0.00483    0.01028    5.59030    0.51928
       108    0.00484    0.01030    5.59022    0.51873
       109    0.00493    0.01054    5.58981    0.51964
       110    0.00495    0.01053    5.58972    0.51180
       111    0.00504    0.01060    5.58931    0.51894
       112    0.00516    0.01081    5.58872    0.52747
       113    0.00508    0.01075    5.58912    0.51423
       114    0.00523    0.01095    5.58839    0.51973
       115    0.00520    0.01090    5.58855    0.51460
       116    0.00520    0.01090    5.58854    0.51126
       117    0.00544    0.01124    5.58742    0.52152
       118    0.00537    0.01108    5.58773    0.51385
       119    0.00549    0.01134    5.58718    0.51683
       120    0.00544    0.01124    5.58740    0.50789
       121    0.00558    0.01150    5.58674    0.51179
       122    0.00568    0.01166    5.58627    0.51550
       123    0.00568    0.01167    5.58630    0.51242
       124    0.00566    0.01174    5.58639    0.50335
       125    0.00575    0.01173    5.58598    0.49842
       126    0.00589    0.01201    5.58529    0.51477
       127    0.00589    0.01201    5.58532    0.50882
       128    0.00606    0.01227    5.58451    0.51920
       129    0.00616    0.01240    5.58406    0.52158
       130    0.00603    0.01228    5.58463    0.50479
       131    0.00608    0.01234    5.58444    0.50592
       132    0.00620    0.01252    5.58387    0.51451
       133    0.00630    0.01271    5.58339    0.51648
       134    0.00638    0.01280    5.58301    1.31137
       135    0.00680    0.01289    5.58103    1.34964
       136    0.00713    0.01295    5.57948    1.38333
       137    0.00749    0.01301    5.57776    1.42836
       138    0.00802    0.01310    5.57525    1.47667
       139    0.00832    0.01315    5.57388    1.51733
       140    0.00896    0.01351    5.57083    1.57492
       141    0.00949    0.01364    5.56836    1.61483
       142    0.00997    0.01364    5.56606    1.66026
       143    0.01061    0.01395    5.56308    1.78121
       144    0.01129    0.01421    5.55988    1.84252
       145    0.01205    0.01444    5.55630    1.89911
       146    0.01282    0.01458    5.55268    1.96251
       147    0.01356    0.01471    5.54919    2.02230
       148    0.01453    0.01509    5.54461    2.09129
       149    0.01540    0.01530    5.54056    2.16372
       150    0.01647    0.01556    5.53551    2.23709
       151    0.01746    0.01579    5.53084    2.40569
       152    0.01879    0.01603    5.52463    2.49695
       153    0.02024    0.01637    5.51781    2.61330
       154    0.02168    0.01673    5.51104    2.71252
       155    0.02330    0.01702    5.50348    2.81836
       156    0.02503    0.01734    5.49538    2.94217
       157    0.02696    0.01778    5.48632    3.10682
       158    0.02900    0.01788    5.47678    3.23611
       159    0.03123    0.01805    5.46637    3.37372
       160    0.03376    0.01841    5.45453    3.50277
       161    0.03664    0.01885    5.44111    3.78099
       162    0.03960    0.01894    5.42732    3.92273
       163    0.04296    0.01881    5.41168    4.09294
       164    0.04675    0.01908    5.39406    4.28032
       165    0.05059    0.01923    5.37625    4.45771
       166    0.05517    0.01921    5.35505    4.66141
       167    0.05984    0.01928    5.33343    4.83907
       168    0.06508    0.01920    5.30927    5.01539
       169    0.07055    0.01922    5.28411    5.21257
       170    0.07663    0.01922    5.25620    5.39333
       171    0.08303    0.01935    5.22688    5.57655
       172    0.09006    0.01995    5.19480    5.76268
       173    0.09756    0.02011    5.16067    5.97127
       174    0.10545    0.02073    5.12492    6.17597
       175    0.11434    0.02132    5.08480    6.39120
       176    0.12335    0.02258    5.04430    6.60652
       177    0.13329    0.02394    4.99980    6.83244
       178    0.14394    0.02545    4.95234    7.06824
       179    0.15541    0.02737    4.90157    7.29386
       180    0.16764    0.02986    4.84770    7.51623
       181    0.18068    0.03274    4.79062    7.74334
       182    0.19486    0.03565    4.72896    7.97599
       183    0.20954    0.03956    4.66564    8.19890
       184    0.22564    0.04359    4.59667    8.43226
       185    0.24255    0.04808    4.52489    8.65592
       186    0.26039    0.05316    4.44986    8.87217
       187    0.27975    0.05867    4.36920    9.09827
       188    0.30052    0.06424    4.28350    9.32991
       189    0.32171    0.07095    4.19719    9.52652
       190    0.34457    0.07804    4.10517    9.72835
       191    0.36837    0.08574    4.01063    9.92277
       192    0.39395    0.09357    3.91030   10.11320
       193    0.42068    0.10227    3.80715   10.28070
       194    0.44840    0.11161    3.70187   10.43836
       195    0.47744    0.12132    3.59344   10.57138
       196    0.50860    0.13138    3.47905   10.71054
       197    0.54070    0.14223    3.36360   10.82109
       198    0.57362    0.15340    3.24759   10.90746
       199    0.60903    0.16443    3.12519   10.98708
       200    0.64436    0.17683    3.00630   11.03111
       201    0.68171    0.18866    2.88318   11.06168
       202    0.72082    0.20149    2.75770   11.07847
       203    0.75888    0.21501    2.63930   11.04273
       204    0.79974    0.22880    2.51552   11.00159
       205    0.83987    0.24282    2.39776   10.92598
       206    0.88071    0.25585    2.28101   10.83355
       207    0.92401    0.26967    2.16125   10.72167
       208    0.96828    0.28427    2.04334   10.58902
       209    1.00974    0.29794    1.93685   10.41941
       210    1.05344    0.31238    1.82877   10.23467
       211    1.09652    0.32611    1.72602   10.03169
       212    1.14022    0.33970    1.62576    9.81089
       213    1.18510    0.35228    1.52616    9.57958
       214    1.22781    0.36597    1.43668    9.32554
       215    1.26882    0.37864    1.35417    9.06032
       216    1.31134    0.39027    1.27134    8.79054
       217    1.35049    0.40241    1.19968    8.51387
       218    1.39281    0.41332    1.12415    8.22147
       219    1.43187    0.42365    1.05804    7.93593
       220    1.47009    0.43417    0.99688    7.64394
       221    1.50571    0.44300    0.94184    7.36194
       222    1.54525    0.45217    0.88333    7.06202
       223    1.57948    0.45987    0.83512    6.78384
       224    1.61131    0.46628    0.79179    6.52165
       225    1.64397    0.47426    0.75086    6.24078
       226    1.67472    0.48007    0.71276    5.98929
       227    1.70410    0.48543    0.67797    5.74097
       228    1.73330    0.48973    0.64419    5.49584
       229    1.76086    0.49588    0.61596    5.25642
       230    1.78551    0.49874    0.58941    5.05249
       231    1.80921    0.50198    0.56555    4.84441
       232    1.83405    0.50532    0.54172    4.63601
       233    1.85706    0.50707    0.51939    4.44759
       234    1.87703    0.50814    0.50042    4.28582
       235    1.89728    0.51096    0.48377    4.10651
       236    1.91632    0.50971    0.46490    3.96345
       237    1.93331    0.51105    0.45116    3.82492
       238    1.95111    0.51064    0.43555    3.68188
       239    1.96638    0.51172    0.42411    3.56211
       240    1.98406    0.51083    0.40927    3.42721
       241    1.99763    0.50961    0.39775    3.33184
       242    2.01159    0.50768    0.38561    3.22884
       243    2.02330    0.50710    0.37679    3.13725
       244    2.03771    0.50491    0.36481    3.04033
       245    2.04403    0.50360    0.35934    2.97389
       246    2.05705    0.50194    0.34938    2.88886
       247    2.06846    0.49820    0.33864    2.81246
       248    2.07811    0.49670    0.33144    2.75069
       249    2.08534    0.49410    0.32471    2.68399
       250    2.09305    0.49322    0.31952    2.63291
       251    2.10041    0.48928    0.31163    2.57351
       252    2.10901    0.48697    0.30483    2.51999
       253    2.11667    0.48420    0.29821    2.47013
       254    2.12067    0.48199    0.29407    2.42581
       255    2.12803    0.47937    0.28795    2.37803
       256    2.13668    0.47740    0.28197    2.32900
       257    2.14254    0.47385    0.27590    2.28169
       258    2.14709    0.47127    0.27143    2.24021
       259    2.15300    0.46818    0.26592    2.20462
       260    2.15772    0.46385    0.25987    2.15896
       261    2.16482    0.46120    0.25447    2.11498
       262    2.16787    0.45782    0.25013    2.08909
       263    2.17382    0.45459    0.24482    2.06004
       264    2.17288    0.45420    0.24483    2.03144
       265    2.17798    0.45146    0.24038    1.99994
       266    2.18333    0.44693    0.23429    1.95874
       267    2.18518    0.44563    0.23245    1.92734
       268    2.19057    0.44167    0.22698    1.90574
       269    2.19179    0.44030    0.22534    1.87961
       270    2.19611    0.43703    0.22095    1.84176
       271    2.19873    0.43527    0.21852    1.82072
       272    2.19836    0.43120    0.21511    1.78805
       273    2.20343    0.42816    0.21080    1.75974
       274    2.20713    0.42576    0.20754    1.73589
       275    2.20961    0.42187    0.20344    1.70581
       276    2.21297    0.42085    0.20152    1.68179
       277    2.21786    0.41763    0.19732    1.65733
       278    2.21701    0.41481    0.19523    1.63099
       279    2.21720    0.41394    0.19444    1.60804
       280    2.22132    0.41312    0.19253    1.58777
       281    2.22174    0.41058    0.19032    1.56748
       282    2.22735    0.40671    0.18553    1.54318
       283    2.22553    0.40576    0.18528    1.51992
       284    2.22803    0.40276    0.18214    1.50178
       285    2.22948    0.40154    0.18075    1.47623
       286    2.23405    0.39804    0.17670    1.45978
       287    2.23540    0.39612    0.17481    1.43803
       288    2.23779    0.39510    0.17337    1.41601
       289    2.23972    0.39319    0.17136    1.40286
       290    2.24201    0.38961    0.16797    1.37840
       291    2.24021    0.39025    0.16893    1.36323
       292    2.24261    0.38699    0.16579    1.34075
       293    2.24503    0.38508    0.16370    1.32035
       294    2.24821    0.38229    0.16078    1.30330
       295    2.24678    0.38390    0.16236    1.29570
       296    2.24662    0.38134    0.16044    1.27853
       297    2.25355    0.37624    0.15493    1.25030
       298    2.25025    0.37718    0.15641    1.24076
       299    2.25375    0.37511    0.15403    1.22208
       300    2.25416    0.37217    0.15174    1.21129
       301    2.25616    0.37043    0.14999    1.18445
       302    2.25514    0.37088    0.15056    1.17377
       303    2.25959    0.36726    0.14689    1.16056
       304    2.26017    0.36541    0.14541    1.13652
       305    2.26003    0.36523    0.14531    1.13188
       306    2.26299    0.36265    0.14279    1.11539
       307    2.26302    0.36327    0.14324    1.10492
       308    2.26313    0.36421    0.14390    1.09268
       309    2.26459    0.35919    0.13996    1.07282
       310    2.26665    0.35837    0.13894    1.06024
       311    2.26540    0.35710    0.13829    1.04566
       312    2.26726    0.35578    0.13697    1.03777
       313    2.26704    0.35595    0.13713    1.02159
       314    2.27053    0.35284    0.13423    1.01073
       315    2.26814    0.35419    0.13566    0.99933
       316    2.27037    0.35068    0.13274    0.98654
       317    2.27163    0.34977    0.13185    0.97194
       318    2.27446    0.34726    0.12956    0.95412
       319    2.27295    0.34666    0.12943    0.94704
       320    2.27584    0.34668    0.12890    0.93571
       321    2.27652    0.34484    0.12750    0.92520
       322    2.27753    0.34511    0.12750    0.91533
       323    2.27599    0.34610    0.12847    0.90585
       324    2.27605    0.34386    0.12691    0.89704
       325    2.27812    0.34209    0.12532    0.87830
       326    2.28087    0.34056    0.12378    0.87001
       327    2.28163    0.33971    0.12307    0.86099
       328    2.28121    0.33893    0.12262    0.84734
       329    2.27931    0.34044    0.12398    0.84434
       330    2.28160    0.33950    0.12293    0.83604
       331    2.28256    0.33640    0.12067    0.82324
       332    2.28209    0.33673    0.12097    0.81633
       333    2.28660    0.33338    0.11796    0.80088
       334    2.28312    0.33450    0.11930    0.79664
       335    2.28374    0.33452    0.11921    0.78978
       336    2.28626    0.33235    0.11734    0.77989
       337    2.28660    0.33116    0.11649    0.76554
       338    2.28690    0.33086    0.11624    0.76321
       339    2.28700    0.32991    0.11560    0.75290
       340    2.29056    0.32848    0.11408    0.74565
       341    2.28693    0.32989    0.11559    0.74081
       342    2.28901    0.32810    0.11408    0.73327
       343    2.29003    0.32770    0.11365    0.72255
       344    2.28906    0.32800    0.11401    0.71622
       345    2.29178    0.32477    0.11147    0.70516
       346    2.29257    0.32478    0.11135    0.70422
       347    2.29152    0.32521    0.11180    0.69535
       348    2.28874    0.32641    0.11302    0.69257
       349    2.29573    0.32133    0.10865    0.67476
       350    2.29272    0.32460    0.11121    0.67263
       351    2.29440    0.32142    0.10890    0.66616
       352    2.29344    0.32211    0.10949    0.66141
       353    2.29496    0.32129    0.10874    0.64980
       354    2.29550    0.32186    0.10902    0.64866
       355    2.29436    0.32121    0.10877    0.64514
       356    2.29852    0.31762    0.10587    0.62493
       357    2.29657    0.31960    0.10742    0.62933
       358    2.29590    0.31686    0.10577    0.62074
       359    2.29623    0.32027    0.10790    0.61887
       360    2.29966    0.31564    0.10446    0.60811
       361    2.29678    0.31785    0.10627    0.60486
       362    2.29905    0.31743    0.10568    0.60110
       363    2.29756    0.31768    0.10605    0.59237
       364    2.29845    0.31675    0.10533    0.59398
       365    2.30071    0.31464    0.10369    0.57907
       366    2.29818    0.31715    0.10563    0.58138
       367    2.30184    0.31306    0.10254    0.57165
       368    2.29814    0.31599    0.10490    0.56992
       369    2.30314    0.31226    0.10187    0.55892
       370    2.30062    0.31473    0.10376    0.56067
       371    2.30086    0.31348    0.10294    0.55600
       372    2.30339    0.31067    0.10084    0.54756
       373    2.30285    0.31206    0.10178    0.54360
       374    2.30327    0.31268    0.10211    0.53708
       375    2.30264    0.31234    0.10198    0.53370
       376    2.30359    0.31195    0.10162    0.53047
       377    2.30351    0.31142    0.10130    0.52388
       378    2.30301    0.31089    0.10103    0.52241
       379    2.30439    0.31030    0.10048    0.52011
       380    2.30295    0.31144    0.10138    0.51781
       381    2.30524    0.30759    0.09870    0.50575
       382    2.30580    0.30870    0.09932    0.50541
       383    2.30473    0.30847    0.09931    0.50111
       384    2.30370    0.31038    0.10062    0.49964
       385    2.30751    0.30715    0.09814    0.48967
       386    2.30593    0.30845    0.09914    0.48997
       387    2.30573    0.30923    0.09965    0.48824
       388    2.30827    0.30625    0.09750    0.48212
       389    2.30879    0.30362    0.09583    0.47613
       390    2.30533    0.30736    0.09855    0.47631
       391    2.30777    0.30740    0.09826    0.47407
       392    2.31122    0.30268    0.09498    0.46354
       393    2.30785    0.30562    0.09717    0.46410
       394    2.31039    0.30425    0.09603    0.46282
       395    2.30838    0.30577    0.09719    0.46125
       396    2.31009    0.30491    0.09646    0.46031
       397    2.30928    0.30482    0.09650    0.45167
       398    2.30817    0.30460    0.09651    0.44938
       399    2.30823    0.30503    0.09676    0.45149
       400    2.31180    0.30104    0.09392    0.43724
       401    2.30803    0.30490    0.09670    0.44801
       402    2.31211    0.30047    0.09354    0.43304
       403    2.31188    0.30249    0.09478    0.43509
       404    2.31200    0.30101    0.09388    0.43070
       405    2.31246    0.30198    0.09441    0.43010
       406    2.31038    0.30255    0.09499    0.43069
       407    2.31227    0.30207    0.09448    0.42963
       408    2.31336    0.29890    0.09246    0.41909
       409    2.31250    0.29919    0.09273    0.41701
       410    2.31371    0.29995    0.09305    0.41735
       411    2.31222    0.30074    0.09369    0.42019
       412    2.31305    0.29917    0.09265    0.41082
       413    2.31216    0.29918    0.09276    0.41002
       414    2.31188    0.29956    0.09302    0.40777
       415    2.31339    0.29879    0.09239    0.40837
       416    2.31203    0.29933    0.09287    0.40620
       417    2.31172    0.30199    0.09450    0.41035
       418    2.31271    0.29852    0.09230    0.39778
       419    2.31439    0.29873    0.09224    0.39830
       420    2.31600    0.29662    0.09081    0.39111
       421    2.31372    0.29963    0.09286    0.39768
       422    2.31450    0.29718    0.09131    0.39145
       423    2.31512    0.29871    0.09215    0.39276
       424    2.31447    0.29745    0.09147    0.38823
       425    2.31638    0.29670    0.09082    0.38934
       426    2.31631    0.29568    0.09022    0.38022
       427    2.31515    0.29647    0.09081    0.38480
       428    2.31820    0.29512    0.08970    0.38118
       429    2.31582    0.29601    0.09047    0.38056
       430    2.31349    0.29667    0.09112    0.38192
       431    2.31527    0.29664    0.09090    0.38058
       432    2.31663    0.29660    0.09073    0.37654
       433    2.31747    0.29451    0.08941    0.37241
       434    2.31702    0.29353    0.08888    0.36796
       435    2.31680    0.29527    0.08993    0.37206
       436    2.31828    0.29259    0.08820    0.36561
       437    2.31580    0.29410    0.08935    0.36917
       438    2.31626    0.29645    0.09068    0.37206
       439    2.31702    0.29470    0.08957    0.36696
       440    2.31852    0.29360    0.08877    0.35980
       441    2.31924    0.29286    0.08826    0.36071
       442    2.31724    0.29562    0.09009    0.36373
       443    2.31931    0.29304    0.08836    0.35848
       444    2.31774    0.29307    0.08854    0.35771
       445    2.32039    0.29231    0.08782    0.35556
       446    2.31754    0.29284    0.08842    0.35738
       447    2.31833    0.29281    0.08832    0.35421
       448    2.31923    0.29172    0.08760    0.35242
       449    2.31970    0.29071    0.08696    0.35487
       450    2.32059    0.29087    0.08697    0.35067
       451    2.31641    0.29352    0.08894    0.35538
       452    2.31896    0.29265    0.08817    0.35325
       453    2.31798    0.29171    0.08771    0.35104
       454    2.31982    0.29036    0.08675    0.34614
       455    2.32051    0.28945    0.08615    0.34143
       456    2.31811    0.29162    0.08765    0.34737
       457    2.31958    0.29066    0.08694    0.34269
       458    2.32059    0.28947    0.08615    0.34203
       459    2.31760    0.29209    0.08798    0.34742
       460    2.31885    0.29149    0.08750    0.34366
       461    2.31953    0.29091    0.08710    0.34192
       462    2.32282    0.28805    0.08512    0.33675
       463    2.32198    0.28872    0.08559    0.33627
       464    2.32193    0.28894    0.08572    0.33531
       465    2.31961    0.28962    0.08634    0.33910
       466    2.31995    0.28925    0.08609    0.33536
       467    2.32175    0.28944    0.08602    0.33531
       468    2.32110    0.28759    0.08502    0.33207
       469    2.32178    0.28844    0.08544    0.33162
       470    2.32052    0.28821    0.08543    0.33267
       471    2.32415    0.28580    0.08371    0.32658
       472    2.32180    0.28840    0.08542    0.33143
       473    2.32115    0.28778    0.08512    0.32910
       474    2.32229    0.28649    0.08428    0.32572
       475    2.32242    0.28623    0.08411    0.32746
       476    2.32280    0.28631    0.08413    0.32529
       477    2.32320    0.28480    0.08322    0.32244
       478    2.32276    0.28583    0.08386    0.32458
       479    2.32434    0.28486    0.08316    0.32003
       480    2.32375    0.28527    0.08344    0.32044
       481    2.32010    0.28822    0.08548    0.33001
       482    2.32137    0.28623    0.08422    0.32519
       483    2.32220    0.28702    0.08459    0.32689
       484    2.32422    0.28390    0.08262    0.31807
       485    2.32318    0.28446    0.08303    0.31847
       486    2.32332    0.28576    0.08377    0.32138
       487    2.32285    0.28470    0.08320    0.31851
       488    2.32302    0.28515    0.08344    0.31935
       489    2.32470    0.28537    0.08341    0.31935
       490    2.32305    0.28498    0.08334    0.31823
       491    2.32524    0.28214    0.08153    0.31144
       492    2.32161    0.28663    0.08442    0.32102
       493    2.32356    0.28451    0.08303    0.31835
       494    2.32450    0.28249    0.08180    0.31116
       495    2.32180    0.28551    0.08376    0.32033
       496    2.32241    0.28456    0.08316    0.31833
       497    2.32631    0.28244    0.08161    0.31153
       498    2.32368    0.28326    0.08231    0.31308
       499    2.32494    0.28471    0.08302    0.31805
       500    2.32488    0.28258    0.08181    0.31207
       501    2.32534    0.28144    0.08113    0.30940
       502    2.32492    0.28215    0.08157    0.30992
       503    2.32382    0.28365    0.08251    0.31434
       504    2.32328    0.28292    0.08215    0.31302
       505    2.32856    0.28077    0.08048    0.30783
       506    2.32244    0.28330    0.08244    0.31470
       507    2.32589    0.28116    0.08093    0.30675
       508    2.32475    0.28191    0.08145    0.30886
       509    2.32378    0.28235    0.08178    0.31038
       510    2.32427    0.28189    0.08148    0.30959
       511    2.32583    0.28131    0.08101    0.30881
       512    2.32631    0.27979    0.08012    0.30492
       513    2.32329    0.28327    0.08235    0.31386
       514    2.32724    0.27960    0.07993    0.30236
       515    2.32764    0.27856    0.07932    0.30231
       516    2.32351    0.28361    0.08252    0.31304
       517    2.32608    0.28121    0.08094    0.30613
       518    2.32622    0.28095    0.08078    0.30721
       519    2.32404    0.28065    0.08080    0.30657
       520    2.32432    0.28174    0.08139    0.30795
       521    2.32550    0.28087    0.08079    0.30628
       522    2.32587    0.27938    0.07993    0.30245
       523    2.32777    0.27900    0.07956    0.30143
       524    2.32566    0.27825    0.07931    0.30083
       525    2.32598    0.28093    0.08079    0.30531
       526    2.32761    0.27790    0.07896    0.29932
       527    2.32710    0.27890    0.07956    0.30068
       528    2.32671    0.27859    0.07942    0.30042
       529    2.32726    0.27804    0.07907    0.30025
       530    2.32741    0.27823    0.07915    0.29942
       531    2.32610    0.27750    0.07886    0.29943
       532    2.32427    0.27908    0.07990    0.30580
       533    2.32890    0.27621    0.07791    0.29664
       534    2.32595    0.27862    0.07950    0.30072
       535    2.32799    0.27635    0.07807    0.29688
       536    2.32502    0.27935    0.07999    0.30443
       537    2.32655    0.27892    0.07962    0.30332
       538    2.32513    0.27904    0.07981    0.30305
       539    2.32835    0.27587    0.07777    0.29426
       540    2.32790    0.27558    0.07765    0.29521
       541    2.32780    0.27643    0.07813    0.29693
       542    2.32780    0.27627    0.07804    0.29508
       543    2.32597    0.27762    0.07894    0.29986
       544    2.32504    0.27849    0.07950    0.30416
       545    2.32845    0.27456    0.07704    0.29408
       546    2.32635    0.27755    0.07887    0.29950
       547    2.32755    0.27643    0.07815    0.29624
       548    2.32792    0.27589    0.07782    0.29550
       549    2.32664    0.27716    0.07863    0.29993
       550    2.32412    0.27880    0.07976    0.30568
       551    2.32776    0.27561    0.07768    0.29536
       552    2.32625    0.27535    0.07766    0.29779
       553    2.32909    0.27546    0.07748    0.29346
       554    2.32833    0.27521    0.07741    0.29519
       555    2.32979    0.27218    0.07563    0.28727
       556    2.32849    0.27328    0.07634    0.29142
       557    2.32947    0.27265    0.07592    0.28999
       558    2.32859    0.27266    0.07599    0.28961
       559    2.32978    0.27241    0.07576    0.28908
       560    2.32904    0.27330    0.07630    0.29196
       561    2.33066    0.27168    0.07529    0.28714
       562    2.32924    0.27334    0.07631    0.29072
       563    2.32960    0.27171    0.07540    0.28823
       564    2.32720    0.27304    0.07631    0.29164
       565    2.32950    0.27304    0.07612    0.29118
       566    2.33012    0.27340    0.07627    0.29220
       567    2.33029    0.27178    0.07538    0.28901
       568    2.32847    0.27328    0.07634    0.29243
       569    2.32604    0.27403    0.07695    0.29643
       570    2.32744    0.27250    0.07600    0.29143
       571    2.32942    0.27220    0.07567    0.29089
       572    2.33084    0.27132    0.07508    0.28843
       573    2.33042    0.27064    0.07475    0.28661
       574    2.32765    0.27332    0.07643    0.29355
       575    2.32725    0.27291    0.07624    0.29336
       576    2.32857    0.27179    0.07552    0.28972
       577    2.32916    0.27163    0.07538    0.28911
       578    2.32861    0.27353    0.07647    0.29369
       579    2.33011    0.27023    0.07455    0.28673
       580    2.32896    0.27001    0.07452    0.28665
       581    2.32963    0.27186    0.07547    0.28988
       582    2.32876    0.27025    0.07467    0.28663
       583    2.33042    0.27025    0.07454    0.28662
       584    2.32762    0.27195    0.07568    0.29238
       585    2.32931    0.27089    0.07497    0.28899
       586    2.33081    0.27002    0.07439    0.28621
       587    2.33026    0.27025    0.07455    0.28646
       588    2.33041    0.26954    0.07416    0.28701
       589    2.32945    0.26954    0.07423    0.28729
       590    2.33025    0.26852    0.07362    0.28455
       591    2.33075    0.26858    0.07361    0.28418
       592    2.33031    0.26923    0.07399    0.28562
       593    2.33029    0.26948    0.07413    0.28609
       594    2.32799    0.27108    0.07518    0.29131
       595    2.33331    0.26639    0.07225    0.27996
       596    2.32978    0.26876    0.07379    0.28566
       597    2.33043    0.26671    0.07263    0.28025
       598    2.33100    0.26711    0.07281    0.28087
       599    2.33027    0.26919    0.07398    0.28701
       600    2.33069    0.26781    0.07320    0.28341
       601    2.32950    0.26884    0.07385    0.28684
       602    2.32958    0.26856    0.07369    0.28756
       603    2.32957    0.26822    0.07351    0.28590
       604    2.33169    0.26589    0.07211    0.28078
       605    2.33118    0.26757    0.07304    0.28355
       606    2.33040    0.26568    0.07209    0.27997
       607    2.33166    0.26502    0.07164    0.27772
       608    2.33210    0.26591    0.07208    0.28017
       609    2.32859    0.26783    0.07338    0.28595
       610    2.33230    0.26611    0.07218    0.28279
       611    2.33153    0.26581    0.07207    0.28044
       612    2.32955    0.26625    0.07246    0.28309
       613    2.33003    0.26764    0.07317    0.28540
       614    2.33225    0.26487    0.07152    0.27909
       615    2.33049    0.26617    0.07234    0.28232
       616    2.33190    0.26388    0.07102    0.27790
       617    2.32983    0.26642    0.07253    0.28367
       618    2.32971    0.26643    0.07254    0.28418
       619    2.33055    0.26579    0.07214    0.28206
       620    2.33069    0.26534    0.07189    0.28181
       621    2.33078    0.26504    0.07172    0.28141
       622    2.32999    0.26631    0.07246    0.28482
       623    2.33111    0.26487    0.07161    0.28118
       624    2.33117    0.26444    0.07137    0.27984
       625    2.33128    0.26521    0.07178    0.28212
       626    2.32976    0.26546    0.07202    0.28370
       627    2.33016    0.26497    0.07173    0.28323
       628    2.33152    0.26345    0.07082    0.27768
       629    2.33161    0.26459    0.07142    0.28147
       630    2.33214    0.26394    0.07103    0.27996
       631    2.33180    0.26246    0.07028    0.27546
       632    2.33189    0.26336    0.07075    0.27840
       633    2.32975    0.26545    0.07202    0.28466
       634    2.33050    0.26415    0.07127    0.28121
       635    2.33251    0.26373    0.07090    0.28109
       636    2.33188    0.26265    0.07038    0.27670
       637    2.33355    0.26202    0.06992    0.27671
       638    2.33017    0.26421    0.07133    0.28275
       639    2.33209    0.26094    0.06947    0.27431
       640    2.33141    0.26297    0.07058    0.27944
       641    2.33157    0.26292    0.07054    0.27926
       642    2.33079    0.26332    0.07081    0.28138
       643    2.33510    0.25866    0.06806    0.27158
       644    2.33167    0.26241    0.07027    0.27819
       645    2.33460    0.25955    0.06856    0.27144
       646    2.33270    0.26239    0.07018    0.27856
       647    2.33190    0.26104    0.06953    0.27588
       648    2.33039    0.26214    0.07022    0.27977
       649    2.33192    0.26205    0.07006    0.27874
       650    2.33312    0.26062    0.06922    0.27571
       651    2.33155    0.26130    0.06969    0.27815
       652    2.33268    0.26032    0.06910    0.27525
       653    2.33100    0.26303    0.07064    0.28228
       654    2.33477    0.25998    0.06877    0.27497
       655    2.33163    0.26120    0.06964    0.27775
       656    2.33205    0.26171    0.06987    0.27935
       657    2.33281    0.25907    0.06844    0.27306
       658    2.33195    0.26094    0.06948    0.27751
       659    2.33160    0.26148    0.06978    0.27838
       660    2.33392    0.25779    0.06770    0.27082
       661    2.33455    0.25759    0.06755    0.26922
       662    2.33367    0.25912    0.06841    0.27434
       663    2.33175    0.25985    0.06892    0.27739
       664    2.33412    0.25591    0.06672    0.26783
       665    2.33431    0.25760    0.06757    0.27153
       666    2.33076    0.25881    0.06846    0.27524
       667    2.33320    0.25874    0.06824    0.27374
       668    2.33260    0.25792    0.06786    0.27211
       669    2.33385    0.25748    0.06754    0.27149
       670    2.33404    0.25762    0.06761    0.27260
       671    2.33155    0.25893    0.06846    0.27562
       672    2.33471    0.25638    0.06692    0.27015
       673    2.33341    0.25787    0.06778    0.27311
       674    2.33254    0.25737    0.06758    0.27288
       675    2.33383    0.25597    0.06677    0.26990
       676    2.33323    0.25674    0.06721    0.27124
       677    2.33247    0.25746    0.06763    0.27320
       678    2.33426    0.25474    0.06611    0.26600
       679    2.33180    0.25759    0.06775    0.27437
       680    2.33220    0.25719    0.06752    0.27447
       681    2.33395    0.25560    0.06657    0.26943
       682    2.33346    0.25650    0.06707    0.27117
       683    2.33328    0.25601    0.06683    0.27136
       684    2.33652    0.25405    0.06561    0.26763
       685    2.33235    0.25790    0.06787    0.27561
       686    2.33258    0.25560    0.06667    0.27008
       687    2.33390    0.25598    0.06677    0.27147
       688    2.33404    0.25523    0.06638    0.26930
       689    2.33436    0.25522    0.06635    0.26978
       690    2.33481    0.25429    0.06585    0.26937
       691    2.33324    0.25559    0.06662    0.27173
       692    2.33349    0.25603    0.06682    0.27229
       693    2.33165    0.25646    0.06718    0.27544
       694    2.33439    0.25433    0.06589    0.26869
       695    2.33413    0.25417    0.06583    0.26883
       696    2.33287    0.25469    0.06619    0.27111
       697    2.33263    0.25515    0.06644    0.27134
       698    2.33387    0.25498    0.06626    0.27039
       699    2.33132    0.25699    0.06748    0.27734
       700    2.33453    0.25430    0.06587    0.26986
       701    2.33417    0.25343    0.06545    0.26737
       702    2.33640    0.25146    0.06431    0.26450
       703    2.33477    0.25300    0.06519    0.26696
       704    2.33295    0.25462    0.06615    0.27070
       705    2.33551    0.25086    0.06406    0.26330
       706    2.33249    0.25374    0.06573    0.27102
       707    2.33445    0.25157    0.06449    0.26448
       708    2.33399    0.25364    0.06557    0.26911
       709    2.33396    0.25377    0.06564    0.26995
       710    2.33438    0.25265    0.06504    0.26695
       711    2.33589    0.25069    0.06395    0.26340
       712    2.33281    0.25331    0.06549    0.27039
       713    2.33372    0.25209    0.06481    0.26760
       714    2.33617    0.25069    0.06394    0.26383
       715    2.33315    0.25239    0.06500    0.26839
       716    2.33387    0.25178    0.06464    0.26680
       717    2.33478    0.25171    0.06454    0.26648
       718    2.33529    0.25183    0.06457    0.26702
       719    2.33418    0.25190    0.06468    0.26762
       720    2.33432    0.25086    0.06415    0.26453
       721    2.33481    0.25090    0.06413    0.26492
       722    2.33557    0.24998    0.06362    0.26318
       723    2.33676    0.24927    0.06319    0.26320
       724    2.33476    0.24984    0.06361    0.26368
       725    2.33555    0.24837    0.06282    0.26054
       726    2.33430    0.24973    0.06358    0.26369
       727    2.33404    0.24997    0.06372    0.26390
       728    2.33544    0.24856    0.06292    0.26234
       729    2.33392    0.25042    0.06395    0.26691
       730    2.33499    0.24976    0.06355    0.26543
       731    2.33406    0.24977    0.06362    0.26554
       732    2.33560    0.24880    0.06303    0.26323
       733    2.33497    0.24919    0.06327    0.26393
       734    2.33480    0.24915    0.06326    0.26441
       735    2.33424    0.25062    0.06403    0.26835
       736    2.33548    0.24804    0.06266    0.26168
       737    2.33532    0.24840    0.06285    0.26285
       738    2.33646    0.24826    0.06271    0.26267
       739    2.33539    0.24784    0.06257    0.26229
       740    2.33484    0.24731    0.06234    0.26090
       741    2.33488    0.24830    0.06283    0.26315
       742    2.33167    0.25137    0.06460    0.27369
       743    2.33715    0.24754    0.06230    0.26194
       744    2.33445    0.24800    0.06271    0.26318
       745    2.33615    0.24726    0.06223    0.26218
       746    2.33370    0.24931    0.06341    0.26724
       747    2.33680    0.24660    0.06186    0.26067
       748    2.33525    0.24764    0.06248    0.26269
       749    2.33555    0.24747    0.06237    0.26205
       750    2.33327    0.24861    0.06310    0.26693
       751    2.33621    0.24600    0.06160    0.25960
       752    2.33581    0.24738    0.06231    0.26338
       753    2.33511    0.24791    0.06262    0.26427
       754    2.33653    0.24578    0.06147    0.25943
       755    2.33638    0.24503    0.06111    0.25852
       756    2.33515    0.24554    0.06145    0.26037
       757    2.33537    0.24600    0.06166    0.26070
       758    2.33468    0.24599    0.06170    0.26171
       759    2.33726    0.24341    0.06027    0.25507
       760    2.33672    0.24554    0.06134    0.26078
       761    2.33428    0.24783    0.06264    0.26636
       762    2.33512    0.24554    0.06145    0.26030
       763    2.33565    0.24429    0.06080    0.25810
       764    2.33289    0.24751    0.06258    0.26742
       765    2.33681    0.24398    0.06057    0.25725
       766    2.33627    0.24500    0.06111    0.26036
       767    2.33348    0.24745    0.06251    0.26724
       768    2.33655    0.24503    0.06110    0.26041
       769    2.33438    0.24672    0.06208    0.26472
       770    2.33672    0.24357    0.06038    0.25743
       771    2.33738    0.24410    0.06059    0.25913
       772    2.33758    0.24261    0.05986    0.25575
       773    2.33620    0.24385    0.06055    0.25835
       774    2.33619    0.24326    0.06026    0.25741
       775    2.33525    0.24382    0.06060    0.26012
       776    2.33507    0.24370    0.06055    0.25881
       777    2.33745    0.24252    0.05982    0.25587
       778    2.33244    0.24673    0.06223    0.26916
       779    2.33752    0.24174    0.05944    0.25523
       780    2.33807    0.24122    0.05916    0.25411
       781    2.33821    0.24189    0.05947    0.25608
       782    2.33715    0.24226    0.05972    0.25701
       783    2.33625    0.24199    0.05964    0.25595
       784    2.33515    0.24348    0.06044    0.26085
       785    2.33441    0.24447    0.06098    0.26280
       786    2.33582    0.24266    0.06000    0.25815
       787    2.33674    0.24181    0.05952    0.25701
       788    2.33569    0.24306    0.06020    0.25944
       789    2.33689    0.24216    0.05969    0.25671
       790    2.33676    0.24143    0.05934    0.25537
       791    2.33684    0.24060    0.05893    0.25465
       792    2.33701    0.24168    0.05945    0.25708
       793    2.33638    0.24239    0.05983    0.25851
       794    2.33626    0.24145    0.05938    0.25669
       795    2.33402    0.24316    0.06036    0.26276
       796    2.33739    0.24036    0.05878    0.25483
       797    2.33635    0.24231    0.05979    0.25837
       798    2.33719    0.23996    0.05860    0.25407
       799    2.33766    0.23942    0.05831    0.25289
       800    2.33507    0.24310    0.06026    0.26228
       801    2.33701    0.23974    0.05851    0.25338
       802    2.33785    0.23971    0.05844    0.25415
       803    2.33539    0.24115    0.05929    0.25752
       804    2.33769    0.24096    0.05905    0.25687
       805    2.33722    0.23832    0.05782    0.25161
       806    2.33730    0.23982    0.05853    0.25504
       807    2.33613    0.24083    0.05909    0.25710
       808    2.33737    0.23807    0.05769    0.25177
       809    2.33762    0.23891    0.05807    0.25270
       810    2.33644    0.23949    0.05843    0.25567
       811    2.33712    0.23851    0.05791    0.25326
       812    2.33836    0.23797    0.05758    0.25215
       813    2.33735    0.23855    0.05792    0.25310
       814    2.33552    0.24024    0.05885    0.25771
       815    2.33855    0.23739    0.05729    0.25083
       816    2.33805    0.23711    0.05719    0.25096
       817    2.33590    0.23986    0.05864    0.25823
       818    2.33535    0.23877    0.05816    0.25638
       819    2.33601    0.23864    0.05805    0.25580
       820    2.33836    0.23788    0.05754    0.25340
       821    2.33675    0.23844    0.05791    0.25450
       822    2.33729    0.23804    0.05768    0.25379
       823    2.33627    0.23830    0.05787    0.25486
       824    2.33659    0.23893    0.05815    0.25650
       825    2.33768    0.23682    0.05707    0.25175
       826    2.33719    0.23610    0.05677    0.25020
       827    2.33746    0.23643    0.05690    0.25101
       828    2.33562    0.23846    0.05799    0.25619
       829    2.33569    0.23787    0.05771    0.25547
       830    2.33751    0.23705    0.05720    0.25345
       831    2.33784    0.23671    0.05701    0.25213
       832    2.33763    0.23734    0.05733    0.25359
       833    2.33651    0.23802    0.05772    0.25573
       834    2.33881    0.23483    0.05607    0.24876
       835    2.33772    0.23590    0.05664    0.25086
       836    2.33623    0.23654    0.05704    0.25340
       837    2.33820    0.23558    0.05646    0.25087
       838    2.33489    0.23727    0.05747    0.25845
       839    2.33786    0.23523    0.05631    0.25023
       840    2.33872    0.23464    0.05599    0.24945
       841    2.33858    0.23521    0.05626    0.25092
       842    2.33761    0.23436    0.05592    0.24917
       843    2.33784    0.23429    0.05587    0.24879
       844    2.33923    0.23349    0.05541    0.24645
       845    2.33867    0.23473    0.05603    0.24986
       846    2.33965    0.23302    0.05517    0.24610
       847    2.34013    0.23306    0.05516    0.24701
       848    2.33691    0.23560    0.05655    0.25245
       849    2.33704    0.23331    0.05547    0.24830
       850    2.33545    0.23584    0.05676    0.25478
       851    2.33705    0.23354    0.05558    0.24950
       852    2.34085    0.23245    0.05483    0.24781
       853    2.33907    0.23389    0.05561    0.24962
       854    2.33842    0.23260    0.05505    0.24646
       855    2.33876    0.23309    0.05526    0.24739
       856    2.33910    0.23166    0.05457    0.24503
       857    2.33783    0.23359    0.05555    0.24930
       858    2.33830    0.23458    0.05598    0.25109
       859    2.33921    0.23096    0.05424    0.24432
       860    2.33793    0.23237    0.05497    0.24782
       861    2.33913    0.23135    0.05443    0.24450
       862    2.33861    0.23264    0.05506    0.24773
       863    2.33846    0.23270    0.05509    0.24841
       864    2.33773    0.23194    0.05479    0.24728
       865    2.33710    0.23296    0.05530    0.24987
       866    2.33714    0.23320    0.05541    0.24997
       867    2.33988    0.23095    0.05420    0.24557
       868    2.33676    0.23243    0.05507    0.24950
       869    2.33873    0.23147    0.05451    0.24670
       870    2.33704    0.23299    0.05532    0.25080
       871    2.33729    0.23142    0.05457    0.24794
       872    2.33964    0.22888    0.05326    0.24199
       873    2.33909    0.23008    0.05384    0.24460
       874    2.33680    0.23245    0.05508    0.25080
       875    2.33918    0.22979    0.05370    0.24399
       876    2.33732    0.23116    0.05445    0.24795
       877    2.33721    0.23187    0.05479    0.24950
       878    2.33968    0.23026    0.05389    0.24576
       879    2.33798    0.23050    0.05410    0.24503
       880    2.33996    0.22843    0.05303    0.24202
       881    2.33707    0.23182    0.05477    0.25040
       882    2.34137    0.22919    0.05330    0.24441
       883    2.33680    0.23133    0.05456    0.25002
       884    2.34040    0.22896    0.05325    0.24382
       885    2.33810    0.23037    0.05404    0.24678
       886    2.33870    0.22845    0.05312    0.24302
       887    2.33819    0.23005    0.05388    0.24616
       888    2.33935    0.22798    0.05286    0.24166
       889    2.33920    0.22835    0.05304    0.24235
       890    2.33957    0.22875    0.05320    0.24393
       891    2.33832    0.23031    0.05399    0.24788
       892    2.33832    0.22951    0.05363    0.24543
       893    2.33795    0.23018    0.05396    0.24828
       894    2.33830    0.22951    0.05363    0.24644
       895    2.33805    0.22928    0.05354    0.24596
       896    2.33855    0.22953    0.05362    0.24688
       897    2.33859    0.22852    0.05316    0.24428
       898    2.34048    0.22629    0.05203    0.24006
       899    2.33929    0.22839    0.05305    0.24415
       900    2.34017    0.22699    0.05237    0.24212
       901    2.33830    0.22900    0.05339    0.24592
       902    2.33980    0.22799    0.05284    0.24446
       903    2.33908    0.22685    0.05237    0.24226
       904    2.33929    0.22677    0.05232    0.24197
       905    2.33968    0.22677    0.05229    0.24230
       906    2.33972    0.22541    0.05168    0.23887
       907    2.33816    0.22848    0.05317    0.24646
       908    2.33813    0.22694    0.05247    0.24303
       909    2.34102    0.22463    0.05125    0.23834
       910    2.33926    0.22654    0.05222    0.24219
       911    2.33949    0.22569    0.05182    0.24027
       912    2.33834    0.22694    0.05245    0.24382
       913    2.33814    0.22783    0.05287    0.24641
       914    2.34076    0.22408    0.05102    0.23737
       915    2.33703    0.22761    0.05284    0.24688
       916    2.34031    0.22465    0.05130    0.23830
       917    2.34089    0.22385    0.05091    0.23665
       918    2.33844    0.22642    0.05221    0.24368
       919    2.34017    0.22455    0.05127    0.23855
       920    2.34017    0.22548    0.05168    0.24140
       921    2.33922    0.22535    0.05168    0.24160
       922    2.34072    0.22369    0.05085    0.23736
       923    2.34105    0.22407    0.05100    0.23918
       924    2.34072    0.22271    0.05041    0.23565
       925    2.34279    0.22232    0.05012    0.23685
       926    2.34006    0.22361    0.05085    0.23745
       927    2.33902    0.22524    0.05164    0.24236
       928    2.34235    0.22150    0.04978    0.23421
       929    2.33947    0.22396    0.05104    0.23942
       930    2.33901    0.22385    0.05102    0.23998
       931    2.33824    0.22507    0.05161    0.24324
       932    2.33979    0.22337    0.05076    0.23828
       933    2.33946    0.22398    0.05105    0.24053
       934    2.34024    0.22294    0.05054    0.23801
       935    2.34110    0.22122    0.04973    0.23481
       936    2.34077    0.22194    0.05007    0.23584
       937    2.34056    0.22291    0.05051    0.23863
       938    2.33895    0.22266    0.05049    0.23868
       939    2.33952    0.22298    0.05060    0.23860
       940    2.33918    0.22283    0.05055    0.23823
       941    2.34045    0.22155    0.04991    0.23548
       942    2.33924    0.22339    0.05080    0.24037
       943    2.33819    0.22332    0.05083    0.24148
       944    2.34094    0.22214    0.05014    0.23709
       945    2.33982    0.22193    0.05011    0.23747
       946    2.34125    0.22132    0.04976    0.23589
       947    2.33940    0.22122    0.04982    0.23683
       948    2.33993    0.22142    0.04988    0.23647
       949    2.34160    0.22042    0.04934    0.23435
       950    2.34052    0.22081    0.04958    0.23588
       951    2.33975    0.22116    0.04978    0.23681
       952    2.34134    0.22023    0.04928    0.23486
       953    2.34151    0.21924    0.04883    0.23225
       954    2.34210    0.21895    0.04867    0.23294
       955    2.33855    0.22215    0.05029    0.23973
       956    2.34095    0.22116    0.04971    0.23693
       957    2.33969    0.22043    0.04946    0.23598
       958    2.34069    0.21984    0.04914    0.23497
       959    2.34013    0.22025    0.04935    0.23543
       960    2.34153    0.21866    0.04858    0.23225
       961    2.34024    0.22044    0.04943    0.23640
       962    2.34137    0.21913    0.04879    0.23355
       963    2.34022    0.21983    0.04916    0.23532
       964    2.33848    0.22130    0.04992    0.23982
       965    2.34036    0.21946    0.04899    0.23503
       966    2.33988    0.21983    0.04918    0.23599
       967    2.34169    0.21752    0.04807    0.23138
       968    2.34121    0.21895    0.04872    0.23401
       969    2.33946    0.22083    0.04965    0.23858
       970    2.34058    0.21850    0.04856    0.23452
       971    2.34096    0.21874    0.04864    0.23472
       972    2.34004    0.21825    0.04848    0.23391
       973    2.33918    0.21962    0.04913    0.23714
       974    2.34090    0.21793    0.04829    0.23289
       975    2.34156    0.21772    0.04817    0.23278
       976    2.33982    0.21824    0.04849    0.23441
       977    2.33926    0.21876    0.04875    0.23578
       978    2.34132    0.21825    0.04841    0.23411
       979    2.33972    0.21813    0.04845    0.23444
       980    2.34104    0.21756    0.04812    0.23355
       981    2.34127    0.21763    0.04814    0.23289
       982    2.34121    0.21604    0.04746    0.22963
       983    2.34330    0.21487    0.04684    0.22778
       984    2.34104    0.21666    0.04773    0.23204
       985    2.34070    0.21702    0.04791    0.23322
       986    2.34123    0.21775    0.04820    0.23423
       987    2.34022    0.21756    0.04817    0.23475
       988    2.34047    0.21770    0.04822    0.23451
       989    2.34141    0.21592    0.04739    0.23076
       990    2.34092    0.21596    0.04744    0.23126
       991    2.34093    0.21701    0.04789    0.23335
       992    2.34145    0.21640    0.04760    0.23227
       993    2.34007    0.21678    0.04784    0.23371
       994    2.34153    0.21432    0.04670    0.22759
       995    2.34024    0.21644    0.04769    0.23257
       996    2.34146    0.21494    0.04697    0.22934
       997    2.34023    0.21631    0.04763    0.23351
       998    2.34064    0.21602    0.04748    0.23268
       999    2.34158    0.21464    0.04683    0.22907

Final Weights:         0.6180763144         0.1749162448        -0.5674346271        -0.2165119868 