# Cycles, Average Predicted Temperature, Stddev Predicted Temperature, Mean Squared Error, || MSE Gradient ||
         0    0.00041    0.00031    5.42318    0.07707
         1    0.00041    0.00031    5.42318    0.07688
         2    0.00041    0.00031    5.42319    0.07629
         3    0.00042    0.00031    5.42316    0.07739
         4    0.00042    0.00031    5.42316    0.07759
         5    0.00042    0.00032    5.42314    0.07813
         6    0.00042    0.00032    5.42314    0.07821
         7    0.00042    0.00032    5.42316    0.07780
         8    0.00042    0.00032    5.42315    0.07838
         9    0.00042    0.00032    5.42313    0.07876
        10    0.00042    0.00031    5.42315    0.07826
        11    0.00042    0.00032    5.42313    0.07915
        12    0.00043    0.00032    5.42311    0.07922
        13    0.00043    0.00032    5.42310    0.07969
        14    0.00043    0.00032    5.42310    0.07999
        15    0.00043    0.00032    5.42309    0.08073
        16    0.00043    0.00032    5.42309    0.08065
        17    0.00044    0.00032    5.42307    0.08113
        18    0.00043    0.00033    5.42308    0.08087
        19    0.00044    0.00032    5.42307    0.08164
        20    0.00044    0.00032    5.42306    0.08198
        21    0.00044    0.00032    5.42307    0.08207
        22    0.00044    0.00033    5.42305    0.08275
        23    0.00044    0.00032    5.42304    0.08304
        24    0.00044    0.00033    5.42303    0.08292
        25    0.00044    0.00033    5.42304    0.08327
        26    0.00045    0.00033    5.42302    0.08392
        27    0.00045    0.00033    5.42302    0.08424
        28    0.00045    0.00033    5.42300    0.08466
        29    0.00045    0.00033    5.42300    0.08459
        30    0.00046    0.00033    5.42298    0.08541
        31    0.00045    0.00033    5.42299    0.08507
        32    0.00046    0.00033    5.42297    0.08607
        33    0.00046    0.00033    5.42298    0.08570
        34    0.00047    0.00034    5.42294    0.08673
        35    0.00046    0.00034    5.42294    0.08719
        36    0.00047    0.00034    5.42294    0.08748
        37    0.00046    0.00034    5.42294    0.08694
        38    0.00047    0.00034    5.42291    0.08856
        39    0.00046    0.00034    5.42294    0.08798
        40    0.00048    0.00034    5.42289    0.08947
        41    0.00047    0.00034    5.42291    0.08903
        42    0.00048    0.00034    5.42289    0.08981
        43    0.00047    0.00034    5.42292    0.08871
        44    0.00047    0.00034    5.42290    0.08952
        45    0.00048    0.00034    5.42288    0.09064
        46    0.00049    0.00035    5.42284    0.09174
        47    0.00048    0.00034    5.42288    0.09082
        48    0.00048    0.00035    5.42286    0.09162
        49    0.00049    0.00035    5.42282    0.09284
        50    0.00049    0.00035    5.42282    0.09266
        51    0.00049    0.00035    5.42282    0.09281
        52    0.00049    0.00035    5.42282    0.09341
        53    0.00049    0.00035    5.42281    0.09411
        54    0.00049    0.00035    5.42280    0.09419
        55    0.00050    0.00035    5.42280    0.09469
        56    0.00050    0.00035    5.42279    0.09462
        57    0.00050    0.00035    5.42276    0.09578
        58    0.00051    0.00036    5.42275    0.09636
        59    0.00050    0.00036    5.42275    0.09610
        60    0.00051    0.00036    5.42273    0.09722
        61    0.00050    0.00036    5.42275    0.09680
        62    0.00051    0.00036    5.42271    0.09807
        63    0.00051    0.00036    5.42272    0.09798
        64    0.00051    0.00036    5.42271    0.09796
        65    0.00052    0.00037    5.42269    0.09931
        66    0.00052    0.00036    5.42270    0.09923
        67    0.00052    0.00036    5.42268    0.10006
        68    0.00053    0.00037    5.42263    0.10137
        69    0.00053    0.00036    5.42265    0.10066
        70    0.00053    0.00037    5.42264    0.10136
        71    0.00053    0.00037    5.42262    0.10234
        72    0.00053    0.00037    5.42263    0.10241
        73    0.00054    0.00037    5.42260    0.10358
        74    0.00054    0.00037    5.42260    0.10380
        75    0.00053    0.00037    5.42262    0.10327
        76    0.00055    0.00038    5.42256    0.10529
        77    0.00054    0.00037    5.42258    0.10476
        78    0.00055    0.00037    5.42256    0.10554
        79    0.00055    0.00037    5.42256    0.10602
        80    0.00055    0.00038    5.42254    0.10655
        81    0.00055    0.00038    5.42253    0.10664
        82    0.00055    0.00037    5.42252    0.10792
        83    0.00055    0.00037    5.42256    0.10718
        84    0.00056    0.00038    5.42249    0.10877
        85    0.00057    0.00038    5.42245    0.11039
        86    0.00057    0.00038    5.42247    0.11018
        87    0.00057    0.00038    5.42245    0.11058
        88    0.00056    0.00038    5.42247    0.11072
        89    0.00057    0.00038    5.42243    0.11239
        90    0.00057    0.00039    5.42244    0.11234
        91    0.00057    0.00038    5.42244    0.11199
        92    0.00058    0.00039    5.42239    0.11355
        93    0.00058    0.00039    5.42240    0.11324
        94    0.00059    0.00039    5.42236    0.11547
        95    0.00059    0.00039    5.42236    0.11525
        96    0.00059    0.00039    5.42233    0.11620
        97    0.00060    0.00040    5.42231    0.11749
        98    0.00060    0.00040    5.42229    0.11836
        99    0.00060    0.00039    5.42230    0.11827
       100    0.00060    0.00039    5.42230    0.11853
       101    0.00061    0.00040    5.42225    0.12026
       102    0.00061    0.00040    5.42227    0.12021
       103    0.00062    0.00040    5.42223    0.12119
       104    0.00062    0.00040    5.42223    0.12152
       105    0.00062    0.00040    5.42222    0.12225
       106    0.00063    0.00041    5.42218    0.12406
       107    0.00063    0.00041    5.42218    0.12378
       108    0.00063    0.00040    5.42217    0.12470
       109    0.00063    0.00041    5.42215    0.12519
       110    0.00064    0.00041    5.42213    0.12694
       111    0.00064    0.00040    5.42214    0.12675
       112    0.00064    0.00041    5.42210    0.12833
       113    0.00065    0.00042    5.42208    0.12907
       114    0.00066    0.00041    5.42205    0.13012
       115    0.00065    0.00041    5.42206    0.13093
       116    0.00066    0.00042    5.42205    0.13133
       117    0.00066    0.00042    5.42203    0.13239
       118    0.00067    0.00042    5.42196    0.13415
       119    0.00067    0.00042    5.42199    0.13455
       120    0.00067    0.00042    5.42197    0.13471
       121    0.00068    0.00043    5.42194    0.13626
       122    0.00068    0.00042    5.42193    0.13692
       123    0.00069    0.00042    5.42190    0.13814
       124    0.00069    0.00042    5.42189    0.13884
       125    0.00070    0.00043    5.42187    0.13968
       126    0.00070    0.00043    5.42185    0.13997
       127    0.00070    0.00043    5.42182    0.14116
       128    0.00071    0.00043    5.42181    0.14166
       129    0.00072    0.00043    5.42177    0.14409
       130    0.00071    0.00043    5.42180    0.14351
       131    0.00072    0.00044    5.42176    0.14464
       132    0.00072    0.00044    5.42173    0.14619
       133    0.00073    0.00044    5.42169    0.14759
       134    0.00073    0.00044    5.42171    0.14827
       135    0.00074    0.00044    5.42167    0.14959
       136    0.00074    0.00044    5.42166    0.15045
       137    0.00075    0.00044    5.42162    0.15212
       138    0.00075    0.00045    5.42161    0.15261
       139    0.00075    0.00045    5.42160    0.15307
       140    0.00076    0.00044    5.42155    0.15546
       141    0.00077    0.00045    5.42154    0.15680
       142    0.00078    0.00045    5.42146    0.15905
       143    0.00078    0.00045    5.42145    0.15930
       144    0.00079    0.00045    5.42143    0.16068
       145    0.00079    0.00045    5.42142    0.16175
       146    0.00080    0.00046    5.42139    0.16372
       147    0.00080    0.00046    5.42137    0.16463
       148    0.00080    0.00045    5.42137    0.16608
       149    0.00082    0.00046    5.42128    0.16860
       150    0.00082    0.00046    5.42130    0.16877
       151    0.00082    0.00046    5.42128    0.17007
       152    0.00083    0.00046    5.42123    0.17233
       153    0.00084    0.00046    5.42119    0.17388
       154    0.00085    0.00046    5.42116    0.17533
       155    0.00085    0.00047    5.42114    0.17664
       156    0.00086    0.00048    5.42110    0.17835
       157    0.00086    0.00047    5.42108    0.18045
       158    0.00087    0.00047    5.42107    0.18090
       159    0.00087    0.00047    5.42103    0.18303
       160    0.00088    0.00047    5.42100    0.18474
       161    0.00089    0.00048    5.42095    0.18680
       162    0.00090    0.00049    5.42090    0.18879
       163    0.00091    0.00048    5.42086    0.19035
       164    0.00092    0.00048    5.42083    0.19262
       165    0.00093    0.00048    5.42079    0.19463
       166    0.00093    0.00049    5.42075    0.19551
       167    0.00094    0.00049    5.42071    0.19822
       168    0.00096    0.00049    5.42065    0.20109
       169    0.00096    0.00049    5.42063    0.20264
       170    0.00096    0.00049    5.42061    0.20404
       171    0.00098    0.00050    5.42054    0.20626
       172    0.00098    0.00049    5.42054    0.20752
       173    0.00099    0.00049    5.42048    0.21081
       174    0.00102    0.00050    5.42036    0.21416
       175    0.00101    0.00050    5.42040    0.21474
       176    0.00102    0.00050    5.42035    0.21724
       177    0.00103    0.00050    5.42028    0.21969
       178    0.00106    0.00051    5.42018    0.22347
       179    0.00106    0.00051    5.42019    0.22484
       180    0.00108    0.00051    5.42010    0.22852
       181    0.00108    0.00051    5.42009    0.23021
       182    0.00109    0.00051    5.42002    0.23250
       183    0.00110    0.00051    5.41996    0.23565
       184    0.00111    0.00051    5.41993    0.23804
       185    0.00113    0.00052    5.41983    0.24153
       186    0.00114    0.00052    5.41980    0.24380
       187    0.00114    0.00051    5.41978    0.24611
       188    0.00116    0.00052    5.41969    0.24905
       189    0.00118    0.00052    5.41963    0.25200
       190    0.00119    0.00053    5.41958    0.25552
       191    0.00120    0.00052    5.41949    0.25871
       192    0.00123    0.00053    5.41940    0.26171
       193    0.00123    0.00053    5.41936    0.26505
       194    0.00124    0.00053    5.41931    0.26770
       195    0.00127    0.00053    5.41919    0.27200
       196    0.00128    0.00053    5.41914    0.27502
       197    0.00129    0.00053    5.41908    0.27849
       198    0.00131    0.00054    5.41902    0.28165
       199    0.00134    0.00053    5.41888    0.28549
       200    0.00135    0.00054    5.41881    0.28880
       201    0.00138    0.00054    5.41870    0.29288
       202    0.00138    0.00055    5.41867    0.29612
       203    0.00141    0.00054    5.41852    0.30084
       204    0.00142    0.00054    5.41848    0.30401
       205    0.00144    0.00054    5.41839    0.30833
       206    0.00146    0.00054    5.41830    0.31237
       207    0.00148    0.00054    5.41823    0.31518
       208    0.00151    0.00055    5.41806    0.32022
       209    0.00153    0.00056    5.41796    0.32387
       210    0.00155    0.00055    5.41788    0.32835
       211    0.00158    0.00056    5.41775    0.33287
       212    0.00160    0.00055    5.41764    0.33691
       213    0.00161    0.00055    5.41758    0.34144
       214    0.00165    0.00056    5.41744    0.34583
       215    0.00168    0.00056    5.41727    0.35091
       216    0.00169    0.00056    5.41722    0.35529
       217    0.00173    0.00056    5.41707    0.36063
       218    0.00176    0.00056    5.41691    0.36455
       219    0.00179    0.00057    5.41676    0.37004
       220    0.00181    0.00057    5.41666    0.37510
       221    0.00185    0.00058    5.41651    0.38058
       222    0.00187    0.00057    5.41638    0.38609
       223    0.00190    0.00057    5.41625    0.39095
       224    0.00195    0.00057    5.41601    0.39718
       225    0.00198    0.00058    5.41590    0.40059
       226    0.00201    0.00058    5.41574    0.40790
       227    0.00205    0.00058    5.41557    0.41365
       228    0.00208    0.00057    5.41540    0.41974
       229    0.00212    0.00059    5.41523    0.42503
       230    0.00216    0.00058    5.41505    0.43227
       231    0.00220    0.00059    5.41485    0.43796
       232    0.00224    0.00059    5.41466    0.44460
       233    0.00228    0.00059    5.41448    0.45209
       234    0.00233    0.00059    5.41428    0.45784
       235    0.00237    0.00060    5.41405    0.46519
       236    0.00242    0.00060    5.41385    0.47206
       237    0.00248    0.00060    5.41355    0.48007
       238    0.00253    0.00061    5.41333    0.48862
       239    0.00258    0.00061    5.41311    0.49568
       240    0.00262    0.00061    5.41290    0.50357
       241    0.00268    0.00061    5.41265    0.51285
       242    0.00274    0.00061    5.41237    0.52002
       243    0.00280    0.00063    5.41209    0.52811
       244    0.00286    0.00063    5.41178    0.53828
       245    0.00292    0.00063    5.41153    0.54762
       246    0.00298    0.00063    5.41122    0.55683
       247    0.00304    0.00065    5.41094    0.56628
       248    0.00312    0.00065    5.41057    0.57755
       249    0.00319    0.00066    5.41023    0.58717
       250    0.00327    0.00066    5.40989    0.59803
       251    0.00334    0.00067    5.40954    0.60924
       252    0.00343    0.00066    5.40916    0.62131
       253    0.00352    0.00068    5.40874    0.63319
       254    0.00359    0.00069    5.40838    0.64504
       255    0.00369    0.00070    5.40793    0.65657
       256    0.00378    0.00070    5.40752    0.67134
       257    0.00388    0.00071    5.40703    0.68578
       258    0.00398    0.00072    5.40657    0.69883
       259    0.00409    0.00073    5.40609    0.71251
       260    0.00420    0.00074    5.40558    0.72890
       261    0.00431    0.00075    5.40503    0.74400
       262    0.00443    0.00077    5.40448    0.76132
       263    0.00455    0.00078    5.40391    0.77739
       264    0.00469    0.00080    5.40326    0.79504
       265    0.00484    0.00081    5.40258    0.81513
       266    0.00497    0.00082    5.40198    0.83295
       267    0.00511    0.00084    5.40131    0.85202
       268    0.00530    0.00086    5.40043    0.87466
       269    0.00546    0.00088    5.39969    0.89519
       270    0.00562    0.00090    5.39896    0.91687
       271    0.00581    0.00092    5.39808    0.94094
       272    0.00600    0.00095    5.39720    0.96410
       273    0.00620    0.00097    5.39627    0.99024
       274    0.00642    0.00099    5.39522    1.01749
       275    0.00665    0.00102    5.39416    1.04682
       276    0.00689    0.00105    5.39307    1.07575
       277    0.00714    0.00109    5.39191    1.10711
       278    0.00741    0.00114    5.39064    1.13863
       279    0.00768    0.00118    5.38939    1.17181
       280    0.00799    0.00121    5.38797    1.20832
       281    0.00831    0.00126    5.38647    1.24741
       282    0.00864    0.00130    5.38492    1.28789
       283    0.00901    0.00136    5.38320    1.32985
       284    0.00941    0.00141    5.38137    1.37523
       285    0.00980    0.00148    5.37953    1.42074
       286    0.01025    0.00154    5.37746    1.47062
       287    0.01074    0.00163    5.37518    1.52634
       288    0.01127    0.00170    5.37274    1.58567
       289    0.01180    0.00179    5.37028    1.64481
       290    0.01239    0.00189    5.36756    1.70655
       291    0.01303    0.00200    5.36457    1.77703
       292    0.01371    0.00211    5.36145    1.84962
       293    0.01449    0.00225    5.35782    1.93139
       294    0.01530    0.00238    5.35406    2.01666
       295    0.01621    0.00257    5.34987    2.11010
       296    0.01717    0.00273    5.34544    2.20725
       297    0.01823    0.00295    5.34050    2.31364
       298    0.01946    0.00317    5.33484    2.43520
       299    0.02078    0.00341    5.32873    2.56377
       300    0.02224    0.00369    5.32202    2.70416
       301    0.02387    0.00400    5.31450    2.85793
       302    0.02569    0.00439    5.30613    3.02629
       303    0.02775    0.00479    5.29662    3.21473
       304    0.03006    0.00525    5.28602    3.42042
       305    0.03268    0.00580    5.27399    3.65123
       306    0.03573    0.00644    5.26000    3.91503
       307    0.03918    0.00716    5.24417    4.20629
       308    0.04326    0.00806    5.22554    4.54373
       309    0.04787    0.00906    5.20448    4.91118
       310    0.05342    0.01037    5.17922    5.34742
       311    0.06004    0.01187    5.14917    5.84963
       312    0.06798    0.01370    5.11321    6.43439
       313    0.07762    0.01608    5.06983    7.11199
       314    0.08952    0.01892    5.01648    7.92157
       315    0.10447    0.02259    4.94987    8.89483
       316    0.12352    0.02755    4.86574   10.06723
       317    0.14836    0.03412    4.75715   11.51317
       318    0.18147    0.04248    4.61451   13.29370
       319    0.22664    0.05531    4.42376   15.50103
       320    0.29099    0.07274    4.15955   18.29461
       321    0.38333    0.09923    3.79621   21.64994
       322    0.52210    0.14057    3.28532   25.50480
       323    0.73413    0.20553    2.58644   29.05306
       324    1.05501    0.30582    1.71704   29.83550
       325    1.48994    0.44300    0.90057   23.30055
       326    1.92258    0.57817    0.49961    9.49433
       327    2.10859    0.62900    0.44431    3.97935
       328    2.12280    0.62270    0.43035    3.88053
       329    2.12940    0.60831    0.40996    3.74333
       330    2.13583    0.60068    0.39820    3.67610
       331    2.14200    0.59486    0.38889    3.63052
       332    2.14418    0.58433    0.37566    3.54326
       333    2.15601    0.57161    0.35673    3.39757
       334    2.15825    0.56379    0.34708    3.34113
       335    2.16075    0.55795    0.33968    3.30439
       336    2.16721    0.55017    0.32892    3.23695
       337    2.17204    0.54081    0.31717    3.15323
       338    2.17459    0.53252    0.30747    3.08849
       339    2.18104    0.52481    0.29737    3.01713
       340    2.18171    0.51718    0.28923    2.96737
       341    2.18996    0.51121    0.28072    2.90697
       342    2.19110    0.50239    0.27146    2.83718
       343    2.19275    0.49633    0.26496    2.80042
       344    2.19893    0.48968    0.25675    2.73715
       345    2.19946    0.48037    0.24759    2.67163
       346    2.20642    0.47762    0.24319    2.64792
       347    2.20835    0.46690    0.23260    2.55445
       348    2.21054    0.46146    0.22702    2.51822
       349    2.21589    0.45872    0.22325    2.50249
       350    2.21628    0.45058    0.21577    2.43601
       351    2.21820    0.44496    0.21031    2.40007
       352    2.22198    0.43904    0.20425    2.34739
       353    2.22146    0.43119    0.19753    2.30146
       354    2.23081    0.42855    0.19333    2.27484
       355    2.22845    0.42285    0.18895    2.23344
       356    2.22882    0.41820    0.18497    2.20956
       357    2.23331    0.41093    0.17806    2.14650
       358    2.23587    0.40716    0.17449    2.12142
       359    2.23719    0.40279    0.17070    2.09495
       360    2.23830    0.39645    0.16543    2.04881
       361    2.24221    0.39193    0.16118    2.01342
       362    2.24308    0.38617    0.15654    1.97171
       363    2.24791    0.38503    0.15485    1.97543
       364    2.24255    0.37604    0.14891    1.92626
       365    2.24947    0.37313    0.14558    1.88102
       366    2.25127    0.36964    0.14270    1.86282
       367    2.25340    0.36542    0.13927    1.83245
       368    2.25430    0.36012    0.13529    1.79470
       369    2.25217    0.35404    0.13127    1.76307
       370    2.25998    0.35358    0.12981    1.75694
       371    2.25450    0.34864    0.12713    1.73339
       372    2.26064    0.34590    0.12435    1.70869
       373    2.25931    0.34056    0.12086    1.67164
       374    2.26261    0.33579    0.11718    1.63208
       375    2.26356    0.33331    0.11540    1.62190
       376    2.26382    0.33082    0.11371    1.60731
       377    2.26530    0.32683    0.11090    1.58604
       378    2.26449    0.32177    0.10772    1.55433
       379    2.27131    0.31756    0.10420    1.51700
       380    2.26902    0.31487    0.10276    1.49921
       381    2.26930    0.31308    0.10160    1.49807
       382    2.26955    0.30721    0.09794    1.45827
       383    2.27410    0.30488    0.09599    1.43790
       384    2.27386    0.30232    0.09446    1.42601
       385    2.27299    0.29734    0.09157    1.39536
       386    2.27732    0.29662    0.09067    1.39554
       387    2.27672    0.29247    0.08829    1.36184
       388    2.27562    0.28835    0.08602    1.34285
       389    2.28006    0.28820    0.08547    1.34353
       390    2.27641    0.28205    0.08234    1.31156
       391    2.28259    0.28030    0.08074    1.28701
       392    2.27994    0.27741    0.07938    1.27272
       393    2.28370    0.27655    0.07855    1.27382
       394    2.28144    0.27146    0.07597    1.23564
       395    2.28236    0.26926    0.07469    1.22378
       396    2.28406    0.26828    0.07401    1.22399
       397    2.28319    0.26360    0.07160    1.19405
       398    2.28706    0.26242    0.07064    1.18735
       399    2.28508    0.25822    0.06862    1.16136
       400    2.28891    0.25772    0.06804    1.16242
       401    2.28827    0.25525    0.06683    1.14619
       402    2.28440    0.25173    0.06537    1.13939
       403    2.29027    0.25030    0.06417    1.11599
       404    2.28845    0.24716    0.06275    1.09870
       405    2.29170    0.24557    0.06171    1.09149
       406    2.28912    0.24224    0.06029    1.07205
       407    2.29245    0.24043    0.05916    1.05888
       408    2.29216    0.23830    0.05816    1.04547
       409    2.29198    0.23510    0.05666    1.02618
       410    2.29202    0.23427    0.05627    1.02610
       411    2.29394    0.23212    0.05512    1.01315
       412    2.29346    0.22910    0.05376    0.99306
       413    2.29671    0.22917    0.05357    1.00543
       414    2.29238    0.22451    0.05176    0.97832
       415    2.29508    0.22344    0.05109    0.96717
       416    2.29725    0.22129    0.04999    0.95002
       417    2.29585    0.22016    0.04958    0.94765
       418    2.29636    0.21738    0.04833    0.93022
       419    2.29875    0.21609    0.04762    0.92584
       420    2.29610    0.21335    0.04661    0.91213
       421    2.29845    0.21163    0.04573    0.89488
       422    2.30017    0.21077    0.04527    0.89679
       423    2.29775    0.20795    0.04423    0.88410
       424    2.29982    0.20534    0.04303    0.85879
       425    2.30042    0.20394    0.04242    0.85628
       426    2.30016    0.20256    0.04187    0.84519
       427    2.30125    0.20141    0.04135    0.84242
       428    2.30190    0.19919    0.04042    0.82710
       429    2.30125    0.19746    0.03977    0.82044
       430    2.30166    0.19562    0.03903    0.80968
       431    2.30336    0.19520    0.03877    0.81463
       432    2.30283    0.19162    0.03741    0.78648
       433    2.30210    0.19143    0.03738    0.79030
       434    2.30436    0.18966    0.03659    0.77831
       435    2.30431    0.18893    0.03631    0.77797
       436    2.30485    0.18733    0.03568    0.77017
       437    2.30226    0.18472    0.03485    0.76150
       438    2.30579    0.18404    0.03442    0.75377
       439    2.30476    0.18234    0.03385    0.74040
       440    2.30592    0.18019    0.03301    0.72802
       441    2.30301    0.17884    0.03267    0.73711
       442    2.30894    0.17920    0.03252    0.74303
       443    2.30422    0.17577    0.03152    0.71384
       444    2.30673    0.17511    0.03117    0.70224
       445    2.30779    0.17393    0.03071    0.69818
       446    2.30756    0.17200    0.03005    0.68383
       447    2.30581    0.17028    0.02954    0.68141
       448    2.30879    0.16868    0.02887    0.66507
       449    2.30909    0.16859    0.02883    0.67076
       450    2.30710    0.16646    0.02820    0.65839
       451    2.30825    0.16555    0.02785    0.65425
       452    2.31198    0.16547    0.02768    0.67375
       453    2.30613    0.16351    0.02727    0.65988
       454    2.30956    0.16202    0.02664    0.63694
       455    2.30864    0.16086    0.02630    0.63043
       456    2.31060    0.16013    0.02599    0.62691
       457    2.30937    0.15909    0.02570    0.62017
       458    2.30925    0.15752    0.02521    0.61438
       459    2.31101    0.15612    0.02470    0.60387
       460    2.31166    0.15567    0.02454    0.60660
       461    2.30826    0.15369    0.02406    0.60472
       462    2.31174    0.15271    0.02363    0.58671
       463    2.31147    0.15166    0.02331    0.58066
       464    2.31025    0.15011    0.02289    0.57504
       465    2.31225    0.14937    0.02260    0.56852
       466    2.31182    0.14797    0.02220    0.55992
       467    2.31368    0.14810    0.02217    0.56850
       468    2.31166    0.14622    0.02169    0.55473
       469    2.31035    0.14530    0.02147    0.55805
       470    2.31432    0.14442    0.02108    0.55022
       471    2.31291    0.14356    0.02087    0.54191
       472    2.31226    0.14254    0.02060    0.53495
       473    2.31352    0.14157    0.02029    0.52933
       474    2.31330    0.14038    0.01996    0.52214
       475    2.31299    0.13933    0.01968    0.51876
       476    2.31455    0.13870    0.01945    0.51881
       477    2.31279    0.13721    0.01910    0.50816
       478    2.31476    0.13675    0.01891    0.50630
       479    2.31340    0.13497    0.01846    0.49547
       480    2.31506    0.13441    0.01827    0.49198
       481    2.31402    0.13391    0.01816    0.49086
       482    2.31498    0.13248    0.01775    0.48083
       483    2.31422    0.13215    0.01769    0.47967
       484    2.31610    0.13211    0.01762    0.48476
       485    2.31408    0.12978    0.01707    0.47018
       486    2.31721    0.13006    0.01706    0.48204
       487    2.31316    0.12840    0.01674    0.47643
       488    2.31649    0.12800    0.01654    0.46004
       489    2.31643    0.12716    0.01633    0.45818
       490    2.31531    0.12650    0.01620    0.45414
       491    2.31530    0.12515    0.01585    0.44716
       492    2.31897    0.12539    0.01583    0.47002
       493    2.31288    0.12373    0.01558    0.46781
       494    2.31697    0.12349    0.01540    0.43992
       495    2.31661    0.12262    0.01519    0.43206
       496    2.31623    0.12136    0.01490    0.42937
       497    2.31690    0.12159    0.01493    0.42617
       498    2.31752    0.12058    0.01468    0.42490
       499    2.31568    0.11921    0.01439    0.42001
       500    2.31736    0.11891    0.01428    0.41368
       501    2.31763    0.11778    0.01401    0.40766
       502    2.31788    0.11687    0.01379    0.40429
       503    2.31727    0.11665    0.01375    0.40072
       504    2.31750    0.11549    0.01347    0.39569
       505    2.31833    0.11524    0.01340    0.39674
       506    2.31613    0.11466    0.01332    0.40000
       507    2.31881    0.11340    0.01297    0.38533
       508    2.31802    0.11346    0.01300    0.38529
       509    2.31797    0.11310    0.01292    0.38297
       510    2.31898    0.11271    0.01281    0.38548
       511    2.31777    0.11143    0.01255    0.37596
       512    2.31785    0.11045    0.01233    0.37114
       513    2.31967    0.11069    0.01234    0.37632
       514    2.31919    0.11017    0.01224    0.37172
       515    2.31611    0.10910    0.01207    0.38379
       516    2.32063    0.10853    0.01185    0.37134
       517    2.31978    0.10755    0.01165    0.36046
       518    2.31709    0.10723    0.01164    0.36739
       519    2.31889    0.10645    0.01144    0.35054
       520    2.32083    0.10622    0.01135    0.36009
       521    2.31855    0.10630    0.01141    0.35304
       522    2.31814    0.10493    0.01113    0.34758
       523    2.31982    0.10472    0.01105    0.34140
       524    2.32059    0.10361    0.01081    0.34010
       525    2.31791    0.10312    0.01076    0.34305
       526    2.32087    0.10295    0.01067    0.33576
       527    2.31941    0.10269    0.01064    0.33031
       528    2.31939    0.10208    0.01052    0.32837
       529    2.32088    0.10155    0.01038    0.32698
       530    2.31900    0.10000    0.01010    0.32189
       531    2.32062    0.10026    0.01013    0.31695
       532    2.32131    0.10021    0.01010    0.32346
       533    2.31880    0.09923    0.00995    0.31999
       534    2.32003    0.09821    0.00973    0.30795
       535    2.32172    0.09817    0.00969    0.31325
       536    2.32024    0.09794    0.00967    0.30786
       537    2.32017    0.09751    0.00959    0.30581
       538    2.31975    0.09744    0.00958    0.30532
       539    2.32208    0.09661    0.00938    0.30791
       540    2.31895    0.09557    0.00924    0.30749
       541    2.32204    0.09559    0.00919    0.29706
       542    2.32165    0.09553    0.00918    0.29581
       543    2.32061    0.09451    0.00901    0.29035
       544    2.32043    0.09383    0.00888    0.28583
       545    2.32160    0.09403    0.00890    0.28763
       546    2.31930    0.09367    0.00887    0.29486
       547    2.32316    0.09282    0.00865    0.29408
       548    2.32023    0.09197    0.00854    0.27975
       549    2.32257    0.09157    0.00843    0.27930
       550    2.32153    0.09217    0.00855    0.27439
       551    2.32136    0.09143    0.00842    0.27187
       552    2.32133    0.09090    0.00832    0.26866
       553    2.32031    0.09062    0.00829    0.27310
       554    2.32365    0.09020    0.00817    0.28284
       555    2.31987    0.08947    0.00809    0.27609
       556    2.32265    0.08964    0.00808    0.26494
       557    2.32107    0.08910    0.00800    0.25943
       558    2.32220    0.08844    0.00787    0.25459
       559    2.32222    0.08846    0.00787    0.25477
       560    2.32284    0.08839    0.00785    0.25933
       561    2.32084    0.08698    0.00764    0.25511
       562    2.32259    0.08703    0.00762    0.24829
       563    2.32288    0.08683    0.00758    0.24912
       564    2.32119    0.08601    0.00746    0.24889
       565    2.32325    0.08672    0.00756    0.24933
       566    2.32134    0.08547    0.00737    0.24506
       567    2.32169    0.08543    0.00736    0.23996
       568    2.32405    0.08528    0.00730    0.25286
       569    2.32144    0.08509    0.00730    0.24020
       570    2.32253    0.08463    0.00721    0.23249
       571    2.32302    0.08438    0.00716    0.23424
       572    2.32235    0.08409    0.00712    0.23065
       573    2.32275    0.08380    0.00706    0.22886
       574    2.32315    0.08311    0.00694    0.22610
       575    2.32133    0.08331    0.00700    0.23466
       576    2.32385    0.08249    0.00683    0.22804
       577    2.32294    0.08262    0.00687    0.22249
       578    2.32306    0.08256    0.00685    0.22069
       579    2.32301    0.08175    0.00672    0.21807
       580    2.32204    0.08112    0.00663    0.22013
       581    2.32419    0.08138    0.00665    0.22450
       582    2.32281    0.08095    0.00659    0.21608
       583    2.32237    0.08098    0.00660    0.21553
       584    2.32308    0.08078    0.00656    0.21071
       585    2.32280    0.08002    0.00644    0.20852
       586    2.32446    0.07985    0.00640    0.21552
       587    2.32240    0.07908    0.00630    0.20915
       588    2.32419    0.07936    0.00632    0.20859
       589    2.32338    0.07961    0.00637    0.20564
       590    2.32227    0.07906    0.00630    0.20763
       591    2.32393    0.07870    0.00622    0.19948
       592    2.32368    0.07816    0.00614    0.19607
       593    2.32258    0.07775    0.00609    0.19979
       594    2.32353    0.07708    0.00597    0.19063
       595    2.32458    0.07801    0.00611    0.20068
       596    2.32400    0.07696    0.00595    0.19082
       597    2.32382    0.07709    0.00597    0.19069
       598    2.32317    0.07653    0.00589    0.19028
       599    2.32339    0.07640    0.00587    0.18732
       600    2.32330    0.07571    0.00577    0.18535
       601    2.32496    0.07609    0.00581    0.19324
       602    2.32288    0.07579    0.00578    0.18900
       603    2.32476    0.07604    0.00580    0.18795
       604    2.32355    0.07489    0.00564    0.17933
       605    2.32448    0.07513    0.00567    0.18111
       606    2.32324    0.07453    0.00559    0.18005
       607    2.32379    0.07474    0.00562    0.17586
       608    2.32523    0.07456    0.00558    0.18665
       609    2.32320    0.07446    0.00558    0.17840
       610    2.32358    0.07461    0.00560    0.17441
       611    2.32478    0.07392    0.00548    0.17413
       612    2.32443    0.07389    0.00548    0.17141
       613    2.32354    0.07392    0.00550    0.17149
       614    2.32599    0.07399    0.00548    0.19104
       615    2.32280    0.07352    0.00545    0.18230
       616    2.32474    0.07296    0.00534    0.16702
       617    2.32344    0.07277    0.00533    0.16936
       618    2.32392    0.07279    0.00533    0.16472
       619    2.32501    0.07335    0.00540    0.16583
       620    2.32451    0.07218    0.00523    0.16036
       621    2.32349    0.07240    0.00527    0.16382
       622    2.32598    0.07232    0.00524    0.17412
       623    2.32443    0.07197    0.00520    0.15876
       624    2.32401    0.07172    0.00517    0.15740
       625    2.32430    0.07140    0.00512    0.15457
       626    2.32471    0.07122    0.00509    0.15387
       627    2.32437    0.07131    0.00511    0.15284
       628    2.32460    0.07093    0.00505    0.15187
       629    2.32519    0.07101    0.00506    0.15436
       630    2.32317    0.07032    0.00498    0.16527
       631    2.32553    0.07075    0.00502    0.15352
       632    2.32397    0.07045    0.00499    0.15029
       633    2.32625    0.06968    0.00486    0.16132
       634    2.32337    0.07019    0.00496    0.15936
       635    2.32554    0.07039    0.00497    0.14938
       636    2.32608    0.07008    0.00492    0.15863
       637    2.32371    0.06972    0.00489    0.15297
       638    2.32534    0.06940    0.00483    0.14257
       639    2.32426    0.06947    0.00485    0.14499
       640    2.32486    0.06949    0.00485    0.13962
       641    2.32410    0.07001    0.00493    0.14466
       642    2.32577    0.06907    0.00478    0.14337
       643    2.32551    0.06850    0.00471    0.13743
       644    2.32454    0.06856    0.00472    0.13740
       645    2.32492    0.06877    0.00475    0.13529
       646    2.32513    0.06861    0.00472    0.13471
       647    2.32487    0.06773    0.00461    0.13242
       648    2.32500    0.06835    0.00469    0.13042
       649    2.32525    0.06816    0.00466    0.12841
       650    2.32507    0.06842    0.00470    0.13029
       651    2.32529    0.06804    0.00464    0.12950
       652    2.32526    0.06717    0.00453    0.12575
       653    2.32451    0.06782    0.00462    0.13136
       654    2.32666    0.06768    0.00459    0.14513
       655    2.32480    0.06733    0.00455    0.12669
       656    2.32465    0.06713    0.00453    0.12761
       657    2.32545    0.06749    0.00457    0.12490
       658    2.32536    0.06691    0.00449    0.12197
       659    2.32447    0.06719    0.00454    0.12757
       660    2.32602    0.06709    0.00451    0.12278
       661    2.32512    0.06660    0.00445    0.11925
       662    2.32589    0.06682    0.00448    0.12128
       663    2.32531    0.06678    0.00447    0.11997
       664    2.32534    0.06613    0.00439    0.11655
       665    2.32462    0.06647    0.00444    0.12292
       666    2.32718    0.06574    0.00433    0.14307
       667    2.32390    0.06581    0.00436    0.13768
       668    2.32617    0.06557    0.00431    0.11737
       669    2.32449    0.06630    0.00442    0.12299
       670    2.32676    0.06598    0.00436    0.12904
       671    2.32548    0.06574    0.00433    0.11385
       672    2.32611    0.06530    0.00427    0.11330
       673    2.32467    0.06544    0.00430    0.11856
       674    2.32602    0.06484    0.00421    0.11197
       675    2.32514    0.06577    0.00434    0.11211
       676    2.32519    0.06479    0.00421    0.10952
       677    2.32612    0.06512    0.00425    0.10880
       678    2.32598    0.06526    0.00427    0.10719
       679    2.32631    0.06454    0.00417    0.10829
       680    2.32435    0.06483    0.00423    0.12361
       681    2.32671    0.06465    0.00419    0.11528
       682    2.32466    0.06468    0.00420    0.11556
       683    2.32623    0.06456    0.00418    0.10618
       684    2.32594    0.06472    0.00420    0.10217
       685    2.32617    0.06448    0.00417    0.10546
       686    2.32528    0.06393    0.00410    0.10273
       687    2.32562    0.06468    0.00420    0.10016
       688    2.32530    0.06455    0.00418    0.10242
       689    2.32642    0.06424    0.00413    0.10261
       690    2.32536    0.06424    0.00414    0.10078
       691    2.32696    0.06392    0.00409    0.11288
       692    2.32550    0.06382    0.00409    0.09911
       693    2.32564    0.06440    0.00416    0.09694
       694    2.32501    0.06456    0.00418    0.10357
       695    2.32711    0.06362    0.00405    0.11262
       696    2.32430    0.06429    0.00416    0.12259
       697    2.32722    0.06392    0.00409    0.11249
       698    2.32635    0.06346    0.00404    0.09576
       699    2.32529    0.06363    0.00406    0.09795
       700    2.32549    0.06357    0.00405    0.09454
       701    2.32630    0.06352    0.00404    0.09136
       702    2.32556    0.06330    0.00402    0.09367
       703    2.32610    0.06374    0.00407    0.09078
       704    2.32668    0.06312    0.00399    0.09488
       705    2.32665    0.06332    0.00402    0.09514
       706    2.32514    0.06270    0.00395    0.09904
       707    2.32658    0.06331    0.00401    0.09264
       708    2.32525    0.06249    0.00392    0.09599
       709    2.32617    0.06277    0.00395    0.08592
       710    2.32680    0.06240    0.00390    0.09211
       711    2.32620    0.06291    0.00397    0.08587
       712    2.32605    0.06250    0.00392    0.08449
       713    2.32484    0.06324    0.00402    0.10487
       714    2.32689    0.06224    0.00388    0.08956
       715    2.32646    0.06264    0.00393    0.08380
       716    2.32682    0.06253    0.00392    0.08979
       717    2.32519    0.06214    0.00388    0.09543
       718    2.32732    0.06270    0.00393    0.09834
       719    2.32565    0.06149    0.00379    0.08589
       720    2.32598    0.06227    0.00389    0.08080
       721    2.32593    0.06223    0.00388    0.08042
       722    2.32690    0.06244    0.00390    0.08755
       723    2.32536    0.06254    0.00393    0.09034
       724    2.32707    0.06217    0.00387    0.08740
       725    2.32576    0.06171    0.00382    0.08149
       726    2.32780    0.06183    0.00382    0.10738
       727    2.32455    0.06229    0.00390    0.11405
       728    2.32653    0.06169    0.00381    0.07576
       729    2.32690    0.06097    0.00372    0.07961
       730    2.32702    0.06117    0.00375    0.08240
       731    2.32429    0.06198    0.00387    0.12429
       732    2.32682    0.06186    0.00383    0.07867
       733    2.32736    0.06164    0.00380    0.09019
       734    2.32596    0.06155    0.00380    0.07652
       735    2.32577    0.06131    0.00377    0.07924
       736    2.32734    0.06171    0.00381    0.08543
       737    2.32630    0.06147    0.00379    0.07183
       738    2.32560    0.06154    0.00380    0.08126
       739    2.32786    0.06136    0.00377    0.09999
       740    2.32372    0.06133    0.00379    0.15042
       741    2.32905    0.06096    0.00372    0.14387
       742    2.32649    0.06102    0.00373    0.07069
       743    2.32591    0.06147    0.00379    0.07439
       744    2.32592    0.06201    0.00386    0.07252
       745    2.32728    0.06092    0.00371    0.07997
       746    2.32578    0.06077    0.00370    0.07601
       747    2.32745    0.06036    0.00365    0.08121
       748    2.32502    0.06142    0.00379    0.09817
       749    2.32790    0.06092    0.00371    0.09502
       750    2.32562    0.06022    0.00364    0.08028
       751    2.32740    0.06076    0.00369    0.08117
       752    2.32527    0.06141    0.00379    0.08933
       753    2.32675    0.06089    0.00371    0.06427
       754    2.32679    0.06126    0.00376    0.06622
       755    2.32607    0.06107    0.00374    0.06870
       756    2.32765    0.06123    0.00375    0.08543
       757    2.32636    0.06100    0.00373    0.06485
       758    2.32676    0.06036    0.00365    0.06397
       759    2.32616    0.06068    0.00369    0.06656
       760    2.32543    0.06153    0.00380    0.08320
       761    2.32705    0.06114    0.00374    0.06646
       762    2.32807    0.06075    0.00369    0.09411
       763    2.32537    0.06113    0.00375    0.08575
       764    2.32747    0.06057    0.00367    0.07361
       765    2.32620    0.06036    0.00365    0.06475
       766    2.32744    0.06032    0.00364    0.07328
       767    2.32602    0.05978    0.00358    0.06798
       768    2.32585    0.06104    0.00374    0.07066
       769    2.32591    0.06068    0.00369    0.06860
       770    2.32898    0.06019    0.00362    0.12662
       771    2.32569    0.05967    0.00357    0.07678
       772    2.32646    0.06061    0.00368    0.05930
       773    2.32744    0.06012    0.00362    0.06620
       774    2.32608    0.06004    0.00361    0.06487
       775    2.32826    0.06023    0.00363    0.09589
       776    2.32495    0.05987    0.00360    0.10374
       777    2.32808    0.06017    0.00362    0.08761
       778    2.32562    0.06009    0.00362    0.07799
       779    2.32659    0.05976    0.00358    0.05487
       780    2.32600    0.06019    0.00363    0.06678
       781    2.32794    0.06025    0.00363    0.07960
       782    2.32634    0.05966    0.00357    0.05855
       783    2.32677    0.06001    0.00361    0.05519
       784    2.32729    0.05953    0.00355    0.05911
       785    2.32615    0.06024    0.00364    0.06194
       786    2.32649    0.06067    0.00369    0.05449
       787    2.32795    0.05941    0.00353    0.07686
       788    2.32640    0.05995    0.00360    0.05600
       789    2.32590    0.06043    0.00366    0.06764
       790    2.32740    0.05986    0.00359    0.05813
       791    2.32671    0.06011    0.00362    0.05315
       792    2.32713    0.05970    0.00357    0.05246
       793    2.32631    0.06001    0.00361    0.05679
       794    2.32730    0.05992    0.00359    0.05424
       795    2.32659    0.06007    0.00361    0.05231
       796    2.32622    0.05989    0.00360    0.05838
       797    2.32718    0.05952    0.00355    0.04991
       798    2.32709    0.06018    0.00363    0.05150
       799    2.32684    0.05994    0.00360    0.04982
       800    2.32684    0.05979    0.00358    0.04816
       801    2.32796    0.05928    0.00352    0.07022
       802    2.32569    0.05975    0.00358    0.07556
       803    2.32726    0.05936    0.00353    0.05050
       804    2.32619    0.05973    0.00358    0.05884
       805    2.32843    0.05923    0.00351    0.08802
       806    2.32593    0.05952    0.00355    0.06699
       807    2.32634    0.06012    0.00362    0.05437
       808    2.32808    0.05969    0.00356    0.07285
       809    2.32654    0.06012    0.00362    0.04952
       810    2.32642    0.05959    0.00356    0.05277
       811    2.32771    0.05961    0.00356    0.05965
       812    2.32609    0.05947    0.00355    0.06179
       813    2.32742    0.05904    0.00349    0.05021
       814    2.32743    0.05930    0.00352    0.05068
       815    2.32583    0.05967    0.00357    0.07075
       816    2.32715    0.05973    0.00357    0.04570
       817    2.32768    0.05891    0.00347    0.05440
       818    2.32721    0.05906    0.00349    0.04419
       819    2.32714    0.05954    0.00355    0.04328
       820    2.32601    0.05987    0.00359    0.06361
       821    2.32716    0.05943    0.00354    0.04393
       822    2.32677    0.05927    0.00352    0.04406
       823    2.32807    0.05920    0.00351    0.06544
       824    2.32593    0.05891    0.00348    0.06852
       825    2.32782    0.05911    0.00350    0.05624
       826    2.32609    0.05980    0.00359    0.06088
       827    2.32798    0.05974    0.00357    0.06418
       828    2.32561    0.05933    0.00353    0.08084
       829    2.32891    0.05918    0.00350    0.10142
       830    2.32612    0.05911    0.00350    0.06065
       831    2.32773    0.05936    0.00353    0.05242
       832    2.32713    0.05895    0.00348    0.04170
       833    2.32715    0.05889    0.00347    0.04044
       834    2.32509    0.05924    0.00353    0.10409
       835    2.32884    0.05918    0.00350    0.09474
       836    2.32736    0.05909    0.00350    0.04195
       837    2.32541    0.05949    0.00355    0.08900
       838    2.32809    0.05906    0.00349    0.06332
       839    2.32768    0.05902    0.00349    0.05130
       840    2.32609    0.05869    0.00345    0.06296
       841    2.32817    0.05857    0.00343    0.06509
       842    2.32556    0.05908    0.00350    0.08363
       843    2.32764    0.05902    0.00349    0.04603
       844    2.32659    0.05882    0.00347    0.04546
       845    2.32890    0.05873    0.00345    0.09570
       846    2.32504    0.05879    0.00347    0.10850
       847    2.32848    0.05840    0.00341    0.07496
       848    2.32607    0.05895    0.00348    0.06300
       849    2.32760    0.05896    0.00348    0.04505
       850    2.32748    0.05902    0.00349    0.04069
       851    2.32708    0.05895    0.00348    0.03705
       852    2.32706    0.05847    0.00342    0.03566
       853    2.32714    0.05838    0.00341    0.03628
       854    2.32647    0.05915    0.00351    0.04842
       855    2.32865    0.05816    0.00338    0.08013
       856    2.32607    0.05846    0.00343    0.06494
       857    2.32713    0.05901    0.00349    0.03524
       858    2.32748    0.05944    0.00354    0.03959
       859    2.32776    0.05882    0.00346    0.04441
       860    2.32716    0.05877    0.00346    0.03428
       861    2.32701    0.05880    0.00346    0.03527
       862    2.32616    0.05930    0.00353    0.05964
       863    2.32801    0.05947    0.00354    0.05514
       864    2.32699    0.05889    0.00347    0.03542
       865    2.32635    0.05902    0.00349    0.05295
       866    2.32829    0.05839    0.00341    0.06340
       867    2.32660    0.05901    0.00349    0.04395
       868    2.32648    0.05878    0.00346    0.04835
       869    2.32849    0.05837    0.00341    0.07063
       870    2.32607    0.05887    0.00348    0.06420
       871    2.32709    0.05847    0.00342    0.03325
       872    2.32783    0.05835    0.00341    0.04330
       873    2.32757    0.05864    0.00344    0.03778
       874    2.32682    0.05879    0.00346    0.03840
       875    2.32824    0.05846    0.00342    0.05905
       876    2.32675    0.05854    0.00343    0.04017
       877    2.32648    0.05842    0.00342    0.04912
       878    2.32804    0.05854    0.00343    0.05166
       879    2.32771    0.05803    0.00337    0.03920
       880    2.32608    0.05840    0.00342    0.06548
       881    2.32733    0.05837    0.00341    0.03043
       882    2.32823    0.05828    0.00340    0.05739
       883    2.32634    0.05857    0.00344    0.05382
       884    2.32772    0.05854    0.00343    0.03624
       885    2.32672    0.05859    0.00344    0.04055
       886    2.32699    0.05815    0.00339    0.03351
       887    2.32910    0.05844    0.00342    0.09549
       888    2.32554    0.05864    0.00345    0.08980
       889    2.32794    0.05877    0.00346    0.04709
       890    2.32725    0.05818    0.00339    0.02951
       891    2.32785    0.05840    0.00341    0.04227
       892    2.32543    0.05805    0.00338    0.09543
       893    2.32785    0.05932    0.00352    0.04358
       894    2.32803    0.05846    0.00342    0.04758
       895    2.32632    0.05844    0.00342    0.05534
       896    2.32830    0.05862    0.00344    0.05867
       897    2.32583    0.05859    0.00344    0.07682
       898    2.32881    0.05856    0.00343    0.08061
       899    2.32583    0.05880    0.00347    0.07633
       900    2.32736    0.05864    0.00344    0.02844
       901    2.32776    0.05834    0.00341    0.03655
       902    2.32651    0.05864    0.00345    0.04754
       903    2.32886    0.05841    0.00341    0.08102
       904    2.32677    0.05811    0.00338    0.03910
       905    2.32745    0.05824    0.00340    0.02860
       906    2.32762    0.05807    0.00337    0.03194
       907    2.32723    0.05838    0.00341    0.02816
       908    2.32661    0.05861    0.00344    0.04432
       909    2.32704    0.05807    0.00338    0.03125
       910    2.32760    0.05885    0.00347    0.03039
       911    2.32676    0.05849    0.00343    0.03885
       912    2.32801    0.05829    0.00340    0.04210
       913    2.32748    0.05888    0.00347    0.02839
       914    2.32719    0.05823    0.00340    0.02778
       915    2.32727    0.05805    0.00337    0.02716
       916    2.32673    0.05880    0.00346    0.03956
       917    2.32881    0.05779    0.00334    0.07590
       918    2.32795    0.05766    0.00333    0.03751
       919    2.32718    0.05759    0.00332    0.02841
       920    2.32638    0.05781    0.00335    0.05540
       921    2.32729    0.05884    0.00347    0.02675
       922    2.32858    0.05789    0.00335    0.06596
       923    2.32602    0.05858    0.00344    0.07013
       924    2.32786    0.05862    0.00344    0.03579
       925    2.32699    0.05853    0.00343    0.03187
       926    2.32817    0.05755    0.00331    0.04586
       927    2.32669    0.05821    0.00339    0.04222
       928    2.32777    0.05802    0.00337    0.03087
       929    2.32698    0.05829    0.00340    0.03229
       930    2.32747    0.05840    0.00341    0.02665
       931    2.32647    0.05852    0.00343    0.05071
       932    2.32835    0.05809    0.00338    0.05411
       933    2.32818    0.05777    0.00334    0.04525
       934    2.32586    0.05819    0.00340    0.07848
       935    2.32763    0.05780    0.00334    0.02817
       936    2.32865    0.05829    0.00340    0.06521
       937    2.32742    0.05835    0.00341    0.02494
       938    2.32778    0.05782    0.00335    0.03244
       939    2.32579    0.05797    0.00337    0.08376
       940    2.32767    0.05851    0.00343    0.02960
       941    2.32715    0.05810    0.00338    0.02793
       942    2.32743    0.05831    0.00340    0.02376
       943    2.32863    0.05776    0.00334    0.06271
       944    2.32639    0.05795    0.00337    0.05544
       945    2.32738    0.05770    0.00333    0.02385
       946    2.32778    0.05851    0.00343    0.03073
       947    2.32687    0.05819    0.00339    0.03546
       948    2.32764    0.05833    0.00340    0.02794
       949    2.32753    0.05782    0.00335    0.02271
       950    2.32764    0.05784    0.00335    0.02533
       951    2.32649    0.05880    0.00346    0.05026
       952    2.32747    0.05837    0.00341    0.02282
       953    2.32833    0.05803    0.00337    0.05007
       954    2.32798    0.05734    0.00329    0.03398
       955    2.32699    0.05794    0.00336    0.03198
       956    2.32792    0.05754    0.00331    0.03225
       957    2.32660    0.05787    0.00336    0.04700
       958    2.32720    0.05807    0.00338    0.02577
       959    2.32775    0.05827    0.00340    0.02810
       960    2.32704    0.05828    0.00340    0.03002
       961    2.32776    0.05840    0.00341    0.02905
       962    2.32719    0.05836    0.00341    0.02574
       963    2.32770    0.05870    0.00345    0.02798
       964    2.32643    0.05832    0.00341    0.05400
       965    2.32845    0.05824    0.00339    0.05394
       966    2.32668    0.05848    0.00343    0.04270
       967    2.32918    0.05801    0.00337    0.08904
       968    2.32649    0.05786    0.00335    0.05298
       969    2.32834    0.05783    0.00335    0.04907
       970    2.32619    0.05800    0.00337    0.06640
       971    2.32840    0.05801    0.00337    0.05048
       972    2.32734    0.05809    0.00338    0.02333
       973    2.32757    0.05754    0.00331    0.02239
       974    2.32661    0.05808    0.00338    0.04743
       975    2.32811    0.05808    0.00337    0.03945
       976    2.32808    0.05792    0.00336    0.03604
       977    2.32735    0.05743    0.00330    0.02266
       978    2.32767    0.05779    0.00334    0.02420
       979    2.32670    0.05775    0.00334    0.04417
       980    2.32756    0.05801    0.00337    0.02176
       981    2.32725    0.05799    0.00337    0.02423
       982    2.32713    0.05791    0.00336    0.02763
       983    2.32703    0.05754    0.00332    0.03158
       984    2.32913    0.05782    0.00334    0.08162
       985    2.32685    0.05752    0.00331    0.03839
       986    2.32772    0.05765    0.00333    0.02323
       987    2.32542    0.05802    0.00338    0.10364
       988    2.32955    0.05855    0.00343    0.10427
       989    2.32713    0.05785    0.00335    0.02756
       990    2.32670    0.05847    0.00343    0.04363
       991    2.32652    0.05896    0.00348    0.04956
       992    2.32833    0.05862    0.00344    0.04734
       993    2.32788    0.05808    0.00337    0.02756
       994    2.32798    0.05790    0.00335    0.03189
       995    2.32809    0.05780    0.00334    0.03408
       996    2.32659    0.05800    0.00337    0.04927
       997    2.32783    0.05769    0.00333    0.02690
       998    2.32764    0.05783    0.00335    0.02187
       999    2.32793    0.05760    0.00332    0.02761

Final Weights:        -0.2080112314        -0.3931795450         0.1589310273         0.4465328855 