# Cycles, Average Predicted Temperature, Stddev Predicted Temperature, Mean Squared Error, || MSE Gradient ||
         0    0.01441    0.00735    5.17464    2.11347
         1    0.01543    0.00799    5.17002    2.23860
         2    0.01657    0.00866    5.16487    2.37408
         3    0.01790    0.00947    5.15884    2.51959
         4    0.01929    0.01042    5.15256    2.67114
         5    0.02092    0.01148    5.14517    2.86809
         6    0.02277    0.01277    5.13679    3.05573
         7    0.02495    0.01429    5.12697    3.25497
         8    0.02737    0.01598    5.11607    3.47701
         9    0.03017    0.01802    5.10345    3.71880
        10    0.03339    0.02042    5.08904    4.01273
        11    0.03713    0.02315    5.07231    4.36967
        12    0.04154    0.02647    5.05261    4.71064
        13    0.04668    0.03040    5.02977    5.08224
        14    0.05282    0.03501    5.00254    5.51536
        15    0.06000    0.04050    4.97091    5.98339
        16    0.06848    0.04718    4.93377    6.50244
        17    0.07868    0.05511    4.88938    7.08875
        18    0.09088    0.06470    4.83672    7.75955
        19    0.10562    0.07646    4.77379    8.49412
        20    0.12363    0.09103    4.69793    9.30980
        21    0.14560    0.10868    4.60675   10.20934
        22    0.17263    0.13054    4.49686   11.20284
        23    0.20504    0.15798    4.36864   12.20819
        24    0.24650    0.19141    4.20920   13.33587
        25    0.29647    0.23360    4.02549   14.40397
        26    0.35772    0.28582    3.81226   15.35939
        27    0.43166    0.34854    3.57188   16.09059
        28    0.52027    0.42475    3.30948   16.42109
        29    0.62386    0.51206    3.03553   16.20546
        30    0.73490    0.60829    2.78582   15.16516
        31    0.85552    0.71033    2.55998   13.59056
        32    0.97063    0.81020    2.39502   11.14374
        33    1.07525    0.89730    2.27878    8.53813
        34    1.15752    0.96968    2.22094    6.04191
        35    1.21883    1.01998    2.18603    4.14076
        36    1.25980    1.05728    2.17749    2.70570
        37    1.28410    1.08122    2.17924    1.82445
        38    1.30221    1.09318    2.16917    1.41960
        39    1.30959    1.10183    2.17364    1.20743
        40    1.31805    1.10762    2.16994    1.10914
        41    1.32454    1.10978    2.16214    1.08067
        42    1.32534    1.11150    2.16444    1.06240
        43    1.32981    1.11114    2.15502    1.06477
        44    1.33181    1.11388    2.15730    1.05247
        45    1.33018    1.11483    2.16252    1.05138
        46    1.32801    1.11263    2.16181    1.05675
        47    1.33160    1.11158    2.15258    1.05447
        48    1.33150    1.11175    2.15314    1.05772
        49    1.33108    1.11471    2.16053    1.05525
        50    1.32971    1.11343    2.16032    1.05618
        51    1.33482    1.11425    2.15237    1.03662
        52    1.32987    1.11239    2.15769    1.05340
        53    1.33299    1.11271    2.15243    1.05143
        54    1.33205    1.11207    2.15282    1.04695
        55    1.33320    1.11211    2.15068    1.05145
        56    1.33313    1.11070    2.14770    1.04638
        57    1.33524    1.11289    2.14852    1.04470
        58    1.33447    1.11229    2.14867    1.04273
        59    1.33421    1.11215    2.14886    1.04652
        60    1.33533    1.10940    2.14062    1.05180
        61    1.33401    1.11407    2.15350    1.04986
        62    1.33814    1.10995    2.13648    1.03981
        63    1.33578    1.10891    2.13867    1.04953
        64    1.33788    1.11263    2.14291    1.03620
        65    1.33676    1.10885    2.13666    1.03992
        66    1.33940    1.10936    2.13278    1.04349
        67    1.34110    1.11192    2.13523    1.03977
        68    1.34217    1.11212    2.13365    1.03910
        69    1.33843    1.10984    2.13570    1.03518
        70    1.34003    1.10947    2.13182    1.03291
        71    1.34123    1.11141    2.13385    1.03065
        72    1.34177    1.10798    2.12522    1.03843
        73    1.34212    1.11100    2.13126    1.03130
        74    1.33858    1.11221    2.14067    1.03041
        75    1.34175    1.10776    2.12476    1.03940
        76    1.33971    1.10949    2.13247    1.03751
        77    1.34275    1.11023    2.12834    1.02656
        78    1.34225    1.10810    2.12456    1.02903
        79    1.34303    1.10786    2.12255    1.03381
        80    1.34351    1.11020    2.12685    1.03024
        81    1.34447    1.10911    2.12261    1.02138
        82    1.34402    1.10948    2.12428    1.02726
        83    1.34413    1.10649    2.11746    1.02849
        84    1.34483    1.10793    2.11932    1.01906
        85    1.34503    1.10692    2.11670    1.02331
        86    1.34909    1.10681    2.10881    1.25830
        87    1.34473    1.10591    2.11503    1.35037
        88    1.34470    1.10420    2.11132    1.33436
        89    1.34516    1.10207    2.10573    1.33091
        90    1.34419    1.10093    2.10507    1.33139
        91    1.34287    1.09893    2.10317    1.34457
        92    1.34527    1.10105    2.10329    1.33716
        93    1.35075    1.10355    2.09849    1.32838
        94    1.34710    1.09879    2.09486    1.34051
        95    1.34548    1.09839    2.09704    1.34420
        96    1.34806    1.10010    2.09594    1.33671
        97    1.34989    1.09907    2.09021    1.33734
        98    1.34331    1.09781    2.09986    1.34879
        99    1.34824    1.09791    2.09079    1.34861
       100    1.34977    1.09908    2.09047    1.34449
       101    1.34765    1.09921    2.09475    1.34705
       102    1.35050    1.09853    2.08791    1.34151
       103    1.34851    1.09790    2.09025    1.35143
       104    1.34983    1.09423    2.07971    1.35544
       105    1.35536    1.09757    2.07668    1.34597
       106    1.35245    1.09697    2.08081    1.34719
       107    1.35133    1.09484    2.07824    1.35874
       108    1.35536    1.09361    2.06802    1.36103
       109    1.35674    1.09640    2.07155    1.35127
       110    1.35736    1.09641    2.07042    1.35684
       111    1.35603    1.09537    2.07060    1.35747
       112    1.35438    1.09376    2.07016    1.37064
       113    1.35275    1.09427    2.07434    1.36517
       114    1.35826    1.09568    2.06713    1.36596
       115    1.35726    1.09438    2.06614    1.36370
       116    1.35874    1.09225    2.05875    1.37096
       117    1.35789    1.09147    2.05862    1.37822
       118    1.36258    1.09340    2.05413    1.36880
       119    1.36178    1.09069    2.04968    1.37804
       120    1.36149    1.09055    2.04991    1.38190
       121    1.36311    1.09261    2.05142    1.38015
       122    1.36272    1.09239    2.05164    1.38255
       123    1.36300    1.09131    2.04878    1.38649
       124    1.36859    1.09400    2.04432    1.37583
       125    1.36260    1.09101    2.04885    1.38022
       126    1.36530    1.09005    2.04177    1.37454
       127    1.36422    1.08951    2.04258    1.38209
       128    1.36669    1.09028    2.03971    1.38951
       129    1.36354    1.08887    2.04245    1.39516
       130    1.36844    1.08833    2.03222    1.38333
       131    1.36847    1.08861    2.03279    1.38922
       132    1.37271    1.08918    2.02623    1.38784
       133    1.37265    1.08895    2.02585    1.39307
       134    1.37147    1.08620    2.02203    1.39915
       135    1.37231    1.08683    2.02186    1.40076
       136    1.37280    1.08809    2.02370    1.40458
       137    1.37264    1.08555    2.01846    1.40524
       138    1.37217    1.08600    2.02030    1.40729
       139    1.37591    1.08709    2.01585    1.40016
       140    1.37348    1.08648    2.01896    1.40165
       141    1.37566    1.08505    2.01185    1.40871
       142    1.37731    1.08305    2.00451    1.41203
       143    1.37865    1.08608    2.00864    1.40613
       144    1.37863    1.08425    2.00470    1.40977
       145    1.37786    1.08647    2.01093    1.42112
       146    1.37727    1.08335    2.00523    1.41548
       147    1.38107    1.08302    1.99762    1.41440
       148    1.37738    1.08215    2.00244    1.42787
       149    1.38251    1.08337    1.99575    1.41315
       150    1.38276    1.08177    1.99183    1.42286
       151    1.38197    1.08201    1.99378    1.42332
       152    1.38290    1.08140    1.99078    1.41945
       153    1.38117    1.08298    1.99734    1.42734
       154    1.38568    1.08295    1.98910    1.42119
       155    1.38615    1.07809    1.97773    1.43426
       156    1.38713    1.08027    1.98070    1.42816
       157    1.38720    1.07986    1.97968    1.42744
       158    1.38724    1.07727    1.97402    1.44530
       159    1.38783    1.08235    1.98392    1.42992
       160    1.38831    1.07898    1.97578    1.43072
       161    1.39083    1.07934    1.97202    1.42713
       162    1.38885    1.08007    1.97715    1.43675
       163    1.38723    1.07771    1.97498    1.44715
       164    1.39136    1.07711    1.96626    1.43564
       165    1.38979    1.07695    1.96874    1.45522
       166    1.39477    1.07644    1.95871    1.45404
       167    1.39414    1.07509    1.95693    1.45355
       168    1.39421    1.07800    1.96306    1.45380
       169    1.39036    1.07497    1.96345    1.46693
       170    1.39822    1.07513    1.94973    1.45774
       171    1.39939    1.07501    1.94739    1.46133
       172    1.39537    1.07472    1.95392    1.46695
       173    1.39851    1.07230    1.94313    1.46746
       174    1.40108    1.07426    1.94275    1.46432
       175    1.39931    1.07224    1.94158    1.46698
       176    1.40226    1.07228    1.93642    1.47014
       177    1.39951    1.07210    1.94093    1.47750
       178    1.40282    1.07200    1.93483    1.46871
       179    1.40521    1.07287    1.93247    1.46616
       180    1.40132    1.07100    1.93534    1.47790
       181    1.40165    1.07392    1.94103    1.47023
       182    1.40508    1.06743    1.92104    1.49025
       183    1.40508    1.06975    1.92601    1.48140
       184    1.40647    1.06955    1.92313    1.48276
       185    1.40712    1.06963    1.92216    1.48199
       186    1.40818    1.06980    1.92065    1.48254
       187    1.40886    1.06672    1.91287    1.49269
       188    1.40947    1.06958    1.91789    1.48926
       189    1.40795    1.06801    1.91722    1.49474
       190    1.40880    1.06655    1.91260    1.49526
       191    1.40976    1.06657    1.91095    1.50212
       192    1.41183    1.06747    1.90924    1.49555
       193    1.41562    1.06797    1.90369    1.49797
       194    1.41038    1.06476    1.90602    1.50610
       195    1.41368    1.06539    1.90158    1.50286
       196    1.41503    1.06422    1.89672    1.50498
       197    1.41485    1.06314    1.89473    1.50951
       198    1.41874    1.06255    1.88670    1.50647
       199    1.41822    1.06656    1.89614    1.50815
       200    1.41699    1.05978    1.88385    1.52011
       201    1.41710    1.06261    1.88968    1.51272
       202    1.42138    1.06395    1.88508    1.51189
       203    1.41906    1.06059    1.88197    1.51725
       204    1.42227    1.06118    1.87764    1.52027
       205    1.42552    1.06185    1.87344    1.51908
       206    1.42482    1.05924    1.86912    1.51913
       207    1.42243    1.06093    1.87683    1.52423
       208    1.42465    1.06007    1.87118    1.52360
       209    1.42330    1.05763    1.86833    1.53567
       210    1.42832    1.05940    1.86341    1.53729
       211    1.42345    1.05713    1.86702    1.54750
       212    1.43042    1.05953    1.86008    1.53637
       213    1.42823    1.05831    1.86126    1.54233
       214    1.42921    1.05609    1.85489    1.53487
       215    1.42952    1.05657    1.85536    1.53523
       216    1.43012    1.05653    1.85425    1.54218
       217    1.43140    1.05512    1.84906    1.54286
       218    1.43311    1.05570    1.84738    1.54061
       219    1.43217    1.05501    1.84753    1.54695
       220    1.43179    1.05113    1.84000    1.56259
       221    1.43503    1.05514    1.84289    1.54694
       222    1.43599    1.05058    1.83166    1.55675
       223    1.43293    1.05272    1.84138    1.56552
       224    1.43839    1.05182    1.83018    1.56814
       225    1.43869    1.05180    1.82962    1.56431
       226    1.44491    1.05245    1.82045    1.55309
       227    1.43583    1.05067    1.83212    1.57346
       228    1.44269    1.04956    1.81813    1.56365
       229    1.44074    1.04779    1.81771    1.57085
       230    1.44357    1.04854    1.81450    1.56930
       231    1.44425    1.04934    1.81502    1.56853
       232    1.44297    1.04839    1.81520    1.57428
       233    1.44745    1.04901    1.80895    1.56384
       234    1.44671    1.04774    1.80752    1.56826
       235    1.44633    1.04834    1.80942    1.57949
       236    1.44596    1.04502    1.80311    1.58318
       237    1.44857    1.04585    1.80042    1.58073
       238    1.44983    1.04396    1.79437    1.58623
       239    1.44956    1.04510    1.79721    1.58590
       240    1.44810    1.04443    1.79827    1.58618
       241    1.45102    1.04439    1.79327    1.58933
       242    1.44987    1.04326    1.79284    1.58956
       243    1.45275    1.04106    1.78343    1.60133
       244    1.45152    1.03896    1.78112    1.61056
       245    1.45883    1.04224    1.77574    1.60168
       246    1.45482    1.04267    1.78334    1.59933
       247    1.45960    1.04104    1.77197    1.59826
       248    1.45727    1.04014    1.77396    1.60435
       249    1.46130    1.03707    1.76091    1.60999
       250    1.46184    1.03718    1.76025    1.60675
       251    1.46546    1.04108    1.76238    1.60539
       252    1.46449    1.03712    1.75574    1.60494
       253    1.46133    1.03631    1.75927    1.61339
       254    1.46387    1.03479    1.75195    1.61597
       255    1.46404    1.03655    1.75531    1.60740
       256    1.46786    1.03647    1.74884    1.61371
       257    1.46582    1.03425    1.74760    1.62156
       258    1.46671    1.03678    1.75138    1.60907
       259    1.46803    1.03394    1.74333    1.61202
       260    1.46952    1.03165    1.73616    1.62143
       261    1.46980    1.03281    1.73810    1.61508
       262    1.46674    1.03299    1.74348    1.62586
       263    1.47398    1.03185    1.72929    1.61977
       264    1.47403    1.03158    1.72863    1.62056
       265    1.47596    1.02893    1.72004    1.62297
       266    1.47743    1.03189    1.72375    1.62343
       267    1.47624    1.03055    1.72291    1.62218
       268    1.47682    1.02761    1.71593    1.63038
       269    1.47802    1.02679    1.71229    1.64158
       270    1.47684    1.02616    1.71289    1.64204
       271    1.47714    1.03068    1.72173    1.62825
       272    1.48032    1.02687    1.70873    1.64077
       273    1.48110    1.02652    1.70675    1.63595
       274    1.48429    1.02584    1.70020    1.63517
       275    1.48066    1.02349    1.70124    1.64490
       276    1.48453    1.02636    1.70088    1.63687
       277    1.48297    1.02276    1.69603    1.65664
       278    1.48508    1.02368    1.69450    1.64837
       279    1.48819    1.02295    1.68801    1.64298
       280    1.48561    1.02301    1.69228    1.65367
       281    1.48913    1.02105    1.68263    1.64785
       282    1.49240    1.01949    1.67424    1.64898
       283    1.48947    1.01910    1.67811    1.65967
       284    1.49421    1.02216    1.67679    1.64368
       285    1.49185    1.01853    1.67315    1.65861
       286    1.49123    1.01954    1.67621    1.65980
       287    1.49510    1.01919    1.66932    1.64800
       288    1.49648    1.01594    1.66052    1.65345
       289    1.49691    1.01262    1.65309    1.67347
       290    1.49813    1.01531    1.65662    1.65939
       291    1.50094    1.01837    1.65841    1.65767
       292    1.50095    1.01425    1.65002    1.65789
       293    1.50055    1.01463    1.65143    1.66030
       294    1.49951    1.01384    1.65146    1.67330
       295    1.50256    1.01229    1.64351    1.66316
       296    1.50371    1.01222    1.64155    1.66456
       297    1.50311    1.01306    1.64421    1.67322
       298    1.50352    1.01084    1.63907    1.67777
       299    1.50413    1.00939    1.63518    1.67936
       300    1.50885    1.01084    1.63072    1.66744
       301    1.51210    1.01069    1.62535    1.66189
       302    1.50651    1.00740    1.62745    1.69216
       303    1.51276    1.00529    1.61343    1.69269
       304    1.50988    1.00957    1.62656    1.68785
       305    1.51152    1.00564    1.61608    1.69730
       306    1.51139    1.00729    1.61959    1.69992
       307    1.51156    1.00469    1.61410    1.70199
       308    1.51468    1.00474    1.60935    1.70297
       309    1.51510    1.00356    1.60635    1.70911
       310    1.51905    1.00281    1.59875    1.69981
       311    1.51745    1.00417    1.60395    1.70847
       312    1.52203    0.99922    1.58697    1.71576
       313    1.51990    1.00152    1.59484    1.71540
       314    1.51904    1.00047    1.59407    1.71895
       315    1.52047    1.00124    1.59342    1.71565
       316    1.52354    0.99872    1.58365    1.71528
       317    1.52289    0.99794    1.58308    1.72358
       318    1.52362    0.99725    1.58061    1.73054
       319    1.52402    0.99633    1.57815    1.72894
       320    1.52835    0.99508    1.56905    1.72763
       321    1.52982    0.99377    1.56422    1.72547
       322    1.52740    0.99726    1.57484    1.72752
       323    1.52820    0.99338    1.56590    1.73291
       324    1.53041    0.99168    1.55918    1.73155
       325    1.52926    0.99288    1.56331    1.73591
       326    1.53147    0.99353    1.56124    1.73619
       327    1.53356    0.98802    1.54716    1.74933
       328    1.53397    0.99026    1.55096    1.74022
       329    1.53483    0.99034    1.54982    1.74181
       330    1.53878    0.98941    1.54203    1.73688
       331    1.53711    0.98833    1.54242    1.74060
       332    1.53860    0.98817    1.53986    1.74179
       333    1.54123    0.98462    1.52892    1.74979
       334    1.54080    0.98775    1.53572    1.74250
       335    1.54229    0.98683    1.53170    1.74240
       336    1.54380    0.98481    1.52546    1.74141
       337    1.54295    0.98289    1.52294    1.75321
       338    1.54752    0.98139    1.51320    1.74979
       339    1.54718    0.98007    1.51111    1.75166
       340    1.54821    0.98168    1.51273    1.75014
       341    1.55018    0.98315    1.51271    1.74868
       342    1.54718    0.98034    1.51164    1.81247
       343    1.55097    0.97938    1.50415    1.80527
       344    1.55235    0.97820    1.49980    1.80411
       345    1.55191    0.97676    1.49763    1.80342
       346    1.55315    0.97423    1.49088    1.81915
       347    1.55222    0.97498    1.49371    1.81536
       348    1.55489    0.97645    1.49264    1.80435
       349    1.55525    0.97430    1.48792    1.80876
       350    1.55612    0.97370    1.48547    1.81948
       351    1.55652    0.97230    1.48217    1.81331
       352    1.55666    0.97358    1.48445    1.80909
       353    1.55990    0.96938    1.47156    1.82440
       354    1.56061    0.96979    1.47131    1.82358
       355    1.56343    0.96859    1.46490    1.82394
       356    1.56355    0.96662    1.46090    1.82103
       357    1.56435    0.96587    1.45829    1.82259
       358    1.56545    0.96575    1.45647    1.83095
       359    1.56832    0.96558    1.45198    1.82022
       360    1.57013    0.96495    1.44816    1.82999
       361    1.56850    0.96394    1.44857    1.82098
       362    1.57574    0.96008    1.43076    1.83026
       363    1.57241    0.96167    1.43857    1.83474
       364    1.57729    0.96109    1.43050    1.82414
       365    1.57720    0.95894    1.42649    1.83134
       366    1.57565    0.95862    1.42809    1.83204
       367    1.57872    0.95845    1.42338    1.83361
       368    1.57774    0.95715    1.42228    1.85030
       369    1.58185    0.95477    1.41192    1.84811
       370    1.58280    0.95592    1.41276    1.84639
       371    1.58290    0.95422    1.40937    1.84412
       372    1.58663    0.95448    1.40462    1.84057
       373    1.58667    0.95175    1.39936    1.84622
       374    1.58584    0.95236    1.40168    1.84306
       375    1.59061    0.94870    1.38804    1.84745
       376    1.58871    0.95007    1.39331    1.84342
       377    1.58746    0.94983    1.39461    1.85096
       378    1.59164    0.94711    1.38358    1.85568
       379    1.59358    0.94882    1.38413    1.84127
       380    1.58903    0.94662    1.38631    1.86367
       381    1.59284    0.94718    1.38206    1.84625
       382    1.59377    0.94625    1.37898    1.85781
       383    1.59794    0.94286    1.36681    1.84960
       384    1.59738    0.94411    1.36994    1.85652
       385    1.59814    0.94232    1.36551    1.86211
       386    1.60111    0.94004    1.35711    1.85758
       387    1.60039    0.94172    1.36127    1.86550
       388    1.60419    0.93988    1.35258    1.86391
       389    1.60524    0.93948    1.35041    1.85494
       390    1.60086    0.93873    1.35502    1.87250
       391    1.60824    0.93741    1.34242    1.85876
       392    1.60669    0.93447    1.33903    1.87108
       393    1.60795    0.93465    1.33765    1.85968
       394    1.61070    0.93255    1.32998    1.86435
       395    1.61208    0.93198    1.32705    1.87247
       396    1.61265    0.93126    1.32495    1.86057
       397    1.61173    0.93325    1.32989    1.86735
       398    1.61728    0.93080    1.31785    1.86757
       399    1.61837    0.92746    1.31018    1.86104
       400    1.61829    0.92879    1.31276    1.86949
       401    1.61807    0.92625    1.30834    1.88242
       402    1.62243    0.92669    1.30332    1.85263
       403    1.62058    0.92638    1.30520    1.86309
       404    1.62313    0.92533    1.29986    1.86233
       405    1.62660    0.92122    1.28767    1.86976
       406    1.62543    0.92516    1.29650    1.85458
       407    1.62611    0.92215    1.29003    1.86086
       408    1.62662    0.91890    1.28338    1.87183
       409    1.63203    0.91899    1.27639    1.85802
       410    1.62873    0.91842    1.27970    1.87224
       411    1.63183    0.92102    1.28039    1.85955
       412    1.63402    0.91518    1.26680    1.85503
       413    1.63599    0.91429    1.26259    1.86803
       414    1.63375    0.91867    1.27356    1.85139
       415    1.63915    0.91435    1.25858    1.89146
       416    1.63655    0.91148    1.25674    1.89759
       417    1.63598    0.91188    1.25821    1.89827
       418    1.64245    0.91005    1.24645    1.88951
       419    1.64199    0.90789    1.24313    1.88910
       420    1.64355    0.90921    1.24350    1.87888
       421    1.64548    0.90665    1.23638    1.87737
       422    1.64756    0.90415    1.22918    1.88733
       423    1.65035    0.90444    1.22612    1.87915
       424    1.64909    0.90328    1.22564    1.88887
       425    1.64766    0.90515    1.23084    1.88656
       426    1.65255    0.90173    1.21842    1.87088
       427    1.65394    0.90237    1.21782    1.87285
       428    1.65523    0.90025    1.21235    1.87064
       429    1.65332    0.90019    1.21467    1.86860
       430    1.65729    0.89508    1.20046    1.87932
       431    1.66029    0.89674    1.19964    1.87077
       432    1.66190    0.89661    1.19739    1.85450
       433    1.66212    0.89799    1.19959    1.84624
       434    1.66039    0.89445    1.19542    1.86230
       435    1.66151    0.89361    1.19251    1.85955
       436    1.66361    0.89418    1.19091    1.85387
       437    1.66392    0.89382    1.18988    1.85538
       438    1.66681    0.89352    1.18573    1.84181
       439    1.66832    0.89203    1.18118    1.83564
       440    1.67412    0.88761    1.16616    1.83963
       441    1.67782    0.88586    1.15853    1.83977
       442    1.67422    0.88665    1.16433    1.83166
       443    1.67760    0.88588    1.15882    1.82372
       444    1.67590    0.88631    1.16167    1.83086
       445    1.67760    0.88365    1.15487    1.82667
       446    1.67860    0.88327    1.15297    1.81966
       447    1.68286    0.88220    1.14590    1.81311
       448    1.68278    0.88139    1.14458    1.81189
       449    1.68270    0.88248    1.14659    1.82120
       450    1.68826    0.87935    1.13436    1.80237
       451    1.68459    0.88085    1.14142    1.80640
       452    1.68808    0.87879    1.13360    1.80383
       453    1.69155    0.87784    1.12777    1.73817
       454    1.69466    0.87604    1.12092    1.74322
       455    1.69692    0.87562    1.11749    1.73517
       456    1.69625    0.87597    1.11890    1.73314
       457    1.70344    0.87332    1.10578    1.73003
       458    1.70116    0.87609    1.11330    1.71283
       459    1.70306    0.87253    1.10485    1.71857
       460    1.69794    0.87531    1.11574    1.72205
       461    1.70388    0.87396    1.10639    1.70686
       462    1.70411    0.87208    1.10283    1.70843
       463    1.70636    0.87330    1.10235    1.69524
       464    1.70819    0.87068    1.09564    1.68243
       465    1.71043    0.87140    1.09430    1.67708
       466    1.70907    0.87002    1.09347    1.67310
       467    1.71234    0.87191    1.09297    1.66126
       468    1.71517    0.86744    1.08195    1.66304
       469    1.71390    0.86724    1.08306    1.65669
       470    1.71799    0.86556    1.07545    1.64983
       471    1.71808    0.86733    1.07842    1.63976
       472    1.72274    0.86316    1.06592    1.63914
       473    1.72364    0.86427    1.06679    1.62655
       474    1.72455    0.86287    1.06335    1.61823
       475    1.72617    0.86143    1.05905    1.61509
       476    1.72624    0.86112    1.05843    1.60949
       477    1.72710    0.86134    1.05785    1.60891
       478    1.72726    0.86097    1.05703    1.60621
       479    1.72944    0.86197    1.05630    1.59032
       480    1.72939    0.86080    1.05434    1.58914
       481    1.73159    0.86039    1.05118    1.57501
       482    1.73672    0.85844    1.04214    1.55533
       483    1.73644    0.85974    1.04468    1.54779
       484    1.73534    0.85853    1.04383    1.55143
       485    1.73615    0.85692    1.04016    1.55470
       486    1.73732    0.85777    1.04032    1.54527
       487    1.73645    0.85734    1.04055    1.53780
       488    1.73972    0.85511    1.03313    1.54219
       489    1.74187    0.85618    1.03259    1.80791
       490    1.73564    0.85215    1.03257    1.82494
       491    1.73771    0.84679    1.02117    1.80703
       492    1.73621    0.84369    1.01759    1.80529
       493    1.73789    0.84163    1.01227    1.79041
       494    1.73945    0.84297    1.01281    1.77940
       495    1.73655    0.84205    1.01445    1.78261
       496    1.73896    0.84065    1.00944    1.78094
       497    1.73825    0.84027    1.00958    1.77339
       498    1.74408    0.83792    0.99926    1.75661
       499    1.74416    0.83493    0.99416    1.76187
       500    1.74482    0.83592    0.99510    1.75913
       501    1.74208    0.83774    1.00114    1.75544
       502    1.74734    0.83699    0.99414    1.73454
       503    1.74876    0.83667    0.99208    1.73341
       504    1.75005    0.83320    0.98489    1.73252
       505    1.75418    0.83240    0.97911    1.71796
       506    1.75303    0.83210    0.97985    1.71844
       507    1.75419    0.83412    0.98198    1.70536
       508    1.76046    0.82888    0.96659    1.70363
       509    1.75817    0.82861    0.96857    1.71125
       510    1.75570    0.82995    0.97343    1.70399
       511    1.76296    0.82929    0.96463    1.67477
       512    1.76135    0.82768    0.96365    1.68541
       513    1.76627    0.82577    0.95534    1.67339
       514    1.76959    0.82567    0.95172    1.66813
       515    1.76496    0.82775    0.95998    1.66196
       516    1.76722    0.82343    0.95048    1.66853
       517    1.76945    0.82576    0.95199    1.65541
       518    1.77416    0.82223    0.94132    1.64677
       519    1.77158    0.82355    0.94615    1.63857
       520    1.77483    0.82293    0.94178    1.63581
       521    1.77858    0.81807    0.92996    1.62805
       522    1.77547    0.82073    0.93749    1.62557
       523    1.77971    0.81991    0.93181    1.62140
       524    1.78044    0.81895    0.92950    1.61889
       525    1.77893    0.81871    0.93064    1.61465
       526    1.78671    0.81603    0.91838    1.59986
       527    1.78178    0.81835    0.92715    1.60299
       528    1.78551    0.81762    0.92218    1.59573
       529    1.79021    0.81570    0.91434    1.57593
       530    1.78840    0.81471    0.91453    1.58203
       531    1.79083    0.81270    0.90884    1.57675
       532    1.78955    0.81047    0.90651    1.58687
       533    1.79264    0.81425    0.90956    1.55525
       534    1.79217    0.81150    0.90556    1.57024
       535    1.79467    0.81228    0.90435    1.55419
       536    1.79538    0.81198    0.90314    1.55051
       537    1.80019    0.80976    0.89483    1.54924
       538    1.80087    0.80871    0.89247    1.53366
       539    1.80134    0.80914    0.89270    1.52422
       540    1.80361    0.80732    0.88755    1.52125
       541    1.80889    0.80524    0.87909    1.50800
       542    1.80052    0.80570    0.88795    1.53375
       543    1.80946    0.80636    0.88035    1.50081
       544    1.80976    0.80562    0.87887    1.49923
       545    1.80686    0.80624    0.88265    1.49546
       546    1.80540    0.80575    0.88327    1.50273
       547    1.81663    0.80284    0.86787    1.47420
       548    1.81353    0.80219    0.86976    1.47666
       549    1.81466    0.80221    0.86872    1.48660
       550    1.81241    0.80017    0.86758    1.48601
       551    1.81584    0.80192    0.86713    1.46193
       552    1.81811    0.79988    0.86172    1.46376
       553    1.81940    0.80130    0.86278    1.45509
       554    1.81984    0.79720    0.85581    1.46060
       555    1.82390    0.79952    0.85572    1.43143
       556    1.82323    0.79578    0.85038    1.44374
       557    1.82351    0.80041    0.85751    1.43554
       558    1.82621    0.79719    0.84985    1.43261
       559    1.82672    0.79638    0.84810    1.41609
       560    1.82943    0.79653    0.84584    1.41031
       561    1.83025    0.79364    0.84049    1.41653
       562    1.83184    0.79503    0.84124    1.40106
       563    1.83419    0.79354    0.83673    1.40251
       564    1.82890    0.79278    0.84037    1.40255
       565    1.83321    0.79099    0.83357    1.39980
       566    1.83789    0.79056    0.82865    1.39084
       567    1.83437    0.79043    0.83163    1.39095
       568    1.83789    0.79015    0.82800    1.38501
       569    1.84343    0.78906    0.82131    1.36122
       570    1.84188    0.79101    0.82578    1.35567
       571    1.83769    0.78896    0.82631    1.37400
       572    1.83854    0.78852    0.82484    1.37308
       573    1.84580    0.78935    0.81967    1.35133
       574    1.83951    0.78924    0.82512    1.35745
       575    1.84611    0.78769    0.81677    1.34471
       576    1.85130    0.78528    0.80840    1.33435
       577    1.84597    0.78766    0.81684    1.33105
       578    1.84952    0.78735    0.81322    1.32893
       579    1.85057    0.78358    0.80638    1.31992
       580    1.84810    0.78328    0.80807    1.32642
       581    1.85041    0.78378    0.80684    1.32141
       582    1.84894    0.78370    0.80801    1.31927
       583    1.85711    0.78087    0.79644    1.30799
       584    1.85774    0.78274    0.79883    1.29716
       585    1.86220    0.78018    0.79099    1.29561
       586    1.85773    0.78156    0.79699    1.29099
       587    1.85918    0.78081    0.79457    1.28719
       588    1.86181    0.78147    0.79334    1.27684
       589    1.86121    0.78098    0.79310    1.28109
       590    1.86270    0.77648    0.78481    1.28319
       591    1.85948    0.78114    0.79484    1.26236
       592    1.86535    0.77614    0.78204    1.25370
       593    1.86565    0.77698    0.78308    1.26344
       594    1.86351    0.77623    0.78373    1.25946
       595    1.86556    0.77607    0.78174    1.25097
       596    1.86772    0.77566    0.77928    1.25265
       597    1.86769    0.77784    0.78270    1.23413
       598    1.87203    0.77535    0.77518    1.23226
       599    1.87115    0.77500    0.77538    1.23074
       600    1.86916    0.77569    0.77811    1.22936
       601    1.87544    0.77325    0.76910    1.22423
       602    1.87144    0.77321    0.77236    1.22495
       603    1.87553    0.77198    0.76705    1.21261
       604    1.87623    0.77550    0.77193    1.20826
       605    1.87666    0.77127    0.76504    1.20892
       606    1.87753    0.77095    0.76383    1.19246
       607    1.87760    0.77209    0.76552    1.19406
       608    1.87959    0.76960    0.76006    1.19404
       609    1.87490    0.77337    0.76973    1.18845
       610    1.88615    0.77143    0.75755    1.15267
       611    1.88282    0.77473    0.76534    1.17030
       612    1.87939    0.76722    0.75656    1.18864
       613    1.88478    0.76761    0.75277    1.16897
       614    1.88404    0.76906    0.75560    1.16395
       615    1.88653    0.76760    0.75134    1.15231
       616    1.88649    0.76922    0.75387    1.15344
       617    1.88380    0.76825    0.75455    1.15550
       618    1.88793    0.76767    0.75032    1.13924
       619    1.89233    0.76591    0.74410    1.13349
       620    1.88807    0.76756    0.75005    1.12929
       621    1.89453    0.76583    0.74225    1.11970
       622    1.89232    0.76538    0.74331    1.11837
       623    1.89130    0.76477    0.74319    1.13084
       624    1.89595    0.76493    0.73975    1.11187
       625    1.89555    0.76404    0.73870    1.10441
       626    1.89370    0.76754    0.74552    1.10185
       627    1.89525    0.76231    0.73630    1.10255
       628    1.89772    0.76519    0.73876    1.10606
       629    1.89778    0.76121    0.73264    1.09183
       630    1.90368    0.76067    0.72723    1.08927
       631    1.89669    0.76268    0.73573    1.09257
       632    1.90028    0.76182    0.73162    1.07893
       633    1.90139    0.76300    0.73256    1.07605
       634    1.90710    0.75790    0.72041    1.05905
       635    1.90107    0.76419    0.73462    1.07036
       636    1.90067    0.76069    0.72959    1.07071
       637    1.90477    0.76049    0.72612    1.06418
       638    1.90548    0.75824    0.72216    1.06645
       639    1.90621    0.75955    0.72359    1.05210
       640    1.90735    0.75838    0.72094    1.04664
       641    1.90446    0.76003    0.72567    1.04467
       642    1.90795    0.75806    0.71999    1.03510
       643    1.90806    0.75891    0.72120    1.02828
       644    1.90751    0.75808    0.72036    1.03370
       645    1.91217    0.75767    0.71621    1.02634
       646    1.91678    0.76029    0.71673    1.01280
       647    1.91193    0.75699    0.71535    1.02418
       648    1.91353    0.75556    0.71198    1.00957
       649    1.91929    0.75527    0.70725    1.00462
       650    1.91645    0.75628    0.71088    1.00281
       651    1.91662    0.75357    0.70667    0.99871
       652    1.91779    0.75510    0.70811    1.00098
       653    1.91734    0.75673    0.71091    0.99184
       654    1.91841    0.75396    0.70593    0.98651
       655    1.91970    0.75716    0.70980    0.98602
       656    1.92092    0.75233    0.70162    0.97848
       657    1.92101    0.75434    0.70459    0.96231
       658    1.91418    0.75346    0.70832    0.98886
       659    1.92007    0.75497    0.70623    0.97521
       660    1.92044    0.75678    0.70869    0.96015
       661    1.92222    0.75341    0.70228    0.97102
       662    1.92598    0.75379    0.70011    0.95626
       663    1.92317    0.75234    0.69998    0.95178
       664    1.92050    0.75296    0.70289    0.95793
       665    1.92625    0.75419    0.70052    0.94805
       666    1.92568    0.75347    0.69986    0.95068
       667    1.93132    0.75093    0.69196    0.92945
       668    1.92642    0.75115    0.69583    0.94296
       669    1.92969    0.74984    0.69150    0.92761
       670    1.93099    0.75071    0.69187    0.92588
       671    1.93309    0.74863    0.68724    0.91729
       672    1.93166    0.75289    0.69467    0.89878
       673    1.92640    0.75088    0.69544    0.92794
       674    1.92887    0.74659    0.68723    0.92842
       675    1.93543    0.75093    0.68903    0.91212
       676    1.93844    0.74918    0.68429    0.90077
       677    1.93188    0.74833    0.68767    0.91214
       678    1.93428    0.74753    0.68475    0.89484
       679    1.93864    0.75294    0.68980    0.88430
       680    1.93662    0.74703    0.68236    0.89158
       681    1.93732    0.74854    0.68412    0.88352
       682    1.93454    0.74718    0.68405    0.88661
       683    1.93694    0.74795    0.68351    0.87108
       684    1.93689    0.74705    0.68220    0.87885
       685    1.93016    0.74753    0.68770    0.90006
       686    1.93972    0.74653    0.67944    0.87545
       687    1.94241    0.74986    0.68254    0.86177
       688    1.94820    0.74411    0.66997    0.86268
       689    1.93579    0.74677    0.68255    0.87650
       690    1.94305    0.74144    0.66955    0.86100
       691    1.94116    0.74849    0.68136    0.85502
       692    1.94833    0.74627    0.67310    0.84223
       693    1.94560    0.74273    0.66970    0.84308
       694    1.94389    0.74456    0.67359    0.84255
       695    1.94016    0.74366    0.67484    0.85492
       696    1.94459    0.74601    0.67528    0.84267
       697    1.94338    0.74536    0.67514    0.84021
       698    1.94403    0.74524    0.67451    0.83869
       699    1.94870    0.74157    0.66585    0.83581
       700    1.94741    0.74182    0.66711    0.82382
       701    1.95020    0.74087    0.66379    0.81904
       702    1.95112    0.74333    0.66683    0.82024
       703    1.95340    0.74400    0.66629    0.79495
       704    1.94693    0.74437    0.67122    0.81360
       705    1.94742    0.74277    0.66850    0.81442
       706    1.94852    0.74566    0.67206    0.80286
       707    1.95340    0.74143    0.66248    0.79294
       708    1.95250    0.74049    0.66169    0.79997
       709    1.95229    0.74087    0.66238    0.79252
       710    1.95490    0.74486    0.66657    0.78840
       711    1.95039    0.74161    0.66477    0.79430
       712    1.95336    0.74397    0.66627    0.78750
       713    1.95411    0.74145    0.66203    0.78290
       714    1.95925    0.74071    0.65751    0.77677
       715    1.95786    0.73998    0.65735    0.76865
       716    1.95700    0.74155    0.66024    0.76480
       717    1.95320    0.74195    0.66337    0.76987
       718    1.95849    0.74065    0.65792    0.76096
       719    1.95882    0.74168    0.65923    0.76384
       720    1.95973    0.74280    0.66029    0.75765
       721    1.95251    0.74286    0.66520    0.76979
       722    1.95631    0.74150    0.66063    0.76366
       723    1.95921    0.74350    0.66168    0.74762
       724    1.96144    0.73913    0.65373    0.74950
       725    1.96352    0.74112    0.65531    0.73899
       726    1.95746    0.73735    0.65373    0.75235
       727    1.95764    0.73836    0.65510    0.75517
       728    1.95949    0.73822    0.65366    0.74650
       729    1.95934    0.74029    0.65683    0.73540
       730    1.96426    0.73578    0.64695    0.73795
       731    1.96283    0.74004    0.65417    0.74412
       732    1.96388    0.73888    0.65177    0.72253
       733    1.96534    0.73856    0.65034    0.72714
       734    1.96714    0.73880    0.64954    0.72572
       735    1.96627    0.73726    0.64783    0.71737
       736    1.96455    0.73601    0.64709    0.72351
       737    1.96570    0.73894    0.65067    0.71706
       738    1.96542    0.73649    0.64725    0.71711
       739    1.96329    0.73683    0.64912    0.72166
       740    1.96431    0.73834    0.65069    0.71166
       741    1.97284    0.73733    0.64374    0.69183
       742    1.97215    0.73777    0.64481    0.69458
       743    1.96303    0.73880    0.65221    0.70517
       744    1.96653    0.73442    0.64349    0.71064
       745    1.96740    0.73454    0.64310    0.70518
       746    1.96864    0.73954    0.64966    0.69910
       747    1.97072    0.73634    0.64361    0.69080
       748    1.97109    0.73818    0.64609    0.68529
       749    1.96987    0.73374    0.64034    0.69331
       750    1.97074    0.73427    0.64055    0.69162
       751    1.97025    0.73787    0.64617    0.68353
       752    1.97755    0.73512    0.63752    0.66767
       753    1.97121    0.73574    0.64242    0.67879
       754    1.96917    0.73300    0.63969    0.69143
       755    1.97359    0.73451    0.63910    0.67854
       756    1.97564    0.73377    0.63672    0.67627
       757    1.97291    0.73547    0.64095    0.67563
       758    1.97540    0.73048    0.63206    0.67322
       759    1.98085    0.73345    0.63302    0.65037
       760    1.97438    0.73270    0.63596    0.66886
       761    1.96609    0.73759    0.64843    0.68232
       762    1.97768    0.73632    0.63921    0.65476
       763    1.97762    0.73359    0.63523    0.65691
       764    1.97524    0.73464    0.63826    0.65180
       765    1.97657    0.72992    0.63051    0.66212
       766    1.98173    0.73301    0.63183    0.65482
       767    1.98020    0.73624    0.63751    0.63967
       768    1.97630    0.73219    0.63400    0.65508
       769    1.97600    0.73304    0.63543    0.65129
       770    1.97735    0.73300    0.63454    0.64171
       771    1.97709    0.73189    0.63306    0.64812
       772    1.97651    0.73441    0.63713    0.64232
       773    1.98308    0.73501    0.63395    0.64392
       774    1.98107    0.73485    0.63495    0.63609
       775    1.98500    0.73389    0.63111    0.62400
       776    1.97525    0.73111    0.63308    0.64513
       777    1.97857    0.73344    0.63442    0.63040
       778    1.98150    0.73215    0.63072    0.62784
       779    1.98229    0.73174    0.62963    0.62398
       780    1.98427    0.73061    0.62676    0.62644
       781    1.98291    0.73463    0.63348    0.62043
       782    1.98646    0.72971    0.62412    0.60757
       783    1.98441    0.73358    0.63103    0.61561
       784    1.97924    0.73328    0.63376    0.62755
       785    1.98889    0.73282    0.62720    0.60086
       786    1.98375    0.73288    0.63040    0.61374
       787    1.98361    0.73340    0.63124    0.61069
       788    1.98414    0.72658    0.62097    0.61938
       789    1.98746    0.73460    0.63068    0.61028
       790    1.98503    0.73512    0.63291    0.60263
       791    1.98169    0.73420    0.63361    0.59847
       792    1.98291    0.73201    0.62964    0.60882
       793    1.98280    0.72593    0.62084    0.61405
       794    1.99114    0.73289    0.62595    0.59498
       795    1.98838    0.72776    0.62012    0.58936
       796    1.98564    0.72953    0.62435    0.59500
       797    1.99038    0.73117    0.62389    0.57839
       798    1.98846    0.73055    0.62414    0.57771
       799    1.98732    0.73167    0.62646    0.58936
       800    1.98930    0.72822    0.62023    0.57657
       801    1.99040    0.73016    0.62241    0.56665
       802    1.99197    0.72946    0.62044    0.57222
       803    1.98278    0.73010    0.62693    0.59189
       804    1.99041    0.72836    0.61977    0.57239
       805    1.99326    0.72807    0.61766    0.57117
       806    1.99049    0.72746    0.61842    0.57360
       807    1.99314    0.72791    0.61749    0.57758
       808    1.99092    0.73169    0.62433    0.56549
       809    1.98809    0.72754    0.61998    0.58221
       810    1.99056    0.72980    0.62179    0.56401
       811    1.99397    0.72832    0.61761    0.56729
       812    1.98967    0.72860    0.62057    0.57100
       813    1.99435    0.72894    0.61828    0.56952
       814    1.99657    0.72802    0.61564    0.56128
       815    1.99274    0.72551    0.61424    0.56753
       816    1.99122    0.72805    0.61883    0.55814
       817    1.99637    0.73177    0.62123    0.55987
       818    1.99960    0.72711    0.61255    0.54959
       819    1.99538    0.72681    0.61457    0.54661
       820    1.99437    0.72654    0.61478    0.53844
       821    1.99099    0.72805    0.61898    0.55484
       822    1.99654    0.72719    0.61445    0.54253
       823    1.99475    0.72466    0.61182    0.54771
       824    1.99321    0.73052    0.62126    0.53949
       825    1.99864    0.72620    0.61179    0.54584
       826    1.99847    0.72800    0.61449    0.52832
       827    1.99754    0.72612    0.61231    0.54151
       828    1.99713    0.72823    0.61562    0.52789
       829    1.99707    0.73051    0.61898    0.52186
       830    2.00174    0.72368    0.60634    0.52433
       831    1.99774    0.72710    0.61362    0.53049
       832    2.00063    0.72693    0.61169    0.51808
       833    2.00109    0.72431    0.60763    0.52627
       834    1.99723    0.72561    0.61174    0.52610
       835    1.99624    0.72613    0.61308    0.52980
       836    2.00090    0.72623    0.61051    0.52155
       837    1.99816    0.72411    0.60903    0.52174
       838    1.99982    0.72573    0.61041    0.51854
       839    1.99849    0.72468    0.60966    0.51528
       840    1.99678    0.72571    0.61216    0.52054
       841    2.00195    0.72490    0.60798    0.50560
       842    2.00259    0.72566    0.60872    0.52001
       843    2.00509    0.72644    0.60843    0.50532
       844    2.00260    0.72362    0.60575    0.51019
       845    1.99984    0.72476    0.60900    0.50258
       846    1.99890    0.72261    0.60643    0.51666
       847    1.99511    0.72556    0.61292    0.52130
       848    1.99973    0.72486    0.60921    0.49947
       849    2.00132    0.72691    0.61127    0.49808
       850    1.99781    0.72709    0.61356    0.50490
       851    2.00779    0.72543    0.60544    0.49137
       852    2.00438    0.72303    0.60389    0.49616
       853    2.00610    0.72552    0.60651    0.49233
       854    2.00603    0.72194    0.60138    0.48986
       855    2.00352    0.72403    0.60583    0.47825
       856    2.00096    0.72428    0.60766    0.50368
       857    2.00757    0.72454    0.60427    0.49207
       858    2.00697    0.72614    0.60692    0.48925
       859    2.00204    0.72321    0.60549    0.49098
       860    2.00565    0.72652    0.60822    0.48267
       861    2.00319    0.72304    0.60459    0.49727
       862    2.00106    0.72219    0.60457    0.48858
       863    2.00263    0.72409    0.60642    0.47899
       864    2.00116    0.72895    0.61433    0.47389
       865    2.00645    0.72523    0.60590    0.47322
       866    2.00685    0.72061    0.59900    0.47160
       867    2.00748    0.72030    0.59820    0.47447
       868    2.00547    0.72336    0.60375    0.46909
       869    2.00119    0.72466    0.60807    0.47458
       870    2.01232    0.72288    0.59921    0.47542
       871    2.01057    0.72806    0.60770    0.46298
       872    2.00810    0.72302    0.60177    0.46504
       873    2.00981    0.72410    0.60237    0.45019
       874    2.00783    0.71918    0.59638    0.46476
       875    2.01416    0.71959    0.59345    0.45154
       876    2.00133    0.72423    0.60738    0.46960
       877    2.01033    0.72433    0.60242    0.46415
       878    1.99949    0.71667    0.59754    0.50785
       879    2.01118    0.72304    0.60007    0.44334
       880    2.00816    0.72463    0.60406    0.45981
       881    2.00724    0.72632    0.60704    0.44595
       882    2.00953    0.72131    0.59849    0.45142
       883    2.00857    0.72421    0.60322    0.44879
       884    2.00950    0.71987    0.59643    0.44975
       885    2.01464    0.72574    0.60208    0.45345
       886    2.00614    0.72402    0.60432    0.45572
       887    2.01405    0.72268    0.59796    0.43975
       888    2.01112    0.72408    0.60162    0.44085
       889    2.00955    0.71930    0.59559    0.45074
       890    2.00388    0.72135    0.60175    0.46562
       891    2.01124    0.72040    0.59623    0.44790
       892    2.00936    0.72267    0.60055    0.43525
       893    2.00838    0.72216    0.60036    0.44902
       894    2.01210    0.72058    0.59601    0.44833
       895    2.00477    0.72369    0.60462    0.45892
       896    2.01136    0.72494    0.60273    0.43940
       897    2.01289    0.72037    0.59526    0.44537
       898    2.01132    0.71740    0.59188    0.44743
       899    2.01210    0.71983    0.59493    0.43276
       900    2.01049    0.72370    0.60142    0.44002
       901    2.00982    0.71905    0.59508    0.44668
       902    2.01836    0.72314    0.59628    0.44288
       903    2.01655    0.72143    0.59479    0.42932
       904    2.00843    0.72530    0.60489    0.44179
       905    2.01864    0.71822    0.58904    0.43439
       906    2.01500    0.72348    0.59859    0.44163
       907    2.01351    0.72129    0.59626    0.43544
       908    2.00895    0.72089    0.59822    0.44743
       909    2.01354    0.71898    0.59291    0.43737
       910    2.02001    0.72115    0.59252    0.43584
       911    2.01797    0.72305    0.59635    0.42857
       912    2.00983    0.72125    0.59824    0.43169
       913    2.01108    0.71928    0.59470    0.43542
       914    2.00917    0.71901    0.59538    0.44460
       915    2.01905    0.72121    0.59313    0.42974
       916    2.01317    0.71870    0.59272    0.42344
       917    2.01596    0.72084    0.59426    0.41785
       918    2.01199    0.72211    0.59828    0.42503
       919    2.01960    0.71938    0.59019    0.42292
       920    2.01904    0.72059    0.59223    0.41941
       921    2.01840    0.71946    0.59095    0.40704
       922    2.01276    0.71753    0.59125    0.42619
       923    2.01591    0.72059    0.59393    0.42261
       924    2.01403    0.71841    0.59182    0.42313
       925    2.02127    0.71829    0.58772    0.40830
       926    2.01599    0.71881    0.59132    0.42024
       927    2.01587    0.71843    0.59085    0.41554
       928    2.01914    0.71705    0.58708    0.41536
       929    2.01572    0.72308    0.59763    0.40820
       930    2.01746    0.71705    0.58799    0.41223
       931    2.01811    0.72397    0.59762    0.41468
       932    2.01868    0.71582    0.58557    0.41355
       933    2.01837    0.72254    0.59540    0.40942
       934    2.01451    0.72341    0.59876    0.40414
       935    2.01617    0.72197    0.59578    0.40118
       936    2.02011    0.72063    0.59171    0.40111
       937    2.02019    0.71973    0.59037    0.41053
       938    2.01816    0.71862    0.58987    0.39294
       939    2.01875    0.71907    0.59020    0.39271
       940    2.01474    0.71672    0.58900    0.41008
       941    2.02426    0.71849    0.58641    0.40478
       942    2.02055    0.71904    0.58918    0.38916
       943    2.01682    0.72086    0.59383    0.40157
       944    2.01949    0.71802    0.58829    0.40135
       945    2.02195    0.71680    0.58521    0.39930
       946    2.01649    0.71899    0.59131    0.39582
       947    2.02360    0.71474    0.58139    0.38545
       948    2.01856    0.71672    0.58693    0.39434
       949    2.01755    0.71669    0.58743    0.40099
       950    2.01319    0.71641    0.58942    0.41326
       951    2.02936    0.71805    0.58311    0.41154
       952    2.02039    0.72290    0.59483    0.39347
       953    2.01509    0.71972    0.59312    0.40046
       954    2.01549    0.72091    0.59463    0.39165
       955    2.01797    0.71901    0.59054    0.38593
       956    2.02236    0.71631    0.58430    0.37895
       957    2.01778    0.71749    0.58844    0.38761
       958    2.02433    0.71616    0.58303    0.37940
       959    2.02363    0.71571    0.58276    0.37166
       960    2.01959    0.71828    0.58860    0.36930
       961    2.01750    0.71859    0.59019    0.39133
       962    2.02259    0.71787    0.58640    0.38267
       963    2.01983    0.71785    0.58787    0.37739
       964    2.01985    0.71970    0.59051    0.37683
       965    2.02387    0.71717    0.58472    0.37250
       966    2.02219    0.71664    0.58486    0.37121
       967    2.02467    0.71592    0.58251    0.37575
       968    2.01761    0.71542    0.58558    0.38627
       969    2.02051    0.71752    0.58703    0.38177
       970    2.02546    0.71670    0.58322    0.37551
       971    2.02889    0.71771    0.58286    0.37928
       972    2.01960    0.71659    0.58617    0.37771
       973    2.02348    0.71866    0.58707    0.37000
       974    2.02610    0.71916    0.58641    0.37077
       975    2.02687    0.71705    0.58298    0.36507
       976    2.02237    0.71431    0.58144    0.37376
       977    2.02439    0.71535    0.58184    0.36030
       978    2.01929    0.71662    0.58638    0.36748
       979    2.02217    0.71574    0.58358    0.36594
       980    2.02463    0.71852    0.58626    0.36641
       981    2.02672    0.71835    0.58491    0.35560
       982    2.02146    0.71952    0.58939    0.36594
       983    2.02241    0.71374    0.58059    0.36986
       984    2.01962    0.71238    0.58015    0.37977
       985    2.02506    0.71861    0.58617    0.35940
       986    2.02723    0.71541    0.58043    0.35315
       987    2.02753    0.71753    0.58331    0.37047
       988    2.02244    0.71836    0.58719    0.37212
       989    2.02263    0.71830    0.58700    0.38125
       990    2.02441    0.71572    0.58236    0.41353
       991    2.02404    0.71657    0.58378    0.43142
       992    2.02739    0.71563    0.58067    0.41534
       993    2.02379    0.71328    0.57920    0.42604
       994    2.02759    0.71684    0.58230    0.43236
       995    2.02911    0.71642    0.58090    0.42483
       996    2.02671    0.71785    0.58420    0.42527
       997    2.02662    0.71680    0.58274    0.42902
       998    2.02384    0.71919    0.58764    0.42209
       999    2.02909    0.71635    0.58081    0.42530

Final Weights:        -0.3033658008         0.7650249937         0.7626624153        -0.5946021082 