# Cycles, Average Predicted Temperature, Stddev Predicted Temperature, Mean Squared Error, || MSE Gradient ||
         0 7.0927455e-02 2.2773860e-02 5.4499839e+00 6.7388551e+00
         1 7.3675110e-02 2.3862727e-02 5.4372140e+00 6.9767805e+00
         2 7.6891411e-02 2.5209009e-02 5.4222917e+00 7.2398149e+00
         3 8.0062846e-02 2.6404928e-02 5.4075945e+00 7.5020399e+00
         4 8.3079482e-02 2.7677701e-02 5.3936434e+00 7.7499696e+00
         5 8.6609294e-02 2.9269146e-02 5.3773522e+00 8.0156201e+00
         6 8.9975957e-02 3.0879488e-02 5.3618477e+00 8.3201142e+00
         7 9.3827669e-02 3.2443926e-02 5.3441254e+00 8.7547314e+00
         8 9.7734326e-02 3.4181757e-02 5.3261959e+00 9.0667224e+00
         9 1.0170718e-01 3.6249579e-02 5.3080217e+00 9.3546771e+00
        10 1.0565980e-01 3.8228474e-02 5.2899740e+00 9.6514967e+00
        11 1.1004065e-01 4.0245556e-02 5.2700024e+00 9.9663120e+00
        12 1.1485211e-01 4.2265209e-02 5.2481048e+00 1.0300785e+01
        13 1.1956918e-01 4.4566877e-02 5.2267181e+00 1.0624507e+01
        14 1.2468130e-01 4.6738154e-02 5.2035723e+00 1.1096607e+01
        15 1.2960414e-01 4.9622303e-02 5.1814198e+00 1.1423250e+01
        16 1.3521043e-01 5.2318748e-02 5.1562093e+00 1.1796500e+01
        17 1.4138258e-01 5.4998436e-02 5.1285119e+00 1.2188148e+01
        18 1.4727659e-01 5.7607409e-02 5.1021529e+00 1.2537197e+01
        19 1.5290758e-01 6.0967577e-02 5.0771528e+00 1.2883538e+01
        20 1.5942004e-01 6.4198350e-02 5.0482619e+00 1.3283811e+01
        21 1.6569762e-01 6.7899855e-02 5.0205924e+00 1.3623663e+01
        22 1.7282496e-01 7.1232754e-02 4.9891816e+00 1.4034049e+01
        23 1.8044269e-01 7.5271171e-02 4.9558179e+00 1.4454971e+01
        24 1.8792341e-01 7.8971104e-02 4.9231569e+00 1.4858401e+01
        25 1.9505018e-01 8.2985032e-02 4.8922518e+00 1.5213485e+01
        26 2.0393647e-01 8.7281789e-02 4.8537799e+00 1.5694151e+01
        27 2.1191050e-01 9.2066903e-02 4.8195937e+00 1.6076780e+01
        28 2.2076650e-01 9.6776938e-02 4.7817116e+00 1.6497520e+01
        29 2.2927698e-01 1.0112203e-01 4.7454604e+00 1.6861191e+01
        30 2.3872635e-01 1.0679010e-01 4.7056034e+00 1.7320225e+01
        31 2.4885128e-01 1.1191273e-01 4.6629527e+00 1.7777615e+01
        32 2.5912591e-01 1.1790568e-01 4.6201214e+00 1.8231634e+01
        33 2.6969490e-01 1.2322741e-01 4.5761498e+00 1.8685662e+01
        34 2.8075892e-01 1.2975799e-01 4.5306667e+00 1.9137797e+01
        35 2.9220024e-01 1.3589741e-01 4.4838127e+00 1.9592515e+01
        36 3.0334965e-01 1.4190263e-01 4.4384848e+00 1.9996693e+01
        37 3.1646233e-01 1.4945810e-01 4.3857328e+00 2.0489714e+01
        38 3.2865156e-01 1.5654466e-01 4.3371263e+00 2.0918871e+01
        39 3.4228188e-01 1.6398613e-01 4.2830855e+00 2.1410230e+01
        40 3.5644703e-01 1.7130357e-01 4.2272927e+00 2.1931210e+01
        41 3.7027942e-01 1.7957944e-01 4.1737058e+00 2.2348162e+01
        42 3.8466224e-01 1.8863783e-01 4.1187084e+00 2.2767473e+01
        43 4.0066517e-01 1.9799380e-01 4.0579084e+00 2.3387521e+01
        44 4.1721528e-01 2.0565234e-01 3.9949186e+00 2.3866272e+01
        45 4.3324068e-01 2.1656185e-01 3.9360607e+00 2.4259775e+01
        46 4.5028527e-01 2.2597382e-01 3.8732892e+00 2.4701123e+01
        47 4.6870319e-01 2.3554421e-01 3.8060294e+00 2.5129462e+01
        48 4.8733899e-01 2.4644532e-01 3.7394495e+00 2.5532394e+01
        49 5.0804463e-01 2.5809822e-01 3.6663309e+00 2.5982786e+01
        50 5.2692691e-01 2.6910209e-01 3.6008383e+00 2.6373960e+01
        51 5.4691452e-01 2.8210525e-01 3.5333154e+00 2.6678265e+01
        52 5.6659285e-01 2.9351796e-01 3.4671307e+00 2.6942974e+01
        53 5.8999888e-01 3.0806930e-01 3.3903571e+00 2.7280734e+01
        54 6.1257143e-01 3.1907972e-01 3.3158182e+00 2.7559330e+01
        55 6.3456663e-01 3.3500142e-01 3.2478516e+00 2.7705515e+01
        56 6.6203887e-01 3.4936644e-01 3.1611433e+00 2.8017182e+01
        57 6.8610415e-01 3.6286561e-01 3.0874311e+00 2.8191554e+01
        58 7.1264626e-01 3.7849582e-01 3.0084591e+00 2.8339965e+01
        59 7.3845037e-01 3.9598413e-01 2.9353126e+00 2.8359970e+01
        60 7.6520225e-01 4.0986803e-01 2.8580319e+00 2.8415973e+01
        61 7.9364576e-01 4.2874485e-01 2.7813690e+00 2.8385509e+01
        62 8.2096581e-01 4.4510098e-01 2.7083452e+00 2.8290327e+01
        63 8.5101737e-01 4.6431812e-01 2.6314991e+00 2.8156348e+01
        64 8.7917521e-01 4.8387498e-01 2.5633031e+00 2.7894930e+01
        65 9.1315541e-01 5.0178203e-01 2.4783894e+00 2.7716227e+01
        66 9.4342262e-01 5.2071805e-01 2.4083393e+00 2.7395349e+01
        67 9.7727935e-01 5.4027700e-01 2.3312463e+00 2.7038973e+01
        68 1.0109283e+00 5.5933880e-01 2.2572338e+00 2.6597488e+01
        69 1.0409136e+00 5.8168331e-01 2.2000052e+00 2.5969014e+01
        70 1.0762346e+00 5.9764892e-01 2.1236959e+00 2.5523433e+01
        71 1.1092029e+00 6.2226422e-01 2.0671749e+00 2.4730171e+01
        72 1.1462914e+00 6.4457364e-01 2.0006695e+00 2.3988098e+01
        73 1.1795888e+00 6.6543055e-01 1.9452551e+00 2.3152086e+01
        74 1.2180868e+00 6.8781560e-01 1.8826521e+00 2.2252671e+01
        75 1.2487887e+00 7.1152333e-01 1.8438682e+00 2.1203801e+01
        76 1.2884550e+00 7.3183105e-01 1.7830008e+00 2.0229053e+01
        77 1.3239173e+00 7.5110862e-01 1.7336314e+00 1.9214843e+01
        78 1.3601903e+00 7.7566798e-01 1.6939913e+00 1.7946242e+01
        79 1.3981708e+00 8.0317776e-01 1.6594771e+00 1.6483256e+01
        80 1.4319052e+00 8.2239200e-01 1.6238969e+00 1.5309655e+01
        81 1.4718160e+00 8.4176793e-01 1.5800336e+00 1.4002070e+01
        82 1.5009247e+00 8.6725343e-01 1.5700891e+00 1.2525445e+01
        83 1.5406464e+00 8.8937412e-01 1.5386752e+00 1.1000545e+01
        84 1.5718562e+00 9.0549470e-01 1.5146100e+00 9.7812180e+00
        85 1.6046259e+00 9.2781908e-01 1.5019855e+00 8.2576287e+00
        86 1.6374615e+00 9.4480020e-01 1.4822793e+00 6.9177485e+00
        87 1.6642771e+00 9.6902990e-01 1.4881879e+00 5.4072178e+00
        88 1.6871658e+00 9.8271110e-01 1.4814902e+00 4.4120045e+00
        89 1.7153535e+00 9.9399739e-01 1.4641072e+00 3.4723130e+00
        90 1.7404290e+00 1.0106158e+00 1.4634462e+00 2.6029526e+00
        91 1.7594764e+00 1.0262810e+00 1.4703879e+00 2.2739940e+00
        92 1.7798911e+00 1.0422647e+00 1.4774976e+00 2.5509334e+00
        93 1.8016809e+00 1.0521684e+00 1.4714584e+00 3.1515146e+00
        94 1.8150702e+00 1.0625067e+00 1.4773348e+00 3.7931743e+00
        95 1.8283517e+00 1.0703877e+00 1.4786412e+00 4.4033166e+00
        96 1.8474566e+00 1.0756049e+00 1.4681557e+00 5.0779993e+00
        97 1.8542319e+00 1.0837292e+00 1.4781852e+00 5.6079655e+00
        98 1.8603016e+00 1.0878794e+00 1.4805446e+00 5.9494296e+00
        99 1.8727634e+00 1.0931245e+00 1.4785553e+00 6.5151406e+00
       100 1.8737985e+00 1.0935387e+00 1.4783595e+00 6.5637200e+00
       101 1.8723886e+00 1.0956638e+00 1.4845126e+00 6.6440991e+00
       102 1.8758444e+00 1.0963858e+00 1.4824236e+00 6.7599454e+00
       103 1.8751914e+00 1.0915257e+00 1.4724821e+00 6.5111219e+00
       104 1.8690940e+00 1.0965336e+00 1.4899418e+00 6.5938695e+00
       105 1.8675423e+00 1.0894282e+00 1.4760764e+00 6.2187119e+00
       106 1.8711676e+00 1.0899585e+00 1.4733458e+00 6.3383040e+00
       107 1.8651369e+00 1.0796060e+00 1.4573647e+00 5.7198315e+00
       108 1.8536307e+00 1.0793407e+00 1.4693556e+00 5.4231137e+00
       109 1.8503501e+00 1.0768779e+00 1.4676758e+00 5.2428822e+00
       110 1.8442623e+00 1.0694109e+00 1.4584438e+00 4.7516518e+00
       111 1.8368531e+00 1.0633026e+00 1.4537858e+00 4.3289708e+00
       112 1.8254222e+00 1.0600715e+00 1.4600522e+00 3.9663097e+00
       113 1.8200705e+00 1.0578781e+00 1.4616422e+00 3.7714244e+00
       114 1.8107077e+00 1.0473295e+00 1.4504824e+00 3.2024147e+00
       115 1.8045527e+00 1.0480703e+00 1.4593925e+00 3.1157056e+00
       116 1.7956309e+00 1.0389307e+00 1.4511178e+00 2.7117720e+00
       117 1.7920747e+00 1.0386608e+00 1.4549063e+00 2.6526025e+00
       118 1.7890397e+00 1.0311279e+00 1.4430463e+00 2.4558139e+00
       119 1.7762796e+00 1.0296598e+00 1.4559118e+00 2.3462510e+00
       120 1.7747485e+00 1.0253498e+00 1.4489834e+00 2.2949523e+00
       121 1.7640451e+00 1.0189044e+00 1.4494207e+00 2.2965748e+00
       122 1.7628119e+00 1.0226891e+00 1.4587308e+00 2.2844269e+00
       123 1.7613629e+00 1.0138302e+00 1.4425535e+00 2.3380541e+00
       124 1.7594935e+00 1.0170525e+00 1.4515088e+00 2.3198499e+00
       125 1.7540012e+00 1.0117641e+00 1.4479041e+00 2.4231789e+00
       126 1.7512073e+00 1.0118261e+00 1.4516770e+00 2.4432478e+00
       127 1.7459207e+00 1.0057078e+00 1.4462773e+00 2.6194951e+00
       128 1.7519146e+00 1.0071974e+00 1.4414066e+00 2.5144624e+00
       129 1.7452323e+00 1.0018126e+00 1.4393659e+00 2.7145279e+00
       130 1.7500443e+00 1.0036783e+00 1.4367779e+00 2.5999855e+00
       131 1.7465373e+00 1.0028822e+00 1.4397891e+00 2.6625079e+00
       132 1.7466731e+00 1.0039055e+00 1.4416637e+00 2.6424291e+00
       133 1.7450707e+00 9.9885018e-01 1.4336526e+00 2.7858591e+00
       134 1.7370898e+00 9.9803530e-01 1.4426280e+00 2.9344045e+00
       135 1.7441020e+00 1.0032587e+00 1.4437589e+00 2.6954144e+00
       136 1.7437441e+00 9.9963363e-01 1.4369718e+00 2.7858740e+00
       137 1.7466097e+00 9.9919020e-01 1.4323020e+00 2.7490054e+00
       138 1.7517041e+00 1.0049967e+00 1.4372537e+00 2.5644970e+00
       139 1.7513384e+00 1.0041442e+00 1.4360191e+00 2.5812268e+00
       140 1.7526390e+00 1.0048965e+00 1.4358308e+00 2.5516449e+00
       141 1.7529033e+00 1.0035667e+00 1.4328151e+00 2.5705823e+00
       142 1.7542146e+00 9.9971491e-01 1.4233896e+00 2.6443322e+00
       143 1.7562121e+00 1.0073557e+00 1.4361278e+00 2.4676679e+00
       144 1.7610206e+00 1.0064272e+00 1.4280385e+00 2.4361411e+00
       145 1.7609435e+00 1.0034432e+00 1.4221405e+00 2.4877005e+00
       146 1.7556898e+00 1.0083334e+00 1.4387769e+00 2.4642335e+00
       147 1.7649113e+00 1.0122774e+00 1.4348500e+00 2.3447120e+00
       148 1.7649557e+00 1.0083135e+00 1.4267836e+00 2.3856076e+00
       149 1.7715042e+00 1.0103110e+00 1.4224716e+00 2.3249241e+00
       150 1.7685534e+00 1.0115641e+00 1.4287546e+00 2.3283348e+00
       151 1.7709790e+00 1.0132568e+00 1.4290987e+00 2.3184283e+00
       152 1.7757502e+00 1.0150893e+00 1.4267852e+00 2.2952024e+00
       153 1.7726398e+00 1.0143612e+00 1.4292336e+00 2.3137334e+00
       154 1.7698808e+00 1.0100775e+00 1.4240604e+00 2.3469857e+00
       155 1.7813646e+00 1.0119812e+00 1.4134468e+00 2.2953186e+00
       156 1.7758827e+00 1.0153129e+00 1.4270723e+00 2.3027836e+00
       157 1.7785248e+00 1.0127136e+00 1.4184816e+00 2.2973955e+00
       158 1.7779744e+00 1.0195633e+00 1.4330926e+00 2.3300893e+00
       159 1.7785305e+00 1.0122696e+00 1.4175755e+00 2.3081345e+00
       160 1.7783974e+00 1.0155199e+00 1.4243333e+00 2.3155766e+00
       161 1.7838998e+00 1.0086753e+00 1.4036094e+00 2.2997067e+00
       162 1.7803495e+00 1.0157160e+00 1.4222875e+00 2.3219799e+00
       163 1.7807990e+00 1.0100460e+00 1.4102399e+00 2.3132849e+00
       164 1.7816225e+00 1.0133709e+00 1.4159396e+00 2.3076273e+00
       165 1.7747328e+00 1.0072025e+00 1.4121177e+00 2.3595931e+00
       166 1.7843730e+00 1.0098598e+00 1.4054123e+00 2.2981307e+00
       167 1.7817437e+00 1.0102185e+00 1.4094094e+00 2.3200338e+00
       168 1.7848822e+00 1.0111644e+00 1.4074169e+00 2.3176097e+00
       169 1.7823248e+00 1.0164988e+00 1.4214134e+00 2.3382978e+00
       170 1.7808276e+00 1.0147241e+00 1.4196762e+00 2.3308618e+00
       171 1.7833184e+00 1.0116635e+00 1.4103695e+00 2.3112693e+00
       172 1.7834185e+00 1.0125306e+00 1.4120001e+00 2.3210497e+00
       173 1.7804659e+00 1.0009372e+00 1.3923384e+00 2.3662927e+00
       174 1.7769325e+00 1.0126698e+00 1.4203916e+00 2.3356381e+00
       175 1.7831165e+00 1.0084698e+00 1.4041689e+00 2.3289733e+00
       176 1.7764724e+00 1.0098873e+00 1.4153424e+00 2.3450738e+00
       177 1.7831129e+00 1.0001724e+00 1.3875070e+00 2.3592595e+00
       178 1.7797659e+00 1.0018372e+00 1.3950163e+00 2.3717610e+00
       179 1.7842687e+00 1.0060092e+00 1.3977796e+00 2.3249769e+00
       180 1.7840034e+00 1.0043540e+00 1.3947816e+00 2.3238372e+00
       181 1.7801762e+00 1.0108614e+00 1.4126661e+00 2.3405199e+00
       182 1.7816084e+00 1.0046441e+00 1.3983464e+00 2.3417304e+00
       183 1.7834383e+00 1.0031611e+00 1.3930895e+00 2.3408719e+00
       184 1.7812945e+00 1.0061527e+00 1.4017715e+00 2.3418060e+00
       185 1.7808397e+00 1.0076330e+00 1.4053204e+00 2.3445659e+00
       186 1.7800615e+00 1.0065205e+00 1.4040521e+00 2.3486171e+00
       187 1.7830177e+00 1.0003863e+00 1.3880533e+00 2.3610753e+00
       188 1.7786500e+00 9.9964902e-01 1.3920341e+00 2.3924721e+00
       189 1.7863179e+00 1.0011514e+00 1.3854880e+00 2.3394145e+00
       190 1.7792482e+00 1.0059349e+00 1.4038915e+00 2.3511205e+00
       191 1.7871190e+00 1.0033595e+00 1.3889231e+00 2.3309323e+00
       192 1.7818277e+00 1.0051370e+00 1.3990634e+00 2.3417189e+00
       193 1.7837481e+00 1.0029572e+00 1.3922952e+00 2.3568222e+00
       194 1.7794292e+00 1.0000250e+00 1.3918100e+00 2.3922691e+00
       195 1.7855539e+00 1.0077343e+00 1.3996587e+00 2.3430741e+00
       196 1.7837408e+00 1.0009515e+00 1.3882851e+00 2.3634784e+00
       197 1.7834550e+00 9.9744233e-01 1.3816277e+00 2.3879884e+00
       198 1.7802570e+00 1.0004151e+00 1.3915546e+00 2.3915353e+00
       199 1.7848658e+00 9.9794569e-01 1.3808794e+00 2.3778852e+00
       200 1.7874570e+00 1.0009650e+00 1.3837059e+00 2.3504696e+00
       201 1.7825878e+00 9.9644804e-01 1.3807246e+00 2.4101203e+00
       202 1.7859689e+00 1.0027651e+00 1.3891540e+00 2.3602868e+00
       203 1.7862621e+00 9.9755314e-01 1.3783654e+00 2.3794487e+00
       204 1.7959676e+00 9.9907276e-01 1.3694767e+00 2.3208486e+00
       205 1.7885492e+00 1.0006812e+00 1.3817894e+00 2.3484174e+00
       206 1.7867943e+00 1.0023239e+00 1.3872475e+00 2.3631421e+00
       207 1.7868683e+00 9.9513607e-01 1.3727987e+00 2.3918452e+00
       208 1.7846274e+00 9.9887490e-01 1.3830307e+00 2.3853663e+00
       209 1.7879375e+00 9.9878494e-01 1.3787528e+00 2.3759149e+00
       210 1.7880631e+00 9.9763321e-01 1.3762984e+00 2.3682979e+00
       211 1.7904555e+00 9.9909513e-01 1.3762697e+00 2.3545715e+00
       212 1.7879210e+00 9.9614209e-01 1.3735009e+00 2.3841813e+00
       213 1.7899407e+00 1.0001406e+00 1.3789931e+00 2.3594997e+00
       214 1.7931887e+00 9.9100383e-01 1.3568134e+00 2.3928451e+00
       215 1.7923252e+00 9.9564832e-01 1.3670984e+00 2.3609147e+00
       216 1.7922816e+00 9.9639994e-01 1.3686491e+00 2.3744147e+00
       217 1.7930572e+00 9.9309449e-01 1.3611225e+00 2.3876320e+00
       218 1.7929329e+00 9.9620278e-01 1.3674581e+00 2.3758432e+00
       219 1.7949447e+00 9.9356889e-01 1.3597572e+00 2.3667398e+00
       220 1.7937315e+00 9.9644952e-01 1.3669722e+00 2.3713680e+00
       221 1.7931477e+00 9.9831101e-01 1.3714000e+00 2.3636945e+00
       222 1.7936444e+00 9.9413131e-01 1.3624642e+00 2.3808336e+00
       223 1.7948746e+00 9.9466208e-01 1.3620163e+00 2.3754788e+00
       224 1.7950019e+00 9.9276838e-01 1.3580973e+00 2.3842222e+00
       225 1.8046274e+00 9.9914552e-01 1.3591431e+00 2.3621641e+00
       226 1.8048103e+00 9.9221191e-01 1.3451162e+00 2.3426397e+00
       227 1.7974437e+00 9.9351364e-01 1.3566029e+00 2.3748622e+00
       228 1.7985150e+00 9.9485654e-01 1.3579718e+00 2.3655888e+00
       229 1.7967595e+00 9.9450630e-01 1.3594087e+00 2.3732558e+00
       230 1.8004511e+00 9.9195498e-01 1.3498609e+00 2.3694743e+00
       231 1.7993033e+00 9.8999205e-01 1.3473604e+00 2.3834676e+00
       232 1.7935688e+00 9.9012284e-01 1.3546029e+00 2.4154889e+00
       233 1.7963584e+00 9.9342540e-01 1.3577483e+00 2.3835231e+00
       234 1.8001977e+00 9.8627959e-01 1.3389403e+00 2.3989982e+00
       235 1.7939280e+00 9.8766808e-01 1.3493086e+00 2.4366623e+00
       236 1.7975670e+00 9.9328646e-01 1.3560017e+00 2.3880711e+00
       237 1.7986981e+00 9.9015252e-01 1.3484121e+00 2.3960748e+00
       238 1.8068526e+00 9.9012512e-01 1.3385307e+00 2.3604843e+00
       239 1.8002016e+00 9.8945956e-01 1.3452184e+00 2.3886479e+00
       240 1.8056035e+00 9.8665110e-01 1.3331600e+00 2.3842313e+00
       241 1.8018815e+00 9.8991276e-01 1.3440852e+00 2.3841971e+00
       242 1.8025297e+00 9.8893524e-01 1.3413688e+00 2.3891943e+00
       243 1.8035430e+00 9.8875508e-01 1.3397919e+00 2.3800127e+00
       244 1.8022475e+00 9.9235168e-01 1.3484781e+00 2.3967244e+00
       245 1.8009488e+00 9.8575619e-01 1.3369997e+00 2.4082881e+00
       246 1.8015529e+00 9.8664286e-01 1.3380187e+00 2.4084360e+00
       247 1.8046003e+00 9.8753952e-01 1.3361182e+00 2.3852096e+00
       248 1.8039833e+00 9.8723586e-01 1.3362602e+00 2.3893244e+00
       249 1.8014937e+00 9.8643725e-01 1.3376845e+00 2.4092015e+00
       250 1.8044220e+00 9.8767943e-01 1.3366088e+00 2.3936789e+00
       251 1.8021751e+00 9.8629526e-01 1.3365820e+00 2.4028328e+00
       252 1.8022733e+00 9.8574202e-01 1.3353724e+00 2.4213593e+00
       253 1.8064035e+00 9.8473588e-01 1.3284254e+00 2.3962478e+00
       254 1.8060650e+00 9.8279349e-01 1.3250093e+00 2.4065396e+00
       255 1.8111463e+00 9.9201269e-01 1.3371511e+00 2.3980548e+00
       256 1.8052750e+00 9.8188116e-01 1.3241643e+00 2.4146799e+00
       257 1.8054341e+00 9.8228418e-01 1.3247651e+00 2.4230023e+00
       258 1.8097919e+00 9.8756312e-01 1.3299542e+00 2.3866384e+00
       259 1.8044970e+00 9.8305156e-01 1.3273984e+00 2.4214655e+00
       260 1.8062174e+00 9.8122993e-01 1.3217558e+00 2.4329825e+00
       261 1.8043151e+00 9.8285802e-01 1.3272366e+00 2.4271281e+00
       262 1.8074013e+00 9.8085164e-01 1.3195964e+00 2.4196968e+00
       263 1.8135404e+00 9.8512981e-01 1.3207033e+00 2.3923452e+00
       264 1.8085383e+00 9.8369116e-01 1.3238163e+00 2.4086058e+00
       265 1.8089069e+00 9.8239411e-01 1.3208264e+00 2.4066140e+00
       266 1.8107391e+00 9.8248040e-01 1.3188137e+00 2.4058140e+00
       267 1.8071366e+00 9.8291703e-01 1.3239690e+00 2.4180490e+00
       268 1.8129686e+00 9.8187803e-01 1.3149841e+00 2.4122580e+00
       269 1.8133054e+00 9.7803120e-01 1.3070457e+00 2.4134808e+00
       270 1.8108964e+00 9.7925513e-01 1.3122996e+00 2.4229345e+00
       271 1.8121448e+00 9.7866444e-01 1.3096604e+00 2.4205083e+00
       272 1.8101061e+00 9.7912130e-01 1.3129776e+00 2.4266653e+00
       273 1.8062136e+00 9.7963930e-01 1.3186413e+00 2.4533433e+00
       274 1.8100481e+00 9.8138599e-01 1.3174866e+00 2.4238915e+00
       275 1.8196037e+00 9.7550885e-01 1.2947004e+00 2.3999943e+00
       276 1.8167681e+00 9.7480814e-01 1.2966636e+00 2.4220505e+00
       277 1.8196689e+00 9.8085135e-01 1.3050759e+00 2.4104516e+00
       278 1.8161287e+00 9.7309487e-01 1.2940794e+00 2.4373700e+00
       279 1.8166183e+00 9.7242462e-01 1.2921987e+00 2.4368725e+00
       280 1.8209347e+00 9.7084078e-01 1.2840573e+00 2.4255045e+00
       281 1.8145693e+00 9.7708743e-01 1.3037056e+00 2.4339920e+00
       282 1.8178468e+00 9.7404512e-01 1.2939080e+00 2.4360781e+00
       283 1.8213983e+00 9.7482274e-01 1.2912632e+00 2.4133780e+00
       284 1.8167423e+00 9.7842279e-01 1.3037542e+00 2.4248275e+00
       285 1.8195399e+00 9.7190483e-01 1.2877566e+00 2.4405694e+00
       286 1.8173687e+00 9.7653451e-01 1.2993257e+00 2.4335616e+00
       287 1.8168141e+00 9.7435884e-01 1.2957337e+00 2.4430686e+00
       288 1.8188182e+00 9.7576190e-01 1.2961149e+00 2.4381206e+00
       289 1.8180769e+00 9.6854012e-01 1.2829437e+00 2.4725964e+00
       290 1.8225542e+00 9.7927784e-01 1.2986202e+00 2.4385565e+00
       291 1.8170589e+00 9.7205996e-01 1.2909710e+00 2.4630435e+00
       292 1.8253000e+00 9.7281113e-01 1.2828037e+00 2.4187965e+00
       293 1.8218031e+00 9.7429177e-01 1.2897556e+00 2.4399590e+00
       294 1.8234102e+00 9.6823923e-01 1.2761253e+00 2.4474473e+00
       295 1.8226609e+00 9.7000923e-01 1.2804287e+00 2.4443909e+00
       296 1.8212203e+00 9.7078697e-01 1.2836190e+00 2.4464304e+00
       297 1.8234639e+00 9.7346168e-01 1.2862033e+00 2.4409634e+00
       298 1.8209022e+00 9.7305868e-01 1.2884066e+00 2.4381308e+00
       299 1.8228007e+00 9.6806231e-01 1.2764925e+00 2.4541080e+00
       300 1.8234973e+00 9.6905717e-01 1.2776085e+00 2.4539379e+00
       301 1.8224303e+00 9.6941680e-01 1.2795485e+00 2.4582859e+00
       302 1.8240890e+00 9.6860033e-01 1.2760352e+00 2.4517658e+00
       303 1.8237903e+00 9.7098803e-01 1.2810137e+00 2.4595553e+00
       304 1.8227866e+00 9.6489744e-01 1.2703914e+00 2.4828697e+00
       305 1.8277750e+00 9.6855825e-01 1.2716822e+00 2.4381184e+00
       306 1.8257863e+00 9.6949617e-01 1.2758011e+00 2.4502408e+00
       307 1.8226658e+00 9.6620336e-01 1.2730540e+00 2.4858796e+00
       308 1.8274087e+00 9.6672872e-01 1.2685648e+00 2.4538861e+00
       309 1.8272145e+00 9.6363242e-01 1.2628124e+00 2.4632907e+00
       310 1.8284906e+00 9.6643152e-01 1.2667410e+00 2.4532158e+00
       311 1.8304860e+00 9.6636350e-01 1.2643114e+00 2.4554850e+00
       312 1.8267183e+00 9.6386603e-01 1.2638366e+00 2.4741581e+00
       313 1.8268692e+00 9.6434874e-01 1.2645928e+00 2.4682292e+00
       314 1.8290834e+00 9.6249339e-01 1.2584611e+00 2.4783746e+00
       315 1.8243110e+00 9.6444778e-01 1.2677501e+00 2.4911370e+00
       316 1.8319705e+00 9.6217729e-01 1.2545337e+00 2.4574293e+00
       317 1.8328142e+00 9.6375983e-01 1.2566148e+00 2.4601960e+00
       318 1.8320608e+00 9.6509299e-01 1.2600495e+00 2.4617736e+00
       319 1.8332692e+00 9.6035386e-01 1.2495404e+00 2.4714747e+00
       320 1.8317208e+00 9.6369497e-01 1.2577429e+00 2.4664823e+00
       321 1.8360392e+00 9.6239432e-01 1.2503021e+00 2.4617980e+00
       322 1.8333075e+00 9.5954258e-01 1.2479391e+00 2.4689440e+00
       323 1.8383416e+00 9.5672317e-01 1.2368023e+00 2.4603890e+00
       324 1.8329623e+00 9.6160744e-01 1.2523010e+00 2.4865922e+00
       325 1.8363832e+00 9.5409196e-01 1.2339993e+00 2.4917959e+00
       326 1.8367348e+00 9.5678001e-01 1.2387358e+00 2.4746687e+00
       327 1.8363571e+00 9.5510678e-01 1.2359664e+00 2.4906875e+00
       328 1.8370013e+00 9.6160052e-01 1.2476803e+00 2.4639548e+00
       329 1.8432074e+00 9.6155593e-01 1.2405788e+00 2.4514788e+00
       330 1.8375529e+00 9.5449671e-01 1.2334421e+00 2.4843832e+00
       331 1.8382222e+00 9.6108109e-01 1.2452955e+00 2.4773432e+00
       332 1.8412499e+00 9.5285708e-01 1.2261303e+00 2.4791296e+00
       333 1.8337858e+00 9.5523668e-01 1.2391472e+00 2.5181501e+00
       334 1.8422053e+00 9.5590662e-01 1.2308741e+00 2.4620943e+00
       335 1.8363008e+00 9.5598169e-01 1.2377026e+00 2.5084727e+00
       336 1.8431942e+00 9.5528974e-01 1.2285824e+00 2.4659315e+00
       337 1.8439924e+00 9.5754872e-01 1.2320067e+00 2.4737719e+00
       338 1.8440981e+00 9.5417429e-01 1.2254371e+00 2.4707217e+00
       339 1.8420359e+00 9.5532377e-01 1.2299510e+00 2.4838517e+00
       340 1.8419749e+00 9.5651636e-01 1.2322997e+00 2.4907310e+00
       341 1.8389985e+00 9.5397922e-01 1.2308150e+00 2.5060351e+00
       342 1.8448192e+00 9.4873898e-01 1.2142852e+00 2.4987366e+00
       343 1.8427994e+00 9.5571318e-01 1.2298356e+00 2.4799615e+00
       344 1.8418294e+00 9.5244542e-01 1.2246924e+00 2.5071063e+00
       345 1.8365481e+00 9.5256365e-01 1.2308977e+00 2.5263086e+00
       346 1.8432304e+00 9.5289222e-01 1.2239668e+00 2.4884760e+00
       347 1.8482614e+00 9.5628215e-01 1.2248082e+00 2.4881585e+00
       348 1.8432272e+00 9.5212583e-01 1.2225104e+00 2.5058886e+00
       349 1.8443471e+00 9.5162525e-01 1.2202996e+00 2.5061427e+00
       350 1.8464935e+00 9.4599790e-01 1.2072174e+00 2.5008410e+00
       351 1.8486434e+00 9.4505681e-01 1.2030395e+00 2.5102682e+00
       352 1.8453581e+00 9.4405721e-01 1.2048198e+00 2.5272418e+00
       353 1.8522151e+00 9.4054467e-01 1.1905674e+00 2.5082730e+00
       354 1.8493029e+00 9.4387676e-01 1.2000766e+00 2.5063793e+00
       355 1.8519393e+00 9.4819935e-01 1.2053304e+00 2.5064790e+00
       356 1.8539978e+00 9.4457617e-01 1.1961984e+00 2.5032290e+00
       357 1.8523008e+00 9.4700402e-01 1.2026650e+00 2.5000274e+00
       358 1.8518078e+00 9.4918389e-01 1.2073440e+00 2.5152111e+00
       359 1.8526168e+00 9.4902225e-01 1.2061422e+00 2.5215098e+00
       360 1.8486955e+00 9.4740400e-01 1.2074234e+00 2.5244867e+00
       361 1.8504618e+00 9.4382407e-01 1.1986898e+00 2.5316493e+00
       362 1.8539992e+00 9.4452972e-01 1.1961092e+00 2.5109404e+00
       363 1.8547465e+00 9.4406083e-01 1.1944002e+00 2.5122728e+00
       364 1.8515242e+00 9.4348741e-01 1.1968765e+00 2.5246421e+00
       365 1.8488082e+00 9.4061042e-01 1.1944716e+00 2.5632131e+00
       366 1.8546312e+00 9.3706402e-01 1.1813652e+00 2.5439656e+00
       367 1.8538545e+00 9.3760821e-01 1.1832415e+00 2.5532042e+00
       368 1.8565806e+00 9.4352446e-01 1.1913713e+00 2.5107343e+00
       369 1.8559439e+00 9.4084899e-01 1.1870290e+00 2.5331137e+00
       370 1.8554554e+00 9.3694893e-01 1.1802425e+00 2.5450895e+00
       371 1.8606079e+00 9.3748541e-01 1.1756081e+00 2.5220167e+00
       372 1.8583298e+00 9.3875117e-01 1.1804700e+00 2.5331283e+00
       373 1.8652548e+00 9.3720690e-01 1.1700449e+00 2.5124919e+00
       374 1.8585552e+00 9.4138968e-01 1.1851843e+00 2.5271074e+00
       375 1.8608686e+00 9.3925946e-01 1.1786536e+00 2.5230755e+00
       376 1.8584718e+00 9.3562308e-01 1.1744515e+00 2.5486698e+00
       377 1.8642770e+00 9.3702981e-01 1.1707702e+00 2.5233617e+00
       378 1.8601969e+00 9.3378293e-01 1.1691277e+00 2.5481695e+00
       379 1.8557405e+00 9.3415735e-01 1.1747057e+00 2.5723924e+00
       380 1.8582252e+00 9.3601150e-01 1.1754482e+00 2.5575459e+00
       381 1.8627598e+00 9.3242048e-01 1.1637973e+00 2.5375176e+00
       382 1.8601109e+00 9.3348745e-01 1.1686697e+00 2.5508655e+00
       383 1.8668023e+00 9.3139885e-01 1.1575228e+00 2.5290612e+00
       384 1.8653659e+00 9.3614048e-01 1.1679272e+00 2.5292089e+00
       385 1.8585580e+00 9.3360935e-01 1.1705931e+00 2.5663598e+00
       386 1.8608203e+00 9.3474149e-01 1.1702395e+00 2.5546494e+00
       387 1.8672707e+00 9.3259558e-01 1.1592493e+00 2.5407361e+00
       388 1.8734464e+00 9.3156903e-01 1.1507278e+00 2.5164272e+00
       389 1.8685302e+00 9.3070209e-01 1.1543673e+00 2.5368504e+00
       390 1.8684501e+00 9.3017111e-01 1.1534652e+00 2.5311923e+00
       391 1.8690508e+00 9.3051451e-01 1.1534595e+00 2.5443924e+00
       392 1.8690017e+00 9.2742289e-01 1.1477681e+00 2.5504756e+00
       393 1.8686972e+00 9.3200567e-01 1.1566163e+00 2.5541947e+00
       394 1.8693473e+00 9.2835677e-01 1.1491307e+00 2.5501871e+00
       395 1.8752164e+00 9.2226914e-01 1.1316076e+00 2.5539061e+00
       396 1.8723628e+00 9.2621026e-01 1.1419264e+00 2.5535190e+00
       397 1.8725429e+00 9.2673716e-01 1.1427107e+00 2.5586099e+00
       398 1.8733058e+00 9.2037056e-01 1.1301386e+00 2.5710432e+00
       399 1.8709882e+00 9.2136771e-01 1.1344464e+00 2.5860935e+00
       400 1.8719448e+00 9.2792178e-01 1.1455455e+00 2.5689274e+00
       401 1.8710221e+00 9.2729079e-01 1.1453600e+00 2.5694286e+00
       402 1.8782981e+00 9.2233857e-01 1.1284778e+00 2.5545709e+00
       403 1.8772346e+00 9.2354567e-01 1.1318282e+00 2.5635257e+00
       404 1.8786929e+00 9.2293835e-01 1.1291686e+00 2.5512041e+00
       405 1.8712127e+00 9.2447257e-01 1.1399377e+00 2.5836889e+00
       406 1.8781433e+00 9.2225520e-01 1.1284873e+00 2.5665683e+00
       407 1.8725662e+00 9.2246904e-01 1.1347932e+00 2.5846310e+00
       408 1.8789980e+00 9.2231683e-01 1.1277005e+00 2.5604177e+00
       409 1.8774841e+00 9.1855330e-01 1.1223683e+00 2.5782353e+00
       410 1.8787874e+00 9.1866849e-01 1.1212057e+00 2.5728235e+00
       411 1.8822615e+00 9.1975924e-01 1.1195644e+00 2.5687043e+00
       412 1.8785223e+00 9.2028850e-01 1.1244640e+00 2.5687364e+00
       413 1.8799418e+00 9.1811029e-01 1.1189660e+00 2.5729331e+00
       414 1.8757370e+00 9.1683862e-01 1.1210686e+00 2.6177956e+00
       415 1.8831020e+00 9.1519422e-01 1.1103092e+00 2.5772802e+00
       416 1.8786236e+00 9.1671488e-01 1.1177926e+00 2.5973300e+00
       417 1.8829027e+00 9.1446912e-01 1.1091907e+00 2.5811862e+00
       418 1.8822332e+00 9.1970478e-01 1.1194939e+00 2.5883570e+00
       419 1.8849981e+00 9.1518622e-01 1.1083178e+00 2.5791310e+00
       420 1.8870223e+00 9.1236498e-01 1.1010594e+00 2.5774500e+00
       421 1.8802472e+00 9.1458796e-01 1.1121899e+00 2.5994380e+00
       422 1.8812390e+00 9.1197724e-01 1.1063806e+00 2.6075946e+00
       423 1.8849642e+00 9.1398593e-01 1.1061576e+00 2.5957078e+00
       424 1.8815512e+00 9.1391030e-01 1.1095830e+00 2.6091712e+00
       425 1.8877407e+00 9.0931644e-01 1.0947617e+00 2.5940028e+00
       426 1.8892849e+00 9.0913559e-01 1.0928367e+00 2.5941476e+00
       427 1.8926481e+00 9.0761479e-01 1.0866139e+00 2.5912683e+00
       428 1.8887091e+00 9.1085136e-01 1.0965540e+00 2.6040821e+00
       429 1.8908025e+00 9.1098219e-01 1.0946337e+00 2.5977308e+00
       430 1.8912568e+00 9.1107769e-01 1.0943405e+00 2.5951198e+00
       431 1.8830045e+00 9.0981007e-01 1.1005850e+00 2.6331481e+00
       432 1.8922403e+00 9.0506806e-01 1.0824158e+00 2.5894672e+00
       433 1.8895510e+00 9.0483049e-01 1.0847529e+00 2.6183961e+00
       434 1.8931196e+00 9.0574618e-01 1.0827423e+00 2.5950657e+00
       435 1.8927770e+00 9.0410507e-01 1.0801231e+00 2.6123843e+00
       436 1.8959884e+00 9.0650058e-01 1.0811787e+00 2.5922096e+00
       437 1.8972573e+00 9.0329872e-01 1.0740930e+00 2.5808986e+00
       438 1.8948758e+00 9.0291766e-01 1.0758304e+00 2.5993248e+00
       439 1.8910843e+00 9.0192701e-01 1.0779276e+00 2.6390288e+00
       440 1.8964630e+00 9.0276957e-01 1.0739451e+00 2.5962029e+00
       441 1.8961125e+00 9.0231802e-01 1.0734868e+00 2.6075824e+00
       442 1.8973691e+00 9.0048128e-01 1.0688974e+00 2.6080524e+00
       443 1.9055300e+00 8.9785603e-01 1.0559519e+00 2.5730719e+00
       444 1.9009584e+00 8.9670361e-01 1.0584746e+00 2.5951111e+00
       445 1.9020008e+00 8.9722390e-01 1.0583575e+00 2.6045076e+00
       446 1.9002165e+00 8.9839808e-01 1.0622652e+00 2.6059576e+00
       447 1.9049096e+00 8.9630546e-01 1.0537905e+00 2.5965822e+00
       448 1.9024045e+00 8.9472509e-01 1.0534735e+00 2.6039199e+00
       449 1.9055844e+00 8.9535065e-01 1.0514048e+00 2.5989027e+00
       450 1.8994744e+00 8.9803243e-01 1.0623586e+00 2.6283507e+00
       451 1.9013032e+00 8.9882991e-01 1.0619448e+00 2.6225107e+00
       452 1.9047251e+00 8.9397407e-01 1.0498014e+00 2.6111323e+00
       453 1.9071272e+00 8.9423168e-01 1.0478627e+00 2.5985535e+00
       454 1.9087521e+00 8.9257249e-01 1.0432816e+00 2.5969883e+00
       455 1.9032826e+00 8.9265202e-01 1.0488857e+00 2.6305366e+00
       456 1.9080108e+00 8.9321169e-01 1.0451599e+00 2.6091409e+00
       457 1.9127233e+00 8.9467432e-01 1.0431098e+00 2.6020819e+00
       458 1.9134009e+00 8.9065671e-01 1.0352700e+00 2.5849828e+00
       459 1.9089399e+00 8.9610783e-01 1.0494188e+00 2.6135047e+00
       460 1.9122658e+00 8.8991108e-01 1.0350603e+00 2.6104342e+00
       461 1.9089480e+00 8.8920709e-01 1.0370907e+00 2.6414872e+00
       462 1.9082753e+00 8.9135901e-01 1.0415907e+00 2.6339637e+00
       463 1.9081535e+00 8.8996651e-01 1.0392313e+00 2.6440259e+00
       464 1.9133407e+00 8.8457360e-01 1.0245303e+00 2.6305459e+00
       465 1.9113953e+00 8.8651941e-01 1.0298945e+00 2.6429142e+00
       466 1.9123983e+00 8.8698647e-01 1.0297330e+00 2.6412598e+00
       467 1.9074447e+00 8.8651989e-01 1.0338137e+00 2.6621056e+00
       468 1.9129787e+00 8.8956429e-01 1.0337408e+00 2.6366419e+00
       469 1.9180128e+00 8.8288786e-01 1.0169753e+00 2.6230745e+00
       470 1.9154668e+00 8.8670718e-01 1.0262219e+00 2.6195043e+00
       471 1.9132808e+00 8.7992513e-01 1.0163870e+00 2.6629101e+00
       472 1.9159907e+00 8.8205218e-01 1.0174753e+00 2.6399126e+00
       473 1.9191738e+00 8.8134000e-01 1.0131143e+00 2.6342119e+00
       474 1.9169700e+00 8.7933054e-01 1.0117239e+00 2.6446161e+00
       475 1.9162555e+00 8.8383553e-01 1.0203654e+00 2.6389012e+00
       476 1.9159064e+00 8.7853815e-01 1.0113710e+00 2.6649857e+00
       477 1.9169063e+00 8.7771302e-01 1.0089441e+00 2.6780572e+00
       478 1.9154702e+00 8.7820293e-01 1.0112093e+00 2.6754892e+00
       479 1.9192496e+00 8.7830970e-01 1.0077083e+00 2.6731052e+00
       480 1.9242484e+00 8.7749480e-01 1.0014428e+00 2.6582178e+00
       481 1.9224188e+00 8.8067273e-01 1.0087939e+00 2.6627790e+00
       482 1.9231267e+00 8.7217041e-01 9.9320742e-01 2.6692855e+00
       483 1.9210432e+00 8.7206990e-01 9.9504588e-01 2.6786706e+00
       484 1.9254007e+00 8.7604155e-01 9.9778712e-01 2.6602557e+00
       485 1.9271286e+00 8.7134163e-01 9.8791894e-01 2.6519045e+00
       486 1.9263921e+00 8.6839601e-01 9.8349932e-01 2.6636576e+00
       487 1.9237544e+00 8.7277341e-01 9.9365466e-01 2.6834058e+00
       488 1.9252020e+00 8.7288145e-01 9.9245109e-01 2.6763735e+00
       489 1.9293804e+00 8.7153505e-01 9.8610754e-01 2.6524150e+00
       490 1.9258003e+00 8.7025994e-01 9.8730726e-01 2.6804407e+00
       491 1.9293553e+00 8.6969067e-01 9.8291986e-01 2.6613807e+00
       492 1.9311718e+00 8.6859303e-01 9.7928597e-01 2.6691571e+00
       493 1.9292931e+00 8.6935578e-01 9.8239670e-01 2.6732794e+00
       494 1.9316476e+00 8.6526183e-01 9.7305914e-01 2.6726833e+00
       495 1.9313786e+00 8.6638949e-01 9.7526682e-01 2.6685001e+00
       496 1.9302203e+00 8.5910958e-01 9.6380456e-01 2.7106351e+00
       497 1.9344350e+00 8.6109889e-01 9.6323949e-01 2.6685071e+00
       498 1.9388985e+00 8.6444413e-01 9.6482800e-01 2.6486463e+00
       499 1.9358651e+00 8.6116859e-01 9.6201466e-01 2.6696064e+00
       500 1.9314004e+00 8.6543384e-01 9.7359107e-01 2.6870710e+00
       501 1.9360057e+00 8.6272356e-01 9.6456327e-01 2.6718009e+00
       502 1.9368032e+00 8.6081645e-01 9.6052835e-01 2.6803176e+00
       503 1.9364623e+00 8.6598228e-01 9.6976829e-01 2.6868063e+00
       504 1.9402425e+00 8.6012900e-01 9.5613431e-01 2.6607239e+00
       505 1.9368430e+00 8.6220933e-01 9.6289103e-01 2.6921720e+00
       506 1.9377297e+00 8.6325379e-01 9.6386315e-01 2.6880305e+00
       507 1.9399933e+00 8.5926552e-01 9.5488145e-01 2.6757383e+00
       508 1.9372926e+00 8.5591006e-01 9.5164709e-01 2.6960491e+00
       509 1.9396337e+00 8.5742838e-01 9.5206244e-01 2.6767797e+00
       510 1.9395885e+00 8.6212793e-01 9.6018567e-01 2.6933098e+00
       511 1.9454139e+00 8.5626787e-01 9.4472338e-01 2.6659319e+00
       512 1.9423128e+00 8.5040859e-01 9.3758565e-01 2.6870440e+00
       513 1.9415045e+00 8.5628930e-01 9.4837140e-01 2.6883269e+00
       514 1.9464469e+00 8.5015016e-01 9.3333492e-01 2.6786358e+00
       515 1.9466945e+00 8.5128331e-01 9.3503569e-01 2.6661054e+00
       516 1.9470454e+00 8.4935602e-01 9.3143632e-01 2.6760656e+00
       517 1.9488262e+00 8.4705922e-01 9.2591090e-01 2.6860436e+00
       518 1.9449993e+00 8.5125793e-01 9.3655037e-01 2.6918766e+00
       519 1.9492559e+00 8.4969629e-01 9.2999321e-01 2.6668846e+00
       520 1.9483586e+00 8.4591595e-01 9.2440254e-01 2.6781592e+00
       521 1.9519364e+00 8.4502693e-01 9.1964205e-01 2.6637613e+00
       522 1.9509389e+00 8.4590310e-01 9.2202917e-01 2.6725355e+00
       523 1.9550257e+00 8.4490404e-01 9.1664263e-01 2.6580708e+00
       524 1.9523356e+00 8.4089799e-01 9.1231920e-01 2.6740520e+00
       525 1.9499900e+00 8.5043196e-01 9.3057494e-01 2.6965854e+00
       526 1.9513849e+00 8.4496991e-01 9.2004615e-01 2.6786724e+00
       527 1.9558727e+00 8.3950899e-01 9.0679298e-01 2.6728840e+00
       528 1.9509287e+00 8.4291755e-01 9.1699635e-01 2.6959222e+00
       529 1.9533618e+00 8.4222283e-01 9.1362040e-01 2.6867159e+00
       530 1.9563557e+00 8.3808128e-01 9.0396389e-01 2.6863280e+00
       531 1.9550054e+00 8.4169250e-01 9.1124427e-01 2.6886487e+00
       532 1.9611055e+00 8.3935149e-01 9.0185207e-01 2.6627001e+00
       533 1.9646603e+00 8.3866939e-01 8.9756180e-01 2.6543188e+00
       534 1.9571110e+00 8.3839247e-01 9.0380796e-01 2.6857034e+00
       535 1.9559376e+00 8.3555894e-01 9.0011802e-01 2.6899065e+00
       536 1.9605105e+00 8.3981912e-01 9.0316628e-01 2.6832179e+00
       537 1.9604451e+00 8.3361847e-01 8.9284809e-01 2.6889708e+00
       538 1.9639071e+00 8.3000133e-01 8.8376209e-01 2.6799562e+00
       539 1.9665987e+00 8.3289497e-01 8.8620487e-01 2.6600805e+00
       540 1.9639575e+00 8.3007113e-01 8.8383349e-01 2.6827864e+00
       541 1.9616732e+00 8.3158647e-01 8.8837309e-01 2.6944153e+00
       542 1.9659935e+00 8.3119787e-01 8.8391213e-01 2.6684170e+00
       543 1.9657000e+00 8.2759266e-01 8.7818977e-01 2.6819438e+00
       544 1.9674203e+00 8.2880918e-01 8.7869517e-01 2.6761967e+00
       545 1.9675321e+00 8.3264708e-01 8.8497381e-01 2.6729094e+00
       546 1.9733363e+00 8.2728156e-01 8.7101887e-01 2.6570556e+00
       547 1.9676629e+00 8.2757842e-01 8.7644415e-01 2.6763098e+00
       548 1.9726075e+00 8.2789699e-01 8.7266778e-01 2.6787891e+00
       549 1.9712875e+00 8.2776856e-01 8.7359925e-01 2.6760690e+00
       550 1.9734323e+00 8.2342926e-01 8.6457697e-01 2.6628730e+00
       551 1.9723456e+00 8.2516202e-01 8.6837338e-01 2.6797524e+00
       552 1.9752631e+00 8.2017100e-01 8.5764352e-01 2.6609167e+00
       553 1.9748944e+00 8.1941094e-01 8.5671463e-01 2.6653000e+00
       554 1.9772860e+00 8.1910217e-01 8.5415556e-01 2.6619355e+00
       555 1.9761244e+00 8.1942958e-01 8.5568778e-01 2.6672932e+00
       556 1.9729799e+00 8.2009901e-01 8.5949456e-01 2.6797839e+00
       557 1.9774608e+00 8.1941879e-01 8.5452470e-01 2.6666374e+00
       558 1.9787412e+00 8.1615850e-01 8.4809814e-01 2.6581175e+00
       559 1.9793207e+00 8.1690616e-01 8.4882505e-01 2.6619882e+00
       560 1.9807622e+00 8.1494047e-01 8.4439120e-01 2.6633960e+00
       561 1.9836656e+00 8.1424933e-01 8.4080827e-01 2.6405222e+00
       562 1.9815561e+00 8.1221849e-01 8.3928862e-01 2.6593206e+00
       563 1.9770953e+00 8.1554006e-01 8.4849605e-01 2.6797695e+00
       564 1.9865048e+00 8.1653408e-01 8.4214787e-01 2.6612995e+00
       565 1.9856426e+00 8.1015286e-01 8.3249057e-01 2.6454578e+00
       566 1.9846362e+00 8.0756151e-01 8.2914426e-01 2.6572740e+00
       567 1.9842150e+00 8.0839147e-01 8.3084004e-01 2.6598792e+00
       568 1.9852916e+00 8.1367360e-01 8.3850241e-01 2.6598738e+00
       569 1.9895799e+00 8.0610795e-01 8.2266349e-01 2.6409269e+00
       570 1.9898796e+00 8.1064548e-01 8.2975044e-01 2.6551724e+00
       571 1.9873937e+00 8.0562148e-01 8.2370211e-01 2.6607092e+00
       572 1.9861773e+00 8.0647090e-01 8.2608969e-01 2.6655604e+00
       573 1.9883203e+00 8.0652018e-01 8.2437722e-01 2.6605442e+00
       574 1.9908242e+00 8.0103046e-01 8.1347017e-01 2.6477929e+00
       575 1.9922533e+00 8.0115946e-01 8.1249415e-01 2.6464716e+00
       576 1.9912437e+00 8.0439417e-01 8.1852274e-01 2.6618381e+00
       577 1.9882325e+00 7.9939654e-01 8.1301047e-01 2.6756092e+00
       578 1.9922609e+00 8.0317539e-01 8.1572211e-01 2.6636447e+00
       579 1.9939669e+00 7.9893240e-01 8.0751788e-01 2.6424024e+00
       580 1.9966464e+00 7.9916428e-01 8.0569112e-01 2.6475416e+00
       581 1.9996769e+00 8.0091635e-01 8.0602664e-01 2.6458235e+00
       582 1.9986314e+00 7.9657528e-01 7.9994114e-01 2.6370648e+00
       583 1.9946842e+00 8.0004067e-01 8.0870033e-01 2.6613812e+00
       584 2.0004265e+00 7.9646038e-01 7.9830116e-01 2.6446873e+00
       585 2.0033068e+00 7.9306172e-01 7.9057473e-01 2.6422322e+00
       586 2.0008465e+00 7.9355657e-01 7.9334412e-01 2.6395469e+00
       587 2.0025013e+00 7.9290606e-01 7.9097620e-01 2.6272510e+00
       588 1.9975385e+00 7.9251947e-01 7.9438624e-01 2.6540299e+00
       589 2.0000070e+00 7.9608797e-01 7.9804799e-01 2.6539313e+00
       590 2.0016136e+00 7.9277011e-01 7.9147654e-01 2.6507327e+00
       591 2.0058813e+00 7.9350022e-01 7.8920702e-01 2.6348337e+00
       592 2.0005468e+00 7.8947560e-01 7.8712639e-01 2.6651617e+00
       593 2.0016224e+00 7.8926187e-01 7.8591934e-01 2.6498107e+00
       594 2.0069171e+00 7.8827129e-01 7.8010959e-01 2.6410522e+00
       595 2.0046409e+00 7.8615589e-01 7.7859802e-01 2.6435390e+00
       596 2.0063642e+00 7.8213555e-01 7.7091486e-01 2.6367850e+00
       597 2.0118036e+00 7.8153334e-01 7.6566246e-01 2.6100284e+00
       598 2.0080560e+00 7.8468313e-01 7.7355938e-01 2.6325016e+00
       599 2.0059166e+00 7.8387033e-01 7.7398892e-01 2.6465139e+00
       600 2.0077130e+00 7.8177227e-01 7.6927230e-01 2.6384467e+00
       601 2.0087970e+00 7.8176263e-01 7.6839636e-01 2.6403555e+00
       602 2.0130583e+00 7.7623160e-01 7.5641761e-01 2.6214949e+00
       603 2.0106073e+00 7.7824917e-01 7.6148288e-01 2.6298864e+00
       604 2.0134368e+00 7.7997505e-01 7.6194643e-01 2.6230088e+00
       605 2.0144137e+00 7.7721768e-01 7.5688786e-01 2.6204377e+00
       606 2.0198075e+00 7.7570330e-01 7.5034816e-01 2.6007599e+00
       607 2.0207584e+00 7.7672786e-01 7.5120643e-01 2.6086397e+00
       608 2.0144975e+00 7.6983299e-01 7.4539793e-01 2.6367670e+00
       609 2.0137078e+00 7.7821718e-01 7.5899496e-01 2.6417465e+00
       610 2.0227800e+00 7.7199748e-01 7.4232956e-01 2.6077066e+00
       611 2.0184896e+00 7.7054849e-01 7.4339547e-01 2.6102703e+00
       612 2.0192727e+00 7.7111663e-01 7.4366604e-01 2.6205915e+00
       613 2.0245736e+00 7.7212017e-01 7.4114988e-01 2.6006135e+00
       614 2.0216311e+00 7.7261135e-01 7.4415808e-01 2.6141757e+00
       615 2.0289068e+00 7.6822045e-01 7.3186192e-01 2.5681858e+00
       616 2.0262572e+00 7.6625895e-01 7.3085382e-01 2.6062122e+00
       617 2.0237531e+00 7.6710675e-01 7.3405858e-01 2.6009827e+00
       618 2.0258448e+00 7.6544081e-01 7.2991356e-01 2.6049324e+00
       619 2.0247582e+00 7.6403186e-01 7.2858447e-01 2.6117180e+00
       620 2.0235532e+00 7.6309978e-01 7.2807970e-01 2.5992420e+00
       621 2.0307699e+00 7.6314056e-01 7.2268362e-01 2.5742114e+00
       622 2.0222370e+00 7.6347970e-01 7.2966644e-01 2.6165679e+00
       623 2.0287189e+00 7.5976326e-01 7.1908097e-01 2.5899084e+00
       624 2.0307570e+00 7.6140176e-01 7.2004236e-01 2.5805373e+00
       625 2.0344489e+00 7.6288397e-01 7.1954951e-01 2.5798743e+00
       626 2.0375392e+00 7.5640126e-01 7.0741766e-01 2.5508392e+00
       627 2.0306432e+00 7.5742814e-01 7.1409243e-01 2.5811520e+00
       628 2.0360438e+00 7.5651913e-01 7.0869823e-01 2.5662014e+00
       629 2.0334158e+00 7.5379238e-01 7.0652792e-01 2.5690335e+00
       630 2.0350468e+00 7.5811036e-01 7.1184571e-01 2.5693031e+00
       631 2.0375352e+00 7.5281902e-01 7.0201426e-01 2.5402973e+00
       632 2.0382843e+00 7.5203728e-01 7.0028733e-01 2.5455027e+00
       633 2.0373247e+00 7.5342931e-01 7.0308833e-01 2.5609781e+00
       634 2.0386212e+00 7.5108454e-01 6.9860807e-01 2.5470138e+00
       635 2.0365368e+00 7.5096293e-01 6.9995852e-01 2.5672470e+00
       636 2.0382270e+00 7.4868608e-01 6.9530021e-01 2.5385595e+00
       637 2.0404376e+00 7.5005909e-01 6.9573977e-01 2.5440580e+00
       638 2.0387116e+00 7.4874324e-01 6.9503018e-01 2.6197228e+00
       639 2.0444375e+00 7.4354205e-01 6.8310284e-01 2.5894609e+00
       640 2.0430841e+00 7.4609192e-01 6.8787990e-01 2.6042492e+00
       641 2.0422423e+00 7.4566521e-01 6.8785396e-01 2.6042846e+00
       642 2.0428807e+00 7.4354958e-01 6.8424016e-01 2.5979692e+00
       643 2.0452191e+00 7.4456735e-01 6.8406503e-01 2.5922117e+00
       644 2.0446805e+00 7.4278707e-01 6.8180531e-01 2.5923543e+00
       645 2.0483977e+00 7.3960680e-01 6.7442345e-01 2.5772219e+00
       646 2.0437485e+00 7.4035256e-01 6.7886773e-01 2.5798702e+00
       647 2.0473883e+00 7.3731938e-01 6.7176672e-01 2.5709673e+00
       648 2.0472505e+00 7.3755042e-01 6.7220613e-01 2.5893759e+00
       649 2.0486086e+00 7.3609763e-01 6.6909447e-01 2.5667986e+00
       650 2.0540565e+00 7.3511092e-01 6.6378562e-01 2.5459213e+00
       651 2.0533610e+00 7.3712506e-01 6.6724009e-01 2.5527336e+00
       652 2.0547137e+00 7.3269205e-01 6.5977396e-01 2.5257222e+00
       653 2.0530380e+00 7.3226518e-01 6.6032645e-01 2.5500585e+00
       654 2.0560403e+00 7.3460698e-01 6.6165520e-01 2.5433162e+00
       655 2.0528061e+00 7.3194083e-01 6.6001502e-01 2.5507356e+00
       656 2.0546434e+00 7.3139319e-01 6.5792162e-01 2.5325146e+00
       657 2.0585972e+00 7.2833887e-01 6.5070561e-01 2.5161807e+00
       658 2.0572130e+00 7.2561404e-01 6.4770570e-01 2.5183011e+00
       659 2.0585225e+00 7.2529816e-01 6.4633732e-01 2.5127103e+00
       660 2.0553296e+00 7.2949141e-01 6.5466253e-01 2.5184425e+00
       661 2.0561877e+00 7.2792183e-01 6.5177503e-01 2.5192515e+00
       662 2.0612995e+00 7.2441964e-01 6.4314525e-01 2.4996857e+00
       663 2.0632554e+00 7.2390919e-01 6.4106394e-01 2.4714685e+00
       664 2.0640034e+00 7.2168624e-01 6.3733929e-01 2.4657225e+00
       665 2.0626207e+00 7.1898832e-01 6.3439825e-01 2.4786058e+00
       666 2.0663254e+00 7.2243215e-01 6.3683669e-01 2.4225493e+00
       667 2.0637879e+00 7.2348819e-01 6.4009054e-01 2.4171611e+00
       668 2.0656017e+00 7.2304362e-01 6.3821178e-01 2.3919360e+00
       669 2.0672129e+00 7.1810690e-01 6.3000504e-01 2.4042621e+00
       670 2.0740019e+00 7.1790132e-01 6.2516486e-01 2.3649903e+00
       671 2.0673623e+00 7.1851487e-01 6.3049010e-01 2.3991638e+00
       672 2.0746632e+00 7.1553055e-01 6.2132878e-01 2.3649005e+00
       673 2.0732060e+00 7.1897553e-01 6.2723646e-01 2.3697004e+00
       674 2.0729120e+00 7.1971351e-01 6.2849352e-01 2.3702899e+00
       675 2.0750840e+00 7.1463219e-01 6.1976582e-01 2.3439414e+00
       676 2.0744685e+00 7.1775157e-01 6.2464093e-01 2.3463283e+00
       677 2.0772192e+00 7.1564886e-01 6.1981421e-01 2.3250233e+00
       678 2.0788359e+00 7.1336253e-01 6.1548870e-01 2.3202965e+00
       679 2.0823122e+00 7.0999679e-01 6.0844011e-01 2.2883875e+00
       680 2.0805518e+00 7.1225063e-01 6.1278600e-01 2.3107262e+00
       681 2.0819529e+00 7.0934194e-01 6.0774288e-01 2.2920042e+00
       682 2.0809133e+00 7.0949126e-01 6.0862821e-01 2.2878412e+00
       683 2.0837650e+00 7.0861999e-01 6.0555045e-01 2.2806104e+00
       684 2.0833150e+00 7.0496906e-01 6.0067916e-01 2.2713917e+00
       685 2.0840948e+00 7.0594957e-01 6.0156097e-01 2.2617178e+00
       686 2.0863960e+00 7.0574843e-01 5.9980383e-01 2.2542257e+00
       687 2.0844774e+00 7.0560045e-01 6.0082253e-01 2.2504427e+00
       688 2.0889631e+00 7.0037652e-01 5.9061938e-01 2.2191665e+00
       689 2.0853261e+00 7.0291862e-01 5.9650122e-01 2.2313603e+00
       690 2.0887710e+00 6.9958277e-01 5.8962974e-01 2.2148496e+00
       691 2.0886619e+00 7.0218526e-01 5.9334690e-01 2.2029143e+00
       692 2.0932588e+00 6.9864546e-01 5.8549792e-01 2.1661724e+00
       693 2.0951845e+00 7.0348074e-01 5.9107940e-01 2.1475650e+00
       694 2.0917196e+00 6.9996684e-01 5.8830907e-01 2.1544104e+00
       695 2.0929009e+00 6.9913316e-01 5.8640315e-01 2.1402500e+00
       696 2.0949758e+00 6.9903206e-01 5.8496953e-01 2.1167676e+00
       697 2.0967501e+00 6.9954194e-01 5.8458447e-01 2.1076905e+00
       698 2.0944917e+00 6.9759189e-01 5.8325887e-01 2.1102295e+00
       699 2.0965606e+00 7.0010329e-01 5.8548712e-01 2.0914968e+00
       700 2.1028029e+00 6.9860078e-01 5.7956957e-01 2.0709954e+00
       701 2.1022312e+00 6.9662251e-01 5.7715572e-01 2.0547161e+00
       702 2.0958178e+00 6.9689179e-01 5.8145992e-01 2.0737609e+00
       703 2.1010743e+00 6.9369452e-01 5.7378755e-01 2.0408729e+00
       704 2.1020753e+00 6.9607209e-01 5.7648368e-01 2.0405052e+00
       705 2.1021497e+00 6.9522418e-01 5.7525885e-01 2.0450641e+00
       706 2.1072924e+00 6.8987724e-01 5.6476083e-01 2.0119882e+00
       707 2.1057291e+00 6.9480025e-01 5.7251195e-01 2.0211963e+00
       708 2.1042700e+00 6.9400246e-01 5.7228044e-01 2.0035137e+00
       709 2.1086288e+00 6.8912382e-01 5.6292708e-01 1.9700539e+00
       710 2.1031647e+00 6.9401376e-01 5.7296285e-01 1.9654390e+00
       711 2.1043141e+00 6.9092477e-01 5.6799147e-01 1.9619540e+00
       712 2.1067336e+00 6.9188258e-01 5.6786516e-01 1.9484793e+00
       713 2.1055989e+00 6.9212143e-01 5.6887468e-01 1.9457958e+00
       714 2.1133591e+00 6.8459599e-01 5.5392245e-01 1.9009265e+00
       715 2.1092147e+00 6.8687598e-01 5.5948669e-01 1.9169134e+00
       716 2.1128370e+00 6.8722324e-01 5.5783171e-01 1.8998963e+00
       717 2.1137686e+00 6.8722385e-01 5.5728840e-01 1.8882647e+00
       718 2.1105545e+00 6.8793040e-01 5.6014463e-01 1.8956801e+00
       719 2.1138492e+00 6.8625634e-01 5.5591256e-01 1.8764225e+00
       720 2.1151331e+00 6.8629539e-01 5.5521936e-01 1.8626229e+00
       721 2.1179094e+00 6.8670745e-01 5.5418139e-01 1.8518638e+00
       722 2.1179069e+00 6.8507775e-01 5.5194727e-01 1.8507473e+00
       723 2.1182599e+00 6.8610209e-01 5.5314903e-01 1.8473893e+00
       724 2.1206127e+00 6.8028689e-01 5.4385787e-01 1.8175761e+00
       725 2.1161672e+00 6.8180977e-01 5.4848340e-01 1.8390119e+00
       726 2.1185904e+00 6.8331212e-01 5.4913873e-01 1.8242490e+00
       727 2.1202097e+00 6.8095599e-01 5.4499832e-01 1.8173900e+00
       728 2.1155175e+00 6.8333608e-01 5.5094323e-01 1.8338288e+00
       729 2.1208654e+00 6.8064878e-01 5.4420652e-01 1.8054653e+00
       730 2.1194787e+00 6.8240722e-01 5.4739426e-01 1.8069085e+00
       731 2.1250820e+00 6.7758010e-01 5.3765732e-01 1.7796948e+00
       732 2.1210253e+00 6.7970158e-01 5.4282708e-01 1.7923411e+00
       733 2.1225161e+00 6.7960346e-01 5.4184820e-01 1.7766867e+00
       734 2.1258746e+00 6.7524434e-01 5.3405386e-01 1.7594672e+00
       735 2.1241410e+00 6.7989838e-01 5.4133266e-01 1.7702057e+00
       736 2.1235173e+00 6.8061145e-01 5.4265394e-01 1.7587444e+00
       737 2.1277691e+00 6.7559019e-01 5.3346575e-01 1.7441396e+00
       738 2.1296545e+00 6.7229466e-01 5.2798066e-01 1.7282903e+00
       739 2.1294906e+00 6.7444241e-01 5.3096349e-01 1.7228560e+00
       740 2.1283379e+00 6.7255125e-01 5.2905335e-01 1.7461085e+00
       741 2.1302240e+00 6.7779756e-01 5.3509639e-01 2.7852683e+00
       742 2.1335241e+00 6.7533307e-01 5.2995667e-01 2.7330428e+00
       743 2.1334770e+00 6.7508830e-01 5.2965176e-01 2.7177277e+00
       744 2.1344484e+00 6.7198789e-01 5.2494807e-01 2.7180779e+00
       745 2.1316310e+00 6.7387205e-01 5.2901821e-01 2.7102631e+00
       746 2.1335114e+00 6.7437911e-01 5.2867605e-01 2.7024601e+00
       747 2.1393577e+00 6.6789893e-01 5.1683365e-01 2.6414641e+00
       748 2.1360405e+00 6.6893320e-01 5.1999195e-01 2.6383327e+00
       749 2.1357215e+00 6.6820799e-01 5.1919412e-01 2.6047556e+00
       750 2.1378357e+00 6.7228836e-01 5.2352826e-01 2.6365500e+00
       751 2.1351807e+00 6.6648597e-01 5.1718766e-01 2.5601515e+00
       752 2.1340919e+00 6.6558822e-01 5.1658129e-01 2.5556341e+00
       753 2.1345377e+00 6.6394117e-01 5.1414985e-01 2.5176556e+00
       754 2.1395585e+00 6.5944171e-01 5.0550130e-01 2.4763577e+00
       755 2.1407603e+00 6.5893215e-01 5.0419209e-01 2.4489465e+00
       756 2.1399904e+00 6.5633911e-01 5.0118954e-01 2.4127452e+00
       757 2.1425116e+00 6.5668481e-01 5.0031184e-01 2.3730961e+00
       758 2.1396832e+00 6.5681676e-01 5.0197989e-01 2.3788126e+00
       759 2.1378992e+00 6.5527751e-01 5.0091129e-01 2.3733889e+00
       760 2.1407367e+00 6.5538995e-01 4.9954898e-01 2.3496735e+00
       761 2.1433874e+00 6.5273320e-01 4.9467792e-01 2.3077247e+00
       762 2.1401114e+00 6.5317431e-01 4.9698103e-01 2.3072688e+00
       763 2.1424344e+00 6.5262829e-01 4.9504117e-01 2.2772958e+00
       764 2.1472062e+00 6.4703509e-01 4.8528564e-01 2.2227046e+00
       765 2.1470072e+00 6.4520206e-01 4.8301968e-01 2.2105918e+00
       766 2.1489616e+00 6.4668742e-01 4.8393269e-01 2.1897237e+00
       767 2.1465386e+00 6.4606216e-01 4.8437264e-01 2.1858228e+00
       768 2.1442204e+00 6.4957160e-01 4.9012485e-01 2.1872428e+00
       769 2.1533712e+00 6.4173256e-01 4.7530716e-01 2.1157581e+00
       770 2.1505846e+00 6.4699768e-01 4.8350449e-01 2.1073138e+00
       771 2.1500378e+00 6.4509893e-01 4.8133002e-01 2.1034225e+00
       772 2.1559446e+00 6.4150556e-01 4.7372565e-01 2.0423278e+00
       773 2.1516526e+00 6.4253317e-01 4.7720437e-01 2.0493549e+00
       774 2.1567567e+00 6.3982083e-01 4.7116258e-01 2.0053664e+00
       775 2.1546561e+00 6.4052427e-01 4.7311195e-01 1.9864150e+00
       776 2.1562111e+00 6.4056259e-01 4.7238386e-01 1.9720491e+00
       777 2.1586152e+00 6.3799372e-01 4.6790736e-01 1.9272195e+00
       778 2.1595057e+00 6.3842054e-01 4.6801352e-01 1.9246764e+00
       779 2.1645573e+00 6.3530717e-01 4.6158978e-01 1.8871488e+00
       780 2.1602450e+00 6.3645993e-01 4.6515105e-01 1.8893241e+00
       781 2.1628506e+00 6.3801982e-01 4.6586867e-01 1.8854572e+00
       782 2.1606833e+00 6.3531961e-01 4.6348614e-01 1.8677612e+00
       783 2.1628763e+00 6.3511198e-01 4.6215416e-01 1.8650881e+00
       784 2.1644270e+00 6.3423568e-01 4.6029227e-01 1.8458226e+00
       785 2.1659544e+00 6.3439226e-01 4.5975730e-01 1.8188902e+00
       786 2.1649899e+00 6.3408155e-01 4.5982590e-01 1.8190602e+00
       787 2.1668965e+00 6.3386929e-01 4.5864388e-01 1.8108471e+00
       788 2.1651692e+00 6.3374009e-01 4.5930681e-01 1.8136687e+00
       789 2.1708989e+00 6.3038468e-01 4.5234578e-01 1.7759325e+00
       790 2.1706404e+00 6.2884697e-01 4.5053072e-01 1.7501022e+00
       791 2.1701995e+00 6.2953014e-01 4.5159756e-01 1.7565974e+00
       792 2.1721999e+00 6.2725916e-01 4.4780672e-01 1.7414254e+00
       793 2.1714550e+00 6.2772709e-01 4.4874184e-01 1.7304163e+00
       794 2.1703982e+00 6.2969051e-01 4.5170610e-01 1.7382465e+00
       795 2.1714218e+00 6.2725791e-01 4.4816856e-01 1.7225119e+00
       796 2.1717227e+00 6.2677584e-01 4.4742334e-01 1.7069364e+00
       797 2.1736118e+00 6.2398041e-01 4.4304787e-01 1.6980180e+00
       798 2.1737419e+00 6.2727186e-01 4.4710604e-01 1.7082810e+00
       799 2.1724998e+00 6.2734759e-01 4.4777788e-01 1.7000212e+00
       800 2.1749491e+00 6.2436222e-01 4.4290651e-01 1.6813386e+00
       801 2.1745967e+00 6.2312718e-01 4.4152833e-01 1.6737895e+00
       802 2.1756055e+00 6.2366642e-01 4.4173610e-01 1.6578097e+00
       803 2.1749632e+00 6.2357383e-01 4.4191613e-01 1.6649230e+00
       804 2.1775331e+00 6.2085933e-01 4.3736069e-01 1.6375563e+00
       805 2.1748095e+00 6.1898894e-01 4.3628996e-01 1.6480071e+00
       806 2.1727355e+00 6.2233956e-01 4.4140974e-01 1.6512859e+00
       807 2.1746331e+00 6.2286150e-01 4.4118046e-01 1.6415838e+00
       808 2.1786660e+00 6.1776341e-01 4.3301112e-01 1.6019709e+00
       809 2.1781668e+00 6.2068486e-01 4.3685574e-01 1.6162218e+00
       810 2.1803214e+00 6.1636054e-01 4.3053207e-01 1.5909594e+00
       811 2.1765835e+00 6.1840466e-01 4.3475221e-01 1.6111778e+00
       812 2.1787565e+00 6.1802289e-01 4.3329076e-01 1.5964367e+00
       813 2.1799231e+00 6.1754104e-01 4.3216811e-01 1.5905796e+00
       814 2.1824467e+00 6.1376621e-01 4.2638878e-01 1.5684026e+00
       815 2.1810108e+00 6.1495444e-01 4.2849093e-01 1.5712952e+00
       816 2.1818579e+00 6.1366027e-01 4.2652156e-01 1.5547768e+00
       817 2.1814986e+00 6.1278220e-01 4.2560540e-01 1.5478391e+00
       818 2.1798732e+00 6.1697322e-01 4.3148961e-01 1.5742600e+00
       819 2.1836372e+00 6.1115077e-01 4.2265581e-01 1.5354066e+00
       820 2.1792504e+00 6.1613375e-01 4.3073568e-01 1.5591888e+00
       821 2.1835160e+00 6.1224358e-01 4.2404652e-01 1.5249751e+00
       822 2.1801889e+00 6.1335137e-01 4.2689130e-01 1.5392173e+00
       823 2.1886010e+00 6.0790041e-01 4.1651713e-01 1.5026798e+00
       824 2.1846964e+00 6.1261066e-01 4.2397383e-01 1.5167435e+00
       825 2.1840902e+00 6.1065453e-01 4.2184887e-01 1.5185209e+00
       826 2.1893828e+00 6.0605119e-01 4.1393402e-01 1.4916018e+00
       827 2.1852680e+00 6.0994280e-01 4.2046034e-01 1.5070041e+00
       828 2.1868907e+00 6.0708169e-01 4.1626672e-01 1.4865689e+00
       829 2.1846788e+00 6.0962624e-01 4.2033395e-01 1.5060635e+00
       830 2.1880401e+00 6.0402479e-01 4.1206363e-01 1.4690367e+00
       831 2.1857355e+00 6.0770677e-01 4.1753211e-01 1.4910739e+00
       832 2.1904965e+00 6.0394432e-01 4.1090493e-01 1.4551083e+00
       833 2.1871950e+00 6.0623690e-01 4.1510887e-01 1.4787662e+00
       834 2.1887525e+00 6.0614948e-01 4.1432580e-01 1.4645008e+00
       835 2.1903276e+00 6.0440382e-01 4.1153278e-01 1.4577713e+00
       836 2.1872481e+00 6.0392829e-01 4.1229190e-01 1.4608255e+00
       837 2.1939858e+00 6.0128713e-01 4.0621532e-01 1.4467583e+00
       838 2.1881015e+00 6.0736282e-01 4.1608061e-01 1.4728854e+00
       839 2.1911105e+00 6.0346227e-01 4.1005945e-01 1.4418333e+00
       840 2.1950762e+00 5.9885389e-01 4.0283537e-01 1.4082121e+00
       841 2.1926584e+00 6.0036566e-01 4.0567090e-01 1.4292165e+00
       842 2.1911185e+00 6.0293874e-01 4.0942445e-01 1.4441284e+00
       843 2.1908600e+00 6.0017736e-01 4.0621303e-01 1.4264349e+00
       844 2.1920444e+00 6.0173683e-01 4.0758072e-01 1.4291591e+00
       845 2.1934462e+00 5.9878313e-01 4.0343872e-01 1.4152249e+00
       846 2.1940553e+00 5.9809766e-01 4.0236055e-01 1.4075899e+00
       847 2.1920637e+00 5.9849610e-01 4.0368286e-01 1.4199742e+00
       848 2.1942011e+00 5.9593375e-01 3.9971517e-01 1.4033929e+00
       849 2.1946174e+00 5.9808702e-01 4.0211059e-01 1.4004733e+00
       850 2.1933357e+00 5.9721513e-01 4.0161023e-01 1.4094798e+00
       851 2.1902760e+00 6.0119097e-01 4.0768159e-01 1.4248405e+00
       852 2.1944321e+00 5.9903936e-01 4.0332881e-01 1.4118624e+00
       853 2.1948576e+00 5.9757623e-01 4.0139870e-01 1.3983879e+00
       854 2.1979291e+00 5.9545653e-01 3.9758629e-01 1.3798655e+00
       855 2.1971960e+00 5.9417784e-01 3.9636974e-01 1.3721319e+00
       856 2.1994136e+00 5.9593811e-01 3.9754643e-01 1.3783832e+00
       857 2.1970975e+00 5.9386993e-01 3.9604493e-01 1.3750531e+00
       858 2.1984376e+00 5.9502725e-01 3.9686458e-01 1.3733670e+00
       859 2.2016359e+00 5.8978000e-01 3.8933435e-01 1.3490171e+00
       860 2.1974585e+00 5.9202037e-01 3.9370135e-01 1.3592498e+00
       861 2.1976458e+00 5.9178133e-01 3.9334055e-01 1.3595314e+00
       862 2.2021678e+00 5.9096899e-01 3.9052184e-01 1.3477294e+00
       863 2.1948990e+00 5.9499686e-01 3.9830518e-01 1.3838006e+00
       864 2.1982814e+00 5.9163746e-01 3.9290665e-01 1.3620753e+00
       865 2.1984356e+00 5.9087857e-01 3.9194544e-01 1.3575564e+00
       866 2.1988289e+00 5.8889110e-01 3.8943811e-01 1.3478506e+00
       867 2.2014111e+00 5.8908891e-01 3.8861128e-01 1.3463844e+00
       868 2.1966367e+00 5.9107213e-01 3.9292185e-01 1.3529605e+00
       869 2.2002990e+00 5.8906531e-01 3.8903828e-01 1.3423828e+00
       870 2.1984945e+00 5.9138296e-01 3.9251737e-01 1.3463436e+00
       871 2.2047434e+00 5.8853521e-01 3.8661126e-01 1.3331655e+00
       872 2.2028930e+00 5.8704428e-01 3.8560432e-01 1.3267821e+00
       873 2.2040746e+00 5.8775523e-01 3.8596252e-01 1.3254893e+00
       874 2.2029831e+00 5.8739837e-01 3.8598372e-01 1.3230634e+00
       875 2.2051825e+00 5.8792788e-01 3.8572077e-01 1.3243437e+00
       876 2.2054436e+00 5.8572691e-01 3.8303316e-01 1.3184697e+00
       877 2.2062410e+00 5.8253361e-01 3.7898439e-01 1.2988240e+00
       878 2.2042201e+00 5.8528606e-01 3.8300754e-01 1.3028574e+00
       879 2.2053223e+00 5.8448712e-01 3.8163085e-01 1.3061781e+00
       880 2.2093522e+00 5.7905235e-01 3.7371146e-01 1.2787964e+00
       881 2.2076547e+00 5.8587043e-01 3.8232224e-01 1.3048207e+00
       882 2.2092898e+00 5.8131060e-01 3.7635628e-01 1.2872864e+00
       883 2.2021078e+00 5.8416274e-01 3.8254797e-01 1.3085451e+00
       884 2.2097013e+00 5.8160310e-01 3.7653526e-01 1.2812778e+00
       885 2.2038996e+00 5.8062532e-01 3.7770258e-01 1.2917718e+00
       886 2.2058443e+00 5.8202397e-01 3.7854901e-01 1.2900157e+00
       887 2.2044380e+00 5.8132716e-01 3.7830147e-01 1.2928351e+00
       888 2.2050064e+00 5.8190676e-01 3.7874761e-01 1.2847172e+00
       889 2.2030072e+00 5.7960646e-01 3.7688077e-01 1.2976716e+00
       890 2.2046670e+00 5.8062830e-01 3.7739743e-01 1.2875100e+00
       891 2.2098315e+00 5.7779723e-01 3.7207184e-01 1.2590149e+00
       892 2.2050325e+00 5.8034692e-01 3.7692421e-01 1.2799138e+00
       893 2.2056504e+00 5.7961988e-01 3.7583370e-01 1.2759079e+00
       894 2.2051785e+00 5.7691227e-01 3.7289098e-01 1.2736876e+00
       895 2.2085964e+00 5.7970938e-01 3.7476963e-01 1.2651415e+00
       896 2.2103011e+00 5.7606897e-01 3.6989423e-01 1.2568524e+00
       897 2.2099435e+00 5.7660283e-01 3.7064922e-01 1.2557332e+00
       898 2.2093511e+00 5.7999339e-01 3.7480260e-01 1.2681159e+00
       899 2.2112671e+00 5.7494177e-01 3.6822093e-01 1.2476476e+00
       900 2.2098962e+00 5.7648287e-01 3.7052940e-01 1.2531409e+00
       901 2.2120137e+00 5.7820999e-01 3.7170049e-01 1.2513949e+00
       902 2.2089148e+00 5.7627905e-01 3.7067899e-01 1.2508666e+00
       903 2.2137671e+00 5.6995534e-01 3.6154789e-01 1.2173368e+00
       904 2.2147168e+00 5.7301972e-01 3.6468744e-01 1.2320332e+00
       905 2.2165921e+00 5.7418749e-01 3.6531570e-01 1.2339060e+00
       906 2.2154116e+00 5.7344672e-01 3.6491260e-01 1.2321539e+00
       907 2.2129114e+00 5.7170037e-01 3.6386871e-01 1.2250137e+00
       908 2.2148219e+00 5.7250234e-01 3.6405470e-01 1.2198974e+00
       909 2.2139610e+00 5.7152391e-01 3.6326415e-01 1.2235011e+00
       910 2.2131427e+00 5.7025719e-01 3.6213171e-01 1.2192544e+00
       911 2.2173888e+00 5.7050738e-01 3.6080299e-01 1.2253262e+00
       912 2.2169748e+00 5.6812391e-01 3.5824489e-01 1.2104241e+00
       913 2.2165722e+00 5.6810145e-01 3.5837118e-01 1.2058318e+00
       914 2.2147930e+00 5.7119462e-01 3.6257010e-01 1.2121049e+00
       915 2.2131089e+00 5.6890035e-01 3.6059902e-01 1.2103549e+00
       916 2.2172440e+00 5.6900516e-01 3.5914563e-01 1.2022407e+00
       917 2.2117803e+00 5.7194824e-01 3.6458876e-01 1.2215508e+00
       918 2.2151884e+00 5.6816546e-01 3.5896825e-01 1.2026717e+00
       919 2.2130884e+00 5.6942254e-01 3.6120134e-01 1.2120715e+00
       920 2.2154495e+00 5.6647724e-01 3.5695350e-01 1.1940422e+00
       921 2.2151316e+00 5.6577810e-01 3.5628273e-01 1.1982714e+00
       922 2.2144872e+00 5.6813384e-01 3.5919948e-01 1.1981520e+00
       923 2.2122671e+00 5.6977302e-01 3.6191707e-01 1.2142070e+00
       924 2.2221207e+00 5.6469431e-01 3.5244765e-01 1.1779308e+00
       925 2.2180751e+00 5.6373982e-01 3.5286939e-01 1.1760980e+00
       926 2.2163858e+00 5.6682862e-01 3.5699705e-01 1.1941291e+00
       927 2.2186562e+00 5.6560755e-01 3.5476140e-01 1.1769762e+00
       928 2.2171559e+00 5.6377485e-01 3.5325399e-01 1.1877338e+00
       929 2.2171054e+00 5.6698623e-01 3.5690429e-01 1.1920297e+00
       930 2.2182269e+00 5.6515825e-01 3.5441384e-01 1.1837221e+00
       931 2.2186535e+00 5.6658099e-01 3.5586454e-01 1.1872993e+00
       932 2.2183709e+00 5.6343058e-01 3.5241013e-01 1.1738885e+00
       933 2.2197949e+00 5.6345226e-01 3.5190413e-01 1.1719147e+00
       934 2.2198891e+00 5.6237881e-01 3.5066065e-01 1.1679555e+00
       935 2.2176399e+00 5.6086818e-01 3.4980311e-01 1.1707040e+00
       936 2.2207721e+00 5.6020751e-01 3.4789643e-01 1.1621099e+00
       937 2.2202880e+00 5.6337735e-01 3.5163696e-01 1.1614130e+00
       938 2.2213120e+00 5.6267838e-01 3.5047194e-01 1.1631996e+00
       939 2.2218573e+00 5.6158031e-01 3.4903704e-01 1.1576046e+00
       940 2.2204410e+00 5.6071501e-01 3.4858763e-01 1.1623441e+00
       941 2.2224146e+00 5.6300550e-01 3.5043558e-01 1.1605043e+00
       942 2.2243736e+00 5.5810543e-01 3.4422920e-01 1.1481555e+00
       943 2.2254003e+00 5.5682859e-01 3.4243509e-01 1.1402806e+00
       944 2.2228288e+00 5.5955773e-01 3.4641387e-01 1.1532652e+00
       945 2.2177857e+00 5.5960339e-01 3.4833121e-01 1.1671625e+00
       946 2.2261444e+00 5.5549367e-01 3.4068299e-01 1.1295341e+00
       947 2.2280120e+00 5.5545591e-01 3.3997524e-01 1.1248584e+00
       948 2.2253792e+00 5.6082518e-01 3.4690951e-01 1.1438544e+00
       949 2.2289657e+00 5.5592129e-01 3.4015512e-01 1.1315351e+00
       950 2.2201296e+00 5.6014567e-01 3.4806477e-01 1.1519484e+00
       951 2.2234865e+00 5.5546010e-01 3.4160533e-01 1.1323027e+00
       952 2.2225029e+00 5.5710498e-01 3.4379404e-01 1.1377461e+00
       953 2.2266665e+00 5.5461502e-01 3.3952078e-01 1.1248184e+00
       954 2.2222652e+00 5.5472680e-01 3.4123689e-01 1.1375203e+00
       955 2.2242082e+00 5.5514946e-01 3.4099834e-01 1.1324440e+00
       956 2.2226780e+00 5.5736590e-01 3.4402084e-01 1.1369048e+00
       957 2.2268996e+00 5.5143145e-01 3.3591635e-01 1.1126706e+00
       958 2.2271441e+00 5.5245465e-01 3.3695865e-01 1.1128340e+00
       959 2.2219321e+00 5.5374103e-01 3.4026629e-01 1.1314650e+00
       960 2.2263397e+00 5.5303792e-01 3.3789078e-01 1.1189842e+00
       961 2.2284450e+00 5.4902176e-01 3.3271548e-01 1.1076926e+00
       962 2.2236707e+00 5.5217392e-01 3.3789849e-01 1.1210205e+00
       963 2.2258355e+00 5.5229856e-01 3.3725429e-01 1.1157917e+00
       964 2.2262141e+00 5.5132105e-01 3.3603972e-01 1.1121938e+00
       965 2.2276360e+00 5.5029268e-01 3.3439948e-01 1.1030119e+00
       966 2.2261021e+00 5.5034750e-01 3.3500731e-01 1.1091288e+00
       967 2.2292123e+00 5.5052310e-01 3.3409540e-01 1.0962469e+00
       968 2.2256268e+00 5.5071323e-01 3.3558061e-01 1.1027772e+00
       969 2.2296164e+00 5.5059205e-01 3.3402915e-01 1.1025644e+00
       970 2.2274145e+00 5.5337724e-01 3.3788260e-01 1.1218114e+00
       971 2.2282357e+00 5.4982638e-01 3.3367371e-01 1.1134580e+00
       972 2.2309644e+00 5.4802315e-01 3.3073499e-01 1.1008673e+00
       973 2.2308605e+00 5.4823153e-01 3.3099965e-01 1.0979671e+00
       974 2.2299137e+00 5.4724232e-01 3.3024729e-01 1.1020439e+00
       975 2.2290557e+00 5.4918105e-01 3.3267474e-01 1.1081168e+00
       976 2.2277730e+00 5.4958908e-01 3.3357694e-01 1.1093431e+00
       977 2.2305235e+00 5.4961123e-01 3.3263208e-01 1.1073270e+00
       978 2.2344929e+00 5.4489246e-01 3.2609532e-01 1.0880588e+00
       979 2.2303741e+00 5.4681410e-01 3.2961749e-01 1.0889732e+00
       980 2.2330295e+00 5.4594979e-01 3.2775084e-01 1.0871447e+00
       981 2.2282729e+00 5.4620498e-01 3.2969139e-01 1.0972002e+00
       982 2.2318251e+00 5.4404961e-01 3.2609618e-01 1.0835209e+00
       983 2.2312900e+00 5.4221805e-01 3.2429258e-01 1.0824858e+00
       984 2.2288263e+00 5.4751592e-01 3.3092951e-01 1.0959870e+00
       985 2.2303265e+00 5.4457977e-01 3.2719559e-01 1.0850709e+00
       986 2.2345882e+00 5.4222452e-01 3.2316240e-01 1.0791811e+00
       987 2.2311687e+00 5.4390651e-01 3.2616868e-01 1.0806147e+00
       988 2.2326588e+00 5.4584962e-01 3.2776939e-01 1.0847769e+00
       989 2.2334050e+00 5.4375636e-01 3.2523139e-01 1.0742490e+00
       990 2.2363915e+00 5.4254002e-01 3.2289206e-01 1.0707225e+00
       991 2.2352747e+00 5.4140336e-01 3.2203858e-01 1.0662923e+00
       992 2.2315328e+00 5.4008555e-01 3.2190011e-01 1.0748315e+00
       993 2.2329524e+00 5.4164270e-01 3.2309306e-01 1.0739045e+00
       994 2.2340482e+00 5.4204241e-01 3.2314963e-01 1.0667100e+00
       995 2.2355751e+00 5.3791314e-01 3.1816947e-01 1.0503676e+00
       996 2.2331065e+00 5.3934816e-01 3.2055957e-01 1.0636970e+00
       997 2.2337423e+00 5.3887599e-01 3.1983189e-01 1.0562824e+00
       998 2.2334284e+00 5.3838530e-01 3.1941109e-01 1.0603419e+00
       999 2.2336129e+00 5.3841509e-01 3.1937977e-01 1.0588131e+00
      1000 2.2319753e+00 5.4019364e-01 3.2186326e-01 1.0641048e+00

Final Weights:         0.1999015233         0.4434241898         0.4416185694        -0.5420144380 