# Cycles, Average Predicted Temperature, Stddev Predicted Temperature, Mean Squared Error, || MSE Gradient ||
         0    0.00000    0.00000    5.61302    0.00140
         1    0.00000    0.00000    5.61302    0.00140
         2    0.00000    0.00000    5.61302    0.00139
         3    0.00000    0.00000    5.61302    0.00142
         4    0.00000    0.00000    5.61302    0.00141
         5    0.00000    0.00000    5.61302    0.00138
         6    0.00000    0.00000    5.61302    0.00140
         7    0.00000    0.00000    5.61302    0.00142
         8    0.00000    0.00000    5.61302    0.00142
         9    0.00000    0.00000    5.61302    0.00141
        10    0.00000    0.00000    5.61302    0.00142
        11    0.00000    0.00000    5.61302    0.00141
        12    0.00000    0.00000    5.61302    0.00141
        13    0.00000    0.00000    5.61302    0.00140
        14    0.00000    0.00000    5.61302    0.00139
        15    0.00000    0.00000    5.61302    0.00143
        16    0.00000    0.00000    5.61302    0.00139
        17    0.00000    0.00000    5.61302    0.00140
        18    0.00000    0.00000    5.61302    0.00140
        19    0.00000    0.00000    5.61302    0.00140
        20    0.00000    0.00000    5.61302    0.00142
        21    0.00000    0.00000    5.61302    0.00139
        22    0.00000    0.00000    5.61302    0.00140
        23    0.00000    0.00000    5.61302    0.00143
        24    0.00000    0.00000    5.61302    0.00141
        25    0.00000    0.00000    5.61302    0.00140
        26    0.00000    0.00000    5.61302    0.00139
        27    0.00000    0.00000    5.61302    0.00139
        28    0.00000    0.00000    5.61302    0.00144
        29    0.00000    0.00000    5.61302    0.00142
        30    0.00000    0.00000    5.61302    0.00141
        31    0.00000    0.00000    5.61302    0.00137
        32    0.00000    0.00000    5.61302    0.00142
        33    0.00000    0.00000    5.61302    0.00140
        34    0.00000    0.00000    5.61302    0.00143
        35    0.00000    0.00000    5.61302    0.00138
        36    0.00000    0.00000    5.61302    0.00145
        37    0.00000    0.00000    5.61302    0.00143
        38    0.00000    0.00000    5.61302    0.00140
        39    0.00000    0.00000    5.61302    0.00139
        40    0.00000    0.00000    5.61302    0.00138
        41    0.00000    0.00000    5.61302    0.00143
        42    0.00000    0.00000    5.61302    0.00140
        43    0.00000    0.00000    5.61302    0.00140
        44    0.00000    0.00000    5.61302    0.00141
        45    0.00000    0.00000    5.61302    0.00141
        46    0.00000    0.00000    5.61302    0.00141
        47    0.00000    0.00000    5.61302    0.00140
        48    0.00000    0.00000    5.61302    0.00139
        49    0.00000    0.00000    5.61302    0.00143
        50    0.00000    0.00000    5.61302    0.00141
        51    0.00000    0.00000    5.61302    0.00138
        52    0.00000    0.00000    5.61302    0.00135
        53    0.00000    0.00000    5.61302    0.00139
        54    0.00000    0.00000    5.61302    0.00138
        55    0.00000    0.00000    5.61302    0.00140
        56    0.00000    0.00000    5.61302    0.00145
        57    0.00000    0.00000    5.61302    0.00141
        58    0.00000    0.00000    5.61302    0.00144
        59    0.00000    0.00000    5.61302    0.00139
        60    0.00000    0.00000    5.61302    0.00141
        61    0.00000    0.00000    5.61302    0.00143
        62    0.00000    0.00000    5.61302    0.00140
        63    0.00000    0.00000    5.61302    0.00140
        64    0.00000    0.00000    5.61302    0.00141
        65    0.00000    0.00000    5.61302    0.00139
        66    0.00000    0.00000    5.61302    0.00141
        67    0.00000    0.00000    5.61302    0.00138
        68    0.00000    0.00000    5.61302    0.00142
        69    0.00000    0.00000    5.61302    0.00139
        70    0.00000    0.00000    5.61302    0.00140
        71    0.00000    0.00000    5.61302    0.00144
        72    0.00000    0.00000    5.61302    0.00139
        73    0.00000    0.00000    5.61302    0.00139
        74    0.00000    0.00000    5.61302    0.00139
        75    0.00000    0.00000    5.61302    0.00142
        76    0.00000    0.00000    5.61302    0.00142
        77    0.00000    0.00000    5.61302    0.00141
        78    0.00000    0.00000    5.61302    0.00142
        79    0.00000    0.00000    5.61302    0.00143
        80    0.00000    0.00000    5.61302    0.00144
        81    0.00000    0.00000    5.61302    0.00137
        82    0.00000    0.00000    5.61302    0.00146
        83    0.00000    0.00000    5.61302    0.00142
        84    0.00000    0.00000    5.61302    0.00139
        85    0.00000    0.00000    5.61302    0.00140
        86    0.00000    0.00000    5.61302    0.00141
        87    0.00000    0.00000    5.61302    0.00142
        88    0.00000    0.00000    5.61302    0.00139
        89    0.00000    0.00000    5.61302    0.00141
        90    0.00000    0.00000    5.61302    0.00139
        91    0.00000    0.00000    5.61302    0.00142
        92    0.00000    0.00000    5.61302    0.00144
        93    0.00000    0.00000    5.61302    0.00142
        94    0.00000    0.00000    5.61302    0.00141
        95    0.00000    0.00000    5.61302    0.00143
        96    0.00000    0.00000    5.61302    0.00142
        97    0.00000    0.00000    5.61302    0.00141
        98    0.00000    0.00000    5.61302    0.00140
        99    0.00000    0.00000    5.61302    0.00141
       100    0.00000    0.00000    5.61302    0.00142
       101    0.00000    0.00000    5.61302    0.00146
       102    0.00000    0.00000    5.61302    0.00140
       103    0.00000    0.00000    5.61302    0.00143
       104    0.00000    0.00000    5.61302    0.00138
       105    0.00000    0.00000    5.61302    0.00143
       106    0.00000    0.00000    5.61302    0.00144
       107    0.00000    0.00000    5.61302    0.00143
       108    0.00000    0.00000    5.61302    0.00141
       109    0.00000    0.00000    5.61302    0.00142
       110    0.00000    0.00000    5.61302    0.00141
       111    0.00000    0.00000    5.61302    0.00142
       112    0.00000    0.00000    5.61302    0.00138
       113    0.00000    0.00000    5.61302    0.00139
       114    0.00000    0.00000    5.61302    0.00142
       115    0.00000    0.00000    5.61302    0.00140
       116    0.00000    0.00000    5.61302    0.00140
       117    0.00000    0.00000    5.61302    0.00142
       118    0.00000    0.00000    5.61302    0.00141
       119    0.00000    0.00000    5.61302    0.00142
       120    0.00000    0.00000    5.61302    0.00137
       121    0.00000    0.00000    5.61302    0.00139
       122    0.00000    0.00000    5.61302    0.00141
       123    0.00000    0.00000    5.61302    0.00143
       124    0.00000    0.00000    5.61302    0.00143
       125    0.00000    0.00000    5.61302    0.00143
       126    0.00000    0.00000    5.61302    0.00142
       127    0.00000    0.00000    5.61302    0.00142
       128    0.00000    0.00000    5.61302    0.00144
       129    0.00000    0.00000    5.61302    0.00142
       130    0.00000    0.00000    5.61302    0.00143
       131    0.00000    0.00000    5.61302    0.00143
       132    0.00000    0.00000    5.61302    0.00144
       133    0.00000    0.00000    5.61302    0.00144
       134    0.00000    0.00000    5.61302    0.00143
       135    0.00000    0.00000    5.61302    0.00141
       136    0.00000    0.00000    5.61302    0.00143
       137    0.00000    0.00000    5.61302    0.00140
       138    0.00000    0.00000    5.61302    0.00144
       139    0.00000    0.00000    5.61302    0.00142
       140    0.00000    0.00000    5.61302    0.00142
       141    0.00000    0.00000    5.61302    0.00140
       142    0.00000    0.00000    5.61302    0.00145
       143    0.00000    0.00000    5.61302    0.00144
       144    0.00000    0.00000    5.61302    0.00143
       145    0.00000    0.00000    5.61302    0.00145
       146    0.00000    0.00000    5.61302    0.00144
       147    0.00000    0.00000    5.61302    0.00142
       148    0.00000    0.00000    5.61302    0.00142
       149    0.00000    0.00000    5.61302    0.00143
       150    0.00000    0.00000    5.61302    0.00142
       151    0.00000    0.00000    5.61302    0.00144
       152    0.00000    0.00000    5.61302    0.00139
       153    0.00000    0.00000    5.61302    0.00146
       154    0.00000    0.00000    5.61302    0.00144
       155    0.00000    0.00000    5.61302    0.00139
       156    0.00000    0.00000    5.61302    0.00143
       157    0.00000    0.00000    5.61302    0.00142
       158    0.00000    0.00000    5.61302    0.00143
       159    0.00000    0.00000    5.61302    0.00145
       160    0.00000    0.00000    5.61302    0.00144
       161    0.00000    0.00000    5.61302    0.00146
       162    0.00000    0.00000    5.61302    0.00145
       163    0.00000    0.00000    5.61302    0.00140
       164    0.00000    0.00000    5.61302    0.00147
       165    0.00000    0.00000    5.61302    0.00142
       166    0.00000    0.00000    5.61302    0.00142
       167    0.00000    0.00000    5.61302    0.00144
       168    0.00000    0.00000    5.61302    0.00139
       169    0.00000    0.00000    5.61302    0.00145
       170    0.00000    0.00000    5.61302    0.00144
       171    0.00000    0.00000    5.61302    0.00143
       172    0.00000    0.00000    5.61302    0.00143
       173    0.00000    0.00000    5.61302    0.00144
       174    0.00000    0.00000    5.61302    0.00143
       175    0.00000    0.00000    5.61302    0.00143
       176    0.00000    0.00000    5.61302    0.00142
       177    0.00000    0.00000    5.61302    0.00145
       178    0.00000    0.00000    5.61302    0.00141
       179    0.00000    0.00000    5.61302    0.00142
       180    0.00000    0.00000    5.61302    0.00141
       181    0.00000    0.00000    5.61302    0.00139
       182    0.00000    0.00000    5.61302    0.00144
       183    0.00000    0.00000    5.61302    0.00139
       184    0.00000    0.00000    5.61302    0.00144
       185    0.00000    0.00000    5.61302    0.00144
       186    0.00000    0.00000    5.61302    0.00145
       187    0.00000    0.00000    5.61302    0.00141
       188    0.00000    0.00000    5.61302    0.00143
       189    0.00000    0.00000    5.61302    0.00142
       190    0.00000    0.00000    5.61302    0.00143
       191    0.00000    0.00000    5.61302    0.00145
       192    0.00000    0.00000    5.61302    0.00145
       193    0.00000    0.00000    5.61302    0.00141
       194    0.00000    0.00000    5.61302    0.00144
       195    0.00000    0.00000    5.61302    0.00145
       196    0.00000    0.00000    5.61302    0.00142
       197    0.00000    0.00000    5.61302    0.00143
       198    0.00000    0.00000    5.61302    0.00141
       199    0.00000    0.00000    5.61302    0.00145
       200    0.00000    0.00000    5.61302    0.00143
       201    0.00000    0.00000    5.61302    0.00146
       202    0.00000    0.00000    5.61302    0.00143
       203    0.00000    0.00000    5.61302    0.00144
       204    0.00000    0.00000    5.61302    0.00142
       205    0.00000    0.00000    5.61302    0.00142
       206    0.00000    0.00000    5.61302    0.00141
       207    0.00000    0.00000    5.61302    0.00147
       208    0.00000    0.00000    5.61302    0.00143
       209    0.00000    0.00000    5.61302    0.00142
       210    0.00000    0.00000    5.61302    0.00143
       211    0.00000    0.00000    5.61302    0.00140
       212    0.00000    0.00000    5.61302    0.00146
       213    0.00000    0.00000    5.61302    0.00143
       214    0.00000    0.00000    5.61302    0.00144
       215    0.00000    0.00000    5.61302    0.00142
       216    0.00000    0.00000    5.61302    0.00140
       217    0.00000    0.00000    5.61302    0.00144
       218    0.00000    0.00000    5.61302    0.00146
       219    0.00000    0.00000    5.61302    0.00143
       220    0.00000    0.00000    5.61302    0.00142
       221    0.00000    0.00000    5.61302    0.00142
       222    0.00000    0.00000    5.61302    0.00144
       223    0.00000    0.00000    5.61302    0.00145
       224    0.00000    0.00000    5.61302    0.00142
       225    0.00000    0.00000    5.61302    0.00145
       226    0.00000    0.00000    5.61302    0.00142
       227    0.00000    0.00000    5.61302    0.00145
       228    0.00000    0.00000    5.61302    0.00139
       229    0.00000    0.00000    5.61302    0.00145
       230    0.00000    0.00000    5.61302    0.00143
       231    0.00000    0.00000    5.61302    0.00143
       232    0.00000    0.00000    5.61302    0.00142
       233    0.00000    0.00000    5.61302    0.00146
       234    0.00000    0.00000    5.61302    0.00147
       235    0.00000    0.00000    5.61302    0.00145
       236    0.00000    0.00000    5.61302    0.00146
       237    0.00000    0.00000    5.61302    0.00143
       238    0.00000    0.00000    5.61302    0.00145
       239    0.00000    0.00000    5.61302    0.00145
       240    0.00000    0.00000    5.61302    0.00144
       241    0.00000    0.00000    5.61302    0.00144
       242    0.00000    0.00000    5.61302    0.00144
       243    0.00000    0.00000    5.61302    0.00147
       244    0.00000    0.00000    5.61302    0.00145
       245    0.00000    0.00000    5.61302    0.00144
       246    0.00000    0.00000    5.61302    0.00145
       247    0.00000    0.00000    5.61302    0.00144
       248    0.00000    0.00000    5.61302    0.00142
       249    0.00000    0.00000    5.61302    0.00145
       250    0.00000    0.00000    5.61302    0.00145
       251    0.00000    0.00000    5.61302    0.00145
       252    0.00000    0.00000    5.61302    0.00145
       253    0.00000    0.00000    5.61302    0.00147
       254    0.00000    0.00000    5.61302    0.00142
       255    0.00000    0.00000    5.61302    0.00143
       256    0.00000    0.00000    5.61302    0.00142
       257    0.00000    0.00000    5.61302    0.00142
       258    0.00000    0.00000    5.61302    0.00145
       259    0.00000    0.00000    5.61302    0.00147
       260    0.00000    0.00000    5.61302    0.00143
       261    0.00000    0.00000    5.61302    0.00145
       262    0.00000    0.00000    5.61302    0.00145
       263    0.00000    0.00000    5.61302    0.00142
       264    0.00000    0.00000    5.61302    0.00145
       265    0.00000    0.00000    5.61302    0.00141
       266    0.00000    0.00000    5.61302    0.00144
       267    0.00000    0.00000    5.61302    0.00146
       268    0.00000    0.00000    5.61302    0.00148
       269    0.00000    0.00000    5.61302    0.00145
       270    0.00000    0.00000    5.61302    0.00145
       271    0.00000    0.00000    5.61302    0.00146
       272    0.00000    0.00000    5.61302    0.00145
       273    0.00000    0.00000    5.61302    0.00146
       274    0.00000    0.00000    5.61302    0.00145
       275    0.00000    0.00000    5.61302    0.00145
       276    0.00000    0.00000    5.61302    0.00146
       277    0.00000    0.00000    5.61302    0.00146
       278    0.00000    0.00000    5.61302    0.00144
       279    0.00000    0.00000    5.61302    0.00144
       280    0.00000    0.00000    5.61302    0.00145
       281    0.00000    0.00000    5.61302    0.00144
       282    0.00000    0.00000    5.61302    0.00145
       283    0.00000    0.00000    5.61302    0.00146
       284    0.00000    0.00000    5.61302    0.00145
       285    0.00000    0.00000    5.61302    0.00142
       286    0.00000    0.00000    5.61302    0.00146
       287    0.00000    0.00000    5.61302    0.00146
       288    0.00000    0.00000    5.61302    0.00146
       289    0.00000    0.00000    5.61302    0.00149
       290    0.00000    0.00000    5.61302    0.00143
       291    0.00000    0.00000    5.61302    0.00145
       292    0.00000    0.00000    5.61302    0.00140
       293    0.00000    0.00000    5.61302    0.00140
       294    0.00000    0.00000    5.61302    0.00144
       295    0.00000    0.00000    5.61302    0.00146
       296    0.00000    0.00000    5.61302    0.00142
       297    0.00000    0.00000    5.61302    0.00146
       298    0.00000    0.00000    5.61302    0.00143
       299    0.00000    0.00000    5.61302    0.00143
       300    0.00000    0.00000    5.61302    0.00144
       301    0.00000    0.00000    5.61302    0.00144
       302    0.00000    0.00000    5.61302    0.00148
       303    0.00000    0.00000    5.61302    0.00144
       304    0.00000    0.00000    5.61302    0.00143
       305    0.00000    0.00000    5.61302    0.00143
       306    0.00000    0.00000    5.61302    0.00146
       307    0.00000    0.00000    5.61302    0.00143
       308    0.00000    0.00000    5.61302    0.00148
       309    0.00000    0.00000    5.61302    0.00143
       310    0.00000    0.00000    5.61302    0.00143
       311    0.00000    0.00000    5.61302    0.00144
       312    0.00000    0.00000    5.61302    0.00145
       313    0.00000    0.00000    5.61302    0.00144
       314    0.00000    0.00000    5.61302    0.00142
       315    0.00000    0.00000    5.61302    0.00142
       316    0.00000    0.00000    5.61302    0.00145
       317    0.00000    0.00000    5.61302    0.00146
       318    0.00000    0.00000    5.61302    0.00145
       319    0.00000    0.00000    5.61302    0.00145
       320    0.00000    0.00000    5.61302    0.00146
       321    0.00000    0.00001    5.61302    0.00151
       322    0.00000    0.00000    5.61302    0.00143
       323    0.00000    0.00000    5.61302    0.00147
       324    0.00000    0.00000    5.61302    0.00142
       325    0.00000    0.00000    5.61302    0.00142
       326    0.00000    0.00000    5.61302    0.00146
       327    0.00000    0.00000    5.61302    0.00145
       328    0.00000    0.00000    5.61302    0.00140
       329    0.00000    0.00000    5.61302    0.00145
       330    0.00000    0.00000    5.61302    0.00148
       331    0.00000    0.00000    5.61302    0.00145
       332    0.00000    0.00000    5.61302    0.00145
       333    0.00000    0.00000    5.61302    0.00146
       334    0.00000    0.00000    5.61302    0.00144
       335    0.00000    0.00000    5.61302    0.00148
       336    0.00000    0.00000    5.61302    0.00141
       337    0.00000    0.00000    5.61302    0.00144
       338    0.00000    0.00001    5.61302    0.00149
       339    0.00000    0.00000    5.61302    0.00145
       340    0.00000    0.00000    5.61302    0.00145
       341    0.00000    0.00000    5.61302    0.00145
       342    0.00000    0.00000    5.61302    0.00145
       343    0.00000    0.00000    5.61302    0.00146
       344    0.00000    0.00000    5.61302    0.00147
       345    0.00000    0.00000    5.61302    0.00147
       346    0.00000    0.00000    5.61302    0.00148
       347    0.00000    0.00000    5.61302    0.00145
       348    0.00000    0.00000    5.61302    0.00146
       349    0.00000    0.00000    5.61302    0.00147
       350    0.00000    0.00000    5.61302    0.00146
       351    0.00000    0.00000    5.61302    0.00148
       352    0.00000    0.00000    5.61302    0.00147
       353    0.00000    0.00000    5.61302    0.00146
       354    0.00000    0.00000    5.61302    0.00144
       355    0.00000    0.00000    5.61302    0.00146
       356    0.00000    0.00000    5.61302    0.00147
       357    0.00000    0.00000    5.61302    0.00147
       358    0.00000    0.00000    5.61302    0.00149
       359    0.00000    0.00000    5.61302    0.00145
       360    0.00000    0.00000    5.61302    0.00149
       361    0.00000    0.00000    5.61302    0.00148
       362    0.00000    0.00000    5.61302    0.00145
       363    0.00000    0.00000    5.61302    0.00146
       364    0.00000    0.00000    5.61302    0.00149
       365    0.00000    0.00000    5.61302    0.00148
       366    0.00000    0.00000    5.61302    0.00144
       367    0.00000    0.00000    5.61302    0.00145
       368    0.00000    0.00000    5.61302    0.00148
       369    0.00000    0.00000    5.61302    0.00142
       370    0.00000    0.00000    5.61302    0.00148
       371    0.00000    0.00000    5.61302    0.00145
       372    0.00000    0.00000    5.61302    0.00146
       373    0.00000    0.00000    5.61302    0.00148
       374    0.00000    0.00000    5.61302    0.00144
       375    0.00000    0.00000    5.61302    0.00148
       376    0.00000    0.00000    5.61302    0.00145
       377    0.00000    0.00001    5.61302    0.00148
       378    0.00000    0.00000    5.61302    0.00147
       379    0.00000    0.00000    5.61302    0.00144
       380    0.00000    0.00000    5.61302    0.00144
       381    0.00000    0.00000    5.61302    0.00146
       382    0.00000    0.00000    5.61302    0.00145
       383    0.00000    0.00000    5.61302    0.00146
       384    0.00000    0.00000    5.61302    0.00147
       385    0.00000    0.00000    5.61302    0.00148
       386    0.00000    0.00000    5.61302    0.00148
       387    0.00000    0.00000    5.61302    0.00146
       388    0.00000    0.00000    5.61302    0.00148
       389    0.00000    0.00000    5.61302    0.00145
       390    0.00000    0.00000    5.61302    0.00147
       391    0.00000    0.00001    5.61302    0.00149
       392    0.00000    0.00000    5.61302    0.00143
       393    0.00000    0.00000    5.61302    0.00148
       394    0.00000    0.00001    5.61302    0.00148
       395    0.00000    0.00000    5.61302    0.00148
       396    0.00000    0.00000    5.61302    0.00145
       397    0.00000    0.00000    5.61302    0.00146
       398    0.00000    0.00000    5.61302    0.00142
       399    0.00000    0.00000    5.61302    0.00148
       400    0.00000    0.00000    5.61302    0.00142
       401    0.00000    0.00000    5.61302    0.00148
       402    0.00000    0.00000    5.61302    0.00144
       403    0.00000    0.00000    5.61302    0.00147
       404    0.00000    0.00000    5.61302    0.00149
       405    0.00000    0.00000    5.61302    0.00146
       406    0.00000    0.00000    5.61302    0.00148
       407    0.00000    0.00000    5.61302    0.00148
       408    0.00000    0.00000    5.61302    0.00148
       409    0.00000    0.00001    5.61302    0.00149
       410    0.00000    0.00000    5.61302    0.00149
       411    0.00000    0.00000    5.61302    0.00148
       412    0.00000    0.00000    5.61302    0.00147
       413    0.00000    0.00000    5.61302    0.00148
       414    0.00000    0.00000    5.61302    0.00146
       415    0.00000    0.00000    5.61302    0.00144
       416    0.00000    0.00000    5.61302    0.00147
       417    0.00000    0.00001    5.61302    0.00148
       418    0.00000    0.00000    5.61302    0.00147
       419    0.00000    0.00000    5.61302    0.00148
       420    0.00000    0.00000    5.61302    0.00149
       421    0.00000    0.00000    5.61302    0.00146
       422    0.00000    0.00000    5.61302    0.00141
       423    0.00000    0.00000    5.61302    0.00147
       424    0.00000    0.00000    5.61302    0.00149
       425    0.00000    0.00001    5.61302    0.00150
       426    0.00000    0.00000    5.61302    0.00149
       427    0.00000    0.00000    5.61302    0.00151
       428    0.00000    0.00000    5.61302    0.00147
       429    0.00000    0.00000    5.61302    0.00147
       430    0.00000    0.00000    5.61302    0.00145
       431    0.00000    0.00000    5.61302    0.00146
       432    0.00000    0.00001    5.61302    0.00150
       433    0.00000    0.00000    5.61302    0.00149
       434    0.00000    0.00000    5.61302    0.00145
       435    0.00000    0.00000    5.61302    0.00147
       436    0.00000    0.00000    5.61302    0.00145
       437    0.00000    0.00000    5.61302    0.00146
       438    0.00000    0.00000    5.61302    0.00145
       439    0.00000    0.00000    5.61302    0.00149
       440    0.00000    0.00000    5.61302    0.00147
       441    0.00000    0.00000    5.61302    0.00148
       442    0.00000    0.00000    5.61302    0.00150
       443    0.00000    0.00000    5.61302    0.00147
       444    0.00000    0.00000    5.61302    0.00148
       445    0.00000    0.00000    5.61302    0.00149
       446    0.00000    0.00000    5.61302    0.00143
       447    0.00000    0.00001    5.61302    0.00150
       448    0.00000    0.00000    5.61302    0.00149
       449    0.00000    0.00000    5.61302    0.00150
       450    0.00000    0.00000    5.61302    0.00148
       451    0.00000    0.00000    5.61302    0.00147
       452    0.00000    0.00000    5.61302    0.00145
       453    0.00000    0.00000    5.61302    0.00148
       454    0.00000    0.00000    5.61302    0.00146
       455    0.00000    0.00000    5.61302    0.00148
       456    0.00000    0.00000    5.61302    0.00148
       457    0.00000    0.00000    5.61302    0.00148
       458    0.00000    0.00000    5.61302    0.00146
       459    0.00000    0.00000    5.61302    0.00146
       460    0.00000    0.00000    5.61302    0.00149
       461    0.00000    0.00000    5.61302    0.00145
       462    0.00000    0.00000    5.61302    0.00148
       463    0.00000    0.00000    5.61302    0.00148
       464    0.00000    0.00000    5.61302    0.00145
       465    0.00000    0.00000    5.61302    0.00148
       466    0.00000    0.00000    5.61302    0.00147
       467    0.00000    0.00000    5.61302    0.00147
       468    0.00000    0.00001    5.61302    0.00151
       469    0.00000    0.00000    5.61302    0.00146
       470    0.00000    0.00001    5.61302    0.00150
       471    0.00000    0.00000    5.61302    0.00146
       472    0.00000    0.00000    5.61302    0.00148
       473    0.00000    0.00000    5.61302    0.00148
       474    0.00000    0.00000    5.61302    0.00146
       475    0.00000    0.00000    5.61302    0.00148
       476    0.00000    0.00000    5.61302    0.00151
       477    0.00000    0.00000    5.61302    0.00146
       478    0.00000    0.00000    5.61302    0.00148
       479    0.00000    0.00001    5.61302    0.00149
       480    0.00000    0.00001    5.61302    0.00148
       481    0.00000    0.00000    5.61302    0.00147
       482    0.00000    0.00000    5.61302    0.00148
       483    0.00000    0.00000    5.61302    0.00148
       484    0.00000    0.00001    5.61302    0.00148
       485    0.00000    0.00001    5.61302    0.00148
       486    0.00000    0.00000    5.61302    0.00145
       487    0.00000    0.00001    5.61302    0.00150
       488    0.00000    0.00000    5.61302    0.00147
       489    0.00000    0.00000    5.61302    0.00147
       490    0.00000    0.00000    5.61302    0.00149
       491    0.00000    0.00001    5.61302    0.00149
       492    0.00000    0.00000    5.61302    0.00146
       493    0.00000    0.00001    5.61302    0.00147
       494    0.00000    0.00000    5.61302    0.00144
       495    0.00000    0.00000    5.61302    0.00147
       496    0.00000    0.00000    5.61302    0.00146
       497    0.00000    0.00000    5.61302    0.00147
       498    0.00000    0.00001    5.61302    0.00148
       499    0.00000    0.00000    5.61302    0.00146
       500    0.00000    0.00000    5.61302    0.00149
       501    0.00000    0.00000    5.61302    0.00147
       502    0.00000    0.00000    5.61302    0.00146
       503    0.00000    0.00000    5.61302    0.00147
       504    0.00000    0.00000    5.61302    0.00148
       505    0.00000    0.00000    5.61302    0.00148
       506    0.00000    0.00000    5.61302    0.00148
       507    0.00000    0.00001    5.61302    0.00150
       508    0.00000    0.00000    5.61302    0.00149
       509    0.00000    0.00000    5.61302    0.00150
       510    0.00000    0.00000    5.61302    0.00147
       511    0.00000    0.00000    5.61302    0.00148
       512    0.00000    0.00001    5.61302    0.00151
       513    0.00000    0.00000    5.61302    0.00147
       514    0.00000    0.00001    5.61302    0.00151
       515    0.00000    0.00001    5.61302    0.00149
       516    0.00000    0.00000    5.61302    0.00146
       517    0.00000    0.00000    5.61302    0.00148
       518    0.00000    0.00000    5.61302    0.00146
       519    0.00000    0.00000    5.61302    0.00147
       520    0.00000    0.00000    5.61302    0.00148
       521    0.00000    0.00000    5.61302    0.00146
       522    0.00000    0.00001    5.61302    0.00149
       523    0.00000    0.00001    5.61302    0.00148
       524    0.00000    0.00001    5.61302    0.00151
       525    0.00000    0.00000    5.61302    0.00146
       526    0.00000    0.00000    5.61302    0.00149
       527    0.00000    0.00000    5.61302    0.00146
       528    0.00000    0.00000    5.61302    0.00148
       529    0.00000    0.00001    5.61302    0.00150
       530    0.00000    0.00000    5.61302    0.00149
       531    0.00000    0.00000    5.61302    0.00148
       532    0.00000    0.00000    5.61302    0.00146
       533    0.00000    0.00001    5.61302    0.00154
       534    0.00000    0.00001    5.61302    0.00152
       535    0.00000    0.00001    5.61302    0.00151
       536    0.00000    0.00001    5.61302    0.00153
       537    0.00000    0.00001    5.61302    0.00149
       538    0.00000    0.00000    5.61302    0.00149
       539    0.00000    0.00000    5.61302    0.00146
       540    0.00000    0.00000    5.61302    0.00148
       541    0.00000    0.00001    5.61302    0.00150
       542    0.00000    0.00000    5.61302    0.00149
       543    0.00000    0.00000    5.61302    0.00145
       544    0.00000    0.00001    5.61302    0.00151
       545    0.00000    0.00000    5.61302    0.00148
       546    0.00000    0.00001    5.61302    0.00148
       547    0.00000    0.00001    5.61302    0.00150
       548    0.00000    0.00001    5.61302    0.00151
       549    0.00000    0.00000    5.61302    0.00148
       550    0.00000    0.00000    5.61302    0.00150
       551    0.00000    0.00000    5.61302    0.00148
       552    0.00000    0.00001    5.61302    0.00149
       553    0.00000    0.00000    5.61302    0.00149
       554    0.00000    0.00001    5.61302    0.00150
       555    0.00000    0.00001    5.61302    0.00148
       556    0.00000    0.00001    5.61302    0.00148
       557    0.00000    0.00001    5.61302    0.00150
       558    0.00000    0.00001    5.61302    0.00151
       559    0.00000    0.00000    5.61302    0.00150
       560    0.00000    0.00001    5.61302    0.00149
       561    0.00000    0.00000    5.61302    0.00147
       562    0.00000    0.00001    5.61302    0.00150
       563    0.00000    0.00000    5.61302    0.00147
       564    0.00000    0.00001    5.61302    0.00153
       565    0.00000    0.00001    5.61302    0.00148
       566    0.00000    0.00001    5.61302    0.00147
       567    0.00000    0.00001    5.61302    0.00151
       568    0.00000    0.00000    5.61302    0.00149
       569    0.00000    0.00001    5.61302    0.00152
       570    0.00000    0.00001    5.61302    0.00154
       571    0.00000    0.00001    5.61302    0.00152
       572    0.00000    0.00001    5.61302    0.00149
       573    0.00000    0.00001    5.61302    0.00150
       574    0.00000    0.00001    5.61302    0.00150
       575    0.00000    0.00001    5.61302    0.00150
       576    0.00000    0.00001    5.61302    0.00151
       577    0.00000    0.00001    5.61302    0.00151
       578    0.00000    0.00001    5.61302    0.00148
       579    0.00000    0.00001    5.61302    0.00153
       580    0.00000    0.00001    5.61302    0.00148
       581    0.00000    0.00001    5.61302    0.00151
       582    0.00000    0.00000    5.61302    0.00148
       583    0.00000    0.00000    5.61302    0.00146
       584    0.00000    0.00001    5.61302    0.00150
       585    0.00000    0.00001    5.61302    0.00152
       586    0.00000    0.00001    5.61302    0.00150
       587    0.00000    0.00000    5.61302    0.00148
       588    0.00000    0.00001    5.61302    0.00148
       589    0.00000    0.00000    5.61302    0.00149
       590    0.00000    0.00001    5.61302    0.00151
       591    0.00000    0.00001    5.61302    0.00152
       592    0.00000    0.00001    5.61302    0.00153
       593    0.00000    0.00001    5.61302    0.00152
       594    0.00000    0.00001    5.61302    0.00149
       595    0.00000    0.00000    5.61302    0.00148
       596    0.00000    0.00000    5.61302    0.00150
       597    0.00000    0.00001    5.61302    0.00149
       598    0.00000    0.00001    5.61302    0.00149
       599    0.00000    0.00001    5.61302    0.00152
       600    0.00000    0.00001    5.61302    0.00148
       601    0.00000    0.00001    5.61302    0.00149
       602    0.00000    0.00001    5.61302    0.00152
       603    0.00000    0.00001    5.61302    0.00148
       604    0.00000    0.00001    5.61302    0.00149
       605    0.00000    0.00001    5.61302    0.00149
       606    0.00000    0.00001    5.61302    0.00149
       607    0.00000    0.00000    5.61302    0.00147
       608    0.00000    0.00001    5.61302    0.00150
       609    0.00000    0.00001    5.61302    0.00149
       610    0.00000    0.00001    5.61302    0.00150
       611    0.00000    0.00001    5.61302    0.00150
       612    0.00000    0.00001    5.61302    0.00148
       613    0.00000    0.00001    5.61302    0.00150
       614    0.00000    0.00001    5.61302    0.00150
       615    0.00000    0.00001    5.61302    0.00153
       616    0.00000    0.00001    5.61302    0.00150
       617    0.00000    0.00001    5.61302    0.00150
       618    0.00000    0.00001    5.61302    0.00150
       619    0.00000    0.00001    5.61302    0.00151
       620    0.00000    0.00001    5.61302    0.00148
       621    0.00000    0.00001    5.61302    0.00150
       622    0.00000    0.00001    5.61302    0.00149
       623    0.00000    0.00001    5.61302    0.00149
       624    0.00000    0.00000    5.61302    0.00148
       625    0.00000    0.00001    5.61302    0.00152
       626    0.00000    0.00000    5.61302    0.00147
       627    0.00000    0.00001    5.61302    0.00152
       628    0.00000    0.00000    5.61302    0.00147
       629    0.00000    0.00001    5.61302    0.00151
       630    0.00000    0.00000    5.61302    0.00147
       631    0.00000    0.00001    5.61302    0.00150
       632    0.00000    0.00001    5.61302    0.00149
       633    0.00000    0.00001    5.61302    0.00154
       634    0.00000    0.00001    5.61302    0.00150
       635    0.00000    0.00001    5.61302    0.00151
       636    0.00000    0.00001    5.61302    0.00153
       637    0.00000    0.00001    5.61302    0.00151
       638    0.00000    0.00001    5.61302    0.00150
       639    0.00000    0.00001    5.61302    0.00149
       640    0.00000    0.00001    5.61302    0.00150
       641    0.00000    0.00001    5.61302    0.00150
       642    0.00000    0.00001    5.61302    0.00152
       643    0.00000    0.00001    5.61302    0.00153
       644    0.00000    0.00000    5.61302    0.00151
       645    0.00000    0.00001    5.61302    0.00151
       646    0.00000    0.00001    5.61302    0.00154
       647    0.00000    0.00001    5.61302    0.00149
       648    0.00000    0.00001    5.61302    0.00148
       649    0.00000    0.00001    5.61302    0.00151
       650    0.00000    0.00001    5.61302    0.00151
       651    0.00000    0.00001    5.61302    0.00152
       652    0.00000    0.00001    5.61302    0.00154
       653    0.00000    0.00001    5.61302    0.00152
       654    0.00000    0.00001    5.61302    0.00152
       655    0.00000    0.00001    5.61302    0.00153
       656    0.00000    0.00001    5.61302    0.00151
       657    0.00000    0.00000    5.61302    0.00149
       658    0.00000    0.00001    5.61302    0.00151
       659    0.00000    0.00001    5.61302    0.00149
       660    0.00000    0.00001    5.61302    0.00147
       661    0.00000    0.00001    5.61302    0.00154
       662    0.00000    0.00001    5.61302    0.00150
       663    0.00000    0.00001    5.61302    0.00153
       664    0.00000    0.00001    5.61302    0.00152
       665    0.00000    0.00001    5.61302    0.00154
       666    0.00000    0.00000    5.61302    0.00148
       667    0.00000    0.00001    5.61302    0.00154
       668    0.00000    0.00001    5.61302    0.00149
       669    0.00000    0.00001    5.61302    0.00155
       670    0.00000    0.00001    5.61302    0.00153
       671    0.00000    0.00001    5.61302    0.00150
       672    0.00000    0.00001    5.61302    0.00153
       673    0.00000    0.00001    5.61302    0.00151
       674    0.00000    0.00001    5.61302    0.00152
       675    0.00000    0.00001    5.61302    0.00148
       676    0.00000    0.00001    5.61302    0.00152
       677    0.00000    0.00001    5.61302    0.00150
       678    0.00000    0.00001    5.61302    0.00154
       679    0.00000    0.00001    5.61302    0.00152
       680    0.00000    0.00001    5.61302    0.00151
       681    0.00000    0.00001    5.61302    0.00151
       682    0.00000    0.00001    5.61302    0.00147
       683    0.00000    0.00001    5.61302    0.00153
       684    0.00000    0.00001    5.61302    0.00150
       685    0.00000    0.00001    5.61302    0.00151
       686    0.00000    0.00001    5.61302    0.00153
       687    0.00000    0.00001    5.61302    0.00152
       688    0.00000    0.00001    5.61302    0.00152
       689    0.00000    0.00001    5.61302    0.00149
       690    0.00000    0.00001    5.61302    0.00149
       691    0.00000    0.00001    5.61302    0.00154
       692    0.00000    0.00001    5.61302    0.00153
       693    0.00000    0.00001    5.61302    0.00153
       694    0.00000    0.00001    5.61302    0.00150
       695    0.00000    0.00001    5.61302    0.00150
       696    0.00000    0.00001    5.61302    0.00150
       697    0.00000    0.00001    5.61302    0.00152
       698    0.00000    0.00001    5.61302    0.00152
       699    0.00000    0.00001    5.61302    0.00150
       700    0.00000    0.00001    5.61302    0.00150
       701    0.00000    0.00001    5.61302    0.00152
       702    0.00000    0.00001    5.61302    0.00153
       703    0.00000    0.00001    5.61302    0.00152
       704    0.00000    0.00001    5.61302    0.00152
       705    0.00000    0.00001    5.61302    0.00152
       706    0.00000    0.00001    5.61302    0.00153
       707    0.00000    0.00001    5.61302    0.00151
       708    0.00000    0.00001    5.61302    0.00153
       709    0.00000    0.00001    5.61302    0.00155
       710    0.00000    0.00001    5.61302    0.00152
       711    0.00000    0.00001    5.61302    0.00153
       712    0.00000    0.00001    5.61302    0.00153
       713    0.00000    0.00000    5.61302    0.00149
       714    0.00000    0.00001    5.61302    0.00151
       715    0.00000    0.00001    5.61302    0.00153
       716    0.00000    0.00001    5.61302    0.00149
       717    0.00000    0.00001    5.61302    0.00150
       718    0.00000    0.00001    5.61302    0.00153
       719    0.00000    0.00001    5.61302    0.00155
       720    0.00000    0.00001    5.61302    0.00151
       721    0.00000    0.00001    5.61302    0.00153
       722    0.00000    0.00001    5.61302    0.00153
       723    0.00000    0.00001    5.61302    0.00152
       724    0.00000    0.00001    5.61302    0.00154
       725    0.00000    0.00001    5.61302    0.00154
       726    0.00000    0.00001    5.61302    0.00151
       727    0.00000    0.00001    5.61302    0.00152
       728    0.00000    0.00001    5.61302    0.00153
       729    0.00000    0.00001    5.61302    0.00152
       730    0.00000    0.00001    5.61302    0.00151
       731    0.00000    0.00001    5.61302    0.00155
       732    0.00000    0.00001    5.61302    0.00150
       733    0.00000    0.00001    5.61302    0.00155
       734    0.00000    0.00001    5.61302    0.00153
       735    0.00000    0.00001    5.61302    0.00155
       736    0.00000    0.00001    5.61302    0.00151
       737    0.00000    0.00001    5.61302    0.00153
       738    0.00000    0.00001    5.61302    0.00152
       739    0.00000    0.00001    5.61302    0.00152
       740    0.00000    0.00001    5.61302    0.00153
       741    0.00000    0.00001    5.61302    0.00155
       742    0.00000    0.00001    5.61302    0.00154
       743    0.00000    0.00001    5.61302    0.00153
       744    0.00000    0.00001    5.61302    0.00153
       745    0.00000    0.00001    5.61302    0.00152
       746    0.00000    0.00001    5.61302    0.00150
       747    0.00000    0.00001    5.61302    0.00154
       748    0.00000    0.00001    5.61302    0.00151
       749    0.00000    0.00001    5.61302    0.00151
       750    0.00000    0.00001    5.61302    0.00151
       751    0.00000    0.00001    5.61302    0.00155
       752    0.00000    0.00001    5.61302    0.00152
       753    0.00000    0.00001    5.61302    0.00154
       754    0.00000    0.00001    5.61302    0.00152
       755    0.00000    0.00001    5.61302    0.00154
       756    0.00000    0.00001    5.61302    0.00155
       757    0.00000    0.00001    5.61302    0.00152
       758    0.00000    0.00001    5.61302    0.00152
       759    0.00000    0.00001    5.61302    0.00153
       760    0.00000    0.00001    5.61302    0.00153
       761    0.00000    0.00001    5.61302    0.00154
       762    0.00000    0.00001    5.61302    0.00153
       763    0.00000    0.00001    5.61302    0.00155
       764    0.00000    0.00001    5.61302    0.00159
       765    0.00000    0.00001    5.61302    0.00153
       766    0.00000    0.00001    5.61302    0.00156
       767    0.00000    0.00001    5.61302    0.00151
       768    0.00000    0.00001    5.61302    0.00156
       769    0.00000    0.00001    5.61302    0.00152
       770    0.00000    0.00001    5.61302    0.00155
       771    0.00000    0.00001    5.61302    0.00152
       772    0.00000    0.00001    5.61302    0.00154
       773    0.00000    0.00001    5.61302    0.00152
       774    0.00000    0.00001    5.61302    0.00154
       775    0.00000    0.00001    5.61302    0.00155
       776    0.00000    0.00001    5.61302    0.00154
       777    0.00000    0.00001    5.61302    0.00154
       778    0.00000    0.00001    5.61302    0.00150
       779    0.00000    0.00001    5.61302    0.00152
       780    0.00000    0.00001    5.61302    0.00153
       781    0.00000    0.00001    5.61302    0.00156
       782    0.00000    0.00001    5.61302    0.00154
       783    0.00000    0.00001    5.61302    0.00152
       784    0.00000    0.00001    5.61302    0.00150
       785    0.00000    0.00001    5.61302    0.00154
       786    0.00000    0.00001    5.61302    0.00151
       787    0.00000    0.00001    5.61302    0.00153
       788    0.00000    0.00001    5.61302    0.00154
       789    0.00000    0.00001    5.61302    0.00154
       790    0.00000    0.00001    5.61302    0.00151
       791    0.00000    0.00001    5.61302    0.00152
       792    0.00000    0.00001    5.61302    0.00155
       793    0.00000    0.00001    5.61302    0.00156
       794    0.00000    0.00001    5.61302    0.00154
       795    0.00000    0.00001    5.61302    0.00153
       796    0.00000    0.00001    5.61302    0.00155
       797    0.00000    0.00001    5.61302    0.00150
       798    0.00000    0.00001    5.61302    0.00151
       799    0.00000    0.00001    5.61302    0.00153
       800    0.00000    0.00001    5.61302    0.00152
       801    0.00000    0.00001    5.61302    0.00152
       802    0.00000    0.00001    5.61302    0.00152
       803    0.00000    0.00001    5.61302    0.00154
       804    0.00000    0.00001    5.61302    0.00155
       805    0.00000    0.00001    5.61302    0.00156
       806    0.00000    0.00001    5.61302    0.00154
       807    0.00000    0.00001    5.61302    0.00154
       808    0.00000    0.00001    5.61302    0.00155
       809    0.00000    0.00001    5.61302    0.00153
       810    0.00000    0.00001    5.61302    0.00153
       811    0.00000    0.00001    5.61302    0.00149
       812    0.00000    0.00001    5.61302    0.00155
       813    0.00000    0.00001    5.61302    0.00151
       814    0.00000    0.00001    5.61302    0.00156
       815    0.00000    0.00001    5.61302    0.00152
       816    0.00000    0.00001    5.61302    0.00154
       817    0.00000    0.00001    5.61302    0.00154
       818    0.00000    0.00001    5.61302    0.00157
       819    0.00000    0.00001    5.61302    0.00152
       820    0.00000    0.00001    5.61302    0.00152
       821    0.00000    0.00001    5.61302    0.00154
       822    0.00000    0.00001    5.61302    0.00153
       823    0.00000    0.00001    5.61302    0.00153
       824    0.00000    0.00001    5.61302    0.00151
       825    0.00000    0.00001    5.61302    0.00154
       826    0.00000    0.00001    5.61302    0.00155
       827    0.00000    0.00001    5.61302    0.00156
       828    0.00000    0.00001    5.61302    0.00154
       829    0.00000    0.00001    5.61302    0.00157
       830    0.00000    0.00001    5.61302    0.00155
       831    0.00000    0.00001    5.61302    0.00156
       832    0.00000    0.00001    5.61302    0.00155
       833    0.00000    0.00001    5.61302    0.00154
       834    0.00000    0.00001    5.61302    0.00151
       835    0.00000    0.00001    5.61302    0.00155
       836    0.00000    0.00001    5.61302    0.00153
       837    0.00000    0.00001    5.61302    0.00155
       838    0.00000    0.00001    5.61302    0.00151
       839    0.00000    0.00001    5.61302    0.00151
       840    0.00000    0.00001    5.61302    0.00152
       841    0.00000    0.00001    5.61302    0.00156
       842    0.00000    0.00001    5.61302    0.00154
       843    0.00000    0.00001    5.61302    0.00153
       844    0.00000    0.00001    5.61302    0.00154
       845    0.00000    0.00001    5.61302    0.00152
       846    0.00000    0.00001    5.61302    0.00156
       847    0.00000    0.00001    5.61302    0.00154
       848    0.00000    0.00001    5.61302    0.00156
       849    0.00000    0.00001    5.61302    0.00154
       850    0.00000    0.00001    5.61302    0.00156
       851    0.00000    0.00001    5.61302    0.00153
       852    0.00000    0.00001    5.61302    0.00155
       853    0.00000    0.00001    5.61302    0.00155
       854    0.00000    0.00001    5.61302    0.00155
       855    0.00000    0.00001    5.61302    0.00158
       856    0.00000    0.00001    5.61302    0.00156
       857    0.00000    0.00001    5.61302    0.00153
       858    0.00000    0.00001    5.61302    0.00154
       859    0.00000    0.00001    5.61302    0.00154
       860    0.00000    0.00001    5.61302    0.00155
       861    0.00000    0.00001    5.61302    0.00154
       862    0.00000    0.00001    5.61302    0.00152
       863    0.00000    0.00001    5.61302    0.00156
       864    0.00000    0.00001    5.61302    0.00154
       865    0.00000    0.00001    5.61302    0.00156
       866    0.00000    0.00001    5.61302    0.00155
       867    0.00000    0.00001    5.61302    0.00152
       868    0.00000    0.00001    5.61302    0.00154
       869    0.00000    0.00001    5.61302    0.00154
       870    0.00000    0.00001    5.61302    0.00154
       871    0.00000    0.00001    5.61302    0.00157
       872    0.00000    0.00001    5.61302    0.00154
       873    0.00000    0.00001    5.61302    0.00153
       874    0.00000    0.00001    5.61302    0.00155
       875    0.00000    0.00001    5.61302    0.00157
       876    0.00000    0.00001    5.61302    0.00153
       877    0.00000    0.00001    5.61302    0.00157
       878    0.00000    0.00001    5.61302    0.00153
       879    0.00000    0.00001    5.61302    0.00155
       880    0.00000    0.00001    5.61302    0.00156
       881    0.00000    0.00001    5.61302    0.00156
       882    0.00000    0.00001    5.61302    0.00154
       883    0.00000    0.00001    5.61302    0.00156
       884    0.00000    0.00001    5.61302    0.00154
       885    0.00000    0.00001    5.61302    0.00155
       886    0.00000    0.00001    5.61302    0.00152
       887    0.00000    0.00001    5.61302    0.00156
       888    0.00000    0.00001    5.61302    0.00154
       889    0.00000    0.00001    5.61302    0.00155
       890    0.00000    0.00001    5.61302    0.00155
       891    0.00000    0.00001    5.61302    0.00153
       892    0.00000    0.00001    5.61302    0.00156
       893    0.00000    0.00001    5.61302    0.00153
       894    0.00000    0.00001    5.61302    0.00154
       895    0.00000    0.00001    5.61302    0.00155
       896    0.00000    0.00001    5.61302    0.00154
       897    0.00000    0.00001    5.61302    0.00156
       898    0.00000    0.00001    5.61302    0.00155
       899    0.00000    0.00001    5.61302    0.00153
       900    0.00000    0.00001    5.61302    0.00156
       901    0.00000    0.00001    5.61302    0.00152
       902    0.00000    0.00001    5.61302    0.00158
       903    0.00000    0.00001    5.61302    0.00155
       904    0.00000    0.00001    5.61302    0.00154
       905    0.00000    0.00001    5.61302    0.00153
       906    0.00000    0.00001    5.61302    0.00153
       907    0.00000    0.00001    5.61302    0.00155
       908    0.00000    0.00001    5.61302    0.00155
       909    0.00000    0.00001    5.61302    0.00155
       910    0.00000    0.00001    5.61302    0.00156
       911    0.00000    0.00001    5.61302    0.00153
       912    0.00000    0.00001    5.61302    0.00151
       913    0.00000    0.00001    5.61302    0.00154
       914    0.00000    0.00001    5.61302    0.00155
       915    0.00000    0.00001    5.61302    0.00158
       916    0.00000    0.00001    5.61302    0.00158
       917    0.00000    0.00001    5.61302    0.00161
       918    0.00000    0.00001    5.61302    0.00155
       919    0.00000    0.00001    5.61302    0.00159
       920    0.00000    0.00001    5.61302    0.00158
       921    0.00000    0.00001    5.61302    0.00156
       922    0.00000    0.00001    5.61302    0.00156
       923    0.00000    0.00001    5.61302    0.00155
       924    0.00000    0.00001    5.61302    0.00156
       925    0.00000    0.00001    5.61302    0.00157
       926    0.00000    0.00001    5.61302    0.00157
       927    0.00000    0.00001    5.61302    0.00157
       928    0.00000    0.00001    5.61302    0.00156
       929    0.00000    0.00001    5.61302    0.00155
       930    0.00000    0.00001    5.61302    0.00152
       931    0.00000    0.00001    5.61302    0.00153
       932    0.00000    0.00001    5.61302    0.00157
       933    0.00000    0.00001    5.61302    0.00155
       934    0.00000    0.00001    5.61302    0.00157
       935    0.00000    0.00001    5.61302    0.00158
       936    0.00000    0.00001    5.61302    0.00158
       937    0.00000    0.00001    5.61302    0.00154
       938    0.00000    0.00001    5.61302    0.00156
       939    0.00000    0.00001    5.61302    0.00156
       940    0.00000    0.00001    5.61302    0.00152
       941    0.00000    0.00001    5.61302    0.00157
       942    0.00000    0.00001    5.61302    0.00156
       943    0.00000    0.00001    5.61302    0.00157
       944    0.00000    0.00001    5.61302    0.00160
       945    0.00000    0.00001    5.61302    0.00155
       946    0.00000    0.00001    5.61302    0.00156
       947    0.00000    0.00001    5.61302    0.00157
       948    0.00000    0.00001    5.61302    0.00155
       949    0.00000    0.00001    5.61302    0.00154
       950    0.00000    0.00001    5.61302    0.00153
       951    0.00000    0.00001    5.61302    0.00155
       952    0.00000    0.00001    5.61302    0.00155
       953    0.00000    0.00001    5.61302    0.00157
       954    0.00000    0.00001    5.61302    0.00157
       955    0.00000    0.00001    5.61302    0.00154
       956    0.00000    0.00001    5.61302    0.00156
       957    0.00000    0.00001    5.61302    0.00156
       958    0.00000    0.00001    5.61302    0.00158
       959    0.00000    0.00001    5.61302    0.00155
       960    0.00000    0.00001    5.61302    0.00157
       961    0.00000    0.00001    5.61302    0.00157
       962    0.00000    0.00001    5.61302    0.00157
       963    0.00000    0.00001    5.61302    0.00157
       964    0.00000    0.00001    5.61302    0.00155
       965    0.00000    0.00001    5.61302    0.00155
       966    0.00000    0.00001    5.61302    0.00157
       967    0.00000    0.00001    5.61302    0.00156
       968    0.00000    0.00001    5.61302    0.00155
       969    0.00000    0.00001    5.61302    0.00157
       970    0.00000    0.00001    5.61302    0.00154
       971    0.00000    0.00001    5.61302    0.00156
       972    0.00000    0.00001    5.61302    0.00156
       973    0.00000    0.00001    5.61302    0.00157
       974    0.00000    0.00001    5.61302    0.00158
       975    0.00000    0.00001    5.61302    0.00157
       976    0.00000    0.00001    5.61302    0.00153
       977    0.00000    0.00001    5.61302    0.00158
       978    0.00000    0.00001    5.61302    0.00156
       979    0.00000    0.00001    5.61302    0.00157
       980    0.00000    0.00001    5.61302    0.00156
       981    0.00000    0.00001    5.61302    0.00156
       982    0.00000    0.00001    5.61302    0.00157
       983    0.00000    0.00001    5.61302    0.00156
       984    0.00000    0.00001    5.61302    0.00159
       985    0.00000    0.00001    5.61302    0.00160
       986    0.00000    0.00001    5.61302    0.00159
       987    0.00000    0.00001    5.61302    0.00157
       988    0.00000    0.00001    5.61302    0.00157
       989    0.00000    0.00001    5.61302    0.00155
       990    0.00000    0.00001    5.61302    0.00157
       991    0.00000    0.00001    5.61302    0.00158
       992    0.00000    0.00001    5.61302    0.00158
       993    0.00000    0.00001    5.61302    0.00159
       994    0.00000    0.00001    5.61302    0.00152
       995    0.00000    0.00001    5.61302    0.00156
       996    0.00000    0.00001    5.61302    0.00161
       997    0.00000    0.00001    5.61302    0.00159
       998    0.00000    0.00001    5.61302    0.00160
       999    0.00000    0.00001    5.61302    0.00158

Final Weights:         0.0059970984        -0.1443256743         0.0579675390        -0.0829967753 