# Cycles, Average Predicted Temperature, Stddev Predicted Temperature, Mean Squared Error, || MSE Gradient ||
         0    0.00047    0.00017    4.87842    0.14300
         1    0.00047    0.00017    4.87840    0.14400
         2    0.00048    0.00017    4.87838    0.14524
         3    0.00048    0.00017    4.87836    0.14690
         4    0.00049    0.00017    4.87834    0.14836
         5    0.00049    0.00018    4.87832    0.15076
         6    0.00050    0.00018    4.87830    0.15396
         7    0.00050    0.00018    4.87827    0.15749
         8    0.00051    0.00018    4.87825    0.15932
         9    0.00052    0.00019    4.87822    0.16110
        10    0.00052    0.00019    4.87819    0.16287
        11    0.00053    0.00019    4.87817    0.16442
        12    0.00054    0.00020    4.87813    0.16664
        13    0.00054    0.00020    4.87811    0.16855
        14    0.00055    0.00020    4.87808    0.17052
        15    0.00056    0.00021    4.87805    0.17252
        16    0.00056    0.00021    4.87802    0.17435
        17    0.00057    0.00021    4.87799    0.17641
        18    0.00057    0.00021    4.87796    0.17799
        19    0.00058    0.00022    4.87793    0.18028
        20    0.00059    0.00022    4.87790    0.18221
        21    0.00060    0.00023    4.87786    0.18582
        22    0.00060    0.00023    4.87783    0.18784
        23    0.00061    0.00023    4.87779    0.19019
        24    0.00062    0.00024    4.87776    0.19224
        25    0.00063    0.00024    4.87772    0.19512
        26    0.00064    0.00025    4.87768    0.19748
        27    0.00065    0.00025    4.87764    0.19991
        28    0.00066    0.00026    4.87760    0.20254
        29    0.00067    0.00026    4.87756    0.20562
        30    0.00068    0.00027    4.87752    0.20836
        31    0.00069    0.00027    4.87747    0.21127
        32    0.00070    0.00028    4.87743    0.21363
        33    0.00071    0.00028    4.87739    0.21657
        34    0.00072    0.00029    4.87734    0.21910
        35    0.00073    0.00030    4.87729    0.22192
        36    0.00074    0.00030    4.87725    0.22487
        37    0.00075    0.00031    4.87719    0.22836
        38    0.00076    0.00032    4.87714    0.23118
        39    0.00077    0.00032    4.87708    0.23462
        40    0.00078    0.00033    4.87704    0.23737
        41    0.00080    0.00034    4.87696    0.24141
        42    0.00081    0.00035    4.87690    0.24506
        43    0.00083    0.00035    4.87685    0.24825
        44    0.00084    0.00036    4.87678    0.25263
        45    0.00086    0.00037    4.87672    0.25571
        46    0.00087    0.00038    4.87665    0.25998
        47    0.00088    0.00039    4.87659    0.26353
        48    0.00090    0.00040    4.87652    0.26748
        49    0.00092    0.00041    4.87644    0.27567
        50    0.00093    0.00042    4.87637    0.27999
        51    0.00095    0.00043    4.87629    0.28417
        52    0.00097    0.00044    4.87621    0.28983
        53    0.00099    0.00045    4.87613    0.29392
        54    0.00101    0.00046    4.87604    0.29926
        55    0.00103    0.00048    4.87595    0.30462
        56    0.00105    0.00049    4.87585    0.30988
        57    0.00107    0.00050    4.87576    0.31482
        58    0.00110    0.00052    4.87566    0.32012
        59    0.00112    0.00053    4.87554    0.32616
        60    0.00115    0.00055    4.87544    0.33156
        61    0.00117    0.00056    4.87533    0.33802
        62    0.00119    0.00058    4.87523    0.34286
        63    0.00122    0.00060    4.87511    0.34911
        64    0.00125    0.00061    4.87498    0.35576
        65    0.00128    0.00064    4.87485    0.36279
        66    0.00131    0.00065    4.87472    0.36952
        67    0.00134    0.00067    4.87458    0.37703
        68    0.00137    0.00070    4.87443    0.38433
        69    0.00141    0.00072    4.87429    0.39088
        70    0.00144    0.00074    4.87413    0.39905
        71    0.00148    0.00077    4.87397    0.40703
        72    0.00151    0.00079    4.87381    0.41493
        73    0.00156    0.00082    4.87362    0.42749
        74    0.00160    0.00085    4.87344    0.43648
        75    0.00164    0.00088    4.87324    0.44582
        76    0.00168    0.00091    4.87306    0.45488
        77    0.00173    0.00094    4.87285    0.46449
        78    0.00178    0.00097    4.87263    0.47455
        79    0.00183    0.00101    4.87240    0.48535
        80    0.00189    0.00104    4.87216    0.49642
        81    0.00195    0.00108    4.87191    0.50834
        82    0.00201    0.00112    4.87163    0.52122
        83    0.00207    0.00117    4.87138    0.53283
        84    0.00214    0.00121    4.87107    0.54755
        85    0.00220    0.00126    4.87079    0.55929
        86    0.00227    0.00131    4.87046    0.57384
        87    0.00235    0.00137    4.87012    0.58921
        88    0.00243    0.00142    4.86977    0.60430
        89    0.00252    0.00148    4.86939    0.62131
        90    0.00260    0.00155    4.86901    0.63749
        91    0.00270    0.00161    4.86859    0.65549
        92    0.00280    0.00168    4.86815    0.67404
        93    0.00289    0.00176    4.86772    0.69198
        94    0.00301    0.00184    4.86723    0.71198
        95    0.00312    0.00192    4.86672    0.73309
        96    0.00325    0.00202    4.86617    0.75568
        97    0.00338    0.00212    4.86559    0.77959
        98    0.00352    0.00221    4.86496    0.80464
        99    0.00368    0.00232    4.86427    0.83217
       100    0.00383    0.00244    4.86359    0.85836
       101    0.00400    0.00257    4.86286    0.88647
       102    0.00418    0.00271    4.86207    0.91664
       103    0.00438    0.00285    4.86119    0.95007
       104    0.00459    0.00300    4.86026    0.98448
       105    0.00480    0.00317    4.85932    1.01876
       106    0.00505    0.00336    4.85824    1.05902
       107    0.00531    0.00355    4.85708    1.10207
       108    0.00559    0.00377    4.85584    1.14639
       109    0.00589    0.00399    4.85454    1.19142
       110    0.00621    0.00425    4.85311    1.24099
       111    0.00659    0.00452    4.85143    1.29968
       112    0.00698    0.00481    4.84973    1.35581
       113    0.00739    0.00516    4.84792    1.41608
       114    0.00787    0.00553    4.84580    1.48524
       115    0.00838    0.00592    4.84360    1.55561
       116    0.00895    0.00636    4.84109    1.63465
       117    0.00956    0.00686    4.83840    1.71827
       118    0.01027    0.00740    4.83528    1.81435
       119    0.01104    0.00802    4.83189    1.91626
       120    0.01192    0.00870    4.82804    2.02939
       121    0.01286    0.00946    4.82393    2.14618
       122    0.01397    0.01035    4.81908    2.28482
       123    0.01518    0.01133    4.81379    2.42933
       124    0.01656    0.01248    4.80778    2.59300
       125    0.01815    0.01372    4.80082    2.77422
       126    0.01997    0.01525    4.79289    2.97840
       127    0.02210    0.01699    4.78363    3.21001
       128    0.02455    0.01897    4.77299    3.46781
       129    0.02746    0.02136    4.76036    3.76663
       130    0.03087    0.02421    4.74564    4.10225
       131    0.03499    0.02759    4.72789    4.49450
       132    0.03992    0.03174    4.70671    4.94965
       133    0.04598    0.03676    4.68081    5.47963
       134    0.05339    0.04300    4.64930    6.09335
       135    0.06285    0.05083    4.60934    6.84409
       136    0.07462    0.06090    4.56009    7.70901
       137    0.09022    0.07395    4.49547    8.78846
       138    0.11021    0.09119    4.41402   10.03935
       139    0.13749    0.11433    4.30500   11.58320
       140    0.17501    0.14638    4.15928   13.43430
       141    0.22709    0.19100    3.96517   15.62947
       142    0.30228    0.25559    3.70162   17.97070
       143    0.40913    0.34759    3.36103   20.04086
       144    0.56069    0.47916    2.94711   20.87306
       145    0.75884    0.65107    2.52738   18.78792
       146    0.98136    0.84174    2.21608   12.82556
       147    1.15626    0.99479    2.09826    5.51799
       148    1.23558    1.06541    2.08300    1.63966
       149    1.25592    1.08220    2.07988    0.98766
       150    1.26242    1.08419    2.07184    0.95289
       151    1.26383    1.08756    2.07648    0.94315
       152    1.26025    1.08652    2.08101    0.94473
       153    1.26625    1.08799    2.07285    0.94217
       154    1.26178    1.08542    2.07572    0.94384
       155    1.26549    1.08549    2.06885    0.93860
       156    1.26651    1.08486    2.06555    0.93928
       157    1.26510    1.08786    2.07475    0.94112
       158    1.26581    1.08467    2.06647    0.94222
       159    1.26869    1.08734    2.06684    0.94491
       160    1.26665    1.08209    2.05929    0.95892
       161    1.27215    1.08686    2.05930    0.93767
       162    1.26479    1.08617    2.07164    0.93840
       163    1.26719    1.08460    2.06371    0.93690
       164    1.26947    1.08527    2.06088    0.93169
       165    1.26907    1.08586    2.06289    0.93187
       166    1.26998    1.08580    2.06107    0.92726
       167    1.26591    1.08277    2.06215    0.94605
       168    1.27080    1.08580    2.05951    0.93206
       169    1.26620    1.08376    2.06375    0.93726
       170    1.27164    1.08436    2.05483    0.93089
       171    1.27357    1.08506    2.05273    0.92863
       172    1.27291    1.08604    2.05609    0.92861
       173    1.27104    1.08364    2.05440    0.92898
       174    1.26980    1.08157    2.05225    0.94358
       175    1.27290    1.08331    2.05019    0.93280
       176    1.27088    1.08402    2.05553    0.93424
       177    1.27456    1.08555    2.05194    0.93350
       178    1.27412    1.08537    2.05237    0.93249
       179    1.27432    1.08338    2.04770    0.92307
       180    1.27131    1.08314    2.05281    0.92777
       181    1.27473    1.08335    2.04685    0.92395
       182    1.27549    1.08283    2.04430    0.92563
       183    1.27276    1.08136    2.04624    0.93677
       184    1.27855    1.08425    2.04166    0.92717
       185    1.27449    1.08366    2.04798    0.92445
       186    1.27632    1.08388    2.04502    0.92216
       187    1.27730    1.08263    2.04051    0.92073
       188    1.27653    1.08378    2.04442    0.92364
       189    1.27882    1.08138    2.03496    0.92426
       190    1.27715    1.08258    2.04066    0.92023
       191    1.27728    1.08174    2.03862    0.91922
       192    1.27529    1.08436    2.04798    0.92398
       193    1.27581    1.07964    2.03681    0.93650
       194    1.27969    1.08402    2.03906    0.92758
       195    1.28037    1.08268    2.03488    0.91640
       196    1.28008    1.08258    2.03521    0.91609
       197    1.27885    1.07994    2.03179    0.92365
       198    1.27838    1.08151    2.03607    0.92109
       199    1.28045    1.08112    2.03136    0.92182
       200    1.27992    1.08318    2.03682    0.92083
       201    1.28179    1.08276    2.03243    0.91560
       202    1.28135    1.08159    2.03072    0.91425
       203    1.28073    1.08025    2.02899    0.91711
       204    1.28069    1.08118    2.03106    0.91404
       205    1.28374    1.08150    2.02609    0.91215
       206    1.28086    1.07990    2.02798    0.91841
       207    1.28278    1.08293    2.03096    0.91770
       208    1.28244    1.07731    2.01944    0.93920
       209    1.28302    1.08208    2.02869    0.91698
       210    1.28436    1.08165    2.02526    0.91328
       211    1.28347    1.08116    2.02586    0.91028
       212    1.28458    1.07972    2.02071    0.91085
       213    1.28476    1.08002    2.02101    0.90917
       214    1.28537    1.07979    2.01938    0.91303
       215    1.28558    1.08275    2.02539    0.91627
       216    1.28530    1.07681    2.01309    0.92932
       217    1.28826    1.08251    2.01992    0.92048
       218    1.28583    1.07968    2.01831    0.90335
       219    1.28850    1.08064    2.01544    0.90534
       220    1.28315    1.07775    2.01908    0.92090
       221    1.28827    1.07966    2.01374    0.90317
       222    1.28654    1.07760    2.01250    0.91895
       223    1.29101    1.08054    2.01061    0.91136
       224    1.28892    1.08075    2.01493    0.90714
       225    1.28668    1.07722    2.01142    0.91694
       226    1.28968    1.08055    2.01309    0.90461
       227    1.28829    1.07857    2.01138    0.90693
       228    1.28755    1.07829    2.01212    0.90790
       229    1.29354    1.07938    2.00347    0.90189
       230    1.28714    1.07754    2.01127    0.91164
       231    1.29121    1.08082    2.01085    0.91226
       232    1.28988    1.07740    2.00591    0.90677
       233    1.29181    1.07755    2.00268    0.90522
       234    1.29256    1.07838    2.00311    0.90495
       235    1.29129    1.07780    2.00417    0.90495
       236    1.29450    1.07753    1.99772    0.89935
       237    1.29265    1.07904    2.00436    0.90211
       238    1.29536    1.07900    1.99932    0.89925
       239    1.28955    1.07798    2.00778    0.89932
       240    1.29274    1.07772    2.00135    0.89707
       241    1.29402    1.07664    1.99669    0.90166
       242    1.29745    1.07699    1.99117    0.89883
       243    1.29673    1.07694    1.99238    0.89401
       244    1.29626    1.07784    1.99518    0.89757
       245    1.29590    1.07566    1.99115    0.90194
       246    1.29725    1.07834    1.99444    0.89789
       247    1.29401    1.07615    1.99563    0.90151
       248    1.29767    1.07810    1.99316    0.89787
       249    1.29398    1.07548    1.99426    0.90128
       250    1.29604    1.08006    2.00037    0.90725
       251    1.29327    1.07287    1.98996    0.92798
       252    1.29970    1.07671    1.98647    0.89329
       253    1.29949    1.07832    1.99032    0.90191
       254    1.29717    1.07701    1.99173    0.89271
       255    1.29751    1.07420    1.98507    0.90154
       256    1.30321    1.07683    1.98034    0.89177
       257    1.29877    1.07646    1.98761    0.88995
       258    1.29687    1.07438    1.98661    0.89983
       259    1.30149    1.07712    1.98409    0.89097
       260    1.29874    1.07536    1.98533    0.89163
       261    1.30002    1.07496    1.98212    0.88902
       262    1.29787    1.07704    1.99050    0.89456
       263    1.30004    1.07608    1.98449    0.88437
       264    1.30311    1.07662    1.98008    0.88707
       265    1.29854    1.07551    1.98599    0.88737
       266    1.29712    1.07406    1.98546    0.89616
       267    1.30441    1.07573    1.97582    0.88602
       268    1.30145    1.07407    1.97761    0.88879
       269    1.30418    1.07515    1.97497    0.88525
       270    1.30230    1.07396    1.97584    0.88567
       271    1.30357    1.07469    1.97509    0.88557
       272    1.30450    1.07516    1.97441    0.88373
       273    1.30218    1.07480    1.97785    0.88386
       274    1.30769    1.07318    1.96441    0.87940
       275    1.30569    1.07315    1.96795    0.88649
       276    1.30728    1.07346    1.96575    0.88439
       277    1.30812    1.07529    1.96817    0.88453
       278    1.30734    1.07421    1.96725    0.87811
       279    1.30812    1.07414    1.96569    0.87739
       280    1.30536    1.07261    1.96738    0.96721
       281    1.30315    1.07209    1.97028    1.26178
       282    1.30142    1.06855    1.96585    1.24847
       283    1.30366    1.06895    1.96263    1.25017
       284    1.30210    1.06894    1.96544    1.25089
       285    1.30357    1.06889    1.96265    1.25168
       286    1.30278    1.06730    1.96072    1.25665
       287    1.30549    1.07011    1.96181    1.25451
       288    1.30474    1.06649    1.95543    1.25855
       289    1.30708    1.06526    1.94857    1.26279
       290    1.30989    1.06721    1.94766    1.25790
       291    1.30946    1.06624    1.94638    1.26247
       292    1.31168    1.06796    1.94605    1.26268
       293    1.30763    1.06631    1.94981    1.26377
       294    1.30933    1.06652    1.94720    1.26715
       295    1.30955    1.06387    1.94117    1.27154
       296    1.31092    1.06397    1.93891    1.27931
       297    1.31151    1.06581    1.94178    1.28114
       298    1.31316    1.06661    1.94052    1.27822
       299    1.31328    1.06377    1.93425    1.28569
       300    1.31266    1.06525    1.93851    1.28828
       301    1.31463    1.06508    1.93463    1.28809
       302    1.31488    1.06357    1.93097    1.29009
       303    1.31458    1.06250    1.92921    1.30061
       304    1.31520    1.06279    1.92872    1.29842
       305    1.31747    1.06461    1.92855    1.30066
       306    1.31726    1.06247    1.92439    1.30607
       307    1.31825    1.06185    1.92128    1.30933
       308    1.32004    1.06393    1.92253    1.30802
       309    1.31638    1.06183    1.92459    1.31631
       310    1.31651    1.06185    1.92440    1.31824
       311    1.31746    1.05955    1.91783    1.33111
       312    1.31867    1.06128    1.91934    1.33323
       313    1.32549    1.06306    1.91101    1.32958
       314    1.32166    1.06113    1.91370    1.32838
       315    1.32507    1.05852    1.90212    1.33497
       316    1.32340    1.05972    1.90762    1.34030
       317    1.32458    1.05717    1.90014    1.34831
       318    1.32731    1.06132    1.90410    1.34965
       319    1.32686    1.05998    1.90206    1.34855
       320    1.32597    1.05729    1.89793    1.35259
       321    1.32519    1.05941    1.90378    1.35699
       322    1.32841    1.05638    1.89170    1.36508
       323    1.32983    1.05981    1.89646    1.36673
       324    1.32932    1.05813    1.89381    1.36272
       325    1.32947    1.05871    1.89478    1.36807
       326    1.32756    1.05688    1.89426    1.37391
       327    1.32787    1.05572    1.89126    1.37793
       328    1.32814    1.05477    1.88878    1.39231
       329    1.33280    1.05865    1.88879    1.39214
       330    1.33169    1.05375    1.88039    1.39413
       331    1.33538    1.05706    1.88090    1.39279
       332    1.33303    1.05304    1.87655    1.40348
       333    1.33471    1.05614    1.88013    1.40094
       334    1.33487    1.05580    1.87914    1.40220
       335    1.33619    1.05230    1.86946    1.40964
       336    1.33697    1.05409    1.87187    1.41157
       337    1.33843    1.05205    1.86503    1.41678
       338    1.33817    1.05528    1.87229    1.42222
       339    1.34018    1.05250    1.86293    1.42033
       340    1.33858    1.05213    1.86492    1.42336
       341    1.33946    1.05187    1.86286    1.42902
       342    1.33981    1.05212    1.86277    1.43219
       343    1.34015    1.05021    1.85816    1.44265
       344    1.34359    1.04958    1.85088    1.44439
       345    1.34864    1.05223    1.84773    1.44612
       346    1.34299    1.04878    1.85024    1.45193
       347    1.34596    1.05068    1.84908    1.45357
       348    1.34280    1.04997    1.85307    1.46186
       349    1.34394    1.04922    1.84951    1.46271
       350    1.34856    1.04954    1.84220    1.46521
       351    1.34803    1.04810    1.84011    1.46624
       352    1.35031    1.04999    1.84015    1.48140
       353    1.34543    1.04517    1.83846    1.49734
       354    1.35137    1.04715    1.83237    1.48926
       355    1.35267    1.04761    1.83110    1.49611
       356    1.35326    1.04280    1.82004    1.51049
       357    1.35662    1.04509    1.81909    1.50493
       358    1.35475    1.04806    1.82850    1.50673
       359    1.35592    1.04400    1.81800    1.50719
       360    1.35474    1.04297    1.81787    1.51873
       361    1.35836    1.04585    1.81770    1.52263
       362    1.35855    1.04331    1.81206    1.51856
       363    1.35673    1.04353    1.81565    1.53121
       364    1.35756    1.03989    1.80665    1.54977
       365    1.36220    1.04223    1.80362    1.53480
       366    1.36233    1.04366    1.80639    1.54304
       367    1.36276    1.04146    1.80108    1.54088
       368    1.36263    1.04151    1.80141    1.54506
       369    1.36396    1.03978    1.79555    1.55160
       370    1.36072    1.04107    1.80372    1.56317
       371    1.36658    1.04114    1.79395    1.56961
       372    1.36569    1.03908    1.79116    1.57292
       373    1.36576    1.03963    1.79218    1.57210
       374    1.36884    1.03563    1.77873    1.58039
       375    1.36994    1.03735    1.78042    1.58533
       376    1.36942    1.03733    1.78126    1.59161
       377    1.37082    1.03767    1.77961    1.59249
       378    1.37232    1.03527    1.77211    1.59934
       379    1.36848    1.03852    1.78530    1.61525
       380    1.37529    1.03511    1.76683    1.59788
       381    1.37492    1.03367    1.76447    1.60952
       382    1.37609    1.03519    1.76567    1.61756
       383    1.37294    1.03350    1.76744    1.62321
       384    1.37885    1.03403    1.75868    1.61980
       385    1.37761    1.03180    1.75614    1.63132
       386    1.38087    1.03302    1.75323    1.63082
       387    1.37936    1.03209    1.75383    1.64390
       388    1.38071    1.03037    1.74803    1.65591
       389    1.38268    1.02986    1.74373    1.66235
       390    1.38250    1.03161    1.74762    1.66338
       391    1.38532    1.03197    1.74372    1.67372
       392    1.38282    1.02870    1.74109    1.67755
       393    1.38648    1.02834    1.73432    1.67801
       394    1.38363    1.02821    1.73876    1.69243
       395    1.38504    1.02691    1.73378    1.69658
       396    1.38794    1.02764    1.73049    1.69774
       397    1.38901    1.02746    1.72835    1.70398
       398    1.38839    1.02487    1.72408    1.71098
       399    1.39229    1.02457    1.71705    1.71284
       400    1.39212    1.02433    1.71685    1.72345
       401    1.39622    1.02540    1.71236    1.72109
       402    1.39514    1.02205    1.70727    1.73271
       403    1.39605    1.02266    1.70703    1.73380
       404    1.39697    1.02365    1.70756    1.73789
       405    1.39867    1.02028    1.69791    1.74412
       406    1.39958    1.02119    1.69829    1.75052
       407    1.39877    1.01907    1.69528    1.76648
       408    1.40241    1.02091    1.69313    1.76121
       409    1.40719    1.01848    1.68049    1.75928
       410    1.40207    1.01856    1.68891    1.77132
       411    1.40572    1.01738    1.68061    1.77379
       412    1.40683    1.01757    1.67923    1.77887
       413    1.40612    1.01587    1.67690    1.78981
       414    1.40870    1.01913    1.67941    1.79076
       415    1.40930    1.01399    1.66798    1.79023
       416    1.41088    1.01239    1.66222    1.80179
       417    1.41081    1.01445    1.66652    1.81610
       418    1.41022    1.01358    1.66570    1.81559
       419    1.41456    1.01305    1.65771    1.82073
       420    1.41454    1.01382    1.65928    1.82707
       421    1.41542    1.00983    1.64983    1.82793
       422    1.41728    1.01056    1.64834    1.82974
       423    1.42118    1.00850    1.63803    1.83937
       424    1.41904    1.00737    1.63912    1.84788
       425    1.42249    1.00953    1.63804    1.85249
       426    1.42408    1.00801    1.63248    1.85219
       427    1.42405    1.00613    1.62873    1.85935
       428    1.42373    1.00633    1.62965    1.87025
       429    1.42698    1.00610    1.62409    1.87380
       430    1.42579    1.00421    1.62214    1.88031
       431    1.42895    1.00293    1.61463    1.88765
       432    1.43213    1.00329    1.61040    1.88381
       433    1.43024    1.00161    1.60997    1.89562
       434    1.43426    1.00316    1.60684    1.89712
       435    1.43357    0.99954    1.60065    1.90909
       436    1.43712    0.99857    1.59324    1.91116
       437    1.43759    0.99918    1.59372    1.91877
       438    1.43982    0.99676    1.58545    1.92217
       439    1.44159    0.99645    1.58212    1.92625
       440    1.44294    0.99710    1.58134    1.93429
       441    1.44237    0.99545    1.57893    1.94066
       442    1.44249    0.99418    1.57622    1.95046
       443    1.44546    0.99395    1.57123    1.94906
       444    1.44706    0.99412    1.56911    1.95315
       445    1.44745    0.99243    1.56516    1.96427
       446    1.45007    0.99237    1.56106    1.96750
       447    1.44645    0.98901    1.55990    1.98767
       448    1.45260    0.99146    1.55540    1.98635
       449    1.45111    0.98787    1.55057    1.99220
       450    1.45413    0.98648    1.54324    2.00216
       451    1.45663    0.98862    1.54371    2.00752
       452    1.45776    0.98352    1.53195    2.02220
       453    1.45937    0.98538    1.53320    2.01578
       454    1.46197    0.98516    1.52889    2.04000
       455    1.46118    0.98284    1.52548    2.04930
       456    1.46194    0.98232    1.52334    2.06156
       457    1.46326    0.98051    1.51780    2.07191
       458    1.46772    0.98067    1.51149    2.07588
       459    1.46722    0.97750    1.50601    2.08087
       460    1.46741    0.97866    1.50800    2.07997
       461    1.47284    0.97590    1.49460    2.07967
       462    1.47155    0.97476    1.49426    2.09400
       463    1.47274    0.97477    1.49253    2.10841
       464    1.47352    0.97469    1.49123    2.11320
       465    1.47799    0.97118    1.47783    2.11621
       466    1.48186    0.96970    1.46933    2.11810
       467    1.48177    0.97084    1.47166    2.13423
       468    1.48271    0.96738    1.46358    2.13723
       469    1.48522    0.96860    1.46231    2.14212
       470    1.48942    0.96598    1.45118    2.13901
       471    1.48648    0.96468    1.45291    2.22060
       472    1.48655    0.96434    1.45217    2.23296
       473    1.48872    0.96236    1.44520    2.23012
       474    1.49292    0.96067    1.43593    2.23176
       475    1.49274    0.95929    1.43353    2.25552
       476    1.49588    0.95783    1.42623    2.26342
       477    1.49645    0.95703    1.42390    2.26700
       478    1.50116    0.95747    1.41806    2.26892
       479    1.50001    0.95443    1.41386    2.28221
       480    1.50151    0.95184    1.40680    2.29589
       481    1.50427    0.95377    1.40659    2.29879
       482    1.50492    0.94896    1.39652    2.32385
       483    1.50939    0.94941    1.39109    2.32465
       484    1.51132    0.94702    1.38387    2.33236
       485    1.51436    0.94627    1.37821    2.33417
       486    1.51222    0.94418    1.37724    2.35847
       487    1.51102    0.94409    1.37874    2.37361
       488    1.51817    0.94080    1.36261    2.38139
       489    1.52115    0.94107    1.35900    2.38257
       490    1.52280    0.93684    1.34879    2.39615
       491    1.52679    0.93714    1.34389    2.40097
       492    1.52424    0.93418    1.34185    2.40978
       493    1.53025    0.93631    1.33762    2.41266
       494    1.52723    0.93261    1.33482    2.41400
       495    1.53295    0.93094    1.32395    2.42959
       496    1.53407    0.92862    1.31811    2.43535
       497    1.53758    0.92784    1.31194    2.43947
       498    1.53942    0.92557    1.30526    2.45043
       499    1.53922    0.92619    1.30669    2.45957
       500    1.54111    0.92092    1.29442    2.47831
       501    1.54662    0.92178    1.28867    2.47422
       502    1.54634    0.92101    1.28761    2.48456
       503    1.54779    0.91582    1.27616    2.49277
       504    1.55269    0.91619    1.27040    2.49876
       505    1.55653    0.91357    1.26057    2.51477
       506    1.55454    0.90996    1.25658    2.54081
       507    1.56011    0.91210    1.25322    2.53383
       508    1.56039    0.90703    1.24363    2.53805
       509    1.56273    0.90538    1.23761    2.55275
       510    1.56546    0.90518    1.23374    2.56167
       511    1.56596    0.90206    1.22745    2.56893
       512    1.57193    0.90006    1.21620    2.57560
       513    1.57531    0.89886    1.20976    2.58098
       514    1.57553    0.89595    1.20423    2.58691
       515    1.57967    0.89444    1.19631    2.58866
       516    1.57819    0.89457    1.19842    2.59645
       517    1.58136    0.89071    1.18752    2.61163
       518    1.58678    0.88545    1.17141    2.62890
       519    1.58886    0.88782    1.17302    2.62697
       520    1.58653    0.88285    1.16713    2.65116
       521    1.59474    0.88336    1.15788    2.64381
       522    1.59362    0.87950    1.15244    2.66107
       523    1.59861    0.87786    1.14345    2.65008
       524    1.60025    0.87538    1.13710    2.66623
       525    1.60329    0.87136    1.12638    2.67548
       526    1.60566    0.87157    1.12389    2.68176
       527    1.60755    0.86988    1.11867    2.68537
       528    1.60972    0.86517    1.10788    2.74360
       529    1.61320    0.86330    1.10049    2.74814
       530    1.61627    0.86248    1.09542    2.74711
       531    1.61670    0.85719    1.08581    2.75936
       532    1.62461    0.85394    1.07095    2.75666
       533    1.62350    0.85142    1.06795    2.77515
       534    1.62928    0.85198    1.06216    2.76789
       535    1.62911    0.84640    1.05287    2.78488
       536    1.63447    0.84466    1.04375    2.77925
       537    1.63675    0.84180    1.03631    2.78282
       538    1.64013    0.83987    1.02921    2.79172
       539    1.64221    0.83950    1.02622    2.78795
       540    1.64602    0.83388    1.01251    2.79115
       541    1.64826    0.83281    1.00821    2.79782
       542    1.65100    0.82931    0.99933    2.80549
       543    1.65315    0.82739    0.99375    2.80451
       544    1.65714    0.82384    0.98347    2.80916
       545    1.66236    0.82202    0.97474    2.75248
       546    1.66448    0.82009    0.96926    2.76207
       547    1.66931    0.81727    0.95940    2.73050
       548    1.67222    0.81616    0.95445    2.74191
       549    1.67496    0.81375    0.94758    2.72486
       550    1.67670    0.81054    0.94052    2.73206
       551    1.68310    0.80654    0.92729    2.72818
       552    1.68779    0.80511    0.92005    2.70949
       553    1.68555    0.80203    0.91745    2.72283
       554    1.69086    0.79982    0.90837    2.71456
       555    1.69687    0.79727    0.89811    2.70204
       556    1.69799    0.79605    0.89501    2.68867
       557    1.69975    0.79398    0.88992    2.67792
       558    1.70497    0.78961    0.87771    2.66339
       559    1.70786    0.78898    0.87381    2.64532
       560    1.71297    0.78572    0.86359    2.63268
       561    1.71467    0.78360    0.85856    2.62035
       562    1.71548    0.78199    0.85525    2.61544
       563    1.72137    0.77775    0.84286    2.58942
       564    1.72629    0.77680    0.83660    2.54567
       565    1.72742    0.77667    0.83531    2.52980
       566    1.72830    0.77304    0.82884    2.51913
       567    1.73849    0.77154    0.81682    2.49184
       568    1.73965    0.76810    0.81044    2.46973
       569    1.73950    0.76864    0.81141    2.45687
       570    1.74203    0.76665    0.80598    2.44638
       571    1.74742    0.76374    0.79653    2.38554
       572    1.75271    0.76190    0.78887    2.35283
       573    1.75396    0.76030    0.78528    2.33831
       574    1.76009    0.75781    0.77596    2.33037
       575    1.76252    0.75625    0.77143    2.31306
       576    1.76342    0.75757    0.77262    2.28082
       577    1.76561    0.75373    0.76487    2.25149
       578    1.76892    0.75187    0.75915    2.24313
       579    1.77626    0.74858    0.74780    2.22000
       580    1.77598    0.74791    0.74704    2.20150
       581    1.78333    0.74488    0.73619    2.16718
       582    1.78429    0.74386    0.73386    2.14369
       583    1.78657    0.74210    0.72933    2.13001
       584    1.78693    0.74077    0.72703    2.11725
       585    1.79066    0.73994    0.72267    2.10466
       586    1.79395    0.73811    0.71723    2.07892
       587    1.79457    0.73667    0.71459    2.06758
       588    1.79865    0.73441    0.70790    2.04450
       589    1.80296    0.73323    0.70264    2.02514
       590    1.80142    0.73281    0.70328    2.02603
       591    1.80630    0.73014    0.69542    2.00412
       592    1.80784    0.72814    0.69127    1.99798
       593    1.80861    0.72880    0.69160    1.97637
       594    1.80976    0.72717    0.68831    1.97095
       595    1.81203    0.72520    0.68365    1.95158
       596    1.81347    0.72361    0.68020    1.95409
       597    1.81724    0.72283    0.67611    1.93658
       598    1.81659    0.72113    0.67416    1.93223
       599    1.82209    0.72002    0.66827    1.90872
       600    1.82149    0.71868    0.66681    1.89783
       601    1.82495    0.71750    0.66245    1.87977
       602    1.82735    0.71525    0.65738    1.86786
       603    1.83013    0.71381    0.65321    1.84731
       604    1.83191    0.71077    0.64753    1.92120
       605    1.83431    0.70957    0.64402    3.12012
       606    1.83411    0.70272    0.63449    2.96474
       607    1.83927    0.69845    0.62467    2.86564
       608    1.84027    0.69469    0.61869    2.85307
       609    1.84876    0.69012    0.60617    2.76801
       610    1.84901    0.68932    0.60489    2.74608
       611    1.85030    0.68588    0.59923    2.70573
       612    1.85929    0.68071    0.58579    2.61906
       613    1.86214    0.67956    0.58224    2.56334
       614    1.86481    0.67392    0.57276    2.50931
       615    1.87166    0.67345    0.56746    2.44635
       616    1.87430    0.67026    0.56140    2.41574
       617    1.87548    0.66800    0.55758    2.37317
       618    1.87923    0.66654    0.55314    2.31561
       619    1.88539    0.66320    0.54467    2.26295
       620    1.88802    0.66107    0.54015    2.22560
       621    1.89108    0.65857    0.53490    2.17682
       622    1.89336    0.65577    0.52978    2.15115
       623    1.89374    0.65513    0.52871    2.12285
       624    1.89812    0.65255    0.52258    2.07438
       625    1.90187    0.64993    0.51686    2.04391
       626    1.90255    0.64908    0.51532    2.02380
       627    1.90624    0.64672    0.51002    1.98190
       628    1.90871    0.64402    0.50504    1.94310
       629    1.90847    0.64261    0.50338    1.91096
       630    1.91506    0.64084    0.49718    1.85491
       631    1.91222    0.63977    0.49749    1.83029
       632    1.91710    0.63621    0.49008    1.78033
       633    1.91864    0.63620    0.48917    1.76601
       634    1.92213    0.63382    0.48413    1.74080
       635    1.92294    0.63286    0.48245    1.71946
       636    1.92299    0.63255    0.48202    1.71102
       637    1.92511    0.62926    0.47667    1.68254
       638    1.93098    0.62777    0.47150    1.64895
       639    1.92799    0.62804    0.47351    1.65370
       640    1.92987    0.62526    0.46897    1.62607
       641    1.93162    0.62392    0.46632    1.61542
       642    1.93607    0.62266    0.46229    1.59348
       643    1.93324    0.62187    0.46287    1.59007
       644    1.93628    0.61933    0.45805    1.56320
       645    1.94127    0.61782    0.45348    1.55130
       646    1.93851    0.61672    0.45361    1.54586
       647    1.94040    0.61611    0.45183    1.52977
       648    1.94190    0.61480    0.44943    1.51344
       649    1.94397    0.61402    0.44736    1.49926
       650    1.94303    0.61265    0.44619    1.49911
       651    1.94528    0.61003    0.44178    1.47894
       652    1.94666    0.60861    0.43933    1.46919
       653    1.95077    0.60876    0.43737    1.44810
       654    1.94898    0.60616    0.43514    1.44215
       655    1.95094    0.60423    0.43178    1.42074
       656    1.95290    0.60465    0.43128    1.41338
       657    1.95189    0.60487    0.43207    1.40628
       658    1.95487    0.60154    0.42652    1.39180
       659    1.95667    0.60017    0.42397    1.37672
       660    1.95540    0.59988    0.42427    1.37051
       661    1.95645    0.60023    0.42415    1.36574
       662    1.95613    0.59897    0.42280    1.36199
       663    1.96228    0.59639    0.41664    1.33985
       664    1.95753    0.59692    0.41964    1.34561
       665    1.96023    0.59359    0.41433    1.34124
       666    1.96137    0.59413    0.41440    1.32692
       667    1.96513    0.59218    0.41025    1.31587
       668    1.96361    0.59126    0.40989    1.31293
       669    1.96627    0.59128    0.40862    1.29914
       670    1.96761    0.58733    0.40332    1.28590
       671    1.96778    0.58760    0.40355    1.28546
       672    1.96643    0.58795    0.40461    1.28109
       673    1.96984    0.58660    0.40139    1.26811
       674    1.96785    0.58631    0.40200    1.27609
       675    1.97052    0.58524    0.39946    1.25785
       676    1.97314    0.58478    0.39769    1.24489
       677    1.97474    0.58107    0.39261    1.22783
       678    1.97387    0.58211    0.39422    1.23274
       679    1.97788    0.57884    0.38855    1.22045
       680    1.97630    0.57853    0.38893    1.21655
       681    1.97448    0.57699    0.38800    1.22424
       682    1.97740    0.57741    0.38713    1.20892
       683    1.97841    0.57546    0.38440    1.20559
       684    1.98135    0.57581    0.38346    1.19322
       685    1.97769    0.57595    0.38531    1.19476
       686    1.97935    0.57387    0.38215    1.19122
       687    1.97929    0.57372    0.38201    1.18710
       688    1.98265    0.57186    0.37835    1.17358
       689    1.98340    0.57249    0.37872    1.16683
       690    1.98463    0.57201    0.37762    1.15665
       691    1.98506    0.57174    0.37711    1.15655
       692    1.98316    0.56991    0.37589    1.14916
       693    1.98716    0.56849    0.37247    1.14259
       694    1.98548    0.56842    0.37315    1.13706
       695    1.98826    0.56736    0.37071    1.12820
       696    1.98901    0.56552    0.36829    1.12057
       697    1.99049    0.56395    0.36587    1.11198
       698    1.99063    0.56399    0.36586    1.10827
       699    1.99088    0.56440    0.36620    1.10296
       700    1.99072    0.56219    0.36379    1.10464
       701    1.99359    0.56128    0.36152    1.08943
       702    1.99405    0.55996    0.35983    1.08375
       703    1.99361    0.55984    0.35990    1.08500
       704    1.99324    0.55923    0.35937    1.08535
       705    1.99805    0.55681    0.35462    1.06625
       706    1.99742    0.55737    0.35550    1.06359
       707    1.99691    0.55634    0.35457    1.06101
       708    1.99374    0.55694    0.35660    1.06877
       709    1.99800    0.55413    0.35166    1.05133
       710    2.00191    0.55331    0.34911    1.04275
       711    1.99896    0.55488    0.35209    1.04359
       712    1.99799    0.55363    0.35111    1.04419
       713    1.99987    0.55434    0.35111    1.03657
       714    2.00131    0.55050    0.34626    1.03228
       715    2.00272    0.55164    0.34693    1.02149
       716    2.00303    0.55126    0.34638    1.02053
       717    2.00323    0.54865    0.34343    1.01512
       718    2.00557    0.54711    0.34079    1.00362
       719    2.00414    0.54825    0.34262    1.00425
       720    2.00497    0.54647    0.34034    1.00643
       721    2.00652    0.54779    0.34115    0.99815
       722    2.00564    0.54631    0.33989    0.99686
       723    2.00720    0.54549    0.33835    0.98588
       724    2.00701    0.54382    0.33661    0.98831
       725    2.00999    0.54322    0.33477    0.98370
       726    2.01026    0.54373    0.33521    0.97327
       727    2.00593    0.54349    0.33670    0.98543
       728    2.01338    0.54196    0.33206    0.96252
       729    2.01100    0.54159    0.33259    0.96231
       730    2.00703    0.54082    0.33335    0.97184
       731    2.01246    0.53915    0.32939    0.95714
       732    2.01285    0.54014    0.33030    0.95374
       733    2.01181    0.53798    0.32838    0.95141
       734    2.01361    0.53977    0.32960    0.94805
       735    2.01136    0.53837    0.32898    0.94603
       736    2.01421    0.53740    0.32681    0.93798
       737    2.01745    0.53585    0.32390    0.92926
       738    2.01756    0.53642    0.32447    0.91969
       739    2.01436    0.53634    0.32562    0.92949
       740    2.01355    0.53710    0.32675    0.92901
       741    2.02009    0.53487    0.32184    0.91316
       742    2.01700    0.53492    0.32308    0.91451
       743    2.01718    0.53253    0.32046    0.91096
       744    2.02169    0.53083    0.31693    0.89804
       745    2.01821    0.53264    0.32018    0.90782
       746    2.01900    0.53050    0.31760    0.89760
       747    2.01810    0.52967    0.31706    0.89555
       748    2.02078    0.53046    0.31688    0.89211
       749    2.01997    0.53243    0.31928    0.88951
       750    2.02340    0.52864    0.31398    0.87861
       751    2.02445    0.52839    0.31333    0.87357
       752    2.02404    0.52697    0.31197    0.86989
       753    2.02454    0.52767    0.31253    0.86369
       754    2.02458    0.52596    0.31072    0.86288
       755    2.02397    0.52754    0.31260    0.86154
       756    2.02539    0.52299    0.30730    0.85547
       757    2.02302    0.52508    0.31037    0.85778
       758    2.02425    0.52434    0.30914    0.85797
       759    2.03010    0.52365    0.30628    0.84637
       760    2.02611    0.52248    0.30650    0.84553
       761    2.03013    0.52306    0.30566    0.83539
       762    2.02672    0.52260    0.30640    0.83915
       763    2.02688    0.52152    0.30522    0.83699
       764    2.02759    0.52190    0.30536    0.83671
       765    2.03133    0.52100    0.30308    0.82100
       766    2.03100    0.52079    0.30298    0.81996
       767    2.02856    0.52063    0.30368    0.81962
       768    2.02966    0.51919    0.30179    0.81738
       769    2.03000    0.51855    0.30100    0.81502
       770    2.03205    0.51900    0.30074    0.81155
       771    2.03121    0.51804    0.30004    0.81004
       772    2.03103    0.51952    0.30164    0.80581
       773    2.03259    0.51734    0.29883    0.80189
       774    2.03463    0.51621    0.29694    0.79454
       775    2.03266    0.51890    0.30042    0.79660
       776    2.03411    0.51631    0.29722    0.78758
       777    2.03584    0.51509    0.29536    0.77964
       778    2.03406    0.51587    0.29679    0.78365
       779    2.03783    0.51485    0.29444    0.77545
       780    2.03329    0.51431    0.29545    0.77862
       781    2.03382    0.51498    0.29596    0.77947
       782    2.03697    0.51407    0.29392    0.76668
       783    2.03748    0.51219    0.29182    0.76744
       784    2.04203    0.51149    0.28956    0.75893
       785    2.03471    0.51070    0.29126    0.77397
       786    2.03823    0.51145    0.29080    0.75647
       787    2.03585    0.51026    0.29041    0.76480
       788    2.03736    0.50980    0.28942    0.75756
       789    2.03762    0.51087    0.29042    0.75698
       790    2.04151    0.51053    0.28876    0.74800
       791    2.03495    0.50935    0.28980    0.76758
       792    2.03997    0.51076    0.28951    0.74802
       793    2.04144    0.50659    0.28477    0.74080
       794    2.04274    0.50739    0.28515    0.73353
       795    2.04349    0.50924    0.28678    0.73054
       796    2.04171    0.50707    0.28517    0.72565
       797    2.03799    0.50836    0.28774    0.73949
       798    2.04213    0.50607    0.28401    0.72387
       799    2.04481    0.50638    0.28345    0.72501
       800    2.04525    0.50626    0.28317    0.71883
       801    2.04224    0.50446    0.28235    0.72082
       802    2.04528    0.50538    0.28227    0.70698
       803    2.04486    0.50389    0.28091    0.70714
       804    2.04491    0.50350    0.28050    0.70840
       805    2.04404    0.50368    0.28097    0.71063
       806    2.04586    0.50247    0.27915    0.70077
       807    2.04709    0.50304    0.27932    0.69834
       808    2.04731    0.50146    0.27767    0.69423
       809    2.04657    0.50255    0.27901    0.68985
       810    2.04589    0.50133    0.27799    0.69562
       811    2.04963    0.50153    0.27700    0.68314
       812    2.04538    0.50078    0.27761    0.68938
       813    2.04829    0.50178    0.27767    0.68081
       814    2.04932    0.49824    0.27380    0.67557
       815    2.04849    0.49965    0.27547    0.67473
       816    2.04892    0.50101    0.27669    0.67785
       817    2.04984    0.50064    0.27603    0.67191
       818    2.04871    0.49821    0.27396    0.68773
       819    2.04902    0.49880    0.27445    0.68256
       820    2.05225    0.49805    0.27268    0.68244
       821    2.04922    0.49761    0.27321    0.68256
       822    2.04839    0.49684    0.27270    0.68696
       823    2.05184    0.49760    0.27236    0.67762
       824    2.05577    0.49786    0.27141    0.67613
       825    2.04895    0.49490    0.27060    0.67962
       826    2.05310    0.49548    0.26986    0.66771
       827    2.05118    0.49426    0.26926    0.66689
       828    2.05222    0.49461    0.26928    0.66573
       829    2.05527    0.49488    0.26860    0.65997
       830    2.05233    0.49632    0.27094    0.65468
       831    2.05632    0.49244    0.26587    0.65200
       832    2.05604    0.49399    0.26748    0.64897
       833    2.05175    0.49310    0.26793    0.66094
       834    2.05250    0.49282    0.26742    0.65579
       835    2.05401    0.49268    0.26681    0.64762
       836    2.05369    0.49216    0.26640    0.64896
       837    2.05910    0.49406    0.26662    0.65057
       838    2.05359    0.49235    0.26662    0.64649
       839    2.05488    0.49146    0.26534    0.64317
       840    2.05460    0.49259    0.26654    0.64141
       841    2.05757    0.49224    0.26529    0.63456
       842    2.05767    0.49120    0.26424    0.63236
       843    2.05263    0.48997    0.26458    0.65015
       844    2.05829    0.49082    0.26367    0.62564
       845    2.05768    0.48905    0.26212    0.62595
       846    2.06151    0.48948    0.26140    0.61920
       847    2.05587    0.48951    0.26313    0.62696
       848    2.05958    0.48802    0.26055    0.61763
       849    2.05892    0.48829    0.26101    0.62130
       850    2.05686    0.48851    0.26185    0.62448
       851    2.05914    0.48946    0.26209    0.61550
       852    2.06094    0.48827    0.26039    0.60828
       853    2.05867    0.48783    0.26063    0.61092
       854    2.06059    0.48850    0.26072    0.61045
       855    2.06113    0.48614    0.25825    0.60310
       856    2.06144    0.48575    0.25779    0.59809
       857    2.05720    0.48668    0.25996    0.61577
       858    2.05931    0.48760    0.26022    0.60472
       859    2.06074    0.48612    0.25835    0.59970
       860    2.06474    0.48569    0.25676    0.59750
       861    2.06531    0.48350    0.25448    0.58727
       862    2.05781    0.48402    0.25718    0.60887
       863    2.06367    0.48458    0.25599    0.58568
       864    2.06094    0.48448    0.25670    0.59678
       865    2.06616    0.48491    0.25559    0.58670
       866    2.06184    0.48399    0.25595    0.58275
       867    2.06377    0.48336    0.25478    0.57956
       868    2.06136    0.48312    0.25526    0.59015
       869    2.06517    0.48342    0.25443    0.58786
       870    2.06489    0.48234    0.25347    0.58155
       871    2.06496    0.48157    0.25271    0.58025
       872    2.06401    0.48246    0.25385    0.57767
       873    2.06312    0.47979    0.25153    0.58810
       874    2.06475    0.48127    0.25249    0.57923
       875    2.06726    0.47994    0.25049    0.56844
       876    2.06711    0.48146    0.25199    0.59404
       877    2.06518    0.47778    0.24901    0.58547
       878    2.06387    0.47984    0.25136    0.59497
       879    2.06749    0.48047    0.25093    0.58986
       880    2.06731    0.48043    0.25094    0.58105
       881    2.06639    0.47888    0.24971    0.57908
       882    2.06563    0.48072    0.25170    0.58646
       883    2.06466    0.47764    0.24903    0.58767
       884    2.06717    0.48030    0.25085    0.58993
       885    2.06732    0.47904    0.24961    0.58041
       886    2.07083    0.47777    0.24740    0.57346
       887    2.06995    0.47767    0.24756    0.57332
       888    2.06630    0.47663    0.24759    0.58287
       889    2.06997    0.47778    0.24765    0.56655
       890    2.07075    0.47648    0.24620    0.56647
       891    2.06839    0.47560    0.24602    0.56826
       892    2.07000    0.47583    0.24579    0.56841
       893    2.06949    0.47598    0.24607    0.56756
       894    2.06792    0.47385    0.24449    0.56917
       895    2.07170    0.47613    0.24560    0.56608
       896    2.06983    0.47376    0.24387    0.56497
       897    2.06960    0.47566    0.24574    0.56453
       898    2.07069    0.47400    0.24386    0.55811
       899    2.07218    0.47468    0.24409    0.55848
       900    2.06990    0.47321    0.24332    0.56492
       901    2.07019    0.47479    0.24474    0.57402
       902    2.06869    0.47428    0.24467    0.56498
       903    2.07320    0.47438    0.24352    0.56156
       904    2.07225    0.47391    0.24334    0.55480
       905    2.07239    0.47212    0.24161    0.55033
       906    2.07439    0.47217    0.24111    0.55075
       907    2.07049    0.47292    0.24289    0.55499
       908    2.07206    0.47232    0.24189    0.55386
       909    2.07276    0.47172    0.24113    0.54718
       910    2.07546    0.47049    0.23924    0.54797
       911    2.07162    0.47205    0.24175    0.55455
       912    2.07519    0.47167    0.24043    0.54989
       913    2.07318    0.46895    0.23841    0.54720
       914    2.07563    0.47008    0.23882    0.54287
       915    2.07576    0.47081    0.23947    0.53746
       916    2.06994    0.47031    0.24058    0.55941
       917    2.07520    0.46996    0.23881    0.53970
       918    2.07734    0.46994    0.23823    0.54220
       919    2.07471    0.46910    0.23814    0.54422
       920    2.07591    0.46941    0.23810    0.53800
       921    2.07272    0.46965    0.23920    0.54514
       922    2.07932    0.46762    0.23553    0.54064
       923    2.07440    0.46845    0.23761    0.54288
       924    2.07245    0.46854    0.23823    0.54987
       925    2.07506    0.46803    0.23704    0.53645
       926    2.07867    0.46684    0.23497    0.53906
       927    2.07951    0.46983    0.23756    0.54635
       928    2.07337    0.46621    0.23580    0.54310
       929    2.07188    0.46772    0.23762    0.56009
       930    2.07887    0.46613    0.23426    0.54477
       931    2.07953    0.46601    0.23398    0.52956
       932    2.07664    0.46657    0.23526    0.53200
       933    2.07765    0.46546    0.23396    0.53690
       934    2.07745    0.46578    0.23431    0.53215
       935    2.07756    0.46499    0.23354    0.53616
       936    2.07738    0.46562    0.23418    0.54018
       937    2.07814    0.46479    0.23320    0.52648
       938    2.07944    0.46621    0.23418    0.52854
       939    2.07834    0.46378    0.23221    0.53663
       940    2.07761    0.46389    0.23251    0.53202
       941    2.08215    0.46296    0.23047    0.53372
       942    2.07951    0.46332    0.23148    0.53182
       943    2.07864    0.46248    0.23093    0.52989
       944    2.07827    0.46357    0.23204    0.52665
       945    2.08377    0.46278    0.22990    0.53397
       946    2.08215    0.46216    0.22973    0.52730
       947    2.07815    0.46224    0.23083    0.53315
       948    2.07784    0.46113    0.22989    0.55063
       949    2.08097    0.46146    0.22938    0.54152
       950    2.08305    0.46212    0.22947    0.53989
       951    2.08084    0.46134    0.22930    0.53304
       952    2.08126    0.46163    0.22947    0.52608
       953    2.08337    0.46085    0.22821    0.53226
       954    2.08101    0.46007    0.22809    0.53468
       955    2.07876    0.45727    0.22611    0.54201
       956    2.08170    0.46020    0.22804    0.53561
       957    2.08197    0.46035    0.22811    0.53420
       958    2.08189    0.45909    0.22697    0.53183
       959    2.08474    0.45840    0.22562    0.52986
       960    2.08070    0.45927    0.22743    0.53689
       961    2.08365    0.45851    0.22599    0.52657
       962    2.08492    0.45915    0.22626    0.51687
       963    2.08381    0.45741    0.22494    0.51996
       964    2.08133    0.46050    0.22840    0.52259
       965    2.08570    0.45699    0.22409    0.51637
       966    2.08551    0.45705    0.22419    0.51967
       967    2.08245    0.45752    0.22539    0.52311
       968    2.08159    0.45392    0.22232    0.53326
       969    2.08244    0.45435    0.22249    0.52130
       970    2.08408    0.45648    0.22403    0.52608
       971    2.08691    0.45803    0.22475    0.51636
       972    2.08740    0.45593    0.22271    0.52118
       973    2.08684    0.45627    0.22315    0.52540
       974    2.08526    0.45546    0.22280    0.51980
       975    2.08543    0.45526    0.22257    0.51643
       976    2.08354    0.45533    0.22311    0.52214
       977    2.08896    0.45383    0.22041    0.51531
       978    2.08522    0.45483    0.22224    0.50569
       979    2.08366    0.45341    0.22134    0.52319
       980    2.08557    0.45387    0.22128    0.50849
       981    2.09018    0.45150    0.21802    0.50906
       982    2.08632    0.45244    0.21980    0.50670
       983    2.08460    0.45328    0.22098    0.52443
       984    2.08560    0.45364    0.22106    0.52366
       985    2.08916    0.45320    0.21980    0.52174
       986    2.08650    0.45283    0.22011    0.51554
       987    2.08991    0.45169    0.21825    0.51675
       988    2.08632    0.45080    0.21832    0.52156
       989    2.08843    0.45026    0.21732    0.51471
       990    2.08875    0.45103    0.21793    0.52430
       991    2.08585    0.45049    0.21815    0.52579
       992    2.09158    0.45114    0.21736    0.52821
       993    2.09013    0.44971    0.21641    0.51823
       994    2.09009    0.44880    0.21561    0.52091
       995    2.08838    0.45055    0.21759    0.51611
       996    2.08909    0.44856    0.21563    0.52786
       997    2.08632    0.44990    0.21750    0.53589
       998    2.08777    0.45015    0.21738    0.53453
       999    2.09120    0.44955    0.21601    0.53755

Final Weights:         0.5610647897         0.0458672535        -0.8639959151         0.5939720831 